Epoch Time,y
1710778144.8090613,0.7278564903471205
1710778144.8091745,0.7541299528545803
1710778144.8092878,0.7783014906777276
1710778144.8094008,0.8024730947282579
1710778144.809514,0.8259440130657619
1710778144.8096273,0.8476634158028497
1710778144.8097405,0.8686821990542941
1710778144.8098536,0.8897009160783556
1710778144.8099668,0.9103693564732869
1710778144.81008,0.9306875202390883
1710778144.8101933,0.9524068567487929
1710778144.8103063,0.9734256400002373
1710778144.8104196,0.995145042737325
1710778144.8105328,1.0161637597613864
1710778144.810646,1.0354309611850314
1710778144.8107593,1.0536472002665203
1710778144.8108723,1.0708125432332356
1710778144.8109856,1.0862263043721516
1710778144.8110988,1.1002387603123982
1710778144.811212,1.114251348707411
1710778144.811325,1.1282637384202745
1710778144.8114383,1.141575707329644
1710778144.8115516,1.1552378866407607
1710778144.8116648,1.168549723095364
1710778144.8117778,1.1815113491482205
1710778144.811891,1.1930716037750244
1710778144.8120043,1.203230751885308
1710778144.8121176,1.2123388714260526
1710778144.8122306,1.2200457519955106
1710778144.8123438,1.2281028429667156
1710778144.812457,1.2361600663926866
1710778144.8125703,1.2438669469621446
1710778144.8126836,1.252975066502889
1710778144.8127966,1.2620831860436332
1710778144.8129098,1.2704907523261175
1710778144.813023,1.2792485290103488
1710778144.8131363,1.2855541706085205
1710778144.8132493,1.2904585732354057
1710778144.8133626,1.2953628434075248
1710778144.8134758,1.295713186264038
1710778144.813589,1.2967642148335774
1710778144.813702,1.2964138719770644
1710778144.8138154,1.2978151109483507
1710778144.8139286,1.2978151109483507
1710778144.8140419,1.298866007063124
1710778144.814155,1.2981654538048637
1710778144.814268,1.2967642148335774
1710778144.8143814,1.2960635291205511
1710778144.8144946,1.2929107083214653
1710778144.8146079,1.2904585732354057
1710778144.8147209,1.2852038277520073
1710778144.814834,1.2824013498094347
1710778144.8149474,1.2788981861538358
1710778144.8150606,1.2764460510677762
1710778144.8151736,1.2736435731252034
1710778144.8152869,1.272242334153917
1710778144.8154001,1.2704907523261175
1710778144.8155134,1.2669875886705186
1710778144.8156266,1.2620831860436332
1710778144.8157396,1.2540259626176622
1710778144.8158529,1.2459688716464572
1710778144.8159661,1.2354595131344266
1710778144.8160794,1.2228482299380832
1710778144.8161924,1.21023694674174
1710778144.8163056,1.1972753206888835
1710778144.816419,1.1843138270907931
1710778144.8165321,1.1710019906361897
1710778144.8166451,1.156288782755534
1710778144.8167584,1.141575707329644
1710778144.8168716,1.1265122890472412
1710778144.816985,1.1089966032240126
1710778144.817098,1.091831260257297
1710778144.8172112,1.0739653640323215
1710778144.8173244,1.0557490587234497
1710778144.8174376,1.0389340586132474
1710778144.817551,1.0221190585030449
1710778144.817664,1.0060046778784857
1710778144.8177772,0.9905909167395698
1710778144.8178904,0.9734256400002373
1710778144.8180037,0.9559100204043918
1710778144.8181167,0.9362924761242336
1710778144.81823,0.9159743785858154
1710778144.8183432,0.8925033940209283
1710778144.8184564,0.8690324756834242
1710778144.8185694,0.8445105950037638
1710778144.8186827,0.8189377519819472
1710778144.818796,0.7940655946731567
1710778144.8189092,0.7691933711369832
1710778144.8190224,0.7443212138281928
1710778144.8191354,0.7190987136628892
1710778144.8192487,0.6931755940119425
1710778144.819362,0.6662015120188395
1710778144.8194752,0.6388770871692233
1710778144.8195882,0.610501766204834
1710778144.8197014,0.5807252062691582
1710778144.8198147,0.5534008476469252
1710778144.819928,0.5250255266825358
1710778144.820041,0.49875206417507595
1710778144.8201542,0.47247863478130764
1710778144.8202674,0.4458548625310262
1710778144.8203807,0.4195814331372579
1710778144.8204937,0.3929576608869764
1710778144.820607,0.3645823399225871
1710778144.8207202,0.33515608972973293
1710778144.8208334,0.30572983953687877
1710778144.8209467,0.2759532630443573
1710778144.8210597,0.24652701285150316
1710778144.821173,0.2174510724014706
1710778144.8212862,0.190126680665546
1710778144.8213995,0.16350292497211033
1710778144.8215125,0.1361785415146086
1710778144.8216257,0.10885416633552975
1710778144.821739,0.08117946485678355
1710778144.8218522,0.05210352440675099
1710778144.8219652,0.02267726593547397
1710778144.8220785,-0.007448159158229828
1710778144.8221917,-0.03791939467191696
1710778144.822305,-0.06839062604639265
1710778144.8224182,-0.09816137452920277
1710778144.8225312,-0.127231627702713
1710778144.8226445,-0.15735261970096165
1710778144.8227577,-0.18572239412201774
1710778144.822871,-0.2158433695634206
1710778144.822984,-0.24596436156166923
1710778144.8230972,-0.27748632762167186
1710778144.8232105,-0.31005902422799003
1710778144.8233237,-0.34228149387571544
1710778144.8234367,-0.37345319986343384
1710778144.82355,-0.40497518248028225
1710778144.8236632,-0.4350961579216851
1710778144.8237765,-0.46416643593046397
1710778144.8238897,-0.49218595027923584
1710778144.8240027,-0.5205557081434462
1710778144.824116,-0.548925499121348
1710778144.8242292,-0.5772952238718668
1710778144.8243425,-0.6074162324269613
1710778144.8244555,-0.6375372409820557
1710778144.8245687,-0.668008459938897
1710778144.824682,-0.6981294684939914
1710778144.8247952,-0.7261489497290717
1710778144.8249083,-0.7545187738206651
1710778144.8250215,-0.7814875576231215
1710778144.8251348,-0.8070553673638238
1710778144.825248,-0.831922690073649
1710778144.825361,-0.8574904998143513
1710778144.8254743,-0.8823578225241767
1710778144.8255875,-0.908275908894009
1710778144.8257008,-0.9331432316038344
1710778144.825814,-0.9583607647154067
1710778144.825927,-0.981126692559984
1710778144.8260403,-1.0035422775480483
1710778144.8261535,-1.0242066780726116
1710778144.8262668,-1.0438203149371676
1710778144.8263798,-1.06273353099823
1710778144.826493,-1.080946193801032
1710778144.8266063,-1.0998594098620944
1710778144.8267195,-1.1184223492940266
1710778144.8268325,-1.13838619656033
1710778144.8269458,-1.1583501762813992
1710778144.827059,-1.1779638131459553
1710778144.8271723,-1.1972272396087646
1710778144.8272855,-1.21579024526808
1710778144.8273985,-1.231551170349121
1710778144.8275118,-1.2473120954301622
1710778144.827625,-1.2620223893059623
1710778144.8277383,-1.2749813662634955
1710778144.8278513,-1.2893414497375488
1710778144.8279645,-1.302300426695082
1710778144.8280778,-1.315609746509128
1710778144.828191,-1.3285687234666612
1710778144.828304,-1.3397766484154594
1710778144.8284173,-1.3509844409094915
1710778144.8285306,-1.3597404956817627
1710778144.8286438,-1.366044945187039
1710778144.828757,-1.3723492622375488
1710778144.82887,-1.3762019740210638
1710778144.8289833,-1.380755106608073
1710778144.8290966,-1.384607818391588
1710778144.8292098,-1.390211714638604
1710778144.8293228,-1.3951151900821261
1710778144.829436,-1.401069296730889
1710778144.8295493,-1.4052722189161513
1710778144.8296626,-1.4094751411014133
1710778144.8297756,-1.4115766684214275
1710778144.8298888,-1.4129776424831815
1710778144.830002,-1.4133278528849285
1710778144.8301153,-1.4133278528849285
1710778144.8302283,-1.4126272996266682
1710778144.8303416,-1.4122770892249212
1710778144.8304548,-1.4122770892249212
1710778144.830568,-1.4112263255649142
1710778144.8306813,-1.4115766684214275
1710778144.8307943,-1.4112263255649142
1710778144.8309076,-1.4073737462361653
1710778144.8310208,-1.4035210344526503
1710778144.831134,-1.398267348607381
1710778144.831247,-1.3912624782986112
1710778144.8313603,-1.38250642352634
1710778144.8314736,-1.3744507895575628
1710778144.8315868,-1.366044945187039
1710778144.8316998,-1.3576389683617485
1710778144.831813,-1.3495834668477376
1710778144.8319263,-1.3404770692189534
1710778144.8320396,-1.3313706715901692
1710778144.8321528,-1.320162879096137
1710778144.8322659,-1.3082546657986112
1710778144.832379,-1.2952955563863118
1710778144.8324924,-1.2812858157687717
1710778144.8326056,-1.2655248906877306
1710778144.8327186,-1.2511648072136772
1710778144.8328319,-1.235754092534383
1710778144.832945,-1.221394141515096
1710778144.8330584,-1.2066838476392958
1710778144.8331714,-1.1912731329600017
1710778144.8332846,-1.1751618650224473
1710778144.8333979,-1.157299412621392
1710778144.833511,-1.137685775756836
1710778144.8336244,-1.1152701907687717
1710778144.8337374,-1.0928545395533245
1710778144.8338506,-1.069738401307
1710778144.8339639,-1.0448710785971747
1710778144.8340771,-1.0221052169799805
1710778144.8341901,-0.9982885917027791
1710778144.8343034,-0.9744720326529609
1710778144.8344166,-0.9513558944066365
1710778144.8345299,-0.9275393353568183
1710778144.834643,-0.9037227100796169
1710778144.8347561,-0.8785051769680446
1710778144.8348694,-0.8525870905982124
1710778144.8349826,-0.82666900422838
1710778144.8350956,-0.8014514711168077
1710778144.835209,-0.7758836613761054
1710778144.8353221,-0.752067036098904
1710778144.8354354,-0.7279002004199557
1710778144.8355486,-0.7044338517718844
1710778144.8356616,-0.6809675031238132
1710778144.835775,-0.6553996933831109
1710778144.8358881,-0.6298318836424086
1710778144.8360014,-0.6018123361799452
1710778144.8361144,-0.5744932757483588
1710778144.8362277,-0.5440220567915175
1710778144.836341,-0.5142513248655531
1710778144.8364542,-0.4848308033413357
1710778144.8365672,-0.45541031493080986
1710778144.8366804,-0.4263400700357225
1710778144.8367937,-0.3979702790578206
1710778144.836907,-0.3699507647090488
1710778144.8370202,-0.34018003278308445
1710778144.8371332,-0.31040926774342853
1710778144.8372464,-0.2795878052711487
1710778144.8373597,-0.24806583921114603
1710778144.837473,-0.2175946036974589
1710778144.837586,-0.18747361169921026
1710778144.8376992,-0.15700237618552312
1710778144.8378124,-0.12898285355832842
1710778144.8379257,-0.10096332265271081
1710778144.8380387,-0.07294380002551608
1710778144.838152,-0.045975007944636874
1710778144.8382652,-0.016904748562309477
1710778144.8383784,0.012167888796991771
1710778144.8384914,0.04264508270555072
1710778144.8386047,0.07347259256574842
1710778144.838718,0.1039497885439131
1710778144.8388312,0.13582823177178702
1710778144.8389444,0.1659551097287072
1710778144.8390574,0.1950310667355855
1710778144.8391707,0.22305606140030754
1710778144.839284,0.2517816921075185
1710778144.8393972,0.2808576491143968
1710778144.8395102,0.310283899307251
1710778144.8396235,0.3397101495001051
1710778144.8397367,0.3705376717779371
1710778144.83985,0.40066454145643443
1710778144.839963,0.43149206373426646
1710778144.8400762,0.4619692431555854
1710778144.8401895,0.49034456411997474
1710778144.8403027,0.5180192655987209
1710778144.840416,0.5453436573346456
1710778144.840529,0.5723177062140571
1710778144.8406422,0.598591168721517
1710778144.8407555,0.62591552734375
1710778144.8408687,0.6535902288224962
1710778144.8409817,0.6816152731577555
1710778144.841095,0.7085892889234755
1710778144.8412082,0.7355633709165785
1710778144.8413215,0.7618368334240383
1710778144.8414345,0.7870593335893419
1710778144.8415477,0.8098296324412028
1710778144.841661,0.8325999975204468
1710778144.8417742,0.8543193340301514
1710778144.8418875,0.8770896991093953
1710778144.8420005,0.8981084161334567
1710778144.8421137,0.9201780954996744
1710778144.842227,0.9436490800645616
1710778144.8423402,0.964667797088623
1710778144.8424532,0.9853362374835544
1710778144.8425665,1.0053040583928425
1710778144.8426797,1.0235203637017143
1710778144.842793,1.0396346780988905
1710778144.842906,1.0550484392378066
1710778144.8430192,1.0697615808910794
1710778144.8431325,1.084124379687839
1710778144.8432457,1.0984872447119818
1710778144.8433588,1.1124997668796115
1710778144.843472,1.1265122890472412
1710778144.8435853,1.1405246787601047
1710778144.8436985,1.153486304812961
1710778144.8438118,1.1657472451527913
1710778144.8439248,1.1769572893778484
1710778144.844038,1.1864157517751057
1710778144.8441513,1.19552387131585
1710778144.8442645,1.2042816480000813
1710778144.8443775,1.2144406636555989
1710778144.8444908,1.2249500221676297
1710778144.844604,1.2351091702779133
1710778144.8447173,1.2456185287899442
1710778144.8448303,1.2561278873019748
1710778144.8449435,1.2659366925557454
1710778144.8450568,1.2736435731252034
1710778144.84517,1.2799490822686088
1710778144.8452833,1.2855541706085205
1710778144.8453963,1.2887069914076064
1710778144.8455095,1.291509469350179
1710778144.8456228,1.2943119472927518
1710778144.845736,1.2960635291205511
1710778144.845849,1.2981654538048637
1710778144.8459623,1.3002672460344102
1710778144.8460755,1.3020188278622098
1710778144.8461888,1.3020188278622098
1710778144.8463018,1.3016684850056965
1710778144.846415,1.299216349919637
1710778144.8465283,1.2964138719770644
1710778144.8466415,1.2929107083214653
1710778144.8467548,1.2897578875223796
1710778144.8468678,1.2862547238667805
1710778144.846981,1.283452245924208
1710778144.8470943,1.2820510069529216
1710778144.8472075,1.2788981861538358
1710778144.8473206,1.276095708211263
1710778144.8474338,1.272592544555664
1710778144.847547,1.2673379315270317
1710778144.8476603,1.2613826327853732
1710778144.8477733,1.252975066502889
1710778144.8478866,1.2442172898186576
1710778144.8479998,1.234408484564887
1710778144.848113,1.2245998117658827
1710778144.848226,1.2147910065121121
1710778144.8483393,1.2053325441148546
1710778144.8484526,1.195874081717597
1710778144.8485658,1.1850143803490532
1710778144.848679,1.1731037828657362
1710778144.848792,1.1590912606981065
1710778144.8489053,1.1443781852722168
1710778144.8490186,1.1279135280185275
1710778144.8491318,1.1096972227096558
1710778144.8492448,1.0921816031138103
1710778144.849358,1.0746659835179646
1710778144.8494713,1.0571503639221191
1710778144.8495846,1.0389340586132474
1710778144.8496976,1.021768781873915
1710778144.8498108,1.0035525427924261
1710778144.849924,0.9839349985122681
1710778144.8500373,0.9643175204594929
1710778144.8501506,0.9429484605789185
1710778144.8502636,0.9208787149853176
1710778144.8503768,0.8988090356190999
1710778144.85049,0.8763890133963691
1710778144.8506033,0.8546696768866645
1710778144.8507164,0.8343515131208632
1710778144.8508296,0.8136830727259318
1710778144.8509429,0.7930146323310004
1710778144.851056,0.7709449529647827
1710778144.851169,0.7495758930842081
1710778144.8512824,0.7264552513758341
1710778144.8513956,0.7005321317248874
1710778144.8515089,0.6753096315595839
1710778144.851622,0.649036169052124
1710778144.851735,0.6224124299155341
1710778144.8518484,0.5961389674080743
1710778144.8519616,0.5709164672427707
1710778144.8520749,0.5463945865631104
1710778144.8521879,0.5215223961406283
1710778144.8523011,0.4962998959753248
1710778144.8524144,0.4710773958100213
1710778144.8525276,0.4448039333025614
1710778144.8526406,0.4181801941659715
1710778144.8527539,0.3912061121728685
1710778144.8528671,0.3645823399225871
1710778144.8529804,0.3383089105288188
1710778144.8530934,0.31238579087787205
1710778144.8532066,0.28751356734169853
1710778144.85332,0.26264139347606236
1710778144.8534331,0.23706856701109144
1710778144.8535464,0.2114957571029663
1710778144.8536594,0.1838210556242201
1710778144.8537726,0.15439480543136597
1710778144.853886,0.12496853868166605
1710778144.8539991,0.09344041347503662
1710778144.8541121,0.06156196196873982
1710778144.8542254,0.030033830553293228
1710778144.8543386,-0.0007935216934937569
1710778144.854452,-0.031614998976389565
1710778144.854565,-0.06033501277367274
1710778144.8546782,-0.08940527008639441
1710778144.8547914,-0.11812527974446614
1710778144.8549047,-0.14789602822727627
1710778144.855018,-0.17906775077184042
1710778144.855131,-0.20848825573921204
1710778144.8552442,-0.23825900422202215
1710778144.8553574,-0.266979005601671
1710778144.8554707,-0.2963995271258884
1710778144.8555837,-0.32266782389746773
1710778144.855697,-0.34928636418448555
1710778144.8558102,-0.37485417392518783
1710778144.8559234,-0.4018229908413357
1710778144.8560364,-0.42809128761291504
1710778144.8561497,-0.45611080196168685
1710778144.856263,-0.4841303163104587
1710778144.8563762,-0.5149518118964301
1710778144.8564892,-0.5457732743687099
1710778144.8566024,-0.5741430653466119
1710778144.8567157,-0.6039137972725762
1710778144.856829,-0.6315830681059096
1710778144.8569422,-0.6592523389392428
1710778144.8570552,-0.6865713993708292
1710778144.8571684,-0.7124894857406616
1710778144.8572817,-0.7394582695431179
1710778144.857395,-0.7653762896855671
1710778144.857508,-0.7926953501171535
1710778144.8576212,-0.8186134364869859
1710778144.8577344,-0.8448817332585652
1710778144.8578477,-0.8700992663701375
1710778144.8579607,-0.8932154046164619
1710778144.858074,-0.914930502573649
1710778144.8581872,-0.9359451797273424
1710778144.8583004,-0.9562593036227756
1710778144.8584137,-0.9762232171164619
1710778144.8585267,-0.9965374072392781
1710778144.85864,-1.0165013207329643
1710778144.8587532,-1.0368154446283977
1710778144.8588665,-1.0571296347512138
1710778144.8589795,-1.0770935482449002
1710778144.8590927,-1.0960066980785794
1710778144.859206,-1.1131686634487576
1710778144.8593192,-1.1296301417880588
1710778144.8594322,-1.1439900928073459
1710778144.8595455,-1.159050597084893
1710778144.8596587,-1.1727101273006864
1710778144.859772,-1.1867198679182265
1710778144.8598852,-1.2028311358557806
1710778144.8599982,-1.2168408764733207
1710778144.8601115,-1.231901380750868
1710778144.8602247,-1.2466116746266682
1710778144.860338,-1.2599209944407146
1710778144.860451,-1.2721794181399875
1710778144.8605642,-1.2833873430887859
1710778144.8606775,-1.2931941615210638
1710778144.8607907,-1.302650769551595
1710778144.8609037,-1.31210724512736
1710778144.861017,-1.3208634323543973
1710778144.8611302,-1.3303200403849285
1710778144.8612435,-1.3401268588172064
1710778144.8613565,-1.3502838876512315
1710778144.8614697,-1.3590399424235027
1710778144.861583,-1.366044945187039
1710778144.8616962,-1.3716488414340549
1710778144.8618095,-1.3769023948245578
1710778144.8619225,-1.380054685804579
1710778144.8620358,-1.384257607989841
1710778144.862149,-1.387059556113349
1710778144.8622622,-1.390561925040351
1710778144.8623753,-1.3951151900821261
1710778144.8624885,-1.398617559009128
1710778144.8626018,-1.401769717534383
1710778144.862715,-1.4042214552561443
1710778144.862828,-1.4045717981126573
1710778144.8629413,-1.4042214552561443
1710778144.8630545,-1.4021200603908963
1710778144.8631678,-1.397566795349121
1710778144.863281,-1.3933638731638591
1710778144.863394,-1.387759976916843
1710778144.8635073,-1.383206844329834
1710778144.8636205,-1.3779531584845648
1710778144.8637338,-1.3723492622375488
1710778144.8638468,-1.366044945187039
1710778144.86396,-1.3590399424235027
1710778144.8640733,-1.3506340980529785
1710778144.8641865,-1.3404770692189534
1710778144.8642995,-1.3296194871266682
1710778144.8644128,-1.317010720570882
1710778144.864526,-1.304752164416843
1710778144.8646393,-1.2928438186645508
1710778144.8647525,-1.2805853949652777
1710778144.8648655,-1.2693774700164795
1710778144.8649788,-1.2581696775224473
1710778144.865092,-1.2473120954301622
1710778144.8652053,-1.234353118472629
1710778144.8653183,-1.220693588256836
1710778144.8654315,-1.2056330839792888
1710778144.8655448,-1.1881208419799805
1710778144.865658,-1.1699081791771782
1710778144.865771,-1.151695516374376
1710778144.8658843,-1.133132643169827
1710778144.8659976,-1.1145696375105116
1710778144.8661108,-1.0960066980785794
1710778144.8662238,-1.0774437586466472
1710778144.866337,-1.057830121782091
1710778144.8664503,-1.0375159316592746
1710778144.8665636,-1.0154505570729573
1710778144.8666768,-0.9923344850540161
1710778144.8667898,-0.9678173727459377
1710778144.866903,-0.9429500500361124
1710778144.8670163,-0.9177325169245402
1710778144.8671296,-0.8932154046164619
1710778144.8672426,-0.8693987793392605
1710778144.8673558,-0.8462827073203193
1710778144.867469,-0.823867056104872
1710778144.8675823,-0.8004007074568007
1710778144.8676953,-0.7769343588087294
1710778144.8678086,-0.752067036098904
1710778144.8679218,-0.7268494367599487
1710778144.868035,-0.7009314166174995
1710778144.8681483,-0.6746631198459201
1710778144.8682613,-0.6487450334760878
1710778144.8683746,-0.6217762496736314
1710778144.8684878,-0.5962084399329292
1710778144.868601,-0.5709908405939738
1710778144.868714,-0.5450727873378329
1710778144.8688273,-0.5191547340816921
1710778144.8689406,-0.49183570676379734
1710778144.8690538,-0.4631156722704569
1710778144.8691669,-0.4340454273753696
1710778144.86928,-0.4032239649030897
1710778144.8693933,-0.3720522258016798
1710778144.8695066,-0.34053027629852295
1710778144.8696198,-0.31005902422799003
1710778144.8697329,-0.28098877933290267
1710778144.869846,-0.2512180308500926
1710778144.8699594,-0.22179752588272095
1710778144.8700726,-0.19272726443078783
1710778144.8701856,-0.16330677602026197
1710778144.8702989,-0.13388626277446747
1710778144.870412,-0.10201405319902632
1710778144.8705254,-0.07084233065446217
1710778144.8706384,-0.040371099279986486
1710778144.8707516,-0.009199378805028068
1710778144.8708649,0.020925702734125983
1710778144.870978,0.05070227301783032
1710778144.8710911,0.08082915511396196
1710778144.8712044,0.11095604134930505
1710778144.8713176,0.14248417483435735
1710778144.8714309,0.17436260978380838
1710778144.8715441,0.2072920070754157
1710778144.8716571,0.24127231703864202
1710778144.8717704,0.2756029533015357
1710778144.8718836,0.3099335895644294
1710778144.8719969,0.3432132800420125
1710778144.87211,0.3750917315483093
1710778144.8722231,0.40626956356896293
1710778144.8723364,0.43534550401899547
1710778144.8724496,0.46477175421184963
1710778144.8725626,0.493147075176239
1710778144.872676,0.5208217766549852
1710778144.8727891,0.5484964781337314
1710778144.8729024,0.5761711464987861
1710778144.8730156,0.6034955713484023
1710778144.8731287,0.6308199299706353
1710778144.873242,0.656743049621582
1710778144.8733552,0.6809145874447292
1710778144.8734684,0.7054365343517727
1710778144.8735814,0.7292577293184068
1710778144.8736947,0.752728713883294
1710778144.873808,0.7776008711920844
1710778144.8739212,0.8028233713573879
1710778144.8740342,0.8294471767213609
1710778144.8741474,0.8557205730014377
1710778144.8742607,0.8819940355088975
1710778144.874374,0.9075668785307143
1710778144.874487,0.9313881397247314
1710778144.8746002,0.9534578190909492
1710778144.8747134,0.9751772218280368
1710778144.8748267,0.9947946998808119
1710778144.87494,1.0133612818188138
1710778144.875053,1.0322781403859456
1710778144.8751662,1.0508447223239474
1710778144.8752794,1.0690609614054363
1710778144.8753927,1.0855256848865085
1710778144.8755057,1.1037419239679973
1710778144.875619,1.1191556188795302
1710778144.8757322,1.1345693800184462
1710778144.8758454,1.1478813489278157
1710778144.8759584,1.1611931853824191
1710778144.8760717,1.172753440009223
1710778144.876185,1.1843138270907931
1710778144.8762982,1.1962244245741103
1710778144.8764114,1.2091860506269667
1710778144.8765244,1.222147544225057
1710778144.8766377,1.2351091702779133
1710778144.876751,1.2466694249047172
1710778144.8768642,1.2578794691297743
1710778144.8769772,1.2687391704983182
1710778144.8770905,1.2771466043260362
1710778144.8772037,1.2852038277520073
1710778144.877317,1.2918598122066922
1710778144.87743,1.2981654538048637
1710778144.8775432,1.3044709629482694
1710778144.8776565,1.3114772902594671
1710778144.8777697,1.3191841708289251
1710778144.877883,1.3268910513983831
1710778144.877996,1.3331966929965549
1710778144.8781092,1.3384513060251872
1710778144.8782225,1.3430053657955594
1710778144.8783357,1.345457633336385
1710778144.8784487,1.3461581865946453
1710778144.878562,1.3461581865946453
1710778144.8786752,1.345107290479872
1710778144.8787885,1.3444066047668457
1710778144.8789015,1.3440563943650987
1710778144.8790147,1.3430053657955594
1710778144.879128,1.3409035735660129
1710778144.8792412,1.3391519917382133
1710778144.8793542,1.3345979319678412
1710778144.8794675,1.3293431864844427
1710778144.8795807,1.3230375448862712
1710778144.879694,1.31427976820204
1710778144.8798072,1.3062225447760687
1710778144.8799202,1.2967642148335774
1710778144.8800335,1.28800630569458
1710778144.8801467,1.280649767981635
1710778144.88026,1.2711913055843778
1710778144.880373,1.2631340821584065
1710778144.8804862,1.2536757522159152
1710778144.8805995,1.2431662612491183
1710778144.8807127,1.2309053209092882
1710778144.8808258,1.2161922454833984
1710778144.880939,1.2004281414879692
1710778144.8810523,1.1843138270907931
1710778144.8811655,1.1660975880093045
1710778144.8812788,1.148932245042589
1710778144.8813918,1.1328177981906467
1710778144.881505,1.1153022448221843
1710778144.8816183,1.0984872447119818
1710778144.8817315,1.08027093940311
1710778144.8818445,1.0617044236924913
1710778144.8819578,1.0424372222688463
1710778144.882071,1.0214184390174017
1710778144.8821843,1.0007499986224704
1710778144.8822973,0.9800815582275391
1710778144.8824105,0.9590628412034776
1710778144.8825238,0.9397956397798326
1710778144.882637,0.9215794006983439
1710778144.8827503,0.9023121992746989
1710778144.8828633,0.8833952744801838
1710778144.8829765,0.8634274535708957
1710778144.8830898,0.8424087365468342
1710778144.883203,0.8206893338097466
1710778144.883316,0.795116557015313
1710778144.8834293,0.7691933711369832
1710778144.8835425,0.7432702514860365
1710778144.8836558,0.7162961694929335
1710778144.8837688,0.6910736693276299
1710778144.883882,0.6640995873345269
1710778144.8839953,0.6388770871692233
1710778144.8841085,0.6122533480326334
1710778144.8842216,0.5856296088960435
1710778144.8843348,0.5590058697594537
1710778144.884448,0.5309808254241943
1710778144.8845613,0.5026055044598049
1710778144.8846745,0.47423018349541557
1710778144.8847876,0.44515424304538304
1710778144.8849008,0.4185305039087931
1710778144.885014,0.3922570414013333
1710778144.8851273,0.36703454123602974
1710778144.8852403,0.3414617313279046
1710778144.8853536,0.31658954090542263
1710778144.8854668,0.2906663881407844
1710778144.88558,0.2636923227045271
1710778144.885693,0.23531700174013773
1710778144.8858063,0.20624106129010517
1710778144.8859196,0.1761141750547621
1710778144.8860328,0.14563697907659742
1710778144.886146,0.11551010111967722
1710778144.886259,0.08573353290557861
1710778144.8863723,0.05595696055226856
1710778144.8864856,0.026530704150597252
1710778144.8865988,-0.003945718312429057
1710778144.8867118,-0.034767194754547544
1710778144.886825,-0.06628916081455019
1710778144.8869383,-0.09956234859095679
1710778144.8870516,-0.13318577574359045
1710778144.8871646,-0.1671594546900855
1710778144.8872778,-0.20008239481184217
1710778144.887391,-0.23195460438728333
1710778144.8875043,-0.26312632693184745
1710778144.8876176,-0.2939477894041273
1710778144.8877306,-0.32301806741290623
1710778144.8878438,-0.3524385558234321
1710778144.887957,-0.38080834680133396
1710778144.8880703,-0.4105790787272983
1710778144.8881834,-0.4403498106532627
1710778144.8882966,-0.46942008866204155
1710778144.8884099,-0.4988405770725674
1710778144.888523,-0.5261596043904623
1710778144.888636,-0.5527781777911716
1710778144.8887494,-0.5793966849644979
1710778144.8888626,-0.6039137972725762
1710778144.8889759,-0.6287811199824015
1710778144.8890889,-0.6539987193213569
1710778144.889202,-0.6799167394638062
1710778144.8893154,-0.7058348258336385
1710778144.8894286,-0.7328036096360948
1710778144.8895419,-0.7601226700676812
1710778144.8896549,-0.7867411772410074
1710778144.8897681,-0.8119587765799628
1710778144.8898814,-0.8364758888880411
1710778144.8899946,-0.8592417505052354
1710778144.8901076,-0.8809568484624226
1710778144.8902209,-0.9016212489869859
1710778144.8903341,-0.9212349520789253
1710778144.8904474,-0.9415490759743584
1710778144.8905604,-0.9618632660971748
1710778144.8906736,-0.982177389992608
1710778144.890787,-1.0024915801154242
1710778144.8909001,-1.0221052169799805
1710778144.8910134,-1.0406681564119127
1710778144.8911264,-1.0571296347512138
1710778144.8912396,-1.0735911130905151
1710778144.891353,-1.0897023148006864
1710778144.8914661,-1.1058135165108574
1710778144.8915792,-1.1215745078192816
1710778144.8916924,-1.13908674981859
1710778144.8918056,-1.1565989918178983
1710778144.891919,-1.1737608909606934
1710778144.892032,-1.1923238966200087
1710778144.8921452,-1.2094857957628038
1710778144.8922584,-1.225246720843845
1710778144.8923717,-1.2396068043178983
1710778144.8924847,-1.2518653604719374
1710778144.892598,-1.2637735737694633
1710778144.8927112,-1.2746311558617485
1710778144.8928244,-1.2847883171505399
1710778144.8929377,-1.2945951355828178
1710778144.8930507,-1.304752164416843
1710778144.893164,-1.315259536107381
1710778144.8932772,-1.3236653804779053
1710778144.8933904,-1.3324214352501762
1710778144.8935034,-1.3390760951571994
1710778144.8936167,-1.3450302018059623
1710778144.89373,-1.3495834668477376
1710778144.8938432,-1.3534360461764865
1710778144.8939562,-1.3572887579600017
1710778144.8940694,-1.3600907060835097
1710778144.8941827,-1.3653443919287787
1710778144.894296,-1.3695473141140408
1710778144.8944092,-1.3751512103610568
1710778144.8945222,-1.3797043429480658
1710778144.8946354,-1.383206844329834
1710778144.8947487,-1.386008792453342
1710778144.894862,-1.386008792453342
1710778144.894975,-1.385658582051595
1710778144.8950882,-1.383557054731581
1710778144.8952014,-1.381455659866333
1710778144.8953147,-1.3783033688863118
1710778144.8954277,-1.3755014207628038
1710778144.895541,-1.3723492622375488
1710778144.8956542,-1.3695473141140408
1710778144.8957675,-1.3667453659905326
1710778144.8958807,-1.3604410489400227
1710778144.8959937,-1.3548370202382405
1710778144.896107,-1.3457307550642226
1710778144.8962202,-1.3359239366319444
1710778144.8963335,-1.3254165649414062
1710778144.8964465,-1.315259536107381
1710778144.8965597,-1.303701400756836
1710778144.896673,-1.2931941615210638
1710778144.8967862,-1.2830370002322726
1710778144.8968992,-1.2721794181399875
1710778144.8970125,-1.2602712048424614
1710778144.8971257,-1.2487130694919162
1710778144.897239,-1.234703328874376
1710778144.897352,-1.218942403793335
1710778144.8974652,-1.2021307150522869
1710778144.8975785,-1.1856692367129855
1710778144.8976917,-1.1685072051154242
1710778144.897805,-1.151695516374376
1710778144.897918,-1.135234038035075
1710778144.8980312,-1.1194731129540336
1710778144.8981445,-1.1030115683873494
1710778144.8982577,-1.0872506433063083
1710778144.8983707,-1.069037914276123
1710778144.898484,-1.0497744878133137
1710778144.8985972,-1.0305110613505046
1710778144.8987105,-1.0098466608259413
1710778144.8988235,-0.987781286239624
1710778144.8989367,-0.9667666753133137
1710778144.89905,-0.9454017877578735
1710778144.8991632,-0.9254378742641872
1710778144.8992765,-0.905473960770501
1710778144.8993895,-0.8862105343076918
1710778144.8995028,-0.8658963441848755
1710778144.899616,-0.8448817332585652
1710778144.8997293,-0.822816358672248
1710778144.8998423,-0.7997002204259236
1710778144.8999555,-0.7762338717778523
1710778144.9000688,-0.7531177997589111
1710778144.900182,-0.7293011744817098
1710778144.900295,-0.7058348258336385
1710778144.9004083,-0.6830689642164443
1710778144.9005215,-0.660653313000997
1710778144.9006348,-0.6375372409820557
1710778144.900748,-0.6130201286739773
1710778144.900861,-0.587802595562405
1710778144.9009743,-0.5604835351308187
1710778144.9010875,-0.5324640207820468
1710778144.9012008,-0.503393742773268
1710778144.9013138,-0.4743234978781806
1710778144.901427,-0.44490300946765476
1710778144.9015403,-0.41583273145887584
1710778144.9016535,-0.3874629735946655
1710778144.9017665,-0.35944345924589366
1710778144.9018798,-0.33212439881430733
1710778144.901993,-0.30340439743465847
1710778144.9021063,-0.2739838924672868
1710778144.9022193,-0.24386290046903822
1710778144.9023325,-0.21374190847078958
1710778144.9024458,-0.18292042944166395
1710778144.902559,-0.15244919392797682
1710778144.9026723,-0.12337894075446658
1710778144.9027853,-0.09325795703464083
1710778144.9028986,-0.06523843026823467
1710778144.9030118,-0.03686865998639001
1710778144.903125,-0.008148647223909697
1710778144.903238,0.020925702734125983
1710778144.9033513,0.05070227301783032
1710778144.9034646,0.08188009262084961
1710778144.9035778,0.11410885386996798
1710778144.9036908,0.14563697907659742
1710778144.903804,0.17821605006853738
1710778144.9039173,0.20869324604670206
1710778144.9040306,0.23917044202486673
1710778144.9041438,0.2682463990317451
1710778144.9042568,0.29627141025331283
1710778144.90437,0.325697660446167
1710778144.9044833,0.3537226716677348
1710778144.9045966,0.3834992316034105
1710778144.9047096,0.4132757915390862
1710778144.9048228,0.4427020748456319
1710778144.904936,0.4728289445241292
1710778144.9050493,0.5019048849741617
1710778144.9051623,0.5295795864529079
1710778144.9052756,0.5562033255894979
1710778144.9053888,0.5814258257548014
1710778144.905502,0.6059477064344618
1710778144.9056153,0.6308199299706353
1710778144.9057283,0.6553418106502956
1710778144.9058416,0.679863691329956
1710778144.9059548,0.7050861914952596
1710778144.906068,0.7299584150314331
1710778144.906181,0.7551809151967366
1710778144.9062943,0.7790021763907539
1710778144.9064076,0.8021227518717448
1710778144.9065208,0.8238421546088325
1710778144.9066339,0.845211214489407
1710778144.906747,0.8665802743699815
1710778144.9068604,0.8868984381357828
1710778144.9069736,0.9082674980163574
1710778144.9070866,0.929986900753445
1710778144.9071999,0.9527571996053059
1710778144.907313,0.9748268789715236
1710778144.9074264,0.9961959388520982
1710778144.9075396,1.0168643792470295
1710778144.9076526,1.0361315806706746
1710778144.9077659,1.0536472002665203
1710778144.907879,1.0701119237475925
1710778144.9079924,1.0858759615156386
1710778144.9081054,1.1002387603123982
1710778144.9082186,1.1153022448221843
1710778144.9083319,1.130365663104587
1710778144.9084451,1.145779424243503
1710778144.9085581,1.1601422892676458
1710778144.9086714,1.1752057075500488
1710778144.9087846,1.1885175440046523
1710778144.9088979,1.2021797233157687
1710778144.9090111,1.2133897675408256
1710778144.9091241,1.2242494689093695
1710778144.9092374,1.2358097235361736
1710778144.9093506,1.2466694249047172
1710778144.909464,1.2585800223880343
1710778144.909577,1.2704907523261175
1710778144.9096901,1.2820510069529216
1710778144.9098034,1.2946622901492648
1710778144.9099166,1.3044709629482694
1710778144.9100296,1.31427976820204
1710778144.910143,1.3212860955132377
1710778144.9102561,1.32584015528361
1710778144.9103694,1.3286426332261827
1710778144.9104824,1.3303942150539823
1710778144.9105957,1.3324960072835286
1710778144.910709,1.3328463501400418
1710778144.9108222,1.3331966929965549
1710778144.9109354,1.3342475891113281
1710778144.9110484,1.3342475891113281
1710778144.9111617,1.333547035853068
1710778144.911275,1.3321456644270155
1710778144.9113882,1.3289928436279297
1710778144.9115012,1.3251394695705838
1710778144.9116144,1.3212860955132377
1710778144.9117277,1.3170822461446126
1710778144.911841,1.3128785292307537
1710778144.911954,1.3090251551734076
1710778144.9120672,1.3072735733456082
1710778144.9121804,1.3044709629482694
1710778144.9122937,1.3009679317474365
1710778144.912407,1.2964138719770644
1710778144.91252,1.2904585732354057
1710778144.9126332,1.2817006640964084
1710778144.9127464,1.2711913055843778
1710778144.9128597,1.2596310509575737
1710778144.9129727,1.2466694249047172
1710778144.913086,1.233707931306627
1710778144.9131992,1.2196954091389973
1710778144.9133124,1.2063834402296278
1710778144.9134254,1.1930716037750244
1710778144.9135387,1.1790590816073947
1710778144.913652,1.164346006181505
1710778144.9137652,1.1482315593295627
1710778144.9138784,1.1314165592193604
1710778144.9139915,1.1132003201378715
1710778144.9141047,1.094984081056383
1710778144.914218,1.0764175653457642
1710778144.9143312,1.0582012600368924
1710778144.9144442,1.04103598329756
1710778144.9145575,1.0242209831873577
1710778144.9146707,1.007055640220642
1710778144.914784,0.9898902972539265
1710778144.914897,0.9716740581724379
1710778144.9150102,0.9524068567487929
1710778144.9151235,0.9313881397247314
1710778144.9152367,0.9093184603585137
1710778144.9153497,0.8861978186501397
1710778144.915463,0.8641280730565388
1710778144.9155762,0.8410074975755479
1710778144.9156895,0.8196384376949734
1710778144.9158027,0.7979190349578857
1710778144.9159157,0.775849355591668
1710778144.916029,0.7541299528545803
1710778144.9161422,0.7306590345170763
1710778144.9162555,0.7075383928087022
1710778144.9163685,0.6819655497868856
1710778144.9164817,0.6560424301359389
1710778144.916595,0.6283677286571926
1710778144.9167082,0.602444609006246
1710778144.9168212,0.5744195646709865
1710778144.9169345,0.5481461352772182
1710778144.9170477,0.5211720863978068
1710778144.917161,0.4952489336331685
1710778144.9172742,0.46792457501093543
1710778144.9173872,0.43919894430372447
1710778144.9175005,0.4094223512543572
1710778144.9176137,0.3792954815758599
1710778144.917727,0.3477673398123847
1710778144.91784,0.31623923116260105
1710778144.9179533,0.28436077965630424
1710778144.9180665,0.25283263789282906
1710778144.9181798,0.22270575165748596
1710778144.9182928,0.1918782459364997
1710778144.918406,0.161401049958335
1710778144.9185193,0.13092385398017034
1710778144.9186325,0.10009634825918409
1710778144.9187458,0.06751727726724413
1710778144.9188588,0.03493820627530416
1710778144.918972,0.0009578859640492334
1710778144.9190853,-0.033015975107749305
1710778144.9191985,-0.06593891729911168
1710778144.9193115,-0.09851161804464129
1710778144.9194248,-0.12968334058920541
1710778144.919538,-0.15980432430903116
1710778144.9196513,-0.1899253163072798
1710778144.9197643,-0.2193458212746514
1710778144.9198775,-0.25016730030377704
1710778144.9199908,-0.28098877933290267
1710778144.920104,-0.3114599982897441
1710778144.920217,-0.342631737391154
1710778144.9203303,-0.37310295634799534
1710778144.9204435,-0.4025234778722127
1710778144.9205568,-0.4308932357364231
1710778144.92067,-0.4589127500851949
1710778144.920783,-0.4855313234859043
1710778144.9208963,-0.512149863772922
1710778144.9210095,-0.540169378121694
1710778144.9211228,-0.5678386820687188
1710778144.9212358,-0.5962084399329292
1710778144.921349,-0.6256289614571465
1710778144.9214623,-0.6553996933831109
1710778144.9215755,-0.6844699382781982
1710778144.9216886,-0.7128396961424086
1710778144.9218018,-0.7398084799448649
1710778144.921915,-0.7657265663146973
1710778144.9220283,-0.7909441656536526
1710778144.9221416,-0.8161616987652248
1710778144.9222546,-0.8406788110733032
1710778144.9223678,-0.8655461337831285
1710778144.922481,-0.8911139435238308
1710778144.9225943,-0.915630989604526
1710778144.9227073,-0.9404983785417345
1710778144.9228206,-0.9629139635297987
1710778144.9229338,-0.985329614745246
1710778144.923047,-1.0059940152698092
1710778144.92316,-1.0256076521343656
1710778144.9232733,-1.0438203149371676
1710778144.9233866,-1.061332556936476
1710778144.9234998,-1.0798954963684082
1710778144.923613,-1.0988086462020874
1710778144.923726,-1.1177217960357666
1710778144.9238393,-1.136985222498576
1710778144.9239526,-1.156248648961385
1710778144.9240658,-1.1748116546207004
1710778144.9241788,-1.1916233433617485
1710778144.924292,-1.2084350321027968
1710778144.9244053,-1.223845746782091
1710778144.9245186,-1.238906251059638
1710778144.9246316,-1.2529159916771782
1710778144.9247448,-1.2672760751512315
1710778144.924858,-1.2823365794287787
1710778144.9249713,-1.297747294108073
1710778144.9250844,-1.3124575879838731
1710778144.9251976,-1.3268175390031602
1710778144.9253109,-1.3401268588172064
1710778144.925424,-1.3516848617129855
1710778144.9255373,-1.3611414697435167
1710778144.9256504,-1.3688468933105469
1710778144.9257636,-1.3758517636193168
1710778144.9258769,-1.382156080669827
1710778144.92599,-1.389160950978597
1710778144.926103,-1.396165821287367
1710778144.9262164,-1.401769717534383
1710778144.9263296,-1.4084243774414062
1710778144.9264429,-1.4143786165449355
1710778144.9265559,-1.4189317491319444
1710778144.9266691,-1.4220839076571994
1710778144.9267824,-1.4234848817189534
1710778144.9268956,-1.4241854349772136
1710778144.9270089,-1.4238352245754666
1710778144.9271219,-1.4231346713172064
1710778144.9272351,-1.4224341180589464
1710778144.9273484,-1.4217336972554524
1710778144.9274616,-1.4210331439971924
1710778144.9275746,-1.4196321699354384
1710778144.927688,-1.4171805646684434
1710778144.9278011,-1.4126272996266682
1710778144.9279144,-1.4063229825761583
1710778144.9280274,-1.397566795349121
1710778144.9281406,-1.387059556113349
1710778144.928254,-1.3758517636193168
1710778144.9283671,-1.3635932074652777
1710778144.9284801,-1.3520350721147325
1710778144.9285934,-1.3408272796207004
1710778144.9287066,-1.3299696975284152
1710778144.92882,-1.3191122478908963
1710778144.9289331,-1.3082546657986112
1710778144.9290462,-1.2963463200463188
1710778144.9291594,-1.2837375534905326
1710778144.9292727,-1.2707784440782335
1710778144.929386,-1.2564184930589464
1710778144.929499,-1.2417081991831462
1710778144.9296122,-1.2287492222256131
1710778144.9297254,-1.214739481608073
1710778144.9298387,-1.2017803721957736
1710778144.9299517,-1.1888213952382405
1710778144.930065,-1.1748116546207004
1710778144.9301782,-1.1604515711466472
1710778144.9302914,-1.1439900928073459
1710778144.9304047,-1.1264779832628038
1710778144.9305177,-1.1061637931399875
1710778144.930631,-1.0858496030171711
1710778144.9307442,-1.0634340180291069
1710778144.9308574,-1.0420691304736667
1710778144.9309704,-1.0210544533199735
1710778144.9310837,-1.0000398423936632
1710778144.931197,-0.9786749548382229
1710778144.9313102,-0.9580105543136597
1710778144.9314232,-0.9366456667582194
1710778144.9315364,-0.9145802921719021
1710778144.9316497,-0.8921646409564548
1710778144.931763,-0.8683480819066365
1710778144.9318762,-0.8438309695985582
1710778144.9319892,-0.8200144105487399
1710778144.9321024,-0.7958475748697916
1710778144.9322157,-0.7730817132525973
1710778144.932329,-0.75066606203715
1710778144.932442,-0.7282504770490859
1710778144.9325552,-0.7054845492045084
1710778144.9326684,-0.6816679901546902
1710778144.9327817,-0.6564503908157349
1710778144.9328947,-0.6305323706732856
1710778144.933008,-0.6028630998399522
1710778144.9331212,-0.5751937627792358
1710778144.9332345,-0.547174248430464
1710778144.9333475,-0.5191547340816921
1710778144.9334607,-0.4911352197329203
1710778144.933574,-0.4638161924150255
1710778144.9336872,-0.4361468884680006
1710778144.9338005,-0.4084776176346673
1710778144.9339135,-0.3801078597704569
1710778144.9340267,-0.35068733824623954
1710778144.93414,-0.31881514522764415
1710778144.9342532,-0.28694291909535724
1710778144.9343662,-0.2543702224890391
1710778144.9344795,-0.22144728236728245
1710778144.9345927,-0.1902755598227183
1710778144.934706,-0.15980432430903116
1710778144.934819,-0.12898285355832842
1710778144.9349322,-0.09956234859095679
1710778144.9350455,-0.06944135659270816
1710778144.9351587,-0.03861988170279397
1710778144.935272,-0.007448159158229828
1710778144.935385,0.02407851732439465
1710778144.9354982,0.054906023045380906
1710778144.9356115,0.0860838426484002
1710778144.9357247,0.11656103862656488
1710778144.9358377,0.14703823460472953
1710778144.935951,0.17506324582629734
1710778144.9360642,0.20273793074819776
1710778144.9361775,0.23076294196976554
1710778144.9362905,0.25808733370569015
1710778144.9364038,0.285411708884769
1710778144.936517,0.31413733959198
1710778144.9366302,0.3439138995276557
1710778144.9367435,0.3726395302348667
1710778144.9368565,0.4027664330270555
1710778144.9369698,0.4307914442486233
1710778144.937083,0.4591667652130127
1710778144.9371963,0.48508988486395943
1710778144.9373093,0.5113633142577277
1710778144.9374225,0.5355348851945665
1710778144.9375358,0.5597064892450968
1710778144.937649,0.5852792660395304
1710778144.937762,0.610151489575704
1710778144.9378753,0.6350236468844943
1710778144.9379885,0.6591952509350246
1710778144.9381018,0.6851183705859714
1710778144.9382148,0.7089396317799886
1710778144.938328,0.7320602734883627
1710778144.9384413,0.7548305723402235
1710778144.9385545,0.7754990127351549
1710778144.9386678,0.7975686921013726
1710778144.9387808,0.8196384376949734
1710778144.938894,0.8413577742046779
1710778144.9390073,0.8648287587695651
1710778144.9391205,0.8882996771070693
1710778144.9392335,0.9121209383010864
1710778144.9393468,0.9345409605238173
1710778144.93946,0.9562602970335219
1710778144.9395733,0.9765784607993232
1710778144.9396863,0.9954953193664551
1710778144.9397995,1.0130109389623005
1710778144.9399128,1.0287750429577298
1710778144.940026,1.0452397002114189
1710778144.9401393,1.0610038042068481
1710778144.9402523,1.0774684614605374
1710778144.9403656,1.0928822225994534
1710778144.9404788,1.1086462603674994
1710778144.940592,1.1233594682481554
1710778144.940705,1.1370216475592718
1710778144.9408183,1.1499831411573622
1710778144.9409316,1.1615435282389324
1710778144.9410448,1.172052886750963
1710778144.9411578,1.18396348423428
1710778144.941271,1.195173528459337
1710778144.9413843,1.2074344687991672
1710778144.9414976,1.2200457519955106
1710778144.9416108,1.2323066923353407
1710778144.9417238,1.2449178430769179
1710778144.941837,1.2561278873019748
1710778144.9419503,1.2659366925557454
1710778144.9420636,1.2746944692399766
1710778144.9421766,1.2820510069529216
1710778144.9422898,1.2876559628380668
1710778144.942403,1.2929107083214653
1710778144.9425163,1.2974647680918376
1710778144.9426293,1.3020188278622098
1710778144.9427426,1.306923230489095
1710778144.9428558,1.3107766045464408
1710778144.942969,1.3139294253455267
1710778144.943082,1.3163816928863525
1710778144.9431953,1.3163816928863525
1710778144.9433086,1.3156810071733263
1710778144.9434218,1.3125281863742404
1710778144.943535,1.3086748123168945
1710778144.943648,1.3041207525465224
1710778144.9437613,1.2999169031778972
1710778144.9438746,1.295012633005778
1710778144.9439878,1.2908087836371527
1710778144.9441009,1.28730575243632
1710778144.944214,1.2820510069529216
1710778144.9443274,1.2767963939242892
1710778144.9444406,1.2708409627278645
1710778144.9445536,1.2631340821584065
1710778144.9446669,1.2540259626176622
1710778144.94478,1.2449178430769179
1710778144.9448934,1.2358097235361736
1710778144.9450066,1.2270519468519423
1710778144.9451196,1.218994723425971
1710778144.9452329,1.2098866038852267
1710778144.945346,1.2014791700575087
1710778144.9454594,1.1916703648037381
1710778144.9455724,1.1815113491482205
1710778144.9456856,1.1689000659518771
1710778144.9457989,1.1555882294972737
1710778144.9459121,1.1405246787601047
1710778144.9460251,1.1247607072194417
1710778144.9461384,1.1096972227096558
1710778144.9462516,1.0932325654559665
1710778144.9463649,1.0788697004318237
1710778144.946478,1.064156625005934
1710778144.9465911,1.0494434833526611
1710778144.9467044,1.0350806183285184
1710778144.9468176,1.0193165805604723
1710778144.946931,1.0028518570793998
1710778144.947044,0.9863871998257107
1710778144.9471571,0.9674703412585788
1710778144.9472704,0.9489037593205769
1710778144.9473836,0.9303371773825752
1710778144.9474967,0.9121209383010864
1710778144.94761,0.8932040797339545
1710778144.9477232,0.8756883939107258
1710778144.9478364,0.8560709158579508
1710778144.9479494,0.8364534378051758
1710778144.9480627,0.8150843116972182
1710778144.948176,0.7909127738740709
1710778144.9482892,0.7653399308522542
1710778144.9484024,0.7390665345721774
1710778144.9485154,0.7120924525790744
1710778144.9486287,0.6854687134424845
1710778144.948742,0.6581442885928683
1710778144.9488552,0.6315205494562784
1710778144.9489682,0.6055974298053317
1710778144.9490814,0.5800245867835151
1710778144.9491947,0.5534008476469252
1710778144.949308,0.5274776948822869
1710778144.949421,0.5001533362600539
1710778144.9495342,0.47212832503848606
1710778144.9496474,0.44410331381691825
1710778144.9497607,0.41572799285252887
1710778144.949874,0.3873526718881395
1710778144.949987,0.36037858989503646
1710778144.9501002,0.33410516050126815
1710778144.9502134,0.30748138825098675
1710778144.9503267,0.2808576491143968
1710778144.9504397,0.2535332573784722
1710778144.950553,0.22480762667126125
1710778144.9506662,0.19468074043591815
1710778144.9507794,0.16315261522928873
1710778144.9508924,0.1316244817442364
1710778144.9510057,0.09939572049511804
1710778144.951119,0.0671669633852111
1710778144.9512322,0.036339457664224833
1710778144.9513452,0.005161637026402685
1710778144.9514585,-0.02425987480415238
1710778144.9515717,-0.054731108248233795
1710778144.951685,-0.08415160907639398
1710778144.9517982,-0.11497308810551961
1710778144.9519112,-0.14649505416552225
1710778144.9520245,-0.17731653319464788
1710778144.9521377,-0.20883849925465053
1710778144.952251,-0.23965997828377616
1710778144.952364,-0.2690804832511478
1710778144.9524772,-0.2981507447030809
1710778144.9525905,-0.32546977202097577
1710778144.9527037,-0.3527887993388706
1710778144.9528167,-0.3801078597704569
1710778144.95293,-0.40672640005747474
1710778144.9530432,-0.4347459144062466
1710778144.9531565,-0.4631156722704569
1710778144.9532697,-0.49183570676379734
1710778144.9533827,-0.5205557081434462
1710778144.953496,-0.5485752556059096
1710778144.9536092,-0.5755440394083658
1710778144.9537225,-0.6025128232108222
1710778144.9538355,-0.6277304225497775
1710778144.9539487,-0.6522474686304728
1710778144.954062,-0.6774650679694282
1710778144.9541752,-0.7030328777101305
1710778144.9542882,-0.7279002004199557
1710778144.9544015,-0.7545187738206651
1710778144.9545147,-0.7807870705922444
1710778144.954628,-0.8077558543947008
1710778144.9547412,-0.8336739407645332
1710778144.9548542,-0.8574904998143513
1710778144.9549675,-0.8816573354932997
1710778144.9550807,-0.9037227100796169
1710778144.955194,-0.9257880846659342
1710778144.955307,-0.9471529722213745
1710778144.9554203,-0.9692183468076918
1710778144.9555335,-0.9916339980231391
1710778144.9556468,-1.0143998596403334
1710778144.9557598,-1.0375159316592746
1710778144.955873,-1.059931582874722
1710778144.9559863,-1.0816466808319092
1710778144.9560995,-1.1030115683873494
1710778144.9562125,-1.1215745078192816
1710778144.9563258,-1.140837934282091
1710778144.956439,-1.159050597084893
1710778144.9565523,-1.1765628390842013
1710778144.9566655,-1.1944252914852567
1710778144.9567785,-1.212988297144572
1710778144.9568918,-1.231901380750868
1710778144.957005,-1.2497638331519232
1710778144.9571183,-1.2683268388112385
1710778144.9572313,-1.2823365794287787
1710778144.9573445,-1.2970467408498128
1710778144.9574578,-1.308955086602105
1710778144.957571,-1.3205132219526503
1710778144.957684,-1.3296194871266682
1710778144.9577973,-1.3397766484154594
1710778144.9579105,-1.3495834668477376
1710778144.9580238,-1.3583395216200087
1710778144.958137,-1.3684965504540336
1710778144.95825,-1.377252737681071
1710778144.9583633,-1.386008792453342
1710778144.9584765,-1.391962899102105
1710778144.9585898,-1.3979171382056341
1710778144.9587028,-1.401769717534383
1710778144.958816,-1.4045717981126573
1710778144.9589293,-1.4070234033796523
1710778144.9590425,-1.4094751411014133
1710778144.9591556,-1.4126272996266682
1710778144.9592688,-1.4157795906066895
1710778144.959382,-1.4185815387301974
1710778144.9594953,-1.4217336972554524
1710778144.9596086,-1.4227844609154594
1710778144.9597216,-1.4231346713172064
1710778144.9598348,-1.4213834868537054
1710778144.959948,-1.4178809854719374
1710778144.9600613,-1.4136780632866752
1710778144.9601743,-1.4091249306996663
1710778144.9602876,-1.4035210344526503
1710778144.9604008,-1.398617559009128
1710778144.960514,-1.3933638731638591
1710778144.960627,-1.388460530175103
1710778144.9607403,-1.382856633928087
1710778144.9608536,-1.3758517636193168
1710778144.9609668,-1.3670955763922796
1710778144.9610798,-1.3572887579600017
1710778144.961193,-1.3467815187242296
1710778144.9613063,-1.3338224093119304
1710778144.9614196,-1.3208634323543973
1710778144.9615328,-1.3086048762003581
1710778144.9616458,-1.2963463200463188
1710778144.961759,-1.2837375534905326
1710778144.9618723,-1.2728799713982475
1710778144.9619856,-1.2609716256459553
1710778144.9620986,-1.2487130694919162
1710778144.9622118,-1.235053671730889
1710778144.962325,-1.219642824596829
1710778144.9624383,-1.2038818995157878
1710778144.9625514,-1.1874204211764865
1710778144.9626646,-1.1702583895789251
1710778144.9627779,-1.153446700837877
1710778144.962891,-1.138035986158583
1710778144.9630044,-1.1215745078192816
1710778144.9631174,-1.1054633061091106
1710778144.9632306,-1.0883013407389324
1710778144.9633439,-1.07008867793613
1710778144.963457,-1.0504749748441908
1710778144.96357,-1.0287598768870037
1710778144.9636834,-1.0059940152698092
1710778144.9637966,-0.982177389992608
1710778144.9639099,-0.9580105543136597
1710778144.9640229,-0.9331432316038344
1710778144.9641361,-0.910727580388387
1710778144.9642494,-0.8869110213385688
1710778144.9643626,-0.8644953701231215
1710778144.9644756,-0.8413792981041802
1710778144.9645889,-0.8179129494561089
1710778144.9647021,-0.7923451397154067
1710778144.9648154,-0.7664270533455743
1710778144.9649286,-0.7398084799448649
1710778144.9650416,-0.7121392091115316
1710778144.965155,-0.6844699382781982
1710778144.9652681,-0.6568006674448649
1710778144.9653814,-0.6298318836424086
1710778144.9654944,-0.6021626128090752
1710778144.9656076,-0.5751937627792358
1710778144.965721,-0.5461235178841485
1710778144.9658341,-0.5156522989273071
1710778144.9659472,-0.4844805598258972
1710778144.9660604,-0.45120739274554783
1710778144.9661736,-0.4172337055206299
1710778144.966287,-0.383610294924842
1710778144.9664001,-0.34998685121536255
1710778144.9665132,-0.31706392765045166
1710778144.9666264,-0.28519170151816475
1710778144.9667397,-0.25401997897360057
1710778144.966853,-0.22389898697535196
1710778144.966966,-0.19377799497710332
1710778144.9670792,-0.164707750082016
1710778144.9671924,-0.13458675808376735
1710778144.9673057,-0.10306479202376471
1710778144.9674187,-0.07294380002551608
1710778144.967532,-0.04317305154270596
1710778144.9676452,-0.012701820168230269
1710778144.9677584,0.016371639859345224
1710778144.9678717,0.04544758548339208
1710778144.9679847,0.07417322032981448
1710778144.968098,0.10359947052266863
1710778144.9682112,0.13302572899394566
1710778144.9683244,0.16455387075742087
1710778144.9684374,0.1960819959640503
1710778144.9685507,0.22936168644163343
1710778144.968664,0.2619407574335734
1710778144.9687772,0.29416951868269176
1710778144.9688902,0.32639827993181014
1710778144.9690034,0.3561748398674859
1710778144.9691167,0.3852507803175184
1710778144.96923,0.4125751720534431
1710778144.969343,0.4398995637893677
1710778144.9694562,0.4672239555252923
1710778144.9695694,0.49419800440470374
1710778144.9696827,0.5211720863978068
1710778144.969796,0.5477958255343967
1710778144.969909,0.5747699075274997
1710778144.9700222,0.6006930271784464
1710778144.9701355,0.62591552734375
1710778144.9702487,0.6504374080234103
1710778144.9703617,0.6728574302461412
1710778144.970475,0.6963283485836452
1710778144.9705882,0.7204999526341757
1710778144.9707015,0.7436205943425497
1710778144.9708145,0.76849275165134
1710778144.9709277,0.7933649751875136
1710778144.971041,0.8196384376949734
1710778144.9711542,0.8445105950037638
1710778144.9712675,0.8697330951690674
1710778144.9713805,0.8939046992195977
1710778144.9714937,0.9159743785858154
1710778144.971607,0.9373434384663899
1710778144.9717202,0.9580118788613213
1710778144.9718332,0.9786803192562527
1710778144.9719465,0.9993487596511841
1710778144.9720597,1.0203675429026287
1710778144.972173,1.0417366027832031
1710778144.972286,1.0624050431781344
1710778144.9723992,1.0830734835730658
1710778144.9725125,1.103041304482354
1710778144.9726257,1.1209072007073295
1710778144.972739,1.137722200817532
1710778144.972852,1.153135961956448
1710778144.9729652,1.1671484841240776
1710778144.9730785,1.179759767320421
1710778144.9731917,1.1937722894880507
1710778144.9733047,1.2070841259426541
1710778144.973418,1.2203959623972576
1710778144.9735312,1.233357588450114
1710778144.9736445,1.244567632675171
1710778144.9737575,1.256478230158488
1710778144.9738708,1.2659366925557454
1710778144.973984,1.2736435731252034
1710778144.9740973,1.280649767981635
1710778144.9742103,1.2866050667232938
1710778144.9743235,1.2918598122066922
1710778144.9744368,1.2974647680918376
1710778144.97455,1.3037704096900091
1710778144.9746633,1.3100760512881808
1710778144.9747763,1.3156810071733263
1710778144.9748895,1.3212860955132377
1710778144.9750028,1.3251394695705838
1710778144.975116,1.3268910513983831
1710778144.975229,1.3275916046566434
1710778144.9753423,1.32584015528361
1710778144.9754555,1.3240885734558105
1710778144.9755688,1.3209357526567247
1710778144.9756818,1.318833827972412
1710778144.975795,1.3163816928863525
1710778144.9759083,1.3132288720872667
1710778144.9760215,1.311126947402954
1710778144.9761348,1.3086748123168945
1710778144.9762478,1.3044709629482694
1710778144.976361,1.2995666927761502
1710778144.9764743,1.2932610511779785
1710778144.9765875,1.2866050667232938
1710778144.9767005,1.2788981861538358
1710778144.9768138,1.272242334153917
1710778144.976927,1.2662869029574924
1710778144.9770403,1.260331604215834
1710778144.9771533,1.2540259626176622
1710778144.9772666,1.2480706638760037
1710778144.9773798,1.241414811876085
1710778144.977493,1.2319563494788275
1710778144.9776063,1.2224978870815701
1710778144.9777193,1.2098866038852267
1710778144.9778326,1.1965747674306233
1710778144.9779458,1.1822119024064806
1710778144.978059,1.1681993802388508
1710778144.978172,1.1524354086981878
1710778144.9782853,1.138072543674045
1710778144.9783986,1.1237096786499023
1710778144.9785118,1.1082959837383695
1710778144.9786248,1.0925318797429402
1710778144.978738,1.0753666030036078
1710778144.9788513,1.0578509834077623
1710778144.9789646,1.0396346780988905
1710778144.9790776,1.0200172000461154
1710778144.9791908,1.0007499986224704
1710778144.979304,0.9811325205696954
1710778144.9794173,0.9625659386316935
1710778144.9795306,0.9446999761793349
1710778144.9796436,0.926133460468716
1710778144.9797568,0.9086177746454874
1710778144.97987,0.8900512589348687
1710778144.9799833,0.8697330951690674
1710778144.9800963,0.8487143781450059
1710778144.9802096,0.8252433935801188
1710778144.9803228,0.8014221323861016
1710778144.980436,0.7769002517064412
1710778144.980549,0.752728713883294
1710778144.9806623,0.7278564903471205
1710778144.9807756,0.7040352291531032
1710778144.9808888,0.6795133484734429
1710778144.981002,0.6549914677937826
1710778144.981115,0.629418690999349
1710778144.9812284,0.6020942661497328
1710778144.9813416,0.5744195646709865
1710778144.9814548,0.5442926949924892
1710778144.9815679,0.5145161350568136
1710778144.981681,0.4847395751211378
1710778144.9817944,0.4553133249282837
1710778144.9819076,0.425887041621738
1710778144.9820206,0.3978620635138618
1710778144.9821339,0.37088798152075875
1710778144.982247,0.34251266055636936
1710778144.9823604,0.31413733959198
1710778144.9824734,0.2857620186275906
1710778144.9825866,0.25633576843473643
1710778144.9826999,0.22620888219939336
1710778144.9828131,0.19538137647840711
1710778144.9829264,0.16560479998588562
1710778144.9830394,0.13652885953585306
1710778144.9831526,0.1078032288286421
1710778144.9832659,0.07907758984300825
1710778144.9833791,0.051753210524717964
1710778144.9834921,0.023027579817507002
1710778144.9836054,-0.005346694443788793
1710778144.9837186,-0.034767194754547544
1710778144.983832,-0.06523843026823467
1710778144.983945,-0.09570966164271036
1710778144.9840581,-0.126531140671836
1710778144.9841714,-0.15595164563920763
1710778144.9842846,-0.18432142006026372
1710778144.984398,-0.21164044737815857
1710778144.984511,-0.23755851719114515
1710778144.9846241,-0.26312632693184745
1710778144.9847374,-0.2883438931571113
1710778144.9848506,-0.31426194641325206
1710778144.9849637,-0.34088051981396145
1710778144.985077,-0.36749906010097927
1710778144.9851902,-0.3944678439034356
1710778144.9853034,-0.42248739136589897
1710778144.9854164,-0.4491059316529168
1710778144.9855297,-0.4764249589708116
1710778144.985643,-0.502693255742391
1710778144.9857562,-0.5286113421122233
1710778144.9858694,-0.5548796388838027
1710778144.9859824,-0.5825489097171359
1710778144.9860957,-0.6102181805504693
1710778144.986209,-0.6392884254455566
1710778144.9863222,-0.668008459938897
1710778144.9864352,-0.6970787048339844
1710778144.9865484,-0.7257987393273247
1710778144.9866617,-0.7534680101606581
1710778144.986775,-0.7793860965304904
1710778144.986888,-0.8039031426111857
1710778144.9870012,-0.826318793826633
1710778144.9871144,-0.8490846554438273
1710778144.9872277,-0.8711500300301446
1710778144.9873407,-0.8928651279873318
1710778144.987454,-0.9152807792027791
1710778144.9875672,-0.9373461537890964
1710778144.9876804,-0.9594115283754137
1710778144.9877937,-0.981126692559984
1710778144.9879067,-1.0021413034862943
1710778144.98802,-1.0224554273817275
1710778144.9881332,-1.0399676693810356
1710778144.9882464,-1.0588808192147148
1710778144.9883595,-1.0770935482449002
1710778144.9884727,-1.0949560006459553
1710778144.988586,-1.1145696375105116
1710778144.9886992,-1.1338330639733207
1710778144.9888122,-1.152746280034383
1710778144.9889255,-1.1727101273006864
1710778144.9890387,-1.1909227901034884
1710778144.989152,-1.2077346112993028
1710778144.9892652,-1.223145325978597
1710778144.9893782,-1.237505276997884
1710778144.9894915,-1.2504643864101834
1710778144.9896047,-1.2623725997077093
1710778144.989718,-1.2735803922017415
1710778144.989831,-1.2861892912122939
1710778144.9899442,-1.297747294108073
1710778144.9900575,-1.308955086602105
1710778144.9901707,-1.320162879096137
1710778144.9902837,-1.3296194871266682
1710778144.990397,-1.3383755418989394
1710778144.9905102,-1.3446799914042156
1710778144.9906235,-1.3502838876512315
1710778144.9907367,-1.3548370202382405
1710778144.9908497,-1.3583395216200087
1710778144.990963,-1.3628926542070177
1710778144.9910762,-1.3667453659905326
1710778144.9911895,-1.3709482881757948
1710778144.9913025,-1.3751512103610568
1710778144.9914157,-1.378653711742825
1710778144.991529,-1.381455659866333
1710778144.9916422,-1.38250642352634
1710778144.9917552,-1.382156080669827
1710778144.9918685,-1.380755106608073
1710778144.9919817,-1.378653711742825
1710778144.992095,-1.3758517636193168
1710778144.992208,-1.3741004467010498
1710778144.9923213,-1.3719990518358018
1710778144.9924345,-1.3695473141140408
1710778144.9925478,-1.3681463400522869
1710778144.992661,-1.3653443919287787
1710778144.992774,-1.3625424438052707
1710778144.9928873,-1.3576389683617485
1710778144.9930005,-1.3509844409094915
1710778144.9931138,-1.3429288069407146
1710778144.9932268,-1.3345229625701904
1710778144.99334,-1.3257667753431532
1710778144.9934533,-1.316660510169135
1710778144.9935665,-1.307904322942098
1710778144.9936795,-1.299498478571574
1710778144.9937928,-1.2921433978610568
1710778144.993906,-1.2833873430887859
1710778144.9940193,-1.2742809454600017
1710778144.9941325,-1.2627229425642226
1710778144.9942455,-1.2511648072136772
1710778144.9943588,-1.238556040657891
1710778144.994472,-1.224196089638604
1710778144.9945853,-1.2112369802263048
1710778144.9946983,-1.1975774500105116
1710778144.9948115,-1.1839179197947185
1710778144.9949248,-1.1713091532389324
1710778144.995038,-1.157299412621392
1710778144.995151,-1.143289672003852
1710778144.9952643,-1.1268281936645508
1710778144.9953775,-1.1089657412634955
1710778144.9954908,-1.0904028018315632
1710778144.995604,-1.07008867793613
1710778144.995717,-1.0487237903806899
1710778144.9958303,-1.0273589028252494
1710778144.9959435,-1.0063442256715562
1710778144.9960568,-0.98638031217787
1710778144.9961698,-0.9664163986841837
1710778144.996283,-0.9457519981596205
1710778144.9963963,-0.9247373872333102
1710778144.9965096,-0.9030222230487399
1710778144.9966226,-0.8799061510297987
1710778144.9967358,-0.8564398023817275
1710778144.996849,-0.832272900475396
1710778144.9969623,-0.8063548803329468
1710778144.9970753,-0.7821880446539985
1710778144.9971886,-0.7566202349132961
1710778144.9973018,-0.7314026355743408
1710778144.997415,-0.7068855894936455
1710778144.9975283,-0.6823684771855673
1710778144.9976413,-0.6571508778466119
1710778144.9977546,-0.6294816070132785
1710778144.9978678,-0.6011118491490682
1710778144.997981,-0.5706406301922268
1710778144.998094,-0.5419205956988864
1710778144.9982073,-0.5103986461957296
1710778144.9983206,-0.4806278811560737
1710778144.9984338,-0.45085714923010933
1710778144.9985468,-0.421786904335022
1710778144.99866,-0.3930668698416816
1710778144.9987733,-0.36364638143115574
1710778144.9988866,-0.33492634693781537
1710778144.9989998,-0.30445512798097396
1710778144.9991128,-0.2746843794981639
1710778144.999226,-0.2421116828918457
1710778144.9993393,-0.20988922980096605
1710778144.9994526,-0.17941799428727892
1710778144.9995656,-0.14789602822727627
1710778144.9996789,-0.11882577505376604
1710778144.999792,-0.09045600063270992
1710778144.9999053,-0.0624364780055152
1710778145.0000184,-0.03441695123910904
1710778145.0001316,-0.006397426542308595
1710778145.0002449,0.023027579817507002
1710778145.000358,0.05245383828878403
1710778145.000471,0.08152978287802802
1710778145.0005844,0.11270759834183587
1710778145.0006976,0.14143322904904684
1710778145.0008109,0.17085949579874674
1710778145.000924,0.19923481676313612
1710778145.0010371,0.22796044747034708
1710778145.0011504,0.2556351323922475
1710778145.0012636,0.28436077965630424
1710778145.0013769,0.3130864103635152
1710778145.0014899,0.3435635897848341
1710778145.0016031,0.37404080231984455
1710778145.0017164,0.40521860122680664
1710778145.0018296,0.4356958137618171
1710778145.0019426,0.466172993183136
1710778145.002056,0.4952489336331685
1710778145.0021691,0.5225733253690932
1710778145.0022824,0.5491970976193746
1710778145.0023956,0.5751202503840128
1710778145.0025086,0.6010433700349596
1710778145.002622,0.6273167663150363
1710778145.0027351,0.6532399521933662
1710778145.0028484,0.6802139679590861
1710778145.0029614,0.7071880499521891
1710778145.0030746,0.733461512459649
1710778145.003188,0.7600852515962389
1710778145.0033011,0.7856580946180556
1710778145.0034142,0.8105302519268459
1710778145.0035274,0.8350521326065063
1710778145.0036407,0.8588733938005235
1710778145.003754,0.8833952744801838
1710778145.0038671,0.9075668785307143
1710778145.0039802,0.9324390358395046
1710778145.0040934,0.9576615360048082
1710778145.0042067,0.9821834166844685
1710778145.00432,1.0053040583928425
1710778145.004433,1.0284247001012166
1710778145.0045462,1.0483925210105047
1710778145.0046594,1.0669591029485066
1710778145.0047727,1.0834237602021959
1710778145.0048857,1.099187864197625
1710778145.004999,1.114251348707411
1710778145.0051122,1.1293147669898138
1710778145.0052254,1.1433272891574435
1710778145.0053384,1.1590912606981065
1710778145.0054517,1.1741546789805095
1710778145.005565,1.1885175440046523
1710778145.0056782,1.2021797233157687
1710778145.0057914,1.2151413493686252
1710778145.0059044,1.226001050737169
1710778145.0060177,1.2379116482204862
1710778145.006131,1.2484210067325168
1710778145.0062442,1.259981393814087
1710778145.0063572,1.2711913055843778
1710778145.0064704,1.283452245924208
1710778145.0065837,1.295012633005778
1710778145.006697,1.3058723343743217
1710778145.00681,1.3156810071733263
1710778145.0069232,1.3247891267140706
1710778145.0070364,1.330043872197469
1710778145.0071497,1.3342475891113281
1710778145.007263,1.337400409910414
1710778145.007376,1.3395023345947266
1710778145.0074892,1.3402028878529866
1710778145.0076025,1.3409035735660129
1710778145.0077157,1.3423048125372992
1710778145.0078287,1.3426551553938124
1710778145.007942,1.3437060515085857
1710778145.0080552,1.3430053657955594
1710778145.0081685,1.3412537839677598
1710778145.0082815,1.3388016488817003
1710778145.0083947,1.3352984852261014
1710778145.008508,1.3303942150539823
1710778145.0086212,1.3254898124270968
1710778145.0087345,1.3212860955132377
1710778145.0088475,1.3174325890011258
1710778145.0089607,1.3125281863742404
1710778145.009074,1.3097257084316678
1710778145.0091872,1.3051716486612956
1710778145.0093002,1.3002672460344102
1710778145.0094135,1.2936113940344915
1710778145.0095267,1.2859045134650335
1710778145.00964,1.2774969471825492
1710778145.009753,1.2673379315270317
1710778145.0098662,1.256828573015001
1710778145.0099795,1.2466694249047172
1710778145.0100927,1.236860752105713
1710778145.0102057,1.2274022897084553
1710778145.010319,1.217943827311198
1710778145.0104322,1.2074344687991672
1710778145.0105455,1.1962244245741103
1710778145.0106587,1.1829125881195068
1710778145.0107718,1.1681993802388508
1710778145.010885,1.1517347229851616
1710778145.0109982,1.1345693800184462
1710778145.0111115,1.1167034837934706
1710778145.0112245,1.0974362823698256
1710778145.0113378,1.0795703199174669
1710778145.011451,1.0610038042068481
1710778145.0115643,1.0424372222688463
1710778145.0116773,1.0238706403308444
1710778145.0117905,1.003202199935913
1710778145.0119038,0.9821834166844685
1710778145.012017,0.9590628412034776
1710778145.0121303,0.9348912371529473
1710778145.0122433,0.9110699759589301
1710778145.0123565,0.8861978186501397
1710778145.0124698,0.8627268340852525
1710778145.012583,0.8385552962621052
1710778145.012696,0.8147340350680881
1710778145.0128093,0.7905624310175577
1710778145.0129225,0.7670915126800537
1710778145.0130358,0.7422193553712633
1710778145.0131488,0.7159458928638034
1710778145.013262,0.6882711913850572
1710778145.0133753,0.6602461470497979
1710778145.0134885,0.6304695871141222
1710778145.0136018,0.6013936466640896
1710778145.0137148,0.5730183256997002
1710778145.013828,0.5449933475918239
1710778145.0139413,0.5176689558558993
1710778145.0140545,0.49034456411997474
1710778145.0141675,0.46266986264122856
1710778145.0142808,0.4346448845333523
1710778145.014394,0.40626956356896293
1710778145.0145073,0.37719359000523883
1710778145.0146203,0.34671641058391994
1710778145.0147336,0.3169398506482442
1710778145.0148468,0.28716325759887695
1710778145.01496,0.25808733370569015
1710778145.015073,0.2297120127413008
1710778145.0151863,0.2013366917769114
1710778145.0152996,0.17296137081252203
1710778145.0154128,0.14423574010531107
1710778145.015526,0.11445916361278957
1710778145.015639,0.08293103012773725
1710778145.0157523,0.051402900781896375
1710778145.0158656,0.01882382772035069
1710778145.0159788,-0.013402308233910136
1710778145.0160918,-0.04562476028998693
1710778145.016205,-0.076446243458324
1710778145.0163183,-0.10691747069358826
1710778145.0164316,-0.13668821917639837
1710778145.0165446,-0.165408237112893
1710778145.0166578,-0.19412823849254185
1710778145.016771,-0.22424923049079046
1710778145.0168843,-0.25366973545816207
1710778145.0169976,-0.2837907274564107
1710778145.0171106,-0.31426194641325206
1710778145.0172238,-0.344032711452908
1710778145.017337,-0.37275271283255684
1710778145.0174503,-0.4011225038104587
1710778145.0175633,-0.4270405570665995
1710778145.0176766,-0.4533088538381788
1710778145.0177898,-0.47957715060975814
1710778145.017903,-0.5061957240104675
1710778145.018016,-0.5345654818746779
1710778145.0181293,-0.5618845091925727
1710778145.0182426,-0.5920055177476671
1710778145.0183558,-0.6203752756118774
1710778145.0184689,-0.6508464945687188
1710778145.018582,-0.6785157654020522
1710778145.0186954,-0.7061850362353854
1710778145.0188086,-0.7324533992343478
1710778145.0189219,-0.7590719064076741
1710778145.0190349,-0.7849899927775065
1710778145.019148,-0.8105578025182087
1710778145.0192614,-0.8368260992897881
1710778145.0193746,-0.8637948830922444
1710778145.0194876,-0.8904134564929538
1710778145.0196009,-0.916331476635403
1710778145.019714,-0.9411988655726115
1710778145.0198274,-0.9639647271898057
1710778145.0199404,-0.986030101776123
1710778145.0200536,-1.0066945023006864
1710778145.0201669,-1.0266584157943726
1710778145.0202801,-1.0445208681954277
1710778145.0203934,-1.063083741399977
1710778145.0205064,-1.0826974444919162
1710778145.0206196,-1.1016105943255954
1710778145.0207329,-1.1212242974175346
1710778145.0208461,-1.140837934282091
1710778145.0209591,-1.1594009399414062
1710778145.0210724,-1.1762126286824544
1710778145.0211856,-1.1919735537634955
1710778145.021299,-1.2073842684427898
1710778145.021412,-1.222444772720337
1710778145.0215251,-1.23610430293613
1710778145.0216384,-1.2504643864101834
1710778145.0217516,-1.2644741270277235
1710778145.021865,-1.2784838676452637
1710778145.021978,-1.2921433978610568
1710778145.0220912,-1.304401954015096
1710778145.0222044,-1.315609746509128
1710778145.0223176,-1.3247161441379123
1710778145.0224307,-1.3313706715901692
1710778145.022544,-1.3373249106936984
1710778145.0226572,-1.3422282536824544
1710778145.0227704,-1.3457307550642226
1710778145.0228834,-1.3502838876512315
1710778145.0229967,-1.3541365994347465
1710778145.02311,-1.3597404956817627
1710778145.0232232,-1.364643971125285
1710778145.0233362,-1.3695473141140408
1710778145.0234494,-1.3741004467010498
1710778145.0235627,-1.377252737681071
1710778145.023676,-1.3797043429480658
1710778145.0237892,-1.38180587026808
1710778145.0239022,-1.382856633928087
1710778145.0240154,-1.384257607989841
1710778145.0241287,-1.384607818391588
1710778145.024242,-1.386008792453342
1710778145.024355,-1.386709345711602
1710778145.0244682,-1.387059556113349
1710778145.0245814,-1.386359002855089
1710778145.0246947,-1.383907397588094
1710778145.0248077,-1.3793541325463188
1710778145.024921,-1.3737502362993028
1710778145.0250342,-1.3656946023305256
1710778145.0251474,-1.3583395216200087
1710778145.0252607,-1.3495834668477376
1710778145.0253737,-1.3408272796207004
1710778145.025487,-1.3334721989101834
1710778145.0256002,-1.3261171181996663
1710778145.0257134,-1.3194624582926433
1710778145.0258265,-1.31210724512736
1710778145.0259397,-1.303000979953342
1710778145.026053,-1.2935443719228108
1710778145.0261662,-1.2826867898305256
1710778145.0262792,-1.2711287869347465
1710778145.0263925,-1.2592204411824544
1710778145.0265057,-1.2462614642249212
1710778145.026619,-1.235053671730889
1710778145.0267322,-1.22279511557685
1710778145.0268452,-1.2112369802263048
1710778145.0269585,-1.1982780032687717
1710778145.0270717,-1.1842682626512315
1710778145.027185,-1.1695579687754314
1710778145.027298,-1.152396069632636
1710778145.0274112,-1.1341832743750677
1710778145.0275245,-1.1145696375105116
1710778145.0276377,-1.0939052369859483
1710778145.0277507,-1.074641810523139
1710778145.027864,-1.0546778970294528
1710778145.0279772,-1.0347139835357666
1710778145.0280905,-1.0158008337020874
1710778145.0282035,-0.9958369202084011
1710778145.0283167,-0.9751725196838379
1710778145.02843,-0.9527568684683906
1710778145.0285432,-0.9289403094185723
1710778145.0286565,-0.905123684141371
1710778145.0287695,-0.8795558744006686
1710778145.0288827,-0.8532875776290894
1710778145.028996,-0.828770465321011
1710778145.0291092,-0.8032026555803087
1710778145.0292222,-0.7790358199013604
1710778145.0293355,-0.7548689842224121
1710778145.0294487,-0.7300016615125868
1710778145.029562,-0.7058348258336385
1710778145.029675,-0.6788660420311822
1710778145.0297883,-0.6515469815995958
1710778145.0299015,-0.6238777107662624
1710778145.0300148,-0.5962084399329292
1710778145.030128,-0.5674884054395888
1710778145.030241,-0.5394688910908169
1710778145.0303543,-0.512850350803799
1710778145.0304675,-0.48658205403221977
1710778145.0305808,-0.46066396766238743
1710778145.0306938,-0.4347459144062466
1710778145.030807,-0.4077771306037903
1710778145.0309203,-0.3797576162550184
1710778145.0310335,-0.35103758176167804
1710778145.0311465,-0.3216170933511522
1710778145.0312598,-0.2918463283114963
1710778145.031373,-0.26137510935465497
1710778145.0314863,-0.23335557844903734
1710778145.0315995,-0.205686307615704
1710778145.0317125,-0.1780170202255249
1710778145.0318258,-0.15209895041253832
1710778145.031939,-0.1254804101255205
1710778145.0320523,-0.09816137452920277
1710778145.0321653,-0.07014184362358517
1710778145.0322785,-0.04177207748095194
1710778145.0323918,-0.013052063683668772
1710778145.032505,0.016371639859345224
1710778145.032618,0.04544758548339208
1710778145.0327313,0.07347259256574842
1710778145.0328445,0.10149759550889333
1710778145.0329578,0.12882197896639505
1710778145.0330708,0.15614637070231968
1710778145.033184,0.18452167510986328
1710778145.0332973,0.2135976321167416
1710778145.0334105,0.2437245017952389
1710778145.0335238,0.273851388030582
1710778145.0336368,0.30467891030841404
1710778145.03375,0.3358567092153761
1710778145.0338633,0.36598361200756496
1710778145.0339766,0.3950595524575975
1710778145.0340896,0.4223839441935221
1710778145.0342028,0.4497083028157552
1710778145.034316,0.47528114583757186
1710778145.0344293,0.5015545752313402
1710778145.0345423,0.5274776948822869
1710778145.0346556,0.5544517768753899
1710778145.0347688,0.5803749296400282
1710778145.034882,0.606648325920105
1710778145.0349953,0.633272131284078
1710778145.0351083,0.6584946314493815
1710778145.0352216,0.6830165121290419
1710778145.0353348,0.7061371538374159
1710778145.035448,0.7299584150314331
1710778145.035561,0.753078990512424
1710778145.0356743,0.776199632220798
1710778145.0357876,0.8003712362713283
1710778145.0359008,0.8255937364366319
1710778145.0360138,0.8511665132310655
1710778145.036127,0.876038736767239
1710778145.0362403,0.9016115797890557
1710778145.0363536,0.9247321552700466
1710778145.0364666,0.9468019008636475
1710778145.0365798,0.9681709607442219
1710778145.036693,0.987438162167867
1710778145.0368063,1.006355020734999
1710778145.0369196,1.0252718793021307
1710778145.0370326,1.0431378417544894
1710778145.0371459,1.0620547003216214
1710778145.037259,1.07992066277398
1710778145.0373724,1.0963853200276692
1710778145.0374854,1.1124997668796115
1710778145.0375986,1.1265122890472412
1710778145.0377119,1.1398241255018446
1710778145.037825,1.1503334840138753
1710778145.037938,1.1601422892676458
1710778145.0380514,1.1703013049231634
1710778145.0381646,1.179759767320421
1710778145.0382779,1.1895684401194255
1710778145.038391,1.1986766921149359
1710778145.0385041,1.2091860506269667
1710778145.0386174,1.2193450662824843
1710778145.0387306,1.2291538715362549
1710778145.0388439,1.236860752105713
1710778145.0389569,1.2459688716464572
1710778145.0390701,1.2519241703881157
1710778145.0391834,1.2589303652445476
1710778145.0392966,1.265236006842719
1710778145.0394096,1.2715416484408908
1710778145.039523,1.2788981861538358
1710778145.0396361,1.2859045134650335
1710778145.0397494,1.2925603654649522
1710778145.0398626,1.2974647680918376
1710778145.0399756,1.3023691707187228
1710778145.040089,1.3055219915178087
1710778145.0402021,1.306572887632582
1710778145.0403154,1.3062225447760687
1710778145.0404284,1.3048213058047824
1710778145.0405416,1.302719513575236
1710778145.040655,1.3013182746039496
1710778145.0407681,1.2995666927761502
1710778145.0408812,1.2995666927761502
1710778145.0409944,1.1419260501861572
1710778145.0411077,1.126161946190728
1710778145.041221,1.110397842195299
1710778145.041334,1.0946338044272528
1710778145.0414472,1.0806212822596233
1710778145.0415604,1.0662584834628634
1710778145.0416737,1.0504943794674344
1710778145.041787,1.0347303416993883
1710778145.0419,1.0172147221035428
1710778145.0420132,0.9975971778233845
1710778145.0421264,0.9769287374284532
1710778145.0422397,0.9545087814331055
1710778145.0423527,0.9320887592103746
1710778145.042466,0.9093184603585137
1710778145.0425792,0.8865480952792697
1710778145.0426924,0.8637777964274088
1710778145.0428054,0.8410074975755479
1710778145.0429187,0.8182371324963039
1710778145.043032,0.7933649751875136
1710778145.0431452,0.7695437139934963
1710778145.0432584,0.7432702514860365
1710778145.0433714,0.7166465123494467
1710778145.0434847,0.6886214680141872
1710778145.043598,0.6616474522484673
1710778145.0437112,0.6350236468844943
1710778145.0438242,0.6087502506044176
1710778145.0439374,0.583527750439114
1710778145.0440507,0.5576045645607842
1710778145.044164,0.5323820975091722
1710778145.044277,0.5064589447445339
1710778145.0443902,0.47913455300860935
1710778145.0445035,0.4511095749007331
1710778145.0446167,0.4216832915941874
1710778145.04473,0.3922570414013333
1710778145.044843,0.3635314106941223
1710778145.0449562,0.3355063994725545
1710778145.0450695,0.30783169799380833
1710778145.0451827,0.28120795885721844
1710778145.0452957,0.25493451290660435
1710778145.045409,0.22831075721316868
1710778145.0455222,0.1999354362487793
1710778145.0456355,0.1715601152843899
1710778145.0457485,0.14213386509153578
1710778145.0458617,0.11165666083494821
1710778145.045975,0.0801285273498959
1710778145.0460882,0.04895071188608805
1710778145.0462012,0.01882382772035069
1710778145.0463145,-0.010950599486629168
1710778145.0464277,-0.041071590450074934
1710778145.046541,-0.07084233065446217
1710778145.0466542,-0.1006130791372723
1710778145.0467672,-0.13108431465095943
1710778145.0468805,-0.1626062724325392
1710778145.0469937,-0.19517898559570312
1710778145.047107,-0.22705119517114428
1710778145.04722,-0.2592736482620239
1710778145.0473332,-0.2914960847960578
1710778145.0474465,-0.3209166063202752
1710778145.0475597,-0.35033709473080105
1710778145.0476727,-0.37870685259501136
1710778145.047786,-0.4070766435729133
1710778145.0478992,-0.4343956708908081
1710778145.0480125,-0.4638161924150255
1710778145.0481257,-0.49323668082555133
1710778145.0482388,-0.5233576562669542
1710778145.048352,-0.5545293953683641
1710778145.0484653,-0.584650370809767
1710778145.0485785,-0.6147713793648614
1710778145.0486915,-0.6441919008890787
1710778145.0488048,-0.6725616587532891
1710778145.048918,-0.7005811399883694
1710778145.0490313,-0.7275499900182089
1710778145.0491443,-0.7545187738206651
1710778145.0492575,-0.7821880446539985
1710778145.0493708,-0.8098573154873318
1710778145.049484,-0.8371763759189181
1710778145.0495973,-0.8637948830922444
1710778145.0497103,-0.8904134564929538
1710778145.0498235,-0.9145802921719021
1710778145.0499368,-0.9369958771599664
1710778145.05005,-0.9590612517462836
1710778145.050163,-0.9783246782090929
1710778145.0502763,-0.9993393553627862
1710778145.0503895,-1.0196534792582195
1710778145.0505028,-1.0403178797827826
1710778145.0506158,-1.061682767338223
1710778145.050729,-1.0826974444919162
1710778145.0508423,-1.1054633061091106
1710778145.0509555,-1.1254272196027968
1710778145.0510685,-1.14609162012736
1710778145.0511818,-1.1643042829301622
1710778145.051295,-1.1828672885894775
1710778145.0514083,-1.1986282136705186
1710778145.0515215,-1.2150896920098198
1710778145.0516346,-1.231551170349121
1710778145.0517478,-1.2476624382866752
1710778145.051861,-1.2627229425642226
1710778145.0519743,-1.2784838676452637
1710778145.0520873,-1.2931941615210638
1710778145.0522006,-1.30580292807685
1710778145.0523138,-1.317711141374376
1710778145.052427,-1.3264673286014133
1710778145.05254,-1.3345229625701904
1710778145.0526533,-1.3404770692189534
1710778145.0527666,-1.3478321499294705
1710778145.0528798,-1.3541365994347465
1710778145.052993,-1.3611414697435167
1710778145.053106,-1.3688468933105469
1710778145.0532193,-1.3758517636193168
1710778145.0533326,-1.383206844329834
1710778145.0534458,-1.3898615042368572
1710778145.0535588,-1.3954654004838731
1710778145.053672,-1.398967769410875
1710778145.0537853,-1.4024702707926433
1710778145.0538986,-1.4049220085144043
1710778145.0540116,-1.4073737462361653
1710778145.0541248,-1.4094751411014133
1710778145.054238,-1.4122770892249212
1710778145.0543513,-1.4150790373484294
1710778145.0544643,-1.4171805646684434
1710778145.0545776,-1.4189317491319444
1710778145.0546908,-1.4192819595336914
1710778145.054804,-1.4178809854719374
1710778145.0549173,-1.4150790373484294
1710778145.0550303,-1.4105259047614203
1710778145.0551436,-1.4049220085144043
1710778145.0552568,-1.3993181122673881
1710778145.05537,-1.3930136627621121
1710778145.055483,-1.387059556113349
1710778145.0555964,-1.38180587026808
1710778145.0557096,-1.3755014207628038
1710778145.0558228,-1.3688468933105469
1710778145.0559359,-1.3611414697435167
1710778145.056049,-1.3513346513112385
1710778145.0561624,-1.3394263055589464
1710778145.0562756,-1.3275180922614203
1710778145.0563889,-1.314208772447374
1710778145.0565019,-1.301950216293335
1710778145.056615,-1.2886408964792888
1710778145.0567284,-1.2760321299235027
1710778145.0568416,-1.2630731529659696
1710778145.0569546,-1.2504643864101834
1710778145.0570679,-1.2364546457926433
1710778145.0571811,-1.220693588256836
1710778145.0572944,-1.2035316891140408
1710778145.0574074,-1.1853188938564725
1710778145.0575206,-1.1643042829301622
1710778145.0576339,-1.1436398824055989
1710778145.0577471,-1.1222750610775418
1710778145.0578604,-1.1012603839238484
1710778145.0579734,-1.080595983399285
1710778145.0580866,-1.060281793276469
1710778145.0582,-1.0396173927519057
1710778145.0583131,-1.0182525051964653
1710778145.0584261,-0.9961871306101481
1710778145.0585394,-0.9727207819620768
1710778145.0586526,-0.9482037358813815
1710778145.058766,-0.9226359261406792
1710778145.058879,-0.8988193008634779
1710778145.0589921,-0.8739519781536526
1710778145.0591054,-0.8494348658455743
1710778145.0592186,-0.825968517197503
1710778145.0593317,-0.8042534192403157
1710778145.059445,-0.7804367939631144
1710778145.0595582,-0.7562699582841661
1710778145.0596714,-0.7314026355743408
1710778145.0597847,-0.7051343388027614
1710778145.0598977,-0.6781655550003052
1710778145.060011,-0.6494455205069648
1710778145.0601242,-0.6210757626427544
1710778145.0602374,-0.5927060047785441
1710778145.0603504,-0.5653869443469577
1710778145.0604637,-0.5377176735136244
1710778145.060577,-0.5110991332266066
1710778145.0606902,-0.4841303163104587
1710778145.0608032,-0.45576055844624835
1710778145.0609164,-0.42739080058203804
1710778145.0610297,-0.3979702790578206
1710778145.061143,-0.36784930361641777
1710778145.0612562,-0.33702780803044635
1710778145.0613692,-0.306556589073605
1710778145.0614824,-0.27713608410623336
1710778145.0615957,-0.24771559569570753
1710778145.061709,-0.22004630830552843
1710778145.061822,-0.1920267773999108
1710778145.0619352,-0.1643575065665775
1710778145.0620484,-0.13668821917639837
1710778145.0621617,-0.10726771420902675
1710778145.0622747,-0.07714673048920101
1710778145.062388,-0.04667549497551388
1710778145.0625012,-0.01550377243094974
1710778145.0626144,0.014620076657997238
1710778145.0627277,0.04439664797650443
1710778145.0628407,0.07417322032981448
1710778145.062954,0.10254853301578097
1710778145.0630672,0.13092385398017034
1710778145.0631804,0.15929917494455972
1710778145.0632935,0.1897763709227244
1710778145.0634067,0.2195529474152459
1710778145.06352,0.2517816921075185
1710778145.0636332,0.28330981731414795
1710778145.0637462,0.31518826882044476
1710778145.0638595,0.3470667203267415
1710778145.0639727,0.37719359000523883
1710778145.064086,0.40591925382614136
1710778145.064199,0.4349951942761739
1710778145.0643122,0.46442144446902806
1710778145.0644255,0.49174583620495266
1710778145.0645387,0.5204714669121636
1710778145.064652,0.5491970976193746
1710778145.064765,0.5779227283265855
1710778145.0648782,0.606298049290975
1710778145.0649915,0.6353739897410074
1710778145.0651047,0.6616474522484673
1710778145.0652177,0.6872202290429009
1710778145.065331,0.7117421097225612
1710778145.0654442,0.7352130942874484
1710778145.0655575,0.7576330502827961
1710778145.0656705,0.7814543114768134
1710778145.0657837,0.8042246765560573
1710778145.065897,0.8276955948935615
1710778145.0660102,0.8518671327167087
1710778145.0661235,0.8742871549394395
1710778145.0662365,0.8977581395043267
1710778145.0663497,0.9201780954996744
1710778145.066463,0.9401459164089626
1710778145.0665762,0.9583622217178345
1710778145.0666893,0.9758778413136799
1710778145.0668025,0.9923424985673692
1710778145.0669158,1.0091574986775715
1710778145.067029,1.025622222158644
1710778145.067142,1.0427874988979764
1710778145.0672553,1.0589018795225356
1710778145.0673685,1.0736150211758084
1710778145.0674818,1.0900797446568806
1710778145.067595,1.1044425434536405
1710778145.067708,1.117754379908244
1710778145.0678213,1.130365663104587
1710778145.0679345,1.141225364473131
1710778145.0680478,1.153135961956448
1710778145.0681608,1.1653969022962782
1710778145.068274,1.1776578426361084
1710778145.0683873,1.1902691258324516
1710778145.0685005,1.2042816480000813
1710778145.0686135,1.2168929311964247
1710778145.0687268,1.2288035286797416
1710778145.06884,1.2393128871917725
1710778145.0689533,1.2480706638760037
1710778145.0690663,1.2557775444454617
1710778145.0691795,1.2631340821584065
1710778145.0692928,1.2676881419287787
1710778145.069406,1.272242334153917
1710778145.0695193,1.2771466043260362
1710778145.0696323,1.2827516926659477
1710778145.0697455,1.2866050667232938
1710778145.0698588,1.2918598122066922
1710778145.069972,1.295713186264038
1710778145.070085,1.2974647680918376
1710778145.0701983,1.2981654538048637
1710778145.0703115,1.2981654538048637
1710778145.0704248,1.2974647680918376
1710778145.0705378,1.2974647680918376
1710778145.070651,1.2971144252353244
1710778145.0707643,1.2974647680918376
1710778145.0708776,1.2981654538048637
1710778145.0709908,1.2981654538048637
1710778145.0711038,1.298866007063124
1710778145.071217,1.2971144252353244
1710778145.0713303,1.2953628434075248
1710778145.0714436,1.291159126493666
1710778145.0715566,1.2852038277520073
1710778145.0716698,1.2774969471825492
1710778145.071783,1.2708409627278645
1710778145.0718963,1.2631340821584065
1710778145.0720093,1.2543763054741752
1710778145.0721226,1.2470197677612305
1710778145.0722358,1.2393128871917725
1710778145.072349,1.229854424794515
1710778145.072462,1.2196954091389973
1710778145.0725753,1.2084853649139404
1710778145.0726886,1.195173528459337
1710778145.0728018,1.1808106634351943
1710778145.072915,1.1657472451527913
1710778145.073028,1.1506838268703885
1710778145.0731413,1.1349197228749592
1710778145.0732546,1.1195059617360432
1710778145.0733678,1.1054935057957966
1710778145.0734808,1.0893791251712375
1710778145.073594,1.0739653640323215
1710778145.0737073,1.0578509834077623
1710778145.0738206,1.0396346780988905
1710778145.0739336,1.0200172000461154
1710778145.0740469,1.0011003414789836
1710778145.07416,0.9793809387418959
1710778145.0742733,0.9597634606891208
1710778145.0743866,0.9397956397798326
1710778145.0744996,0.9194774760140313
1710778145.0746129,0.9005606174468994
1710778145.074726,0.8816437588797675
1710778145.0748394,0.8623765574561225
1710778145.0749524,0.8410074975755479
1710778145.0750656,0.8199887143241035
1710778145.0751789,0.7972184154722426
1710778145.075292,0.7726965347925822
1710778145.0754051,0.7478243112564087
1710778145.0755184,0.7233024305767483
1710778145.0756316,0.6987805498970879
1710778145.0757449,0.6756599081887139
1710778145.075858,0.652539332707723
1710778145.0759711,0.6287180715137057
1710778145.0760844,0.6052470869488186
1710778145.0761976,0.5810755491256714
1710778145.0763109,0.5558530489603678
1710778145.076424,0.5295795864529079
1710778145.0765371,0.5026055044598049
1710778145.0766504,0.4766823848088582
1710778145.0767636,0.45005861255857676
1710778145.0768766,0.42448580265045166
1710778145.07699,0.3992633024851481
1710778145.0771031,0.3754420412911309
1710778145.0772164,0.35056985086864895
1710778145.0773294,0.32429642147488064
1710778145.0774426,0.29907388819588554
1710778145.077556,0.26964763800303143
1710778145.0776691,0.24092200729582045
1710778145.0777824,0.2114957571029663
1710778145.0778954,0.18031792508231267
1710778145.0780087,0.15019105540381536
1710778145.078122,0.12041447891129388
1710778145.0782351,0.09098822044001685
1710778145.0783482,0.06156196196873982
1710778145.0784614,0.032135705567068525
1710778145.0785747,0.003760386672284868
1710778145.078688,-0.02671158355143335
1710778145.078801,-0.05823354754183027
1710778145.0789142,-0.08835453954007891
1710778145.0790274,-0.11987650560008155
1710778145.0791407,-0.14999748931990728
1710778145.079254,-0.17941799428727892
1710778145.079367,-0.20743752519289652
1710778145.0794802,-0.23510679602622986
1710778145.0795934,-0.26137510935465497
1710778145.0797067,-0.2890443801879883
1710778145.0798197,-0.31671368413501316
1710778145.079933,-0.3450834419992235
1710778145.0800462,-0.37415368689431083
1710778145.0801594,-0.40427469544940525
1710778145.0802724,-0.4343956708908081
1710778145.0803857,-0.464866922961341
1710778145.080499,-0.4942874113718668
1710778145.0806122,-0.5230074127515157
1710778145.0807254,-0.5513772037294176
1710778145.0808384,-0.5783459875318739
1710778145.0809517,-0.6056650479634603
1710778145.081065,-0.6340348058276706
1710778145.0811782,-0.6624045636918809
1710778145.0812912,-0.6911245981852213
1710778145.0814044,-0.7184435923894247
1710778145.0815177,-0.7468133502536349
1710778145.081631,-0.7727314366234673
1710778145.081744,-0.7975987593332926
1710778145.0818572,-0.8217655950122409
1710778145.0819705,-0.8441812462276882
1710778145.0820837,-0.8655461337831285
1710778145.0821967,-0.8865607447094387
1710778145.08231,-0.908626119295756
1710778145.0824232,-0.9299910068511963
1710778145.0825365,-0.9513558944066365
1710778145.0826497,-0.9737715456220839
1710778145.0827627,-0.9951364331775241
1710778145.082876,-1.0158008337020874
1710778145.0829892,-1.0350642601648967
1710778145.0831025,-1.0529267125659518
1710778145.0832155,-1.07008867793613
1710778145.0833287,-1.0858496030171711
1710778145.083442,-1.1026613579856024
1710778145.0835552,-1.1194731129540336
1710778145.0836682,-1.136284801695082
1710778145.0837815,-1.154147254096137
1710778145.0838947,-1.1720097064971924
1710778145.084008,-1.1891716056399875
1710778145.0841212,-1.2063336372375488
1710778145.0842342,-1.221043798658583
1710778145.0843475,-1.235053671730889
1710778145.0844607,-1.2483628590901692
1710778145.084574,-1.2602712048424614
1710778145.084687,-1.2725297609965007
1710778145.0848002,-1.2851385275522869
1710778145.0849135,-1.2980975045098198
1710778145.0850267,-1.3100058502621121
1710778145.0851398,-1.3222644064161513
1710778145.085253,-1.3345229625701904
1710778145.0853662,-1.3436292277442083
1710778145.0854795,-1.3520350721147325
1710778145.0855927,-1.3600907060835097
1710778145.0857058,-1.3653443919287787
1710778145.085819,-1.3705980777740479
1710778145.0859323,-1.3758517636193168
1710778145.0860455,-1.381455659866333
1710778145.0861585,-1.387059556113349
1710778145.0862718,-1.3930136627621121
1710778145.086385,-1.398967769410875
1710778145.0864983,-1.4031708240509033
1710778145.0866113,-1.4059727721744113
1710778145.0867245,-1.4080741670396593
1710778145.0868378,-1.4080741670396593
1710778145.086951,-1.4066731929779053
1710778145.087064,-1.4042214552561443
1710778145.0871773,-1.4007190863291423
1710778145.0872905,-1.398267348607381
1710778145.0874038,-1.3954654004838731
1710778145.087517,-1.3930136627621121
1710778145.08763,-1.38881074057685
1710778145.0877433,-1.385658582051595
1710778145.0878565,-1.379003922144572
1710778145.0879698,-1.3719990518358018
1710778145.0880828,-1.3632429970635307
1710778145.088196,-1.3530858357747395
1710778145.0883093,-1.3436292277442083
1710778145.0884225,-1.3338224093119304
1710778145.0885355,-1.3250663545396593
1710778145.0886488,-1.316660510169135
1710778145.088762,-1.307203902138604
1710778145.0888753,-1.29879805776808
1710778145.0889885,-1.2889912393358018
1710778145.0891016,-1.2774331039852567
1710778145.0892148,-1.2644741270277235
1710778145.089328,-1.2494136227501762
1710778145.0894413,-1.234353118472629
1710778145.0895543,-1.218592193391588
1710778145.0896676,-1.2017803721957736
1710778145.0897808,-1.1860194471147325
1710778145.089894,-1.1688574155171711
1710778145.090007,-1.153446700837877
1710778145.0901203,-1.136985222498576
1710778145.0902336,-1.1170213752322726
1710778145.0903468,-1.0977579487694633
1710778145.0904598,-1.07674327161577
1710778145.090573,-1.0543276866277058
1710778145.0906863,-1.0308613379796345
1710778145.0907996,-1.0073949893315632
1710778145.0909128,-0.983928640683492
1710778145.0910258,-0.9615129894680446
1710778145.091139,-0.9401481019126045
1710778145.0912523,-0.9173822402954102
1710778145.0913656,-0.8960173527399699
1710778145.0914786,-0.8725510040918986
1710778145.0915918,-0.8490846554438273
1710778145.091705,-0.824567543135749
1710778145.0918183,-0.7986495229932997
1710778145.0919313,-0.7734319236543443
1710778145.0920446,-0.748214324315389
1710778145.0921578,-0.7219460275438097
1710778145.092271,-0.6977791918648614
1710778145.0923843,-0.6739626328150431
1710778145.0924973,-0.6497957971360948
1710778145.0926106,-0.6245781977971395
1710778145.0927238,-0.5993605984581841
1710778145.092837,-0.5723918146557277
1710778145.09295,-0.5443723003069559
1710778145.0930634,-0.5149518118964301
1710778145.0931766,-0.4855313234859043
1710778145.0932899,-0.45541031493080986
1710778145.0934029,-0.425989826520284
1710778145.093516,-0.3969195485115051
1710778145.0936294,-0.36784930361641777
1710778145.0937426,-0.3391293022367689
1710778145.0938559,-0.31005902422799003
1710778145.0939689,-0.2788873182402717
1710778145.094082,-0.24736533562342325
1710778145.0941954,-0.2154931260479821
1710778145.0943086,-0.18292042944166395
1710778145.0944216,-0.1506979763507843
1710778145.0945349,-0.11812527974446614
1710778145.0946481,-0.0876540525092019
1710778145.0947614,-0.057182816995514765
1710778145.0948744,-0.027061827066871855
1710778145.0949876,0.0020088237296375963
1710778145.0951009,0.032135705567068525
1710778145.0952141,0.06261290361483891
1710778145.0953271,0.09519197046756744
1710778145.0954404,0.12742073171668583
1710778145.0955536,0.16035012072987026
1710778145.095667,0.19257886542214286
1710778145.0957801,0.22480762667126125
1710778145.0958931,0.25668607817755806
1710778145.0960064,0.28716325759887695
1710778145.0961196,0.31658954090542263
1710778145.096233,0.34566548135545516
1710778145.096346,0.3757923510339525
1710778145.0964592,0.40486829148398507
1710778145.0965724,0.4349951942761739
1710778145.0966856,0.4654723736974928
1710778145.0967987,0.4952489336331685
1710778145.096912,0.5250255266825358
1710778145.0970252,0.552700228161282
1710778145.0971384,0.579323967297872
1710778145.0972517,0.6052470869488186
1710778145.0973647,0.6311702065997653
1710778145.097478,0.6560424301359389
1710778145.0975912,0.6809145874447292
1710778145.0977044,0.7078886694378322
1710778145.0978174,0.7341621319452921
1710778145.0979307,0.7614864905675252
1710778145.098044,0.787759953074985
1710778145.0981572,0.8143836922115749
1710778145.0982702,0.8389055728912354
1710778145.0983834,0.8623765574561225
1710778145.0984967,0.8854971991644965
1710778145.09861,0.9061656395594279
1710778145.0987232,0.9275346994400024
1710778145.0988362,0.9478527969784206
1710778145.0989494,0.968521237373352
1710778145.0990627,0.9905909167395698
1710778145.099176,1.010208461019728
1710778145.099289,1.0308769014146593
1710778145.0994022,1.0501441028383043
1710778145.0995154,1.0680099990632799
1710778145.0996287,1.0844747225443523
1710778145.0997417,1.099187864197625
1710778145.099855,1.114251348707411
1710778145.0999682,1.1279135280185275
1710778145.1000814,1.1426266034444172
1710778145.1001945,1.1576900217268202
1710778145.1003077,1.1731037828657362
1710778145.100421,1.187466647889879
1710778145.1005342,1.2021797233157687
1710778145.1006474,1.2161922454833984
1710778145.1007605,1.2281028429667156
1710778145.1008737,1.2400135729047987
1710778145.100987,1.249822245703803
1710778145.1011002,1.2589303652445476
1710778145.1012132,1.2673379315270317
1710778145.1013265,1.2764460510677762
1710778145.1014397,1.2855541706085205
1710778145.101553,1.2953628434075248
1710778145.101666,1.3048213058047824
1710778145.1017792,1.3135792149437797
1710778145.1018925,1.3212860955132377
1710778145.1020057,1.3279419475131564
1710778145.102119,1.3314451111687553
1710778145.102232,1.3352984852261014
1710778145.1023452,1.337750752766927
1710778145.1024585,1.3391519917382133
1710778145.1025717,1.3405532307094998
1710778145.1026847,1.3426551553938124
1710778145.102798,1.3440563943650987
1710778145.1029112,1.3458079761928983
1710778145.1030245,1.3458079761928983
1710778145.1031375,1.345107290479872
1710778145.1032507,1.3433557086520724
1710778145.103364,1.3384513060251872
1710778145.1034772,1.3331966929965549
1710778145.1035905,1.3272413942548964
1710778145.1037035,1.3212860955132377
1710778145.1038167,1.3153306643168132
1710778145.10393,1.3097257084316678
1710778145.1040432,1.3041207525465224
1710778145.1041563,1.2974647680918376
1710778145.1042695,1.291159126493666
1710778145.1043828,1.2831019030676947
1710778145.104496,1.272942887412177
1710778145.104609,1.2620831860436332
1710778145.1047223,1.24877134958903
1710778145.1048355,1.2358097235361736
1710778145.1049488,1.2214469909667969
1710778145.1050618,1.2074344687991672
1710778145.105175,1.1937722894880507
1710778145.1052883,1.180110110176934
1710778145.1054015,1.165046559439765
1710778145.1055148,1.149632798300849
1710778145.1056278,1.1345693800184462
1710778145.105741,1.1170538266499836
1710778145.1058543,1.0984872447119818
1710778145.1059675,1.07992066277398
1710778145.1060805,1.0610038042068481
1710778145.1061938,1.0420868794123332
1710778145.106307,1.0238706403308444
1710778145.1064203,1.0060046778784857
1710778145.1065333,0.9884890582826402
1710778145.1066465,0.9709734386867946
1710778145.1067598,0.9520565801196628
1710778145.106873,0.9324390358395046
1710778145.1069863,0.9107196993298
1710778145.1070993,0.887599057621426
1710778145.1072125,0.8637777964274088
1710778145.1073258,0.8389055728912354
1710778145.107439,0.8140334155824449
1710778145.107552,0.7888109154171413
1710778145.1076653,0.764289034737481
1710778145.1077785,0.7401174306869507
1710778145.1078918,0.7159458928638034
1710778145.1080048,0.6910736693276299
1710778145.108118,0.6651505496766832
1710778145.1082313,0.6385268105400933
1710778145.1083446,0.6122533480326334
1710778145.1084576,0.5849289894104004
1710778145.1085708,0.5579549074172974
1710778145.108684,0.5320317546526591
1710778145.1087973,0.5071595642301772
1710778145.1089106,0.4819370640648736
1710778145.1090236,0.4577654931280348
1710778145.1091368,0.4339442319340176
1710778145.10925,0.40837142202589244
1710778145.1093633,0.38174768288930255
1710778145.1094763,0.35442329115337795
1710778145.1095896,0.32639827993181014
1710778145.1097028,0.29592110051049125
1710778145.109816,0.266144507461124
1710778145.109929,0.2360176377826267
1710778145.1100423,0.2058907515472836
1710778145.1101556,0.17646448479758367
1710778145.1102688,0.14668792486190796
1710778145.110382,0.11761197613345252
1710778145.110495,0.08713478015528785
1710778145.1106083,0.05595696055226856
1710778145.1107216,0.02442882913682196
1710778145.1108348,-0.008849135289589563
1710778145.1109478,-0.04212232099639045
1710778145.111061,-0.0739945305718316
1710778145.1111743,-0.10586674014727274
1710778145.1112876,-0.13598773214552137
1710778145.1114006,-0.16610872414377
1710778145.1115139,-0.19482874208026463
1710778145.111627,-0.22494971752166748
1710778145.1117404,-0.2543702224890391
1710778145.1118536,-0.2841409709718492
1710778145.1119666,-0.3156629204750061
1710778145.1120799,-0.3457839290301005
1710778145.112193,-0.3759049044715034
1710778145.1123064,-0.40567566951115924
1710778145.1124194,-0.4347459144062466
1710778145.1125326,-0.4613644546932644
1710778145.1126459,-0.48798302809397376
1710778145.112759,-0.5135508378346761
1710778145.1128721,-0.5394688910908169
1710778145.1129854,-0.5657372209760878
1710778145.1130986,-0.5927060047785441
1710778145.1132119,-0.6200249989827474
1710778145.1133249,-0.6469938490125868
1710778145.1134381,-0.6736123561859131
1710778145.1135514,-0.7002309295866225
1710778145.1136646,-0.7257987393273247
1710778145.1137779,-0.749265087975396
1710778145.113891,-0.7720309495925903
1710778145.1140041,-0.7944466008080376
1710778145.1141174,-0.8168621857961018
1710778145.1142306,-0.8399783240424262
1710778145.1143436,-0.8627441856596205
1710778145.114457,-0.8865607447094387
1710778145.1145701,-0.909326606326633
1710778145.1146834,-0.9327929549747043
1710778145.1147964,-0.9548583295610216
1710778145.1149096,-0.9751725196838379
1710778145.115023,-0.9940856695175171
1710778145.1151361,-1.0115979115168254
1710778145.1152494,-1.0291100872887504
1710778145.1153624,-1.0476730267206829
1710778145.1154757,-1.065535479121738
1710778145.115589,-1.0840984185536702
1710778145.1157022,-1.1026613579856024
1710778145.1158152,-1.1219247182210286
1710778145.1159284,-1.139787170622084
1710778145.1160417,-1.1565989918178983
1710778145.116155,-1.1727101273006864
1710778145.116268,-1.1870702107747395
1710778145.1163812,-1.2010799513922796
1710778145.1164944,-1.2140389283498128
1710778145.1166077,-1.2276984585656059
1710778145.116721,-1.2406575679779053
1710778145.116834,-1.2539667553371854
1710778145.1169472,-1.2672760751512315
1710778145.1170604,-1.2809356053670247
1710778145.1171737,-1.2924936082628038
1710778145.1172867,-1.302650769551595
1710778145.1174,-1.3114068243238661
1710778145.1175132,-1.318761905034383
1710778145.1176264,-1.3250663545396593
1710778145.1177394,-1.3303200403849285
1710778145.1178527,-1.3362741470336914
1710778145.117966,-1.3418780432807074
1710778145.1180792,-1.3481824927859836
1710778145.1181922,-1.3544868098364935
1710778145.1183054,-1.3611414697435167
1710778145.1184187,-1.366044945187039
1710778145.118532,-1.3705980777740479
1710778145.1186452,-1.3734000258975558
1710778145.1187582,-1.3755014207628038
1710778145.1188715,-1.3769023948245578
1710778145.1189847,-1.3776029480828178
1710778145.119098,-1.379003922144572
1710778145.119211,-1.380054685804579
1710778145.1193242,-1.3811053170098198
1710778145.1194375,-1.382156080669827
1710778145.1195507,-1.38180587026808
1710778145.1196637,-1.3811053170098198
1710778145.119777,-1.377252737681071
1710778145.1198902,-1.3726994726392958
1710778145.1200035,-1.366044945187039
1710778145.1201167,-1.3576389683617485
1710778145.1202297,-1.3488829135894775
1710778145.120343,-1.3390760951571994
1710778145.1204562,-1.3296194871266682
1710778145.1205695,-1.3212136427561443
1710778145.1206825,-1.3117570347256131
1710778145.1207957,-1.302300426695082
1710778145.120909,-1.2917931874593098
1710778145.1210222,-1.2798848417070177
1710778145.1211352,-1.2669258647494845
1710778145.1212485,-1.2525657812754314
1710778145.1213617,-1.237505276997884
1710778145.121475,-1.224196089638604
1710778145.1215882,-1.2101862165662978
1710778145.1217012,-1.1972272396087646
1710778145.1218145,-1.1846184730529785
1710778145.1219277,-1.1720097064971924
1710778145.122041,-1.1587003866831462
1710778145.122154,-1.1443404356638591
1710778145.1222672,-1.1292799313863118
1710778145.1223805,-1.1124682426452637
1710778145.1224937,-1.0939052369859483
1710778145.1226068,-1.074641810523139
1710778145.12272,-1.0557286606894598
1710778145.1228333,-1.0364652342266507
1710778145.1229465,-1.0186027818255954
1710778145.1230595,-0.9996895657645332
1710778145.1231728,-0.981476902961731
1710778145.123286,-0.9618632660971748
1710778145.1233993,-0.9425998396343654
1710778145.1235125,-0.9215851624806721
1710778145.1236255,-0.899870064523485
1710778145.1237388,-0.8771042029062907
1710778145.123852,-0.8539880646599664
1710778145.1239653,-0.8312222030427721
1710778145.1240783,-0.8091568284564548
1710778145.1241915,-0.7867411772410074
1710778145.1243048,-0.7643255922529433
1710778145.124418,-0.742610428068373
1710778145.124531,-0.7194943560494317
1710778145.1246443,-0.6946270333396064
1710778145.1247575,-0.669059223598904
1710778145.1248708,-0.6410396761364406
1710778145.124984,-0.6126699182722304
1710778145.125097,-0.583599673377143
1710778145.1252103,-0.5545293953683641
1710778145.1253235,-0.5268600914213393
1710778145.1254368,-0.4991908205880059
1710778145.1255498,-0.4718717932701111
1710778145.125663,-0.44560349649853176
1710778145.1257763,-0.4179341925515069
1710778145.1258895,-0.3895644346872965
1710778145.1260026,-0.3608444333076477
1710778145.1261158,-0.33177415529886883
1710778145.126229,-0.3016531798574659
1710778145.1263423,-0.27223267489009434
1710778145.1264553,-0.2421116828918457
1710778145.1265686,-0.2130414214399126
1710778145.1266818,-0.18432142006026372
1710778145.126795,-0.15560140212376913
1710778145.1269083,-0.1275818712181515
1710778145.1270213,-0.09676039218902588
1710778145.1271346,-0.06593891729911168
1710778145.1272478,-0.03441695123910904
1710778145.127361,-0.0007935216934937569
1710778145.127474,0.03248601944910155
1710778145.1275873,0.06541540225346883
1710778145.1277006,0.0979944732454088
1710778145.1278138,0.12917229698763952
1710778145.1279268,0.15929917494455972
1710778145.12804,0.18942606117990282
1710778145.1281533,0.21815169188711378
1710778145.1282666,0.24722763233714634
1710778145.1283798,0.27665389908684623
1710778145.1284928,0.3060801492797004
1710778145.128606,0.3365573618147108
1710778145.1287193,0.36598361200756496
1710778145.1288326,0.3950595524575975
1710778145.1289456,0.4223839441935221
1710778145.1290588,0.4493579930729336
1710778145.129172,0.47528114583757186
1710778145.1292853,0.500853955745697
1710778145.1293983,0.5260764559110006
1710778145.1295116,0.5519995755619472
1710778145.1296248,0.5775723854700724
1710778145.129738,0.6041961908340454
1710778145.1298513,0.6315205494562784
1710778145.1299644,0.6570933924780952
1710778145.1300776,0.6833667887581719
1710778145.1301908,0.7089396317799886
1710778145.130304,0.7324105501174927
1710778145.130417,0.7548305723402235
1710778145.1305304,0.7769002517064412
1710778145.1306436,0.8000208934148152
1710778145.1307569,0.8227911922666762
1710778145.1308699,0.8455615573459201
1710778145.130983,0.8693828185399373
1710778145.1310964,0.8932040797339545
1710778145.1312096,0.9170252747005886
1710778145.1313226,0.9387446774376763
1710778145.1314359,0.960814356803894
1710778145.1315491,0.9800815582275391
1710778145.1316624,1.0000493791368272
1710778145.1317756,1.0175649987326727
1710778145.1318886,1.0364819235271878
1710778145.1320019,1.0546981626086764
1710778145.1321151,1.0729144016901653
1710778145.1322284,1.091480983628167
1710778145.1323414,1.1096972227096558
1710778145.1324546,1.1279135280185275
1710778145.132568,1.1450787385304768
1710778145.1326811,1.1594416035546196
1710778145.1327941,1.1738044685787625
1710778145.1329074,1.187466647889879
1710778145.1330206,1.1993772453731961
1710778145.133134,1.2126890818277996
1710778145.1332471,1.2253003650241427
1710778145.1333601,1.2382619910769992
1710778145.1334734,1.252274513244629
1710778145.1335866,1.265236006842719
1710778145.1337,1.2774969471825492
1710778145.133813,1.2887069914076064
1710778145.1339262,1.298866007063124
1710778145.1340394,1.3058723343743217
1710778145.1341527,1.3125281863742404
1710778145.1342657,1.3174325890011258
1710778145.134379,1.3226873344845242
1710778145.1344922,1.3275916046566434
1710778145.1346054,1.3317954540252686
1710778145.1347187,1.3359991709391277
1710778145.1348317,1.3395023345947266
1710778145.134945,1.3426551553938124
1710778145.1350582,1.3437060515085857
1710778145.1351714,1.3437060515085857
1710778145.1352844,1.3430053657955594
1710778145.1353977,1.3402028878529866
1710778145.135511,1.3384513060251872
1710778145.1356242,1.337400409910414
1710778145.1357372,1.3352984852261014
1710778145.1358504,1.3331966929965549
1710778145.1359637,1.3324960072835286
1710778145.136077,1.3307444254557292
1710778145.13619,1.3279419475131564
1710778145.1363032,1.3247891267140706
1710778145.1364164,1.318833827972412
1710778145.1365297,1.311126947402954
1710778145.136643,1.302719513575236
1710778145.136756,1.2932610511779785
1710778145.1368692,1.2824013498094347
1710778145.1369824,1.2715416484408908
1710778145.1370957,1.2613826327853732
1710778145.1372087,1.2505229314168294
1710778145.137322,1.2386122014787462
1710778145.1374352,1.226351261138916
1710778145.1375484,1.2119885285695393
1710778145.1376615,1.1965747674306233
1710778145.1377747,1.179759767320421
1710778145.137888,1.1622440814971924
1710778145.1380012,1.1447285281287298
1710778145.1381145,1.1279135280185275
1710778145.1382275,1.1117990811665852
1710778145.1383407,1.095684700542026
1710778145.138454,1.0809716251161363
1710778145.1385672,1.0652075211207073
1710778145.1386802,1.0494434833526611
1710778145.1387935,1.0319278637568157
1710778145.1389067,1.0144121779335868
1710778145.13902,0.995145042737325
1710778145.139133,0.9751772218280368
1710778145.1392462,0.9555596775478786
1710778145.1393595,0.9348912371529473
1710778145.1394727,0.9159743785858154
1710778145.139586,0.8970575200186836
1710778145.139699,0.8774399757385254
1710778145.1398122,0.856771535343594
1710778145.1399255,0.8364534378051758
1710778145.1400387,0.8129824532402886
1710778145.1401517,0.7888109154171413
1710778145.140265,0.7632380723953247
1710778145.1403782,0.7362639904022217
1710778145.1404915,0.7099905941221449
1710778145.1406045,0.6830165121290419
1710778145.1407177,0.656743049621582
1710778145.140831,0.6301193104849921
1710778145.1409442,0.6041961908340454
1710778145.1410573,0.5775723854700724
1710778145.1411705,0.5498977171050178
1710778145.1412838,0.5222230156262716
1710778145.141397,0.4924464556905958
1710778145.1415102,0.462319552898407
1710778145.1416233,0.43219268321990967
1710778145.1417365,0.40206581354141235
1710778145.1418498,0.3726395302348667
1710778145.141963,0.3435635897848341
1710778145.142076,0.31483795907762313
1710778145.1421893,0.2868129478560554
1710778145.1423025,0.2577370074060228
1710778145.1424158,0.2276101377275255
1710778145.1425288,0.19713294174936083
1710778145.142642,0.16455387075742087
1710778145.1427553,0.13232510950830248
1710778145.1428685,0.09939572049511804
1710778145.1429818,0.06576571613550186
1710778145.1430948,0.03318664514356189
1710778145.143208,0.002359136318167051
1710778145.1433213,-0.029163290229108598
1710778145.1434345,-0.05998476925823423
1710778145.1435475,-0.09080624414814843
1710778145.1436608,-0.12302869723902808
1710778145.143774,-0.1549009150928921
1710778145.1438873,-0.18747361169921026
1710778145.1440003,-0.2196960647900899
1710778145.1441135,-0.2519185178809696
1710778145.1442268,-0.2830902404255337
1710778145.14434,-0.31321121586693657
1710778145.144453,-0.34193125036027694
1710778145.1445663,-0.3699507647090488
1710778145.1446795,-0.3976200355423821
1710778145.1447928,-0.425989826520284
1710778145.144906,-0.45435958438449436
1710778145.145019,-0.48342982927958167
1710778145.1451323,-0.5135508378346761
1710778145.1452456,-0.5433215697606405
1710778145.1453588,-0.5734425783157349
1710778145.1454718,-0.6025128232108222
1710778145.145585,-0.6298318836424086
1710778145.1456983,-0.6571508778466119
1710778145.1458116,-0.6830689642164443
1710778145.1459246,-0.7086367739571465
1710778145.1460378,-0.7349050707287258
1710778145.146151,-0.7608231570985582
1710778145.1462643,-0.7874416642718844
1710778145.1463776,-0.8144105143017238
1710778145.1464906,-0.8406788110733032
1710778145.1466038,-0.8662466208140055
1710778145.146717,-0.8897129694620768
1710778145.1468303,-0.9135295285118951
1710778145.1469433,-0.9341939290364583
1710778145.1470566,-0.9552086061901516
1710778145.1471698,-0.9758730067147149
1710778145.147283,-0.9961871306101481
1710778145.147396,-1.0168515311347113
1710778145.1475093,-1.0385666953192816
1710778145.1476226,-1.059931582874722
1710778145.1477358,-1.080946193801032
1710778145.147849,-1.1019608709547255
1710778145.147962,-1.1212242974175346
1710778145.1480753,-1.13908674981859
1710778145.1481886,-1.155898438559638
1710778145.1483018,-1.1727101273006864
1710778145.1484149,-1.1891716056399875
1710778145.148528,-1.2052828735775418
1710778145.1486413,-1.221744351916843
1710778145.1487546,-1.2382058302561443
1710778145.1488676,-1.2553677293989394
1710778145.1489809,-1.2714789973364935
1710778145.149094,-1.2861892912122939
1710778145.1492074,-1.299848821428087
1710778145.1493204,-1.3114068243238661
1710778145.1494336,-1.3212136427561443
1710778145.1495469,-1.3310204611884222
1710778145.14966,-1.3401268588172064
1710778145.1497734,-1.3485327031877306
1710778145.1498864,-1.3572887579600017
1710778145.1499996,-1.3656946023305256
1710778145.1501129,-1.3744507895575628
1710778145.150226,-1.38180587026808
1710778145.1503391,-1.388460530175103
1710778145.1504524,-1.3933638731638591
1710778145.1505656,-1.397566795349121
1710778145.1506789,-1.400368743472629
1710778145.150792,-1.401419507132636
1710778145.1509051,-1.4045717981126573
1710778145.1510184,-1.4056224293178983
1710778145.1511316,-1.4073737462361653
1710778145.1512449,-1.4098253515031602
1710778145.151358,-1.4112263255649142
1710778145.1514711,-1.4122770892249212
1710778145.1515844,-1.4115766684214275
1710778145.1516976,-1.4098253515031602
1710778145.1518106,-1.4049220085144043
1710778145.151924,-1.400018533070882
1710778145.1520371,-1.3923132419586182
1710778145.1521504,-1.385308371649848
1710778145.1522634,-1.3776029480828178
1710778145.1523767,-1.3702478673723009
1710778145.15249,-1.3628926542070177
1710778145.1526031,-1.3555375734965007
1710778145.1527164,-1.3471317291259766
1710778145.1528294,-1.3373249106936984
1710778145.1529427,-1.3264673286014133
1710778145.153056,-1.315259536107381
1710778145.1531692,-1.303000979953342
1710778145.1532822,-1.2889912393358018
1710778145.1533954,-1.2770828935835097
1710778145.1535087,-1.2644741270277235
1710778145.153622,-1.2522155708736844
1710778145.153735,-1.2406575679779053
1710778145.1538482,-1.2287492222256131
1710778145.1539614,-1.21579024526808
1710778145.1540747,-1.2010799513922796
1710778145.1541877,-1.1860194471147325
1710778145.154301,-1.1685072051154242
1710778145.1544142,-1.150294542312622
1710778145.1545274,-1.1306809054480658
1710778145.1546407,-1.1121178997887504
1710778145.1547537,-1.0928545395533245
1710778145.154867,-1.074641810523139
1710778145.1549802,-1.056429147720337
1710778145.1550934,-1.0382164186901517
1710778145.1552064,-1.0193032688564725
1710778145.1553197,-0.9996895657645332
1710778145.155433,-0.9786749548382229
1710778145.1555462,-0.9566095802519057
1710778145.1556592,-0.9338437186347114
1710778145.1557724,-0.9124788310792711
1710778145.1558857,-0.8897129694620768
1710778145.155999,-0.8679978052775065
1710778145.1561122,-0.8469831943511963
1710778145.1562252,-0.825968517197503
1710778145.1563385,-0.8053041166729397
1710778145.1564517,-0.7832387420866225
1710778145.156565,-0.7597723934385512
1710778145.156678,-0.7349050707287258
1710778145.1567912,-0.7082865635553995
1710778145.1569045,-0.6823684771855673
1710778145.1570177,-0.6550494167539809
1710778145.1571307,-0.6284309095806545
1710778145.157244,-0.6018123361799452
1710778145.1573572,-0.5748435523774889
1710778145.1574705,-0.548225012090471
1710778145.1575837,-0.5216064386897616
1710778145.1576967,-0.49323668082555133
1710778145.15781,-0.464866922961341
1710778145.1579232,-0.4350961579216851
1710778145.1580365,-0.4035742084185282
1710778145.1581495,-0.37240246931711835
1710778145.1582627,-0.34123076332939994
1710778145.158376,-0.310759511258867
1710778145.1584892,-0.2806385358174642
1710778145.1586022,-0.25086778733465404
1710778145.1587155,-0.22249801291359794
1710778145.1588287,-0.19272726443078783
1710778145.158942,-0.16365701953570047
1710778145.159055,-0.13318577574359045
1710778145.1591682,-0.10201405319902632
1710778145.1592815,-0.07084233065446217
1710778145.1593947,-0.04002085576454798
1710778145.159508,-0.009199378805028068
1710778145.159621,0.020575390921698675
1710778145.1597342,0.04860039800405502
1710778145.1598475,0.07732603285047743
1710778145.1599607,0.10500072605080074
1710778145.1600738,0.13337604701519012
1710778145.160187,0.16175135970115662
1710778145.1603003,0.1911776264508565
1710778145.1604135,0.22025356690088907
1710778145.1605265,0.25108107262187535
1710778145.1606398,0.28050733937157524
1710778145.160753,0.3099335895644294
1710778145.1608663,0.33865922027164036
1710778145.1609795,0.36598361200756496
1710778145.1610925,0.3919067316585117
1710778145.1612058,0.4174795415666368
1710778145.161319,0.4437530040740967
1710778145.1614323,0.470026433467865
1710778145.1615453,0.49665020571814644
1710778145.1616585,0.5236242545975579
1710778145.1617718,0.5498977171050178
1710778145.161885,0.5768717659844292
1710778145.161998,0.602444609006246
1710778145.1621113,0.6273167663150363
1710778145.1622245,0.6504374080234103
1710778145.1623378,0.6742586692174276
1710778145.1624508,0.6970289680692885
1710778145.162564,0.7201496097776625
1710778145.1626773,0.7432702514860365
1710778145.1627905,0.7674418555365669
1710778145.1629038,0.7926643557018703
1710778145.1630168,0.8171862363815308
1710778145.16313,0.8413577742046779
1710778145.1632433,0.8648287587695651
1710778145.1633565,0.8861978186501397
1710778145.1634696,0.906866259045071
1710778145.1635828,0.9264837370978461
1710778145.163696,0.9443496995502048
1710778145.1638093,0.9629162814882066
1710778145.1639223,0.9821834166844685
1710778145.1640356,0.9996991025076972
1710778145.1641488,1.0189662377039592
1710778145.164262,1.0378831624984741
1710778145.1643753,1.0550484392378066
1710778145.1644883,1.0715131627188788
1710778145.1646016,1.0872772004869249
1710778145.1647148,1.1016400655110676
1710778145.164828,1.114601559109158
1710778145.164941,1.1286140812767875
1710778145.1650543,1.1419260501861572
1710778145.1651676,1.156288782755534
1710778145.1652808,1.1710019906361897
1710778145.1653938,1.1857150660620794
1710778145.165507,1.1997275882297092
1710778145.1656203,1.2137401103973389
1710778145.1657336,1.226701603995429
1710778145.1658468,1.237561305363973
1710778145.1659598,1.2473701106177435
1710778145.166073,1.2554272015889485
1710778145.1661863,1.2634844250149198
1710778145.1662996,1.2708409627278645
1710778145.1664126,1.2781976328955755
1710778145.1665258,1.2859045134650335
1710778145.166639,1.2929107083214653
1710778145.1667523,1.2995666927761502
1710778145.1668653,1.3041207525465224
1710778145.1669786,1.3072735733456082
1710778145.1670918,1.3097257084316678
1710778145.167205,1.3093753655751545
1710778145.167318,1.3079741266038682
1710778145.1674314,1.306572887632582
1710778145.1675446,1.3051716486612956
1710778145.1676579,1.3037704096900091
1710778145.167771,1.302719513575236
1710778145.167884,1.3013182746039496
1710778145.1679974,1.299216349919637
1710778145.1681106,1.2964138719770644
1710778145.1682239,1.2922100226084392
1710778145.1683369,1.28730575243632
1710778145.16845,1.2813504536946614
1710778145.1685634,1.2743441263834636
1710778145.1686766,1.2673379315270317
1710778145.1687896,1.260681947072347
1710778145.1689029,1.2547266483306885
1710778145.1690161,1.2480706638760037
1710778145.1691294,1.2428160508473713
1710778145.1692426,1.2358097235361736
1710778145.1693556,1.2281028429667156
1710778145.1694689,1.2193450662824843
1710778145.1695821,1.2088357077704535
1710778145.1696954,1.1972753206888835
1710778145.1698084,1.18396348423428
1710778145.1699216,1.1713522010379367
1710778145.170035,1.1587410502963595
1710778145.1701481,1.1464801099565294
1710778145.1702611,1.1342191696166992
1710778145.1703744,1.1209072007073295
1710778145.1704876,1.1082959837383695
1710778145.170601,1.0942834615707397
1710778145.1707141,1.0792200432883368
1710778145.1708272,1.0627553198072646
1710778145.1709404,1.0452397002114189
1710778145.1710536,1.0270234611299303
1710778145.171167,1.0088072220484416
1710778145.17128,0.9909412595960829
1710778145.1713932,0.9744766023423936
1710778145.1715064,0.9566106398900349
1710778145.1716197,0.9394452969233195
1710778145.1717327,0.9215794006983439
1710778145.171846,0.9026624759038289
1710778145.1719592,0.8812934160232544
1710778145.1720724,0.8585231171713935
1710778145.1721854,0.8350521326065063
1710778145.1722987,0.8101799752977159
1710778145.172412,0.7860083712471856
1710778145.1725252,0.7621871100531684
1710778145.1726384,0.7380155722300211
1710778145.1727514,0.7148949305216471
1710778145.1728647,0.6907233926984999
1710778145.172978,0.6662015120188395
1710778145.1730912,0.640979011853536
1710778145.1732042,0.6157565116882324
1710778145.1733174,0.5877314673529731
1710778145.1734307,0.5600567658742269
1710778145.173544,0.5316814449098375
1710778145.173657,0.5043570862876045
1710778145.1737702,0.4770326945516798
1710778145.1738834,0.4507592651579115
1710778145.1739967,0.42378518316480845
1710778145.17411,0.3968111011717054
1710778145.174223,0.3694867425494724
1710778145.1743362,0.341111421585083
1710778145.1744494,0.3109845187928941
1710778145.1745627,0.28015702962875366
1710778145.1746757,0.24862888786527845
1710778145.174789,0.2174510724014706
1710778145.1749022,0.186273240380817
1710778145.1750154,0.15509542491700914
1710778145.1751285,0.1253188567029105
1710778145.1752417,0.09554228848881191
1710778145.175355,0.06576571613550186
1710778145.1754682,0.035989143782191806
1710778145.1755815,0.005161637026402685
1710778145.1756945,-0.025660850935512118
1710778145.1758077,-0.05683257348007626
1710778145.175921,-0.08835453954007891
1710778145.1760342,-0.11917601856920454
1710778145.1761472,-0.14929700228903028
1710778145.1762605,-0.1783672637409634
1710778145.1763737,-0.20708728167745802
1710778145.176487,-0.23300533493359882
1710778145.1766,-0.2610248658392164
1710778145.1767132,-0.2890443801879883
1710778145.1768265,-0.31741417116589016
1710778145.1769397,-0.346134172545539
1710778145.1770527,-0.3755546609560648
1710778145.177166,-0.40532542599572075
1710778145.1772792,-0.4343956708908081
1710778145.1773925,-0.4610142111778259
1710778145.1775057,-0.4890337586402893
1710778145.1776187,-0.5156522989273071
1710778145.177732,-0.541570352183448
1710778145.1778452,-0.5674884054395888
1710778145.1779585,-0.5941069788402981
1710778145.1780715,-0.6203752756118774
1710778145.1781847,-0.6490953101052178
1710778145.178298,-0.6764143043094211
1710778145.1784112,-0.7051343388027614
1710778145.1785243,-0.7321031226052178
1710778145.1786375,-0.7587216960059272
1710778145.1787508,-0.7835890187157525
1710778145.178864,-0.8074055777655708
1710778145.1789773,-0.831922690073649
1710778145.1790903,-0.8553890387217203
1710778145.1792035,-0.8781549003389146
1710778145.1793168,-0.9026720126469929
1710778145.17943,-0.9271890587276882
1710778145.179543,-0.9520563814375136
1710778145.1796563,-0.9765734937455919
1710778145.1797695,-1.0000398423936632
1710778145.1798828,-1.0221052169799805
1710778145.1799958,-1.0438203149371676
1710778145.180109,-1.064134505059984
1710778145.1802223,-1.0837481419245403
1710778145.1803355,-1.1033618450164795
1710778145.1804485,-1.1236760351392958
1710778145.1805618,-1.1446906460656059
1710778145.180675,-1.1646544933319092
1710778145.1807883,-1.1849686834547255
1710778145.1809015,-1.2049326631757948
1710778145.1810145,-1.223145325978597
1710778145.1811278,-1.2396068043178983
1710778145.181241,-1.2550175189971924
1710778145.1813543,-1.2683268388112385
1710778145.1814673,-1.2798848417070177
1710778145.1815805,-1.2917931874593098
1710778145.1816938,-1.303351190355089
1710778145.181807,-1.314909193250868
1710778145.18192,-1.3261171181996663
1710778145.1820333,-1.3376751210954454
1710778145.1821465,-1.3481824927859836
1710778145.1822598,-1.3572887579600017
1710778145.182373,-1.3653443919287787
1710778145.182486,-1.3716488414340549
1710778145.1825993,-1.3776029480828178
1710778145.1827126,-1.384257607989841
1710778145.1828258,-1.3895112938351102
1710778145.1829388,-1.3954654004838731
1710778145.183052,-1.401769717534383
1710778145.1831653,-1.4091249306996663
1710778145.1832786,-1.4157795906066895
1710778145.1833916,-1.4206829335954454
1710778145.1835048,-1.4245356453789604
1710778145.183618,-1.4269873831007216
1710778145.1837313,-1.4276878039042156
1710778145.1838446,-1.4259366194407146
1710778145.1839576,-1.4248858557807074
1710778145.1840708,-1.4217336972554524
1710778145.184184,-1.4192819595336914
1710778145.1842973,-1.4161298010084364
1710778145.1844103,-1.4133278528849285
1710778145.1845236,-1.4094751411014133
1710778145.1846368,-1.4042214552561443
1710778145.18475,-1.398267348607381
1710778145.184863,-1.390211714638604
1710778145.1849763,-1.380755106608073
1710778145.1850896,-1.3702478673723009
1710778145.1852028,-1.3590399424235027
1710778145.1853158,-1.3499336772494845
1710778145.185429,-1.3394263055589464
1710778145.1855423,-1.3299696975284152
1710778145.1856556,-1.3212136427561443
1710778145.1857688,-1.31210724512736
1710778145.1858819,-1.301600005891588
1710778145.185995,-1.2900418705410428
1710778145.1861084,-1.2774331039852567
1710778145.1862216,-1.2634233633677165
1710778145.1863346,-1.2487130694919162
1710778145.1864479,-1.233652565214369
1710778145.186561,-1.218241850535075
1710778145.1866744,-1.2035316891140408
1710778145.1867874,-1.1888213952382405
1710778145.1869006,-1.1737608909606934
1710778145.1870139,-1.1579999658796523
1710778145.187127,-1.141538487540351
1710778145.1872404,-1.1233256922827826
1710778145.1873534,-1.1030115683873494
1710778145.1874666,-1.0830476548936632
1710778145.1875799,-1.060281793276469
1710778145.187693,-1.0382164186901517
1710778145.1878061,-1.0161510441038344
1710778145.1879194,-0.9951364331775241
1710778145.1880326,-0.9727207819620768
1710778145.1881459,-0.9517061710357666
1710778145.188259,-0.9299910068511963
1710778145.1883721,-0.906174447801378
1710778145.1884854,-0.8820076121224297
1710778145.1885986,-0.8567900127834743
1710778145.188712,-0.8298212289810181
1710778145.188825,-0.8028524451785617
1710778145.1889381,-0.7765841484069824
1710778145.1890514,-0.749265087975396
1710778145.1891646,-0.7226465145746866
1710778145.1892776,-0.6963782178031074
1710778145.189391,-0.670109921031528
1710778145.1895041,-0.6431411372290717
1710778145.1896174,-0.6144211027357314
1710778145.1897304,-0.585701134469774
1710778145.1898437,-0.5552298823992411
1710778145.189957,-0.5240581432978312
1710778145.1900702,-0.49183570676379734
1710778145.1901832,-0.4613644546932644
1710778145.1902964,-0.430192748705546
1710778145.1904097,-0.40042198366589016
1710778145.190523,-0.3713517387708028
1710778145.1906362,-0.342631737391154
1710778145.1907492,-0.31391170289781356
1710778145.1908624,-0.2830902404255337
1710778145.1909757,-0.2522687613964081
1710778145.191089,-0.22144728236728245
1710778145.191202,-0.1902755598227183
1710778145.1913152,-0.15910383727815416
1710778145.1914284,-0.1275818712181515
1710778145.1915417,-0.09816137452920277
1710778145.1916547,-0.06909111307726966
1710778145.191768,-0.03967061224910948
1710778145.1918812,-0.010950599486629168
1710778145.1919944,0.01812320202589035
1710778145.1921077,0.04860039800405502
1710778145.1922207,0.07907758984300825
1710778145.192334,0.11165666083494821
1710778145.1924472,0.14248417483435735
1710778145.1925604,0.17471293608347574
1710778145.1926734,0.20448949601915148
1710778145.1927867,0.23461638225449455
1710778145.1929,0.2633420129617055
1710778145.1930132,0.2917173504829407
1710778145.1931262,0.3197423285908169
1710778145.1932395,0.3470667203267415
1710778145.1933527,0.3754420412911309
1710778145.193466,0.4038173622555203
1710778145.1935792,0.4332436124483744
1710778145.1936922,0.4619692431555854
1710778145.1938055,0.49069487386279637
1710778145.1939187,0.5169683363702562
1710778145.194032,0.5439423852496676
1710778145.194145,0.5688146087858412
1710778145.1942582,0.5936867660946316
1710778145.1943715,0.6185589896308051
1710778145.1944847,0.6434311469395956
1710778145.1945977,0.6690039899614122
1710778145.194711,0.6945768329832289
1710778145.1948242,0.7215508487489488
1710778145.1949375,0.7481746541129218
1710778145.1950505,0.7740977737638686
1710778145.1951637,0.8000208934148152
1710778145.195277,0.8238421546088325
1710778145.1953902,0.8476634158028497
1710778145.1955035,0.8704337146547105
1710778145.1956165,0.8932040797339545
1710778145.1957297,0.9163246552149454
1710778145.195843,0.9408465358946059
1710778145.1959562,0.964667797088623
1710778145.1960692,0.9881387816535102
1710778145.1961825,1.0112594233618841
1710778145.1962957,1.033329102728102
1710778145.196409,1.0536472002665203
1710778145.196522,1.0729144016901653
1710778145.1966352,1.0900797446568806
1710778145.1967485,1.1054935057957966
1710778145.1968617,1.1209072007073295
1710778145.196975,1.1359706189897325
1710778145.197088,1.1510341697269015
1710778145.1972013,1.1657472451527913
1710778145.1973145,1.180460320578681
1710778145.1974277,1.1941224998897977
1710778145.1975408,1.2077848116556804
1710778145.197654,1.2193450662824843
1710778145.1977673,1.2295040819380019
1710778145.1978805,1.2386122014787462
1710778145.1979935,1.2470197677612305
1710778145.1981068,1.2554272015889485
1710778145.19822,1.264185110727946
1710778145.1983333,1.2732932302686903
1710778145.1984463,1.2824013498094347
1710778145.1985595,1.2918598122066922
1710778145.1986728,1.3002672460344102
1710778145.198786,1.3072735733456082
1710778145.1988993,1.3121778435177274
1710778145.1990123,1.3160313500298393
1710778145.1991255,1.3184834851158989
1710778145.1992388,1.3191841708289251
1710778145.199352,1.3205854098002117
1710778145.199465,1.3205854098002117
1710778145.1995783,1.3216363059149847
1710778145.1996915,1.3226873344845242
1710778145.1998048,1.3230375448862712
1710778145.1999178,1.3226873344845242
1710778145.200031,1.321986648771498
1710778145.2001443,1.3195345136854384
1710778145.2002575,1.3160313500298393
1710778145.2003708,1.3114772902594671
1710778145.2004838,1.3072735733456082
1710778145.200597,1.3020188278622098
1710778145.2007103,1.2967642148335774
1710778145.2008235,1.2925603654649522
1710778145.2009366,1.28800630569458
1710778145.2010498,1.283452245924208
1710778145.201163,1.2781976328955755
1710778145.2012763,1.2708409627278645
1710778145.2013893,1.2624335289001465
1710778145.2015026,1.2515738275316026
1710778145.2016158,1.2396632300482855
1710778145.201729,1.226701603995429
1710778145.2018423,1.2144406636555989
1710778145.2019553,1.2018293804592557
1710778145.2020686,1.188167201148139
1710778145.2021818,1.1766069465213351
1710778145.202295,1.1629447672102187
1710778145.202408,1.1499831411573622
1710778145.2025213,1.1359706189897325
1710778145.2026346,1.1212575435638428
1710778145.2027478,1.1054935057957966
1710778145.2028608,1.087977819972568
1710778145.202974,1.0715131627188788
1710778145.2030873,1.0550484392378066
1710778145.2032006,1.0382334391276042
1710778145.2033136,1.0228196779886882
1710778145.2034268,1.0074059830771551
1710778145.20354,0.9909412595960829
1710778145.2036533,0.9744766023423936
1710778145.2037666,0.956960916519165
1710778145.2038796,0.9369930956098769
1710778145.2039928,0.9159743785858154
1710778145.204106,0.8932040797339545
1710778145.2042193,0.8697330951690674
1710778145.2043324,0.8469627963172065
1710778145.2044456,0.8238421546088325
1710778145.2045588,0.8014221323861016
1710778145.204672,0.7783014906777276
1710778145.204785,0.7551809151967366
1710778145.2048984,0.7320602734883627
1710778145.2050116,0.7064874304665459
1710778145.2051249,0.679863691329956
1710778145.205238,0.6518386469946967
1710778145.205351,0.6238136688868204
1710778145.2054644,0.5968395868937174
1710778145.2055776,0.5688146087858412
1710778145.2056909,0.5411399073070949
1710778145.2058039,0.5138155155711703
1710778145.2059171,0.4875420861774021
1710778145.2060304,0.4619692431555854
1710778145.2061436,0.4342945416768392
1710778145.2062566,0.4073204927974277
1710778145.2063699,0.37859486209021675
1710778145.2064831,0.348818302154541
1710778145.2065964,0.31939201884799534
1710778145.2067096,0.2899657686551412
1710778145.2068226,0.2612401379479302
1710778145.206936,0.23321512672636244
1710778145.2070491,0.20554044180446202
1710778145.2071624,0.17856637636820474
1710778145.2072754,0.15089167488945854
1710778145.2073886,0.12356729143195681
1710778145.207502,0.0941410329606798
1710778145.2076151,0.06436446474658118
1710778145.2077281,0.03423758265044954
1710778145.2078414,0.002709448906696505
1710778145.2079546,-0.02671158355143335
1710778145.208068,-0.055431595279110804
1710778145.208181,-0.08345112204551697
1710778145.2082942,-0.11077015764183468
1710778145.2084074,-0.1370384626918369
1710778145.2085207,-0.1629565159479777
1710778145.208634,-0.1899253163072798
1710778145.208747,-0.21654387315114337
1710778145.2088602,-0.2445633874999152
1710778145.2089734,-0.27328340543640983
1710778145.2090867,-0.30095269282658893
1710778145.2091997,-0.3286219636599223
1710778145.209313,-0.3566414780086941
1710778145.2094262,-0.38255956437852645
1710778145.2095394,-0.4088278611501058
1710778145.2096524,-0.4354464014371236
1710778145.2097657,-0.4624151852395799
1710778145.209879,-0.4900844891866048
1710778145.2099922,-0.5184542470508151
1710778145.2101054,-0.5485752556059096
1710778145.2102184,-0.5783459875318739
1710778145.2103317,-0.6074162324269613
1710778145.210445,-0.6368367539511787
1710778145.2105582,-0.6641557481553819
1710778145.2106712,-0.6900738345252143
1710778145.2107844,-0.7152914338641696
1710778145.2108977,-0.7394582695431179
1710778145.211011,-0.7632748285929362
1710778145.211124,-0.7870914538701375
1710778145.2112372,-0.8112582895490859
1710778145.2113504,-0.8364758888880411
1710778145.2114637,-0.8595919609069824
1710778145.211577,-0.8841090732150607
1710778145.21169,-0.906524658203125
1710778145.2118032,-0.9275393353568183
1710778145.2119164,-0.9482037358813815
1710778145.2120297,-0.9685178597768147
1710778145.2121427,-0.988481773270501
1710778145.212256,-1.0077451997333102
1710778145.2123692,-1.0291100872887504
1710778145.2124825,-1.0501247644424438
1710778145.2125955,-1.071489651997884
1710778145.2127087,-1.0935550265842013
1710778145.212822,-1.1149198479122586
1710778145.2129352,-1.133482853571574
1710778145.2130482,-1.152045726776123
1710778145.2131615,-1.1685072051154242
1710778145.2132747,-1.1835677093929715
1710778145.213388,-1.1982780032687717
1710778145.2135012,-1.2122877438863118
1710778145.2136142,-1.2269980377621121
1710778145.2137275,-1.2406575679779053
1710778145.2138407,-1.2550175189971924
1710778145.213954,-1.2672760751512315
1710778145.214067,-1.2798848417070177
1710778145.2141802,-1.2907424237993028
1710778145.2142935,-1.299848821428087
1710778145.2144067,-1.307554112540351
1710778145.2145197,-1.3138585620456271
1710778145.214633,-1.3205132219526503
1710778145.2147462,-1.3268175390031602
1710778145.2148595,-1.3334721989101834
1710778145.2149727,-1.3408272796207004
1710778145.2150857,-1.3478321499294705
1710778145.215199,-1.3541365994347465
1710778145.2153122,-1.3600907060835097
1710778145.2154255,-1.364643971125285
1710778145.2155385,-1.3674459192487929
1710778145.2156518,-1.3695473141140408
1710778145.215765,-1.3702478673723009
1710778145.2158782,-1.3705980777740479
1710778145.2159913,-1.3712984985775418
1710778145.2161045,-1.3719990518358018
1710778145.2162178,-1.3730498154958088
1710778145.216331,-1.3737502362993028
1710778145.216444,-1.3737502362993028
1710778145.2165573,-1.3730498154958088
1710778145.2166705,-1.3702478673723009
1710778145.2167838,-1.3663951555887859
1710778145.216897,-1.3607912593417697
1710778145.21701,-1.3548370202382405
1710778145.2171233,-1.3478321499294705
1710778145.2172365,-1.3415278328789604
1710778145.2173498,-1.3355735937754314
1710778145.2174628,-1.3303200403849285
1710778145.217576,-1.3247161441379123
1710778145.2176893,-1.318761905034383
1710778145.2178025,-1.3117570347256131
1710778145.2179155,-1.303351190355089
1710778145.2180288,-1.2945951355828178
1710778145.218142,-1.2840877638922796
1710778145.2182553,-1.2732301817999945
1710778145.2183685,-1.2623725997077093
1710778145.2184815,-1.2511648072136772
1710778145.2185948,-1.2399570147196453
1710778145.218708,-1.2287492222256131
1710778145.2188213,-1.218241850535075
1710778145.2189343,-1.2056330839792888
1710778145.2190475,-1.1926741070217557
1710778145.2191608,-1.1769130494859483
1710778145.219274,-1.1604515711466472
1710778145.219387,-1.1425891187455919
1710778145.2195003,-1.1229754818810356
1710778145.2196136,-1.1040623320473564
1710778145.2197268,-1.0844486289554172
1710778145.21984,-1.065535479121738
1710778145.219953,-1.0483735137515597
1710778145.2200663,-1.0294603639178805
1710778145.2201796,-1.0105471478568182
1710778145.2202928,-0.990583234363132
1710778145.2204058,-0.9692183468076918
1710778145.220519,-0.9471529722213745
1710778145.2206323,-0.9236866235733032
1710778145.2207456,-0.9005705515543619
1710778145.2208586,-0.8760534392462836
1710778145.2209718,-0.8532875776290894
1710778145.221085,-0.829470952351888
1710778145.2211983,-0.8063548803329468
1710778145.2213113,-0.7832387420866225
1710778145.2214246,-0.7583714193767971
1710778145.2215378,-0.7328036096360948
1710778145.221651,-0.7047840621736314
1710778145.2217643,-0.6760640939076742
1710778145.2218773,-0.6466435723834567
1710778145.2219906,-0.6172230508592393
1710778145.2221038,-0.587452318933275
1710778145.222217,-0.5583820740381876
1710778145.22233,-0.5307128032048544
1710778145.2224433,-0.5023430122269524
1710778145.2225566,-0.47397325436274207
1710778145.2226698,-0.44595374001397026
1710778145.2227829,-0.4168834620051914
1710778145.222896,-0.38641224304835
1710778145.2230093,-0.3559409909778171
1710778145.2231226,-0.3251195285055372
1710778145.2232358,-0.2935975458886888
1710778145.2233489,-0.26382681396272445
1710778145.223462,-0.23440630899535284
1710778145.2235754,-0.2060365511311425
1710778145.2236886,-0.1780170202255249
1710778145.2238016,-0.14964724580446878
1710778145.2239149,-0.12127747966183557
1710778145.224028,-0.09255747000376384
1710778145.2241414,-0.06348720855183071
1710778145.2242544,-0.033015975107749305
1710778145.2243676,-0.002894986213909255
1710778145.2244809,0.027231329845057592
1710778145.224594,0.05700790219836765
1710778145.2247074,0.08538322316275702
1710778145.2248204,0.11445916361278957
1710778145.2249336,0.14143322904904684
1710778145.2250469,0.1698085500134362
1710778145.2251601,0.19888449046346876
1710778145.2252731,0.22866106695599026
1710778145.2253864,0.25913826293415493
1710778145.2254996,0.2906663881407844
1710778145.2256129,0.321844220161438
1710778145.225726,0.3519710898399353
1710778145.2258391,0.38209799263212413
1710778145.2259524,0.4104733135965135
1710778145.2260656,0.4384983248180813
1710778145.2261786,0.466172993183136
1710778145.226292,0.4934973849190606
1710778145.2264051,0.5215223961406283
1710778145.2265184,0.5495474073621962
1710778145.2266316,0.5789736244413588
1710778145.2267447,0.6080496311187744
1710778145.226858,0.637125571568807
1710778145.2269711,0.6651505496766832
1710778145.2270844,0.6931755940119425
1710778145.2271974,0.7197993331485324
1710778145.2273107,0.745372109942966
1710778145.227424,0.7716455724504259
1710778145.2275372,0.7961674531300862
1710778145.2276502,0.8224409156375461
1710778145.2277634,0.8483640352884928
1710778145.2278767,0.8749877744250827
1710778145.22799,0.8998599979612563
1710778145.2281032,0.9254327747556899
1710778145.2282162,0.9482031398349338
1710778145.2283294,0.9706231620576646
1710778145.2284427,0.9902406401104397
1710778145.228556,1.0091574986775715
1710778145.228669,1.0270234611299303
1710778145.2287822,1.0445390807257757
1710778145.2288954,1.0620547003216214
1710778145.2290087,1.08027093940311
1710778145.2291217,1.0974362823698256
1710778145.229235,1.1160027980804443
1710778145.2293482,1.13316814104716
1710778145.2294614,1.149282587899102
1710778145.2295747,1.165046559439765
1710778145.2296877,1.1790590816073947
1710778145.229801,1.1920207076602511
1710778145.2299142,1.2053325441148546
1710778145.2300274,1.218294170167711
1710778145.2301404,1.2316060066223145
1710778145.2302537,1.244567632675171
1710778145.230367,1.2578794691297743
1710778145.2304802,1.2708409627278645
1710778145.2305932,1.2820510069529216
1710778145.2307065,1.2918598122066922
1710778145.2308197,1.3002672460344102
1710778145.230933,1.3072735733456082
1710778145.231046,1.3114772902594671
1710778145.2311592,1.3149804539150662
1710778145.2312725,1.3191841708289251
1710778145.2313857,1.3226873344845242
1710778145.231499,1.3265407085418701
1710778145.231612,1.330043872197469
1710778145.2317252,1.333547035853068
1710778145.2318385,1.3366997241973877
1710778145.2319517,1.337400409910414
1710778145.2320647,1.337750752766927
1710778145.232178,1.3370500670539007
1710778145.2322912,1.3338972462548149
1710778145.2324045,1.3331966929965549
1710778145.2325175,1.3303942150539823
1710778145.2326307,1.3282922903696697
1710778145.232744,1.3268910513983831
1710778145.2328572,1.3254898124270968
1710778145.2329705,1.3233878877427843
1710778145.2330835,1.3212860955132377
1710778145.2331967,1.3160313500298393
1710778145.23331,1.3118276331159804
1710778145.2334232,1.3051716486612956
1710778145.2335362,1.2971144252353244
1710778145.2336495,1.2894075446658664
1710778145.2337627,1.2820510069529216
1710778145.233876,1.2743441263834636
1710778145.233989,1.2673379315270317
1710778145.2341022,1.260681947072347
1710778145.2342155,1.252274513244629
1710778145.2343287,1.2442172898186576
1710778145.2344418,1.2330072455936008
1710778145.234555,1.2217972013685439
1710778145.2346683,1.2070841259426541
1710778145.2347815,1.1927212609185112
1710778145.2348948,1.1773074997795951
1710778145.2350078,1.1611931853824191
1710778145.235121,1.145779424243503
1710778145.2352343,1.1293147669898138
1710778145.2353475,1.1132003201378715
1710778145.2354605,1.0977866252263386
1710778145.2355738,1.08027093940311
1710778145.235687,1.0613540808359783
1710778145.2358003,1.04103598329756
1710778145.2359133,1.0200172000461154
1710778145.2360265,0.9975971778233845
1710778145.2361398,0.9758778413136799
1710778145.236253,0.9538080957200792
1710778145.2363663,0.9317384163538615
1710778145.2364793,0.9093184603585137
1710778145.2365925,0.8868984381357828
1710778145.2367058,0.8637777964274088
1710778145.236819,0.8406571547190348
1710778145.236932,0.8147340350680881
1710778145.2370453,0.787759953074985
1710778145.2371585,0.7600852515962389
1710778145.2372718,0.7313596540027194
1710778145.2373848,0.7026339901818169
1710778145.237498,0.6746090120739406
1710778145.2376113,0.6479852067099677
1710778145.2377245,0.6213614675733778
1710778145.2378378,0.5957886907789443
1710778145.2379508,0.5695152282714844
1710778145.238064,0.5432417657640245
1710778145.2381773,0.516267716884613
1710778145.2382905,0.48789239592022365
1710778145.2384036,0.4588164554701911
1710778145.2385168,0.429740481906467
1710778145.23863,0.40136516094207764
1710778145.2387433,0.37298983997768825
1710778145.2388563,0.3453151716126336
1710778145.2389696,0.317990779876709
1710778145.2390828,0.29031607839796275
1710778145.239196,0.2622910837332408
1710778145.239309,0.23286481698354083
1710778145.2394223,0.20238762100537616
1710778145.2395356,0.17085949579874674
1710778145.2396488,0.13933135403527153
1710778145.239762,0.10675229132175446
1710778145.239875,0.07487383981545766
1710778145.2399883,0.0440463340944714
1710778145.2401016,0.014269764845569927
1710778145.2402148,-0.014803284365269873
1710778145.2403278,-0.04387354271279441
1710778145.240441,-0.07259355651007758
1710778145.2405543,-0.10201405319902632
1710778145.2406676,-0.13143455816639793
1710778145.2407806,-0.1619057854016622
1710778145.2408938,-0.19272726443078783
1710778145.241007,-0.22214776939815944
1710778145.2411203,-0.2519185178809696
1710778145.2412336,-0.2802882923020257
1710778145.2413466,-0.307957563135359
1710778145.2414598,-0.33527659045325386
1710778145.241573,-0.3622454073694017
1710778145.2416863,-0.3895644346872965
1710778145.2417994,-0.4186346795823839
1710778145.2419126,-0.4480552011066013
1710778145.2420259,-0.47782593303256565
1710778145.242139,-0.5086474286185371
1710778145.242252,-0.5387684040599399
1710778145.2423654,-0.5685391690995958
1710778145.2424786,-0.5962084399329292
1710778145.2425919,-0.6235275003645155
1710778145.242705,-0.6508464945687188
1710778145.242818,-0.6781655550003052
1710778145.2429314,-0.7051343388027614
1710778145.2430446,-0.7321031226052178
1710778145.2431579,-0.7601226700676812
1710778145.2432709,-0.7874416642718844
1710778145.2433841,-0.8147607247034708
1710778145.2434974,-0.8413792981041802
1710778145.2436106,-0.8665968312157525
1710778145.2437236,-0.8900631798638238
1710778145.2438369,-0.9128290414810181
1710778145.2439501,-0.9348944160673354
1710778145.2440634,-0.9552086061901516
1710778145.2441764,-0.9765734937455919
1710778145.2442896,-0.9979383813010322
1710778145.244403,-1.0196534792582195
1710778145.2445161,-1.0413686434427898
1710778145.2446294,-1.0620330439673529
1710778145.2447424,-1.082347167862786
1710778145.2448556,-1.1009101072947185
1710778145.244969,-1.1180721388922796
1710778145.2450821,-1.134883827633328
1710778145.2451952,-1.149944331910875
1710778145.2453084,-1.1653550465901692
1710778145.2454216,-1.1797149976094563
1710778145.245535,-1.1951258447435167
1710778145.245648,-1.2108867698245578
1710778145.2457612,-1.226297484503852
1710778145.2458744,-1.2410077783796523
1710778145.2459877,-1.2539667553371854
1710778145.246101,-1.2662253114912245
1710778145.246214,-1.2756819195217557
1710778145.2463272,-1.2858389483557806
1710778145.2464404,-1.2931941615210638
1710778145.2465537,-1.301249795489841
1710778145.2466667,-1.308955086602105
1710778145.24678,-1.317010720570882
1710778145.2468932,-1.3264673286014133
1710778145.2470064,-1.3341726197136772
1710778145.2471194,-1.3422282536824544
1710778145.2472327,-1.3502838876512315
1710778145.247346,-1.3558877838982475
1710778145.2474592,-1.3604410489400227
1710778145.2475724,-1.3639434178670247
1710778145.2476854,-1.3670955763922796
1710778145.2477987,-1.3698975245157878
1710778145.247912,-1.3719990518358018
1710778145.2480252,-1.3751512103610568
1710778145.2481382,-1.378653711742825
1710778145.2482514,-1.380054685804579
1710778145.2483647,-1.382156080669827
1710778145.248478,-1.38250642352634
1710778145.248591,-1.3811053170098198
1710778145.2487042,-1.3779531584845648
1710778145.2488174,-1.3734000258975558
1710778145.2489307,-1.3688468933105469
1710778145.2490437,-1.3635932074652777
1710778145.249157,-1.3590399424235027
1710778145.2492702,-1.3541365994347465
1710778145.2493834,-1.3502838876512315
1710778145.2494967,-1.3460809654659696
1710778145.2496097,-1.3415278328789604
1710778145.249723,-1.3355735937754314
1710778145.2498362,-1.3275180922614203
1710778145.2499495,-1.3194624582926433
1710778145.2500625,-1.3100058502621121
1710778145.2501757,-1.300199031829834
1710778145.250289,-1.2900418705410428
1710778145.2504022,-1.2795346313052707
1710778145.2505152,-1.2700780232747395
1710778145.2506285,-1.2606214152442083
1710778145.2507417,-1.2504643864101834
1710778145.250855,-1.2396068043178983
1710778145.2509682,-1.2269980377621121
1710778145.2510812,-1.212988297144572
1710778145.2511945,-1.1979277928670247
1710778145.2513077,-1.1807657612694633
1710778145.251421,-1.1639540725284152
1710778145.251534,-1.14609162012736
1710778145.2516472,-1.1292799313863118
1710778145.2517605,-1.1117676893870037
1710778145.2518737,-1.0942555136150784
1710778145.2519867,-1.076042784584893
1710778145.2521,-1.0571296347512138
1710778145.2522132,-1.0368154446283977
1710778145.2523265,-1.0154505570729573
1710778145.2524395,-0.9916339980231391
1710778145.2525527,-0.9674671623441908
1710778145.252666,-0.9433003266652424
1710778145.2527792,-0.9191334909862942
1710778145.2528925,-0.8949665890799628
1710778145.2530055,-0.8722007274627686
1710778145.2531188,-0.8494348658455743
1710778145.253232,-0.82666900422838
1710778145.2533453,-0.8025021685494317
1710778145.2534583,-0.7776348458396064
1710778145.2535715,-0.7534680101606581
1710778145.2536848,-0.7264992263582017
1710778145.253798,-0.6998806529574924
1710778145.253911,-0.6725616587532891
1710778145.2540243,-0.6462933619817098
1710778145.2541375,-0.6189743015501235
1710778145.2542508,-0.5948074658711752
1710778145.254364,-0.5685391690995958
1710778145.254477,-0.542971326245202
1710778145.2545903,-0.5170532729890611
1710778145.2547035,-0.4890337586402893
1710778145.2548168,-0.46031372414694893
1710778145.2549298,-0.43229420979817706
1710778145.255043,-0.4035742084185282
1710778145.2551563,-0.3755546609560648
1710778145.2552695,-0.347535146607293
1710778145.2553825,-0.3212668498357137
1710778145.2554958,-0.2963995271258884
1710778145.255609,-0.2708317008283403
1710778145.2557223,-0.2445633874999152
1710778145.2558355,-0.2196960647900899
1710778145.2559485,-0.1920267773999108
1710778145.2560618,-0.1650579935974545
1710778145.256175,-0.13633797566095987
1710778145.2562883,-0.10726771420902675
1710778145.2564013,-0.07819746103551653
1710778145.2565145,-0.04877696020735635
1710778145.2566278,-0.02075743344095018
1710778145.256741,0.00796413773463832
1710778145.256854,0.036339457664224833
1710778145.2569673,0.06471477862861422
1710778145.2570806,0.09484166072474585
1710778145.2571938,0.1260194761885537
1710778145.2573068,0.157547609673606
1710778145.25742,0.18942606117990282
1710778145.2575333,0.22130449612935382
1710778145.2576466,0.25108107262187535
1710778145.2577598,0.28015702962875366
1710778145.2578728,0.30853235059314305
1710778145.257986,0.33515608972973293
1710778145.2580993,0.3610792424943712
1710778145.2582126,0.3880532913737827
1710778145.2583256,0.4136261012819078
1710778145.2584388,0.44130080276065403
1710778145.258552,0.4693258139822218
1710778145.2586653,0.49665020571814644
1710778145.2587783,0.5246752169397142
1710778145.2588916,0.5519995755619472
1710778145.2590048,0.5782730049557155
1710778145.259118,0.6038458479775323
1710778145.2592313,0.6290683481428359
1710778145.2593443,0.6546411911646525
1710778145.2594576,0.6795133484734429
1710778145.2595708,0.7054365343517727
1710778145.259684,0.7317099306318495
1710778145.259797,0.7586840126249526
1710778145.2599103,0.7856580946180556
1710778145.2600236,0.8115812142690022
1710778145.2601368,0.8354024754630195
1710778145.2602499,0.8585231171713935
1710778145.260363,0.879892177051968
1710778145.2604764,0.9002102745903863
1710778145.2605896,0.9205284383561876
1710778145.2607028,0.9404962592654758
1710778145.2608159,0.9604640801747639
1710778145.260929,0.9807821777131822
1710778145.2610424,1.0003997219933403
1710778145.2611556,1.0210681623882718
1710778145.2612686,1.0399850209554036
1710778145.2613819,1.0589018795225356
1710778145.261495,1.0746659835179646
1710778145.2616084,1.0904300212860107
1710778145.2617214,1.1047928200827704
1710778145.2618346,1.118104722764757
1710778145.2619479,1.1314165592193604
1710778145.262061,1.1450787385304768
1710778145.2621741,1.1590912606981065
1710778145.2622874,1.172753440009223
1710778145.2624006,1.1860654089185927
1710778145.2625139,1.1979760064019096
1710778145.2626271,1.2088357077704535
1710778145.2627401,1.2193450662824843
1710778145.2628534,1.2274022897084553
1710778145.2629666,1.2354595131344266
1710778145.26308,1.2435166041056316
1710778145.263193,1.2512234846750896
1710778145.2633061,1.259981393814087
1710778145.2634194,1.268388827641805
1710778145.2635326,1.2771466043260362
1710778145.2636456,1.2852038277520073
1710778145.263759,1.2925603654649522
1710778145.2638721,1.2985156642066107
1710778145.2639854,1.302719513575236
1710778145.2640986,1.3051716486612956
1710778145.2642117,1.306572887632582
1710778145.264325,1.3079741266038682
1710778145.2644382,1.3090251551734076
1710778145.2645514,1.3100760512881808
1710778145.2646644,1.3114772902594671
1710778145.2647777,1.3132288720872667
1710778145.264891,1.31427976820204
1710778145.2650042,1.3139294253455267
1710778145.2651172,1.3132288720872667
1710778145.2652304,1.3107766045464408
1710778145.2653437,1.3076237837473552
1710778145.265457,1.303420066833496
1710778145.2655702,1.2985156642066107
1710778145.2656832,1.2943119472927518
1710778145.2657964,1.2904585732354057
1710778145.2659097,1.2855541706085205
1710778145.266023,1.280649767981635
1710778145.266136,1.2750448120964897
1710778145.2662492,1.268038484785292
1710778145.2663624,1.2592807081010606
1710778145.2664757,1.2484210067325168
1710778145.2665887,1.2358097235361736
1710778145.266702,1.2235487831963432
1710778145.2668152,1.2098866038852267
1710778145.2669284,1.1965747674306233
1710778145.2670414,1.1832629309760199
1710778145.2671547,1.1710019906361897
1710778145.267268,1.1580403645833333
1710778145.2673812,1.1450787385304768
1710778145.2674944,1.1314165592193604
1710778145.2676075,1.1160027980804443
1710778145.2677207,1.1002387603123982
1710778145.267834,1.083774103058709
1710778145.2679472,1.0655578639772203
1710778145.2680602,1.0480422443813748
1710778145.2681735,1.0308769014146593
1710778145.2682867,1.0126606623331706
1710778145.2684,0.9958456622229682
1710778145.268513,0.9779796997706095
1710778145.2686262,0.9587124983469645
1710778145.2687395,0.9387446774376763
1710778145.2688527,0.9166749980714586
1710778145.268966,0.8928537368774414
1710778145.269079,0.8676312367121378
1710778145.2691922,0.8427590131759644
1710778145.2693055,0.8175365130106608
1710778145.2694187,0.7919637362162272
1710778145.2695317,0.7670915126800537
1710778145.269645,0.7429199748569064
1710778145.2697582,0.7176974746916029
1710778145.2698715,0.6938762134975857
1710778145.2699845,0.668653647104899
1710778145.2700977,0.6416796313391792
1710778145.270211,0.6147055493460761
1710778145.2703242,0.587381190723843
1710778145.2704372,0.5593561463885837
1710778145.2705505,0.5327324072519938
1710778145.2706637,0.5057583252588908
1710778145.270777,0.47948489586512244
1710778145.2708902,0.454612672328949
1710778145.2710032,0.42868955267800224
1710778145.2711165,0.4027664330270555
1710778145.2712297,0.3754420412911309
1710778145.271343,0.34671641058391994
1710778145.271456,0.31834108961953056
1710778145.2715693,0.289265149169498
1710778145.2716825,0.25878795319133335
1710778145.2717957,0.23006232248412237
1710778145.2719088,0.20098638203408983
1710778145.272022,0.17296137081252203
1710778145.2721353,0.14563697907659742
1710778145.2722485,0.11761197613345252
1710778145.2723618,0.08853603568341997
1710778145.2724748,0.06016071471903059
1710778145.272588,0.02898289304640558
1710778145.2727013,-0.0021944978895286718
1710778145.2728145,-0.034767194754547544
1710778145.2729275,-0.06593891729911168
1710778145.2730408,-0.09746088749832577
1710778145.273154,-0.12793211473359
1710778145.2732673,-0.15840335024727714
1710778145.2733803,-0.18782385521464878
1710778145.2734935,-0.21864533424377441
1710778145.2736068,-0.24806583921114603
1710778145.27372,-0.2799380487865872
1710778145.2738333,-0.31286097235149807
1710778145.2739463,-0.34543368551466197
1710778145.2740595,-0.37765612204869586
1710778145.2741728,-0.40987859169642127
1710778145.274286,-0.44140054119957817
1710778145.274399,-0.4715215497546726
1710778145.2745123,-0.5012922816806369
1710778145.2746255,-0.5296620726585388
1710778145.2747388,-0.5590825610690646
1710778145.2748518,-0.587802595562405
1710778145.274965,-0.6168728404574924
1710778145.2750783,-0.6459430853525797
1710778145.2751915,-0.6757138172785441
1710778145.2753046,-0.7047840621736314
1710778145.2754178,-0.7328036096360948
1710778145.275531,-0.7594221830368042
1710778145.2756443,-0.7849899927775065
1710778145.2757576,-0.8091568284564548
1710778145.2758706,-0.832623177104526
1710778145.2759838,-0.8567900127834743
1710778145.276097,-0.8806066380606757
1710778145.2762103,-0.905123684141371
1710778145.2763233,-0.9299910068511963
1710778145.2764366,-0.9545081191592746
1710778145.2765498,-0.9790251652399699
1710778145.276663,-1.0028417905171711
1710778145.276776,-1.0252574417326186
1710778145.2768893,-1.0459218422571819
1710778145.2770026,-1.066235966152615
1710778145.2771158,-1.0858496030171711
1710778145.277229,-1.1054633061091106
1710778145.277342,-1.1236760351392958
1710778145.2774553,-1.1425891187455919
1710778145.2775686,-1.1625530984666612
1710778145.2776818,-1.1814663145277235
1710778145.2777948,-1.1993287669287787
1710778145.277908,-1.216490666071574
1710778145.2780213,-1.231551170349121
1710778145.2781346,-1.2448604901631672
1710778145.2782476,-1.2578194671207004
1710778145.2783608,-1.2690272596147325
1710778145.278474,-1.2802350521087646
1710778145.2785873,-1.2917931874593098
1710778145.2787006,-1.303000979953342
1710778145.2788136,-1.314909193250868
1710778145.2789268,-1.3264673286014133
1710778145.27904,-1.3369745678371854
1710778145.2791533,-1.3460809654659696
1710778145.2792664,-1.3541365994347465
1710778145.2793796,-1.3607912593417697
1710778145.2794929,-1.366044945187039
1710778145.279606,-1.3712984985775418
1710778145.279719,-1.3762019740210638
1710778145.2798324,-1.381455659866333
1710778145.2799456,-1.387759976916843
1710778145.2800589,-1.3937142160203722
1710778145.2801719,-1.399668322669135
1710778145.2802851,-1.4045717981126573
1710778145.2803984,-1.4080741670396593
1710778145.2805116,-1.4105259047614203
1710778145.2806249,-1.4112263255649142
1710778145.2807379,-1.4112263255649142
1710778145.2808511,-1.4105259047614203
1710778145.2809644,-1.4087747202979193
1710778145.2810776,-1.4087747202979193
1710778145.2811906,-1.4080741670396593
1710778145.281304,-1.4066731929779053
1710778145.2814171,-1.4045717981126573
1710778145.2815304,-1.4021200603908963
1710778145.2816434,-1.397216584947374
1710778145.2817566,-1.390561925040351
1710778145.28187,-1.383206844329834
1710778145.2819831,-1.3748009999593098
1710778145.2820964,-1.3653443919287787
1710778145.2822094,-1.3558877838982475
1710778145.2823226,-1.3464311758677165
1710778145.282436,-1.3380253314971924
1710778145.2825491,-1.3303200403849285
1710778145.2826622,-1.321563853157891
1710778145.2827754,-1.31210724512736
1710778145.2828887,-1.300199031829834
1710778145.283002,-1.2875902652740479
1710778145.283115,-1.2732301817999945
1710778145.2832282,-1.2588702307807074
1710778145.2833414,-1.2424087524414062
1710778145.2834547,-1.226297484503852
1710778145.283568,-1.2105365594228108
1710778145.283681,-1.1940750810835097
1710778145.2837942,-1.1776136027442083
1710778145.2839074,-1.1597511503431532
1710778145.2840207,-1.140837934282091
1710778145.2841337,-1.1194731129540336
1710778145.284247,-1.0984584358003404
1710778145.2843602,-1.074291600121392
1710778145.2844734,-1.0508252514733207
1710778145.2845864,-1.0270086261961195
1710778145.2846997,-1.0035422775480483
1710778145.284813,-0.980776415930854
1710778145.2849262,-0.9590612517462836
1710778145.2850392,-0.9383968512217203
1710778145.2851524,-0.91703196366628
1710778145.2852657,-0.8946163786782159
1710778145.285379,-0.8718505170610216
1710778145.2854922,-0.8483841684129503
1710778145.2856052,-0.823867056104872
1710778145.2857184,-0.7986495229932997
1710778145.2858317,-0.7734319236543443
1710778145.285945,-0.747864113913642
1710778145.286058,-0.7229967912038168
1710778145.2861712,-0.6981294684939914
1710778145.2862844,-0.6739626328150431
1710778145.2863977,-0.6480445464452108
1710778145.2865107,-0.6203752756118774
1710778145.286624,-0.5920055177476671
1710778145.2867372,-0.5632854832543267
1710778145.2868505,-0.5335147513283623
1710778145.2869637,-0.502693255742391
1710778145.2870767,-0.4729225238164266
1710778145.28719,-0.4442025224367777
1710778145.2873032,-0.41618297497431433
1710778145.2874165,-0.388513704140981
1710778145.2875295,-0.3615449203385247
1710778145.2876427,-0.3345761034223768
1710778145.287756,-0.307257076104482
1710778145.2878692,-0.2785370747248332
1710778145.2879822,-0.24876632624202305
1710778145.2880955,-0.2189955777592129
1710778145.2882087,-0.1895750727918413
1710778145.288322,-0.16015456782446966
1710778145.288435,-0.13073407113552094
1710778145.2885482,-0.1027145485083262
1710778145.2886615,-0.0750452611181471
1710778145.2887747,-0.045975007944636874
1710778145.288888,-0.017605237662792206
1710778145.289001,0.012518201644221941
1710778145.2891142,0.04299539658758375
1710778145.2892275,0.07452353007263607
1710778145.2893407,0.10640197330050997
1710778145.2894537,0.13898104429244995
1710778145.289567,0.1701588597562578
1710778145.2896802,0.20028574599160087
1710778145.2897935,0.23146356145540872
1710778145.2899065,0.26053951846228707
1710778145.2900198,0.2899657686551412
1710778145.290133,0.32044298119015163
1710778145.2902462,0.3512704703542921
1710778145.2903595,0.38279861211776733
1710778145.2904725,0.4146770636240641
1710778145.2905858,0.4465555151303609
1710778145.290699,0.477733314037323
1710778145.2908123,0.5075098739729987
1710778145.2909253,0.5362355377939012
1710778145.2910385,0.5628593100441827
1710778145.2911518,0.5891327063242594
1710778145.291265,0.614355206489563
1710778145.291378,0.6395777066548666
1710778145.2914913,0.66444993019104
1710778145.2916045,0.6903730498419868
1710778145.2917178,0.7162961694929335
1710778145.291831,0.741168393029107
1710778145.291944,0.7653399308522542
1710778145.2920573,0.7888109154171413
1710778145.2921705,0.8105302519268459
1710778145.2922838,0.8322496546639336
1710778145.2923968,0.8532684379153781
1710778145.29251,0.8735865354537964
1710778145.2926233,0.8946053187052408
1710778145.2927365,0.9163246552149454
1710778145.2928495,0.9380440579520332
1710778145.2929628,0.9590628412034776
1710778145.293076,0.9804319010840522
1710778145.2931893,0.9996991025076972
1710778145.2933023,1.017915341589186
1710778145.2934155,1.0340297222137451
1710778145.2935288,1.0494434833526611
1710778145.293642,1.0631056626637776
1710778145.2937553,1.0774684614605374
1710778145.2938683,1.0907803641425238
1710778145.2939816,1.1058437824249268
1710778145.2940948,1.1202066474490695
1710778145.294208,1.1349197228749592
1710778145.294321,1.148932245042589
1710778145.2944343,1.1625944243537054
1710778145.2945476,1.1755560504065619
1710778145.2946608,1.187466647889879
1710778145.2947738,1.1986766921149359
1710778145.294887,1.2091860506269667
1710778145.2950003,1.2193450662824843
1710778145.2951136,1.2302047676510282
1710778145.2952268,1.241064469019572
1710778145.2953398,1.2512234846750896
1710778145.295453,1.2620831860436332
1710778145.2955663,1.271891991297404
1710778145.2956796,1.279598871866862
1710778145.2957926,1.2848534848954942
1710778145.2959058,1.2901082303788927
1710778145.296019,1.2929107083214653
1710778145.2961323,1.2946622901492648
1710778145.2962453,1.2960635291205511
1710778145.2963586,1.2981654538048637
1710778145.2964718,1.2995666927761502
1710778145.296585,1.3013182746039496
1710778145.2966983,1.3030697239769828
1710778145.2968113,1.3044709629482694
1710778145.2969246,1.3051716486612956
1710778145.2970378,1.3055219915178087
1710778145.297151,1.3041207525465224
1710778145.297264,1.3016684850056965
1710778145.2973773,1.2981654538048637
1710778145.2974906,1.2960635291205511
1710778145.2976038,1.2932610511779785
1710778145.2977169,1.291159126493666
1710778145.29783,1.2890573342641194
1710778145.2979434,1.2866050667232938
1710778145.2980566,1.2827516926659477
1710778145.2981696,1.2767963939242892
1710778145.2982829,1.2708409627278645
1710778145.298396,1.260681947072347
1710778145.2985094,1.2501725885603163
1710778145.2986226,1.2396632300482855
1710778145.2987356,1.2281028429667156
1710778145.2988489,1.2165425883399115
1710778145.298962,1.2053325441148546
1710778145.2990754,1.1941224998897977
1710778145.2991884,1.1832629309760199
1710778145.2993016,1.172052886750963
1710778145.2994149,1.1590912606981065
1710778145.2995281,1.1450787385304768
1710778145.2996411,1.130365663104587
1710778145.2997544,1.114251348707411
1710778145.2998676,1.0977866252263386
1710778145.2999809,1.0820225212309096
1710778145.3000941,1.0662584834628634
1710778145.3002071,1.0504943794674344
1710778145.3003204,1.0347303416993883
1710778145.3004336,1.0189662377039592
1710778145.300547,1.0021512375937567
1710778145.30066,0.983584721883138
1710778145.3007731,0.9629162814882066
1710778145.3008864,0.9404962592654758
1710778145.3009996,0.9177259604136149
1710778145.3011127,0.8932040797339545
1710778145.301226,0.8700834380255805
1710778145.3013391,0.8459118339750502
1710778145.3014524,0.8224409156375461
1710778145.3015656,0.7996706167856852
1710778145.3016787,0.775849355591668
1710778145.301792,0.7516777515411377
1710778145.3019052,0.7275062137179904
1710778145.3020184,0.7019333706961738
1710778145.3021314,0.6756599081887139
1710778145.3022447,0.6500871313942803
1710778145.302358,0.6245142883724636
1710778145.3024712,0.5996421310636733
1710778145.3025842,0.575820869869656
1710778145.3026974,0.552700228161282
1710778145.3028107,0.5302802059385512
1710778145.302924,0.5075098739729987
1710778145.303037,0.48403895563549465
1710778145.3031502,0.46056800418429905
1710778145.3032634,0.4339442319340176
1710778145.3033767,0.40802111228307086
1710778145.30349,0.3796457913186815
1710778145.303603,0.3516207800971137
1710778145.3037162,0.3249970409605238
1710778145.3038294,0.29627141025331283
1710778145.3039427,0.2689470185173882
1710778145.3040557,0.24127231703864202
1710778145.304169,0.21289699607425266
1710778145.3042822,0.18347074588139853
1710778145.3043954,0.15439480543136597
1710778145.3045084,0.12251635392506917
1710778145.3046217,0.09133853018283844
1710778145.304735,0.05946008695496453
1710778145.3048482,0.02933320485883289
1710778145.3049614,-0.0007935216934937569
1710778145.3050745,-0.029863779329591326
1710778145.3051877,-0.05753306051095326
1710778145.305301,-0.085552583138148
1710778145.3054142,-0.11322187052832709
1710778145.3055272,-0.14124138487709892
1710778145.3056405,-0.16996140281359354
1710778145.3057537,-0.20008239481184217
1710778145.305867,-0.2302033868100908
1710778145.30598,-0.2603243788083394
1710778145.3060932,-0.29079559776518077
1710778145.3062065,-0.3195156322585212
1710778145.3063197,-0.34823563363817
1710778145.3064327,-0.3762551479869419
1710778145.306546,-0.4035742084185282
1710778145.3066592,-0.4312434792518616
1710778145.3067725,-0.4599634806315104
1710778145.3068857,-0.4890337586402893
1710778145.3069987,-0.5191547340816921
1710778145.307112,-0.5492757426367866
1710778145.3072252,-0.5790464745627509
1710778145.3073385,-0.6070660220252143
1710778145.3074515,-0.6350855032602946
1710778145.3075647,-0.6627547740936279
1710778145.307678,-0.6876221630308363
1710778145.3077912,-0.7128396961424086
1710778145.3079042,-0.7384075058831109
1710778145.3080175,-0.7636251052220662
1710778145.3081307,-0.7888426383336384
1710778145.308244,-0.8154612117343478
1710778145.3083572,-0.8406788110733032
1710778145.3084702,-0.8658963441848755
1710778145.3085835,-0.8890124824311998
1710778145.3086967,-0.9110778570175171
1710778145.30881,-0.9317422575420803
1710778145.308923,-0.9506554073757595
1710778145.3090363,-0.9699188338385688
1710778145.3091495,-0.989882747332255
1710778145.3092628,-1.0087959633933172
1710778145.3093758,-1.0284096002578735
1710778145.309489,-1.0487237903806899
1710778145.3096023,-1.069037914276123
1710778145.3097155,-1.0886516173680623
1710778145.3098288,-1.1075647672017415
1710778145.3099418,-1.1250770092010498
1710778145.310055,-1.141188144683838
1710778145.3101683,-1.157299412621392
1710778145.3102815,-1.1727101273006864
1710778145.3103945,-1.1891716056399875
1710778145.3105078,-1.2045823203192816
1710778145.310621,-1.220343377855089
1710778145.3107343,-1.237155066596137
1710778145.3108473,-1.2525657812754314
1710778145.3109605,-1.2672760751512315
1710778145.3110738,-1.2805853949652777
1710778145.311187,-1.2917931874593098
1710778145.3113,-1.301600005891588
1710778145.3114133,-1.3110566139221191
1710778145.3115265,-1.3194624582926433
1710778145.3116398,-1.3289190663231742
1710778145.311753,-1.3376751210954454
1710778145.311866,-1.3478321499294705
1710778145.3119793,-1.3572887579600017
1710778145.3120925,-1.3667453659905326
1710778145.3122058,-1.3755014207628038
1710778145.3123188,-1.38180587026808
1710778145.312432,-1.388460530175103
1710778145.3125453,-1.3933638731638591
1710778145.3126585,-1.3968663745456271
1710778145.3127716,-1.400018533070882
1710778145.3128848,-1.4024702707926433
1710778145.312998,-1.4056224293178983
1710778145.3131113,-1.4084243774414062
1710778145.3132246,-1.4108761151631672
1710778145.3133376,-1.4119268788231742
1710778145.3134508,-1.4108761151631672
1710778145.313564,-1.4080741670396593
1710778145.3136773,-1.4042214552561443
1710778145.3137903,-1.398617559009128
1710778145.3139036,-1.3923132419586182
1710778145.3140168,-1.384958028793335
1710778145.31413,-1.3779531584845648
1710778145.314243,-1.3719990518358018
1710778145.3143563,-1.3667453659905326
1710778145.3144696,-1.3604410489400227
1710778145.3145828,-1.3548370202382405
1710778145.314696,-1.3485327031877306
1710778145.314809,-1.3397766484154594
1710778145.3149223,-1.3306702507866752
1710778145.3150356,-1.31981266869439
1710778145.3151488,-1.308955086602105
1710778145.3152618,-1.297397083706326
1710778145.315375,-1.2858389483557806
1710778145.3154883,-1.2746311558617485
1710778145.3156016,-1.2620223893059623
1710778145.3157146,-1.2504643864101834
1710778145.3158278,-1.2364546457926433
1710778145.315941,-1.22209456231859
1710778145.3160543,-1.2049326631757948
1710778145.3161674,-1.1881208419799805
1710778145.3162806,-1.1674564414554172
1710778145.3163939,-1.1467920409308539
1710778145.316507,-1.1271784040662978
1710778145.3166203,-1.1068642801708646
1710778145.3167334,-1.0869003666771782
1710778145.3168466,-1.067636940214369
1710778145.3169599,-1.0480233033498128
1710778145.317073,-1.0284096002578735
1710778145.317186,-1.0080954763624403
1710778145.3172994,-0.9849793381161159
1710778145.3174126,-0.9625637531280518
1710778145.3175259,-0.9394476148817275
1710778145.3176389,-0.914930502573649
1710778145.3177521,-0.8918144305547078
1710778145.3178654,-0.8686982923083835
1710778145.3179786,-0.8462827073203193
1710778145.3180919,-0.824217332734002
1710778145.3182049,-0.8021519581476847
1710778145.3183181,-0.7797363069322374
1710778145.3184314,-0.7552192608515421
1710778145.3185446,-0.7303519381417168
1710778145.3186576,-0.7040835751427544
1710778145.318771,-0.6778152783711752
1710778145.3188841,-0.6508464945687188
1710778145.3189974,-0.6231772237353854
1710778145.3191104,-0.5976094139946831
1710778145.3192236,-0.5716913276248508
1710778145.319337,-0.5450727873378329
1710778145.3194501,-0.5181040035353767
1710778145.3195634,-0.4904347327020433
1710778145.3196764,-0.4620649417241414
1710778145.3197896,-0.43229420979817706
1710778145.319903,-0.4014727473258972
1710778145.3200161,-0.3699507647090488
1710778145.3201292,-0.3391293022367689
1710778145.3202424,-0.30830780665079754
1710778145.3203557,-0.27783658769395614
1710778145.320469,-0.24806583921114603
1710778145.320582,-0.21864533424377441
1710778145.3206952,-0.1895750727918413
1710778145.3208084,-0.15945408079359266
1710778145.3209217,-0.12828235824902853
1710778145.3210347,-0.09676039218902588
1710778145.321148,-0.06453794323735766
1710778145.3212612,-0.03196524249182807
1710778145.3213744,0.0009578859640492334
1710778145.3214877,0.03248601944910155
1710778145.3216007,0.06436446474658118
1710778145.321714,0.09519197046756744
1710778145.3218272,0.12566916644573212
1710778145.3219404,0.15614637070231968
1710778145.3220534,0.18697387642330593
1710778145.3221667,0.21850200162993536
1710778145.32228,0.25108107262187535
1710778145.3223932,0.28330981731414795
1710778145.3225062,0.3158888883060879
1710778145.3226194,0.3460157910982768
1710778145.3227327,0.37684328026241726
1710778145.322846,0.4055689109696282
1710778145.3229592,0.4328933027055528
1710778145.3230722,0.4602176944414774
1710778145.3231854,0.48719174332088894
1710778145.3232987,0.5134652058283488
1710778145.323412,0.5414902170499166
1710778145.323525,0.5691648854149712
1710778145.3236382,0.5975402063793606
1710778145.3237514,0.6262658702002631
1710778145.3238647,0.6535902288224962
1710778145.3239777,0.6805643108155992
1710778145.324091,0.7064874304665459
1710778145.3242042,0.7324105501174927
1710778145.3243175,0.7572827736536661
1710778145.3244305,0.7821549309624566
1710778145.3245437,0.8084283934699165
1710778145.324657,0.8340012364917331
1710778145.3247702,0.8602746327718098
1710778145.3248835,0.8854971991644965
1710778145.3249965,0.9107196993298
1710778145.3251097,0.9341906176673042
1710778145.325223,0.9555596775478786
1710778145.3253362,0.9758778413136799
1710778145.3254492,0.9940940803951687
1710778145.3255625,1.0112594233618841
1710778145.3256757,1.0280744234720867
1710778145.325789,1.0455900430679321
1710778145.325902,1.0620547003216214
1710778145.3260152,1.0788697004318237
1710778145.3261285,1.0967356628841824
1710778145.3262417,1.1124997668796115
1710778145.326355,1.1286140812767875
1710778145.326468,1.1433272891574435
1710778145.3265812,1.15698946846856
1710778145.3266945,1.1703013049231634
1710778145.3268077,1.1832629309760199
1710778145.3269207,1.1969251102871366
1710778145.327034,1.21023694674174
1710778145.3271472,1.2242494689093695
1710778145.3272605,1.2386122014787462
1710778145.3273735,1.2519241703881157
1710778145.3274868,1.265236006842719
1710778145.3276,1.2764460510677762
1710778145.3277133,1.2866050667232938
1710778145.3278265,1.2946622901492648
1710778145.3279395,1.3013182746039496
1710778145.3280528,1.3079741266038682
1710778145.328166,1.3132288720872667
1710778145.3282793,1.3191841708289251
1710778145.3283923,1.3247891267140706
1710778145.3285055,1.3307444254557292
1710778145.3286188,1.3356488280826144
1710778145.328732,1.3405532307094998
1710778145.328845,1.3430053657955594
1710778145.3289583,1.345457633336385
1710778145.3290715,1.345107290479872
1710778145.3291848,1.3444066047668457
1710778145.3292978,1.3440563943650987
1710778145.329411,1.3423048125372992
1710778145.3295243,1.3419544696807861
1710778145.3296375,1.3402028878529866
1710778145.3297508,1.3395023345947266
1710778145.3298638,1.337750752766927
1710778145.329977,1.3352984852261014
1710778145.3300903,1.3303942150539823
1710778145.3302035,1.3244387838575575
1710778145.3303165,1.3160313500298393
1710778145.3304298,1.3072735733456082
1710778145.330543,1.2967642148335774
1710778145.3306563,1.2869554095798068
1710778145.3307693,1.2767963939242892
1710778145.3308825,1.2662869029574924
1710778145.3309958,1.2561278873019748
1710778145.331109,1.245268185933431
1710778145.3312223,1.2330072455936008
1710778145.3313353,1.2203959623972576
1710778145.3314486,1.2060332298278809
1710778145.3315618,1.1906194686889648
1710778145.331675,1.1745050218370225
1710778145.331788,1.157339678870307
1710778145.3319013,1.1422762605879042
1710778145.3320146,1.1268624994489882
1710778145.3321278,1.1128499772813585
1710778145.3322408,1.0977866252263386
1710778145.332354,1.0827231407165527
1710778145.3324673,1.0676597224341497
1710778145.3325806,1.0501441028383043
1710778145.3326938,1.0322781403859456
1710778145.3328068,1.0116096999910142
1710778145.33292,0.991291602452596
1710778145.3330333,0.9699224763446384
1710778145.3331466,0.949254035949707
1710778145.3332596,0.9285855955547756
1710778145.3333728,0.906866259045071
1710778145.333486,0.8861978186501397
1710778145.3335993,0.864478415913052
1710778145.3337123,0.8424087365468342
1710778145.3338256,0.8189377519819472
1710778145.3339388,0.7937152518166436
1710778145.334052,0.76814247502221
1710778145.334165,0.7422193553712633
1710778145.3342783,0.7159458928638034
1710778145.3343916,0.6910736693276299
1710778145.3345048,0.6665517886479696
1710778145.334618,0.6420299079683092
1710778145.334731,0.6192596091164483
1710778145.3348444,0.5954383479224311
1710778145.3349576,0.5709164672427707
1710778145.3350708,0.5442926949924892
1710778145.3351839,0.5180192655987209
1710778145.335297,0.4896439446343316
1710778145.3354104,0.46266986264122856
1710778145.3355236,0.4339442319340176
1710778145.3356366,0.4073204927974277
1710778145.3357499,0.3803464108043247
1710778145.335863,0.35337236192491317
1710778145.3359764,0.32709889941745335
1710778145.3360896,0.29977450768152875
1710778145.3362026,0.2713992032739851
1710778145.3363159,0.24162262678146362
1710778145.336429,0.21079512106047735
1710778145.3365424,0.1775154305828942
1710778145.3366554,0.14598730537626478
1710778145.3367686,0.11410885386996798
1710778145.3368819,0.08223041064209408
1710778145.3369951,0.05105258689986335
1710778145.3371081,0.020225079109271366
1710778145.3372214,-0.0102501114209493
1710778145.3373346,-0.04142183396551344
1710778145.337448,-0.07294380002551608
1710778145.3375611,-0.10516625311639574
1710778145.3376741,-0.1377389497227139
1710778145.3377874,-0.16996140281359354
1710778145.3379006,-0.2018336123890347
1710778145.338014,-0.23230484790272182
1710778145.338127,-0.26172535287009346
1710778145.3382401,-0.2900951107343038
1710778145.3383534,-0.31811465819676715
1710778145.3384666,-0.3450834419992235
1710778145.3385797,-0.37275271283255684
1710778145.338693,-0.4011225038104587
1710778145.3388062,-0.42879177464379203
1710778145.3389194,-0.4575117760234409
1710778145.3390324,-0.48728254106309676
1710778145.3391457,-0.5160025424427456
1710778145.339259,-0.5440220567915175
1710778145.3393722,-0.5709908405939738
1710778145.3394854,-0.5983099010255601
1710778145.3395984,-0.6238777107662624
1710778145.3397117,-0.6494455205069648
1710778145.339825,-0.6750133302476671
1710778145.3399382,-0.7005811399883694
1710778145.3400512,-0.7268494367599487
1710778145.3401644,-0.752767523129781
1710778145.3402777,-0.7786856094996134
1710778145.340391,-0.8021519581476847
1710778145.340504,-0.825268030166626
1710778145.3406172,-0.8466329177220662
1710778145.3407304,-0.8665968312157525
1710778145.3408437,-0.8865607447094387
1710778145.340957,-0.905473960770501
1710778145.34107,-0.9254378742641872
1710778145.3411832,-0.9454017877578735
1710778145.3412964,-0.9657159116533067
1710778145.3414097,-0.988481773270501
1710778145.3415227,-1.0094964504241943
1710778145.341636,-1.0308613379796345
1710778145.3417492,-1.0508252514733207
1710778145.3418624,-1.07008867793613
1710778145.3419755,-1.0879511303371854
1710778145.3420887,-1.1054633061091106
1710778145.342202,-1.1226252714792888
1710778145.3423152,-1.139787170622084
1710778145.3424282,-1.1565989918178983
1710778145.3425415,-1.1744614442189534
1710778145.3426547,-1.1909227901034884
1710778145.342768,-1.2063336372375488
1710778145.3428812,-1.221394141515096
1710778145.3429942,-1.234002908070882
1710778145.3431075,-1.2455609109666612
1710778145.3432207,-1.2553677293989394
1710778145.343334,-1.2651745478312175
1710778145.343447,-1.2742809454600017
1710778145.3435602,-1.2844379742940266
1710778145.3436735,-1.2949453459845648
1710778145.3437867,-1.30510237481859
1710778145.3438997,-1.316310167312622
1710778145.344013,-1.3268175390031602
1710778145.3441262,-1.3359239366319444
1710778145.3442395,-1.3443297810024686
1710778145.3443527,-1.3513346513112385
1710778145.3444657,-1.3572887579600017
1710778145.344579,-1.3618420230017767
1710778145.3446922,-1.366044945187039
1710778145.3448055,-1.3705980777740479
1710778145.3449185,-1.3744507895575628
1710778145.3450317,-1.3797043429480658
1710778145.345145,-1.382856633928087
1710778145.3452582,-1.386008792453342
1710778145.3453712,-1.387059556113349
1710778145.3454845,-1.387059556113349
1710778145.3455977,-1.385308371649848
1710778145.345711,-1.38250642352634
1710778145.3458242,-1.378653711742825
1710778145.3459373,-1.3755014207628038
1710778145.3460505,-1.3716488414340549
1710778145.3461637,-1.3688468933105469
1710778145.346277,-1.3653443919287787
1710778145.34639,-1.3618420230017767
1710778145.3465033,-1.3569385475582547
1710778145.3466165,-1.3509844409094915
1710778145.3467298,-1.3425785965389676
1710778145.3468428,-1.3327716456519232
1710778145.346956,-1.3222644064161513
1710778145.3470693,-1.3103560606638591
1710778145.3471825,-1.2980975045098198
1710778145.3472955,-1.2868897120157878
1710778145.3474088,-1.2756819195217557
1710778145.347522,-1.2644741270277235
1710778145.3476353,-1.2532663345336914
1710778145.3477485,-1.2410077783796523
1710778145.3478615,-1.2273482481638591
1710778145.3479748,-1.214389271206326
1710778145.348088,-1.1989784240722656
1710778145.3482013,-1.1828672885894775
1710778145.3483143,-1.1678067843119304
1710778145.3484275,-1.152045726776123
1710778145.3485408,-1.136284801695082
1710778145.348654,-1.1219247182210286
1710778145.348767,-1.1072144905726116
1710778145.3488803,-1.0921540525224473
1710778145.3489935,-1.07674327161577
1710778145.3491068,-1.059231095843845
1710778145.34922,-1.0403178797827826
1710778145.349333,-1.0203539662890964
1710778145.3494463,-0.9993393553627862
1710778145.3495595,-0.9779744678073459
1710778145.3496728,-0.9580105543136597
1710778145.3497858,-0.9369958771599664
1710778145.349899,-0.9173822402954102
1710778145.3500123,-0.8981188138326008
1710778145.3501256,-0.8778046899371676
1710778145.3502386,-0.8571402894126045
1710778145.3503518,-0.8350749148262872
1710778145.350465,-0.8112582895490859
1710778145.3505783,-0.7877919409010146
1710778145.3506916,-0.7622241311603122
1710778145.3508046,-0.7359558343887329
1710778145.3509178,-0.7110885116789076
1710778145.351031,-0.6858709123399522
1710778145.3511443,-0.6599528259701198
1710778145.3512573,-0.6354357798894247
1710778145.3513706,-0.6084669960869683
1710778145.3514838,-0.5814982122845119
1710778145.351597,-0.5527781777911716
1710778145.35171,-0.5233576562669542
1710778145.3518233,-0.49358692434098983
1710778145.3519366,-0.4631156722704569
1710778145.3520498,-0.43334494034449256
1710778145.3521628,-0.40462493896484375
1710778145.352276,-0.37660539150238037
1710778145.3523893,-0.34928636418448555
1710778145.3525026,-0.32301806741290623
1710778145.3526158,-0.2960492836104499
1710778145.3527288,-0.2690804832511478
1710778145.352842,-0.2403604653146532
1710778145.3529553,-0.21129020386272007
1710778145.3530686,-0.18116921186447144
1710778145.3531816,-0.1510482198662228
1710778145.3532948,-0.12022674911552005
1710778145.353408,-0.08975551360183291
1710778145.3535213,-0.059284282227357224
1710778145.3536344,-0.03021402284502983
1710778145.3537476,0.0006075733755197789
1710778145.3538609,0.03143508194221391
1710778145.353974,0.0629632133576605
1710778145.3540874,0.09659322599569956
1710778145.3542004,0.1298729164732827
1710778145.3543136,0.16315261522928873
1710778145.3544269,0.19678261544969347
1710778145.35454,0.22831075721316868
1710778145.3546531,0.25913826293415493
1710778145.3547664,0.28891483942667645
1710778145.3548796,0.3169398506482442
1710778145.3549929,0.3439138995276557
1710778145.3551059,0.3722892204920451
1710778145.3552191,0.3999639219707913
1710778145.3553324,0.4269380039638943
1710778145.3554456,0.454612672328949
1710778145.3555589,0.48228737380769515
1710778145.355672,0.5089111460579766
1710778145.3557851,0.5351845754517449
1710778145.3558984,0.56040710873074
1710778145.3560116,0.5849289894104004
1710778145.3561246,0.6091005272335476
1710778145.356238,0.6322211689419216
1710778145.3563511,0.6563927067650689
1710778145.3564644,0.6802139679590861
1710778145.3565774,0.7061371538374159
1710778145.3566906,0.7313596540027194
1710778145.356804,0.756582154168023
1710778145.3569171,0.7807536919911702
1710778145.3570302,0.8059761921564738
1710778145.3571434,0.8287465572357178
1710778145.3572567,0.8497652742597792
1710778145.35737,0.8711343341403537
1710778145.3574831,0.8921531173917983
1710778145.3575962,0.9117705954445733
1710778145.3577094,0.9331396553251479
1710778145.3578227,0.9548590580622355
1710778145.357936,0.9755274984571669
1710778145.358049,0.9975971778233845
1710778145.3581622,1.017915341589186
1710778145.3582754,1.0364819235271878
1710778145.3583887,1.0557490587234497
1710778145.3585017,1.0718634393480089
1710778145.358615,1.0886785056855943
1710778145.3587282,1.1044425434536405
1710778145.3588414,1.1209072007073295
1710778145.3589547,1.137722200817532
1710778145.3590677,1.1548875437842474
1710778145.359181,1.172052886750963
1710778145.3592942,1.1895684401194255
1710778145.3594074,1.2049822012583415
1710778145.3595204,1.2196954091389973
1710778145.3596337,1.2330072455936008
1710778145.359747,1.244567632675171
1710778145.3598602,1.2554272015889485
1710778145.3599732,1.265236006842719
1710778145.3600864,1.2750448120964897
1710778145.3601997,1.2852038277520073
1710778145.360313,1.2939616044362385
1710778145.360426,1.303420066833496
1710778145.3605392,1.3114772902594671
1710778145.3606524,1.3184834851158989
1710778145.3607657,1.3237382305992973
1710778145.360879,1.3275916046566434
1710778145.360992,1.330043872197469
1710778145.3611052,1.3310947683122423
1710778145.3612185,1.3324960072835286
1710778145.3613317,1.3338972462548149
1710778145.3614447,1.3349482748243544
1710778145.361558,1.337400409910414
1710778145.3616712,1.3388016488817003
1710778145.3617845,1.3405532307094998
1710778145.3618975,1.3409035735660129
1710778145.3620107,1.3402028878529866
1710778145.362124,1.337750752766927
1710778145.3622372,1.3338972462548149
1710778145.3623505,1.329693529340956
1710778145.3624635,1.3254898124270968
1710778145.3625767,1.3212860955132377
1710778145.36269,1.3167319032880995
1710778145.3628032,1.3125281863742404
1710778145.3629162,1.3076237837473552
1710778145.3630295,1.3016684850056965
1710778145.3631427,1.295012633005778
1710778145.363256,1.2855541706085205
1710778145.363369,1.2753950224982367
1710778145.3634822,1.2631340821584065
1710778145.3635955,1.249822245703803
1710778145.3637087,1.2358097235361736
1710778145.363822,1.2217972013685439
1710778145.363935,1.2081350220574272
1710778145.3640482,1.195173528459337
1710778145.3641615,1.1811610062917073
1710778145.3642747,1.1664479308658176
1710778145.3643878,1.1510341697269015
1710778145.364501,1.1342191696166992
1710778145.3646142,1.1167034837934706
1710778145.3647275,1.0977866252263386
1710778145.3648405,1.0792200432883368
1710778145.3649538,1.0610038042068481
1710778145.365067,1.0431378417544894
1710778145.3651803,1.0259724987877739
1710778145.3652933,1.0098581181632147
1710778145.3654065,0.9923424985673692
1710778145.3655198,0.9765784607993232
1710778145.365633,0.9580118788613213
1710778145.3657463,0.9380440579520332
1710778145.3658593,0.9170252747005886
1710778145.3659725,0.8949555953343709
1710778145.3660858,0.87218529648251
1710778145.366199,0.849064654774136
1710778145.366312,0.8266446325514052
1710778145.3664253,0.8035240570704142
1710778145.3665385,0.7804034153620402
1710778145.3666518,0.7576330502827961
1710778145.3667648,0.7341621319452921
1710778145.366878,0.7082390122943454
1710778145.3669913,0.6823158926433986
1710778145.3671045,0.6553418106502956
1710778145.3672178,0.6266161468293932
1710778145.3673308,0.598941445350647
1710778145.367444,0.5705661243862575
1710778145.3675573,0.5435920755068461
1710778145.3676705,0.5169683363702562
1710778145.3677835,0.48929363489151
1710778145.3678968,0.4630202054977417
1710778145.36801,0.4349951942761739
1710778145.3681233,0.4069701830546061
1710778145.3682363,0.37719359000523883
1710778145.3683496,0.3460157910982768
1710778145.3684628,0.3134367201063368
1710778145.368576,0.28120795885721844
1710778145.3686893,0.24932950735092163
1710778145.3688023,0.21710074610180324
1710778145.3689156,0.186273240380817
1710778145.3690288,0.15509542491700914
1710778145.369142,0.12426791919602288
1710778145.369255,0.09309009545379214
1710778145.3693683,0.06121165222591824
1710778145.3694816,0.02933320485883289
1710778145.3695948,-0.003595474279589123
1710778145.3697078,-0.036168172955513
1710778145.369821,-0.06804038253095415
1710778145.3699343,-0.09781113101376428
1710778145.3700476,-0.12898285355832842
1710778145.3701606,-0.15700237618552312
1710778145.3702738,-0.18572239412201774
1710778145.370387,-0.21374190847078958
1710778145.3705003,-0.2424619264072842
1710778145.3706136,-0.27258291840553284
1710778145.3707266,-0.30340439743465847
1710778145.3708398,-0.33527659045325386
1710778145.370953,-0.36714881658554077
1710778145.3710663,-0.3990210096041361
1710778145.3711793,-0.430192748705546
1710778145.3712926,-0.46066396766238743
1710778145.3714058,-0.4900844891866048
1710778145.371519,-0.5184542470508151
1710778145.371632,-0.5468240049150255
1710778145.3717453,-0.5751937627792358
1710778145.3718586,-0.6035635868708292
1710778145.3719718,-0.6322835551367866
1710778145.372085,-0.6599528259701198
1710778145.372198,-0.6872718864017062
1710778145.3723114,-0.7131899727715386
1710778145.3724246,-0.7377070188522339
1710778145.3725379,-0.7608231570985582
1710778145.3726509,-0.7828885316848755
1710778145.372764,-0.8056543933020698
1710778145.3728774,-0.82701928085751
1710778145.3729906,-0.8497851424747043
1710778145.3731036,-0.8736017015245225
1710778145.3732169,-0.897768603430854
1710778145.37333,-0.9226359261406792
1710778145.3734434,-0.9471529722213745
1710778145.3735564,-0.9720202949311998
1710778145.3736696,-0.9944359461466471
1710778145.3737829,-1.0161510441038344
1710778145.3738961,-1.0375159316592746
1710778145.3740094,-1.057830121782091
1710778145.3741224,-1.0774437586466472
1710778145.3742356,-1.0981081591712103
1710778145.3743489,-1.1184223492940266
1710778145.3744621,-1.138736539416843
1710778145.3745751,-1.1594009399414062
1710778145.3746884,-1.1779638131459553
1710778145.3748016,-1.1958262655470107
1710778145.374915,-1.2133385075463188
1710778145.375028,-1.2283990118238661
1710778145.3751411,-1.2420585420396593
1710778145.3752544,-1.2557180722554524
1710778145.3753676,-1.2700780232747395
1710778145.375481,-1.2823365794287787
1710778145.375594,-1.295996109644572
1710778145.3757071,-1.3107062710656059
1710778145.3758204,-1.3240155908796523
1710778145.3759336,-1.3362741470336914
1710778145.3760467,-1.3478321499294705
1710778145.37616,-1.3565883371565077
1710778145.3762732,-1.364643971125285
1710778145.3763864,-1.3716488414340549
1710778145.3764994,-1.377252737681071
1710778145.3766127,-1.382856633928087
1710778145.376726,-1.3881103197733562
1710778145.3768392,-1.3944146368238661
1710778145.3769524,-1.399668322669135
1710778145.3770654,-1.4049220085144043
1710778145.3771787,-1.4094751411014133
1710778145.377292,-1.4133278528849285
1710778145.3774052,-1.4143786165449355
1710778145.3775182,-1.4143786165449355
1710778145.3776314,-1.4140282736884222
1710778145.3777447,-1.4122770892249212
1710778145.377858,-1.4098253515031602
1710778145.377971,-1.4084243774414062
1710778145.3780842,-1.4066731929779053
1710778145.3781974,-1.4042214552561443
1710778145.3783107,-1.401769717534383
1710778145.3784237,-1.397566795349121
1710778145.378537,-1.3912624782986112
1710778145.3786502,-1.384257607989841
1710778145.3787634,-1.3744507895575628
1710778145.3788767,-1.3649941815270317
1710778145.3789897,-1.3548370202382405
1710778145.379103,-1.3453805446624756
1710778145.3792162,-1.3352233833736844
1710778145.3793294,-1.3268175390031602
1710778145.3794425,-1.318061484230889
1710778145.3795557,-1.3096556398603652
1710778145.379669,-1.300199031829834
1710778145.3797822,-1.2896916601392958
1710778145.3798952,-1.2781336572435167
1710778145.3800085,-1.2651745478312175
1710778145.3801217,-1.2518653604719374
1710778145.380235,-1.237155066596137
1710778145.3803482,-1.223145325978597
1710778145.3804612,-1.2087852425045438
1710778145.3805745,-1.1951258447435167
1710778145.3806877,-1.1807657612694633
1710778145.380801,-1.1653550465901692
1710778145.380914,-1.148543357849121
1710778145.3810272,-1.1299803521898057
1710778145.3811405,-1.1100165049235027
1710778145.3812537,-1.0886516173680623
1710778145.3813667,-1.067987216843499
1710778145.38148,-1.0459218422571819
1710778145.3815932,-1.0242066780726116
1710778145.3817065,-1.0038925541771782
1710778145.3818197,-0.9842788510852389
1710778145.3819327,-0.9643149375915527
1710778145.382046,-0.9443510240978664
1710778145.3821592,-0.9240369002024332
1710778145.3822725,-0.9026720126469929
1710778145.3823855,-0.8802563614315456
1710778145.3824987,-0.8581909868452284
1710778145.382612,-0.83402415116628
1710778145.3827252,-0.8105578025182087
1710778145.3828382,-0.7877919409010146
1710778145.3829515,-0.7650260792838203
1710778145.3830647,-0.742260217666626
1710778145.383178,-0.7187938690185547
1710778145.383291,-0.6953275203704834
1710778145.3834043,-0.670810408062405
1710778145.3835175,-0.6431411372290717
1710778145.3836308,-0.6151215897666084
1710778145.383744,-0.586051344871521
1710778145.383857,-0.5562806129455566
1710778145.3839703,-0.5265098479059007
1710778145.3840835,-0.49743960301081336
1710778145.3841968,-0.46871960163116455
1710778145.3843098,-0.4399995671378242
1710778145.384423,-0.4112795657581753
1710778145.3845363,-0.38220932086308795
1710778145.3846495,-0.35173806879255504
1710778145.3847625,-0.3212668498357137
1710778145.3848758,-0.2893946237034268
1710778145.384989,-0.2571721706125471
1710778145.3851023,-0.22494971752166748
1710778145.3852155,-0.19377799497710332
1710778145.3853285,-0.1629565159479777
1710778145.3854418,-0.13388626277446747
1710778145.385555,-0.10446576608551873
1710778145.3856683,-0.07609599166446261
1710778145.3857813,-0.04702573849095239
1710778145.3858945,-0.01725499311255084
1710778145.3860078,0.01321882630387942
1710778145.386121,0.04474695771932602
1710778145.386234,0.07662540508641137
1710778145.3863473,0.10640197330050997
1710778145.3864605,0.13652885953585306
1710778145.3865738,0.1659551097287072
1710778145.386687,0.19327950146463183
1710778145.3868,0.22095418638653225
1710778145.3869133,0.24792826837963527
1710778145.3870265,0.2756029533015357
1710778145.3871398,0.30292732848061454
1710778145.3872528,0.3316529591878255
1710778145.387366,0.36037858989503646
1710778145.3874793,0.3873526718881395
1710778145.3875926,0.4153776831097073
1710778145.3877056,0.4416511125034756
1710778145.3878188,0.46792457501093543
1710778145.387932,0.49279676543341744
1710778145.3880453,0.5169683363702562
1710778145.3881583,0.5407895975642734
1710778145.3882716,0.5660120646158854
1710778145.3883848,0.5915849076377021
1710778145.388498,0.617858370145162
1710778145.3886113,0.6444821092817519
1710778145.3887243,0.6718064679039849
1710778145.3888376,0.6980799304114448
1710778145.3889508,0.7229521539476182
1710778145.389064,0.7478243112564087
1710778145.389177,0.7709449529647827
1710778145.3892903,0.7940655946731567
1710778145.3894036,0.8164856168958876
1710778145.3895168,0.8392559157477485
1710778145.3896298,0.8616759379704793
1710778145.389743,0.8844462368223402
1710778145.3898563,0.9072165356742011
1710778145.3899696,0.9292862150404189
1710778145.3900828,0.9499546554353502
1710778145.3901958,0.9699224763446384
1710778145.390309,0.9881387816535102
1710778145.3904223,1.0042531622780693
1710778145.3905356,1.021768781873915
1710778145.3906486,1.0382334391276042
1710778145.3907619,1.0536472002665203
1710778145.390875,1.0715131627188788
1710778145.3909883,1.0890287823147244
1710778145.3911014,1.1061941252814398
1710778145.3912146,1.1230091253916423
1710778145.3913279,1.1387732293870714
1710778145.391441,1.153486304812961
1710778145.391554,1.1667981412675645
1710778145.3916674,1.1783585283491347
1710778145.3917806,1.1892182297176785
1710778145.3918939,1.2007784843444824
1710778145.392007,1.211287842856513
1710778145.3921201,1.2228482299380832
1710778145.3922334,1.233707931306627
1710778145.3923466,1.2442172898186576
1710778145.3924599,1.2540259626176622
1710778145.3925729,1.2627838717566595
1710778145.3926861,1.2704907523261175
1710778145.3927994,1.276095708211263
1710778145.3929126,1.280649767981635
1710778145.3930256,1.2848534848954942
1710778145.393139,1.288356648551093
1710778145.3932521,1.2918598122066922
1710778145.3933654,1.2953628434075248
1710778145.3934786,1.2995666927761502
1710778145.3935916,1.3023691707187228
1710778145.393705,1.3048213058047824
1710778145.3938181,1.3055219915178087
1710778145.3939314,1.3051716486612956
1710778145.3940444,1.303420066833496
1710778145.3941576,1.2995666927761502
1710778145.394271,1.2960635291205511
1710778145.3943841,1.2922100226084392
1710778145.3944972,1.288356648551093
1710778145.3946104,1.2848534848954942
1710778145.3947237,1.2817006640964084
1710778145.394837,1.2785478432973225
1710778145.3949502,1.2746944692399766
1710778145.3950632,1.2694397237565782
1710778145.3951764,1.2631340821584065
1710778145.3952897,1.2547266483306885
1710778145.395403,1.2456185287899442
1710778145.395516,1.2372109625074599
1710778145.3956292,1.226701603995429
1710778145.3957424,1.2175934844546847
1710778145.3958557,1.21023694674174
1710778145.3959687,1.2011288272009955
1710778145.396082,1.1916703648037381
1710778145.3961952,1.1811610062917073
1710778145.3963084,1.1706516477796767
1710778145.3964214,1.1576900217268202
1710778145.3965347,1.1443781852722168
1710778145.396648,1.130015320248074
1710778145.3967612,1.1160027980804443
1710778145.3968744,1.1012897226545546
1710778145.3969874,1.087977819972568
1710778145.3971007,1.0753666030036078
1710778145.397214,1.0613540808359783
1710778145.3973272,1.0483925210105047
1710778145.3974402,1.0343799988428752
1710778145.3975534,1.0189662377039592
1710778145.3976667,1.0007499986224704
1710778145.39778,0.9821834166844685
1710778145.397893,0.9622156620025635
1710778145.3980062,0.9408465358946059
1710778145.3981194,0.9198278188705444
1710778145.3982327,0.899159378475613
1710778145.398346,0.8774399757385254
1710778145.398459,0.856421258714464
1710778145.3985722,0.8347018559773762
1710778145.3986855,0.8122818337546455
1710778145.3987987,0.7888109154171413
1710778145.3989117,0.764639311366611
1710778145.399025,0.7390665345721774
1710778145.3991382,0.7127930720647176
1710778145.3992515,0.6882711913850572
1710778145.3993645,0.6633989678488837
1710778145.3994777,0.6385268105400933
1710778145.399591,0.6154061688317193
1710778145.3997042,0.591234564781189
1710778145.3998175,0.5667126841015285
1710778145.3999305,0.5421908365355598
1710778145.4000437,0.516267716884613
1710778145.400157,0.48789239592022365
1710778145.4002702,0.4581158028708564
1710778145.4003832,0.4279889331923591
1710778145.4004965,0.39716141091452706
1710778145.4006097,0.3666842314932081
1710778145.400723,0.3362070189581977
1710778145.400836,0.30678076876534355
1710778145.4009492,0.27665389908684623
1710778145.4010625,0.24722763233714634
1710778145.4011757,0.21710074610180324
1710778145.4012887,0.18557262089517382
1710778145.401402,0.153694169388877
1710778145.4015152,0.12146541641818152
1710778145.4016285,0.0899372829331292
1710778145.4017417,0.05805883970525529
1710778145.4018548,0.02793195553951793
1710778145.401968,-0.0014940098238488038
1710778145.4020813,-0.03091451194551256
1710778145.4021945,-0.05893403457270728
1710778145.4023075,-0.0876540525092019
1710778145.4024208,-0.11602381865183511
1710778145.402534,-0.14684529768096075
1710778145.4026473,-0.17661604616377088
1710778145.4027603,-0.207787768708335
1710778145.4028735,-0.23825900422202215
1710778145.4029868,-0.26767949263254803
1710778145.4031,-0.2963995271258884
1710778145.4032133,-0.3244190414746602
1710778145.4033263,-0.35103758176167804
1710778145.4034395,-0.37695563501781887
1710778145.4035528,-0.40427469544940525
1710778145.403666,-0.4312434792518616
1710778145.403779,-0.4582122630543179
1710778145.4038923,-0.48728254106309676
1710778145.4040055,-0.5153020554118686
1710778145.4041188,-0.542971326245202
1710778145.4042318,-0.5713411172231039
1710778145.404345,-0.5986601114273071
1710778145.4044583,-0.6242279873953925
1710778145.4045715,-0.6497957971360948
1710778145.4046848,-0.6753636068767971
1710778145.4047978,-0.7002309295866225
1710778145.404911,-0.7268494367599487
1710778145.4050243,-0.7538182867897881
1710778145.4051375,-0.7804367939631144
1710778145.4052505,-0.8081060647964478
1710778145.4053638,-0.83402415116628
1710778145.405477,-0.8595919609069824
1710778145.4055903,-0.8827080991533067
1710778145.4057033,-0.905824171172248
1710778145.4058166,-0.9275393353568183
1710778145.4059298,-0.9496047099431355
1710778145.406043,-0.9713198079003228
1710778145.406156,-0.9940856695175171
1710778145.4062693,-1.0175520181655884
1710778145.4063826,-1.0396173927519057
1710778145.4064958,-1.06273353099823
1710778145.406609,-1.0858496030171711
1710778145.406722,-1.1075647672017415
1710778145.4068353,-1.1268281936645508
1710778145.4069486,-1.1453910668690999
1710778145.4070618,-1.1636038621266682
1710778145.4071748,-1.1811159716712103
1710778145.407288,-1.1972272396087646
1710778145.4074013,-1.214389271206326
1710778145.4075146,-1.230150196287367
1710778145.4076276,-1.2462614642249212
1710778145.4077408,-1.2620223893059623
1710778145.407854,-1.2760321299235027
1710778145.4079673,-1.2879404756757948
1710778145.4080806,-1.298447847366333
1710778145.4081936,-1.307554112540351
1710778145.4083068,-1.315959956910875
1710778145.40842,-1.3240155908796523
1710778145.4085333,-1.3324214352501762
1710778145.4086463,-1.3415278328789604
1710778145.4087596,-1.3516848617129855
1710778145.4088728,-1.3621922334035237
1710778145.408986,-1.3723492622375488
1710778145.409099,-1.381455659866333
1710778145.4092124,-1.390211714638604
1710778145.4093256,-1.3968663745456271
1710778145.4094388,-1.4024702707926433
1710778145.4095519,-1.4066731929779053
1710778145.409665,-1.4108761151631672
1710778145.4097784,-1.4147288269466824
1710778145.4098916,-1.4178809854719374
1710778145.4100049,-1.4213834868537054
1710778145.4101179,-1.4234848817189534
1710778145.410231,-1.4241854349772136
1710778145.4103444,-1.4238352245754666
1710778145.4104576,-1.4213834868537054
1710778145.4105706,-1.4171805646684434
1710778145.4106839,-1.4112263255649142
1710778145.410797,-1.4045717981126573
1710778145.4109104,-1.397566795349121
1710778145.4110234,-1.390561925040351
1710778145.4111366,-1.383907397588094
1710778145.4112499,-1.378653711742825
1710778145.4113631,-1.3726994726392958
1710778145.4114764,-1.366044945187039
1710778145.4115894,-1.3597404956817627
1710778145.4117026,-1.3516848617129855
1710778145.411816,-1.3408272796207004
1710778145.4119291,-1.3303200403849285
1710778145.4120421,-1.318761905034383
1710778145.4121554,-1.3068536917368572
1710778145.4122686,-1.2956457667880588
1710778145.412382,-1.2844379742940266
1710778145.412495,-1.2728799713982475
1710778145.4126081,-1.2616721789042156
1710778145.4127214,-1.2504643864101834
1710778145.4128346,-1.23680485619439
1710778145.412948,-1.22209456231859
1710778145.413061,-1.2056330839792888
1710778145.4131742,-1.1891716056399875
1710778145.4132874,-1.1713091532389324
1710778145.4134007,-1.15309649043613
1710778145.4135137,-1.135234038035075
1710778145.413627,-1.1187725596957736
1710778145.4137402,-1.1012603839238484
1710778145.4138534,-1.0833979315227933
1710778145.4139664,-1.064834992090861
1710778145.4140797,-1.0455715656280518
1710778145.414193,-1.0238564676708646
1710778145.4143062,-1.001090539826287
1710778145.4144192,-0.9772739807764689
1710778145.4145324,-0.9531071450975206
1710778145.4146457,-0.9275393353568183
1710778145.414759,-0.904072986708747
1710778145.4148722,-0.8802563614315456
1710778145.4149852,-0.8560895257525973
1710778145.4150984,-0.831922690073649
1710778145.4152117,-0.8070553673638238
1710778145.415325,-0.7814875576231215
1710778145.415438,-0.7541684971915351
1710778145.4155512,-0.7254484626981947
1710778145.4156644,-0.6963782178031074
1710778145.4157777,-0.666607485877143
1710778145.4158907,-0.6368367539511787
1710778145.416004,-0.6074162324269613
1710778145.4161172,-0.5790464745627509
1710778145.4162304,-0.549625986152225
1710778145.4163437,-0.5219566822052002
1710778145.4164567,-0.49253619379467434
1710778145.41657,-0.4627654287550184
1710778145.4166832,-0.43159372276730007
1710778145.4167964,-0.40042198366589016
1710778145.4169095,-0.36854979064729476
1710778145.4170227,-0.33702780803044635
1710778145.417136,-0.306556589073605
1710778145.4172492,-0.27643559707535637
1710778145.4173622,-0.24771559569570753
1710778145.4174755,-0.21864533424377441
1710778145.4175887,-0.1906258033381568
1710778145.417702,-0.16085505485534668
1710778145.4178152,-0.13073407113552094
1710778145.4179282,-0.10166380968358782
1710778145.4180415,-0.07014184362358517
1710778145.4181547,-0.038970125218232475
1710778145.418268,-0.0070979151253898936
1710778145.418381,0.02267726593547397
1710778145.4184942,0.052804148031605616
1710778145.4186075,0.08188009262084961
1710778145.4187207,0.11025541358523898
1710778145.4188337,0.1400319900777605
1710778145.418947,0.1698085500134362
1710778145.4190602,0.20028574599160087
1710778145.4191735,0.23181388775507608
1710778145.4192865,0.26264139347606236
1710778145.4193997,0.29416951868269176
1710778145.419513,0.32429642147488064
1710778145.4196262,0.3537226716677348
1710778145.4197395,0.38209799263212413
1710778145.4198525,0.40907204151153564
1710778145.4199657,0.4356958137618171
1710778145.420079,0.462319552898407
1710778145.4201922,0.4885930154058668
1710778145.4203053,0.5155670642852783
1710778145.4204185,0.5432417657640245
1710778145.4205317,0.5709164672427707
1710778145.420645,0.5978905492358737
1710778145.420758,0.6241640117433336
1710778145.4208713,0.6500871313942803
1710778145.4209845,0.6746090120739406
1710778145.4210978,0.6984302732679579
1710778145.421211,0.7229521539476182
1710778145.421324,0.7467734151416354
1710778145.4214373,0.7716455724504259
1710778145.4215505,0.7965177959865993
1710778145.4216638,0.8227911922666762
1710778145.4217768,0.8483640352884928
1710778145.42189,0.8739368783103095
1710778145.4220033,0.8981084161334567
1710778145.4221165,0.9208787149853176
1710778145.4222295,0.9429484605789185
1710778145.4223428,0.9639671776029799
1710778145.422456,0.983584721883138
1710778145.4225693,1.0039028194215562
1710778145.4226825,1.0235203637017143
1710778145.4227955,1.0441888040966458
1710778145.4229088,1.0627553198072646
1710778145.423022,1.0830734835730658
1710778145.4231353,1.1012897226545546
1710778145.4232483,1.1198563045925565
1710778145.4233615,1.1352700657314725
1710778145.4234748,1.149632798300849
1710778145.423588,1.163995663324992
1710778145.423701,1.1769572893778484
1710778145.4238143,1.1899187829759386
1710778145.4239275,1.203230751885308
1710778145.4240408,1.2161922454833984
1710778145.4241538,1.2291538715362549
1710778145.424267,1.242115365134345
1710778145.4243803,1.2543763054741752
1710778145.4244936,1.264535453584459
1710778145.4246068,1.2732932302686903
1710778145.4247198,1.280649767981635
1710778145.424833,1.2866050667232938
1710778145.4249463,1.2904585732354057
1710778145.4250596,1.295713186264038
1710778145.4251726,1.2995666927761502
1710778145.4252858,1.3037704096900091
1710778145.425399,1.3072735733456082
1710778145.4255123,1.3114772902594671
1710778145.4256253,1.3139294253455267
1710778145.4257386,1.3156810071733263
1710778145.4258518,1.3156810071733263
1710778145.425965,1.314630111058553
1710778145.4260783,1.3128785292307537
1710778145.4261913,1.3114772902594671
1710778145.4263046,1.3100760512881808
1710778145.4264178,1.3093753655751545
1710778145.426531,1.3097257084316678
1710778145.426644,1.3100760512881808
1710778145.4267573,1.3093753655751545
1710778145.4268706,1.3086748123168945
1710778145.4269838,1.3055219915178087
1710778145.4270968,1.3020188278622098
1710778145.42721,1.295713186264038
1710778145.4273233,1.288356648551093
1710778145.4274366,1.280649767981635
1710778145.4275496,1.272242334153917
1710778145.4276628,1.2634844250149198
1710778145.427776,1.2557775444454617
1710778145.4278893,1.2470197677612305
1710778145.4280026,1.2379116482204862
1710778145.4281156,1.2281028429667156
1710778145.4282289,1.2168929311964247
1710778145.428342,1.2039313051435683
1710778145.4284554,1.1906194686889648
1710778145.4285684,1.1759062608083088
1710778145.4286816,1.160842842525906
1710778145.4287949,1.1471806632147894
1710778145.428908,1.1342191696166992
1710778145.4290211,1.1205568578508165
1710778145.4291344,1.1079456408818562
1710778145.4292476,1.0942834615707397
1710778145.4293609,1.0806212822596233
1710778145.429474,1.0648572444915771
1710778145.4295871,1.0476919015248616
1710778145.4297004,1.029475662443373
1710778145.4298136,1.0105587376488578
1710778145.4299269,0.9909412595960829
1710778145.43004,0.9720244010289509
1710778145.4301531,0.953107476234436
1710778145.4302664,0.9341906176673042
1710778145.4303796,0.9156240357293023
1710778145.4304926,0.8956562148200141
1710778145.430606,0.8749877744250827
1710778145.4307191,0.8539690574010212
1710778145.4308324,0.8297974533504909
1710778145.4309456,0.8045749531851875
1710778145.4310586,0.7790021763907539
1710778145.431172,0.7534293333689371
1710778145.4312851,0.7275062137179904
1710778145.4313984,0.7026339901818169
1710778145.4315114,0.6777618328730265
1710778145.4316247,0.652539332707723
1710778145.431738,0.6269664896859063
1710778145.4318511,0.5996421310636733
1710778145.4319642,0.5723177062140571
1710778145.4320774,0.5432417657640245
1710778145.4321907,0.5145161350568136
1710778145.432304,0.485440194606781
1710778145.432417,0.4563642541567484
1710778145.4325302,0.42763862344953746
1710778145.4326434,0.40136516094207764
1710778145.4327567,0.3743911120626661
1710778145.43287,0.3481176495552063
1710778145.432983,0.3214939104186164
1710778145.4330962,0.2938192089398702
1710778145.4332094,0.2657941977183024
1710778145.4333227,0.2360176377826267
1710778145.4334357,0.2058907515472836
1710778145.433549,0.17576386531194052
1710778145.4336622,0.14598730537626478
1710778145.4337754,0.11691135664780934
1710778145.4338884,0.08818571766217549
1710778145.4340017,0.05981040083699756
1710778145.434115,0.03178539375464121
1710778145.4342282,0.003760386672284868
1710778145.4343414,-0.025310605350467894
1710778145.4344544,-0.054731108248233795
1710778145.4345677,-0.08450185259183247
1710778145.434681,-0.11357211404376559
1710778145.4347942,-0.14334286252657572
1710778145.4349072,-0.17101213335990906
1710778145.4350204,-0.19833117723464966
1710778145.4351337,-0.22389898697535196
1710778145.435247,-0.24911656975746155
1710778145.43536,-0.2746843794981639
1710778145.4354732,-0.30060244931115043
1710778145.4355865,-0.32792147662904525
1710778145.4356997,-0.3559409909778171
1710778145.435813,-0.3839605384402805
1710778145.435926,-0.41373127036624485
1710778145.4360392,-0.4431517918904622
1710778145.4361525,-0.4725722803009881
1710778145.4362657,-0.5002415511343214
1710778145.4363787,-0.5279108550813463
1710778145.436492,-0.5559303363164266
1710778145.4366052,-0.582899186346266
1710778145.4367185,-0.6095176935195923
1710778145.4368315,-0.6378874513838027
1710778145.4369447,-0.666257275475396
1710778145.437058,-0.6932260592778524
1710778145.4371712,-0.7205450534820557
1710778145.4372842,-0.7468133502536349
1710778145.4373975,-0.7706299755308363
1710778145.4375107,-0.7937461137771606
1710778145.437624,-0.8165119753943549
1710778145.4377372,-0.8378768629497951
1710778145.4378502,-0.8588914738761054
1710778145.4379635,-0.8813071250915527
1710778145.4380767,-0.9023217360178629
1710778145.43819,-0.9254378742641872
1710778145.438303,-0.9496047099431355
1710778145.4384162,-0.9734212689929538
1710778145.4385295,-0.9961871306101481
1710778145.4386427,-1.0182525051964653
1710778145.4387558,-1.0385666953192816
1710778145.438869,-1.059231095843845
1710778145.4389822,-1.0784945223066542
1710778145.4390955,-1.0974076721403334
1710778145.4392087,-1.1170213752322726
1710778145.4393218,-1.1355842484368217
1710778145.439435,-1.154847674899631
1710778145.4395483,-1.1741111013624403
1710778145.4396615,-1.1912731329600017
1710778145.4397745,-1.2084350321027968
1710778145.4398878,-1.223845746782091
1710778145.440001,-1.2364546457926433
1710778145.4401143,-1.2487130694919162
1710778145.4402273,-1.2595706515842013
1710778145.4403405,-1.2704282336764865
1710778145.4404538,-1.2809356053670247
1710778145.440567,-1.2917931874593098
1710778145.4406803,-1.303000979953342
1710778145.4407933,-1.313508219189114
1710778145.4409065,-1.3233151700761583
1710778145.4410198,-1.3313706715901692
1710778145.441133,-1.3380253314971924
1710778145.441246,-1.3443297810024686
1710778145.4413593,-1.3481824927859836
1710778145.4414725,-1.3516848617129855
1710778145.4415858,-1.3551873630947537
1710778145.4416988,-1.3583395216200087
1710778145.441812,-1.3628926542070177
1710778145.4419253,-1.3670955763922796
1710778145.4420385,-1.3712984985775418
1710778145.4421515,-1.3744507895575628
1710778145.4422648,-1.3769023948245578
1710778145.442378,-1.3783033688863118
1710778145.4424913,-1.3779531584845648
1710778145.4426045,-1.3765521844228108
1710778145.4427176,-1.3751512103610568
1710778145.4428308,-1.3734000258975558
1710778145.442944,-1.3723492622375488
1710778145.4430573,-1.3712984985775418
1710778145.4431703,-1.3698975245157878
1710778145.4432836,-1.3691971037122939
1710778145.4433968,-1.3663951555887859
1710778145.44351,-1.3635932074652777
1710778145.443623,-1.3579893112182617
1710778145.4437363,-1.3520350721147325
1710778145.4438496,-1.3443297810024686
1710778145.4439628,-1.3366243574354384
1710778145.444076,-1.3285687234666612
1710778145.444189,-1.3208634323543973
1710778145.4443023,-1.3138585620456271
1710778145.4444156,-1.3068536917368572
1710778145.4445288,-1.298447847366333
1710778145.4446418,-1.2900418705410428
1710778145.444755,-1.2788340780470107
1710778145.4448683,-1.2672760751512315
1710778145.4449816,-1.2539667553371854
1710778145.4450946,-1.2399570147196453
1710778145.4452078,-1.223845746782091
1710778145.445321,-1.2084350321027968
1710778145.4454343,-1.1926741070217557
1710778145.4455473,-1.1776136027442083
1710778145.4456606,-1.1618525452084012
1710778145.4457738,-1.1453910668690999
1710778145.445887,-1.1292799313863118
1710778145.4460003,-1.1103667153252494
1710778145.4461133,-1.0900525914298163
1710778145.4462266,-1.068687703874376
1710778145.4463398,-1.0469725396898057
1710778145.446453,-1.0256076521343656
1710778145.446566,-1.0038925541771782
1710778145.4466794,-0.982877877023485
1710778145.4467926,-0.9618632660971748
1710778145.4469059,-0.9418993526034884
1710778145.4470189,-0.9215851624806721
1710778145.447132,-0.899870064523485
1710778145.4472454,-0.8778046899371676
1710778145.4473586,-0.8529373009999592
1710778145.4474719,-0.8284202549192641
1710778145.4475849,-0.8028524451785617
1710778145.447698,-0.7762338717778523
1710778145.4478114,-0.750315851635403
1710778145.4479246,-0.7243977652655708
1710778145.4480376,-0.6991801659266154
1710778145.4481509,-0.6729118691550361
1710778145.4482641,-0.6469938490125868
1710778145.4483774,-0.6193245119518703
1710778145.4484904,-0.5913050307167901
1710778145.4486036,-0.5615342987908257
1710778145.4487169,-0.5310630467202928
1710778145.4488301,-0.5005917946497599
1710778145.4489434,-0.47047081920835704
1710778145.4490564,-0.44140054119957817
1710778145.4491696,-0.4123302963044908
1710778145.449283,-0.3846610254711575
1710778145.4493961,-0.3573419650395711
1710778145.4495091,-0.3296726942062378
1710778145.4496224,-0.3020034233729045
1710778145.4497356,-0.27188243137465584
1710778145.449849,-0.2428121699227227
1710778145.449962,-0.21234093440903556
1710778145.4500751,-0.18221994241078696
1710778145.4501884,-0.1527994540002611
1710778145.4503016,-0.12372919254832797
1710778145.4504147,-0.09535941812727186
1710778145.450528,-0.06804038253095415
1710778145.4506412,-0.040371099279986486
1710778145.4507544,-0.0120013321025504
1710778145.4508677,0.016371639859345224
1710778145.4509807,0.0461482091082467
1710778145.451094,0.07697571482923296
1710778145.4512072,0.1078032288286421
1710778145.4513204,0.13863073454962835
1710778145.4514334,0.1698085500134362
1710778145.4515467,0.19888449046346876
1710778145.45166,0.22831075721316868
1710778145.4517732,0.25703638792037964
1710778145.4518862,0.28506139914194745
1710778145.4519994,0.31448764933480156
1710778145.4521127,0.3439138995276557
1710778145.452226,0.3733401828342014
1710778145.4523392,0.4038173622555203
1710778145.4524522,0.4346448845333523
1710778145.4525654,0.46442144446902806
1710778145.4526787,0.49454831414752537
1710778145.452792,0.5229236351119148
1710778145.452905,0.5505983365906609
1710778145.4530182,0.5768717659844292
1710778145.4531314,0.6038458479775323
1710778145.4532447,0.6315205494562784
1710778145.4533577,0.6591952509350246
1710778145.453471,0.6875705718994141
1710778145.4535842,0.7169967889785767
1710778145.4536974,0.745021833313836
1710778145.4538107,0.7733971542782253
1710778145.4539237,0.8000208934148152
1710778145.454037,0.8259440130657619
1710778145.4541502,0.8508162366019355
1710778145.4542634,0.8732362588246663
1710778145.4543765,0.8967071771621704
1710778145.4544897,0.918426579899258
1710778145.454603,0.9411968787511189
1710778145.4547162,0.9629162814882066
1710778145.4548292,0.9849859608544244
1710778145.4549425,1.006355020734999
1710778145.4550557,1.0273737377590604
1710778145.455169,1.0455900430679321
1710778145.455282,1.0634559392929077
1710778145.4553952,1.07992066277398
1710778145.4555085,1.095684700542026
1710778145.4556217,1.111098461680942
1710778145.455735,1.1275631851620145
1710778145.455848,1.1433272891574435
1710778145.4559612,1.1597919464111328
1710778145.4560745,1.1769572893778484
1710778145.4561877,1.1934219466315374
1710778145.4563007,1.2091860506269667
1710778145.456414,1.2228482299380832
1710778145.4565272,1.2351091702779133
1710778145.4566405,1.2456185287899442
1710778145.4567535,1.2561278873019748
1710778145.4568667,1.265236006842719
1710778145.45698,1.2746944692399766
1710778145.4570932,1.283452245924208
1710778145.4572065,1.2922100226084392
1710778145.4573195,1.3002672460344102
1710778145.4574327,1.3086748123168945
1710778145.457546,1.3149804539150662
1710778145.4576592,1.3195345136854384
1710778145.4577723,1.3226873344845242
1710778145.4578855,1.3254898124270968
1710778145.4579988,1.3272413942548964
1710778145.458112,1.3275916046566434
1710778145.458225,1.329693529340956
1710778145.4583383,1.3307444254557292
1710778145.4584515,1.3328463501400418
1710778145.4585648,1.3349482748243544
1710778145.458678,1.3363495137956407
1710778145.458791,1.3356488280826144
1710778145.4589043,1.3352984852261014
1710778145.4590175,1.3324960072835286
1710778145.4591308,1.3286426332261827
1710778145.4592438,1.3247891267140706
1710778145.459357,1.3198847240871854
1710778145.4594703,1.3156810071733263
1710778145.4595835,1.311126947402954
1710778145.4596965,1.3076237837473552
1710778145.4598098,1.3037704096900091
1710778145.459923,1.298866007063124
1710778145.4600363,1.2932610511779785
1710778145.4601493,1.2862547238667805
1710778145.4602625,1.2767963939242892
1710778145.4603758,1.2666372458140056
1710778145.460489,1.2554272015889485
1710778145.4606023,1.244567632675171
1710778145.4607153,1.2326569027370877
1710778145.4608285,1.2210966481102836
1710778145.4609418,1.21023694674174
1710778145.461055,1.1979760064019096
1710778145.461168,1.1853647232055664
1710778145.4612813,1.172403229607476
1710778145.4613945,1.156639125612047
1710778145.4615078,1.1394737826453314
1710778145.4616208,1.122308439678616
1710778145.461734,1.103391581111484
1710778145.4618473,1.0858759615156386
1710778145.4619606,1.0676597224341497
1710778145.4620738,1.0494434833526611
1710778145.4621868,1.0319278637568157
1710778145.4623,1.0144121779335868
1710778145.4624133,0.9958456622229682
1710778145.4625266,0.9755274984571669
1710778145.4626396,0.9538080957200792
1710778145.4627528,0.9303371773825752
1710778145.462866,0.9054650200737847
1710778145.4629793,0.8795418341954548
1710778145.4630923,0.8546696768866645
1710778145.4632056,0.8280459377500746
1710778145.4633188,0.803173714213901
1710778145.463432,0.7769002517064412
1710778145.463545,0.7520280943976508
1710778145.4636583,0.7264552513758341
1710778145.4637716,0.6998315122392442
1710778145.4638848,0.672156810760498
1710778145.463998,0.6444821092817519
1710778145.464111,0.6164571311738756
1710778145.4642243,0.5884320868386163
1710778145.4643376,0.5611077282163832
1710778145.4644508,0.5348342657089233
1710778145.4645638,0.5089111460579766
1710778145.464677,0.48403895563549465
1710778145.4647903,0.4588164554701911
1710778145.4649036,0.43254299296273124
1710778145.4650166,0.40521860122680664
1710778145.4651299,0.3764929705195957
1710778145.465243,0.34671641058391994
1710778145.4653563,0.3158888883060879
1710778145.4654696,0.28506139914194745
1710778145.4655826,0.25423389342096114
1710778145.4656959,0.2237566974427965
1710778145.465809,0.1936298112074534
1710778145.4659224,0.1638532347149319
1710778145.4660354,0.1340766665008333
1710778145.4661486,0.10359947052266863
1710778145.4662619,0.07242165505886078
1710778145.466375,0.04159414519866308
1710778145.4664881,0.009715700935986307
1710778145.4666014,-0.021808166056871414
1710778145.4667146,-0.05192915598551432
1710778145.4668279,-0.08099940915902455
1710778145.466941,-0.11006967061095767
1710778145.4670541,-0.13668821917639837
1710778145.4671674,-0.16400726305113897
1710778145.4672806,-0.1899253163072798
1710778145.4673939,-0.21829509072833592
1710778145.467507,-0.24631460507710773
1710778145.4676201,-0.2753848665290409
1710778145.4677334,-0.305155615011851
1710778145.4678466,-0.33492634693781537
1710778145.4679596,-0.36434686846203274
1710778145.468073,-0.3937673568725586
1710778145.4681861,-0.421786904335022
1710778145.4682994,-0.4498064186837938
1710778145.4684124,-0.4771254460016886
1710778145.4685256,-0.5044444733195834
1710778145.468639,-0.5324640207820468
1710778145.4687521,-0.5618845091925727
1710778145.4688654,-0.5913050307167901
1710778145.4689784,-0.6207254860136244
1710778145.4690917,-0.6501460075378418
1710778145.469205,-0.6792162524329292
1710778145.4693182,-0.7065353128645155
1710778145.4694312,-0.7324533992343478
1710778145.4695444,-0.7583714193767971
1710778145.4696577,-0.7832387420866225
1710778145.469771,-0.8081060647964478
1710778145.469884,-0.833323664135403
1710778145.4699972,-0.8588914738761054
1710778145.4701104,-0.8841090732150607
1710778145.4702237,-0.9096768829557631
1710778145.470337,-0.9334934420055813
1710778145.47045,-0.9576602776845295
1710778145.4705632,-0.9786749548382229
1710778145.4706764,-0.9996895657645332
1710778145.4707897,-1.0189529922273424
1710778145.4709027,-1.0364652342266507
1710778145.471016,-1.0546778970294528
1710778145.4711292,-1.072890626059638
1710778145.4712424,-1.0907530784606934
1710778145.4713554,-1.1096662282943726
1710778145.4714687,-1.1285793781280518
1710778145.471582,-1.1464418305291069
1710778145.4716952,-1.1629033088684082
1710778145.4718084,-1.1783140235477023
1710778145.4719214,-1.1930243174235027
1710778145.4720347,-1.2059832943810356
1710778145.472148,-1.218241850535075
1710778145.4722612,-1.231551170349121
1710778145.4723742,-1.2438097265031602
1710778145.4724874,-1.2571190463172064
1710778145.4726007,-1.2700780232747395
1710778145.472714,-1.2826867898305256
1710778145.472827,-1.2942447927263048
1710778145.4729402,-1.30510237481859
1710778145.4730535,-1.313508219189114
1710778145.4731667,-1.3212136427561443
1710778145.4732797,-1.3268175390031602
1710778145.473393,-1.3331219885084364
1710778145.4735062,-1.3387258847554524
1710778145.4736195,-1.3450302018059623
1710778145.4737327,-1.3513346513112385
1710778145.4738457,-1.3579893112182617
1710778145.473959,-1.3642936282687717
1710778145.4740722,-1.3702478673723009
1710778145.4741855,-1.3744507895575628
1710778145.4742985,-1.377252737681071
1710778145.4744117,-1.379003922144572
1710778145.474525,-1.380054685804579
1710778145.4746382,-1.380054685804579
1710778145.4747512,-1.3797043429480658
1710778145.4748645,-1.3793541325463188
1710778145.4749777,-1.3793541325463188
1710778145.475091,-1.3793541325463188
1710778145.4752042,-1.3783033688863118
1710778145.4753172,-1.3758517636193168
1710778145.4754305,-1.3726994726392958
1710778145.4755437,-1.3667453659905326
1710778145.475657,-1.3604410489400227
1710778145.47577,-1.3530858357747395
1710778145.4758832,-1.3460809654659696
1710778145.4759965,-1.3380253314971924
1710778145.4761097,-1.3313706715901692
1710778145.4762228,-1.3250663545396593
1710778145.476336,-1.3191122478908963
1710778145.4764493,-1.3128077983856201
1710778145.4765625,-1.30510237481859
1710778145.4766757,-1.295996109644572
1710778145.4767888,-1.2868897120157878
1710778145.476902,-1.2749813662634955
1710778145.4770153,-1.2623725997077093
1710778145.4771285,-1.2504643864101834
1710778145.4772415,-1.2378556198543973
1710778145.4773548,-1.224546300040351
1710778145.477468,-1.2119375334845648
1710778145.4775813,-1.1986282136705186
1710778145.4776943,-1.1849686834547255
1710778145.4778075,-1.1695579687754314
1710778145.4779208,-1.152396069632636
1710778145.478034,-1.1341832743750677
1710778145.478147,-1.1142194271087646
1710778145.4782603,-1.0935550265842013
1710778145.4783735,-1.0725403494305081
1710778145.4784868,-1.0515257385041978
1710778145.4786,-1.0312115483813815
1710778145.478713,-1.0108974244859483
1710778145.4788263,-0.990583234363132
1710778145.4789395,-0.9695686234368218
1710778145.4790528,-0.9471529722213745
1710778145.4791658,-0.9247373872333102
1710778145.479279,-0.9005705515543619
1710778145.4793923,-0.8757032288445367
1710778145.4795055,-0.8504856295055813
1710778145.4796185,-0.825968517197503
1710778145.4797318,-0.8014514711168077
1710778145.479845,-0.7776348458396064
1710778145.4799583,-0.7538182867897881
1710778145.4800715,-0.7300016615125868
1710778145.4801846,-0.7061850362353854
1710778145.4802978,-0.6806172264946831
1710778145.480411,-0.6543489297231039
1710778145.4805243,-0.6270299355189005
1710778145.4806373,-0.5986601114273071
1710778145.4807506,-0.5709908405939738
1710778145.4808638,-0.5426210827297634
1710778145.480977,-0.5156522989273071
1710778145.48109,-0.4897342456711663
1710778145.4812033,-0.46346591578589547
1710778145.4813166,-0.43824834956063163
1710778145.4814298,-0.4123302963044908
1710778145.4815428,-0.385711756017473
1710778145.481656,-0.35874297221501666
1710778145.4817693,-0.3314239117834303
1710778145.4818826,-0.30340439743465847
1710778145.4819958,-0.2753848665290409
1710778145.4821088,-0.24771559569570753
1710778145.482222,-0.22144728236728245
1710778145.4823353,-0.19517898559570312
1710778145.4824486,-0.16891067226727804
1710778145.4825616,-0.14299261901113722
1710778145.4826748,-0.11497308810551961
1710778145.482788,-0.08695356547832489
1710778145.4829013,-0.057182816995514765
1710778145.4830143,-0.02671158355143335
1710778145.4831276,0.005161637026402685
1710778145.4832408,0.035989143782191806
1710778145.483354,0.0671669633852111
1710778145.4834673,0.09764416350258721
1710778145.4835804,0.12707042197386423
1710778145.4836936,0.15614637070231968
1710778145.4838068,0.18417136536704168
1710778145.48392,0.2135976321167416
1710778145.484033,0.24302388230959573
1710778145.4841464,0.2720998227596283
1710778145.4842596,0.30257701873779297
1710778145.4843729,0.3316529591878255
1710778145.4844859,0.3607288996378581
1710778145.484599,0.3880532913737827
1710778145.4847124,0.4153776831097073
1710778145.4848256,0.44130080276065403
1710778145.4849389,0.46652330292595756
1710778145.4850519,0.493147075176239
1710778145.485165,0.5190701948271857
1710778145.4852784,0.5460442768202888
1710778145.4853916,0.5737189451853434
1710778145.4855046,0.6020942661497328
1710778145.4856179,0.629768967628479
1710778145.4857311,0.6577940119637383
1710778145.4858444,0.6844177511003282
1710778145.4859574,0.7096402512656318
1710778145.4860706,0.7341621319452921
1710778145.486184,0.7583336697684394
1710778145.4862971,0.7818046543333266
1710778145.4864101,0.8059761921564738
1710778145.4865234,0.8304980728361342
1710778145.4866366,0.8546696768866645
1710778145.48675,0.8784909380806817
1710778145.4868631,0.9023121992746989
1710778145.4869761,0.9254327747556899
1710778145.4870894,0.9464515580071343
1710778145.4872026,0.9657187594307793
1710778145.487316,0.9849859608544244
1710778145.487429,1.003202199935913
1710778145.4875422,1.0196669234169853
1710778145.4876554,1.0375328196419609
1710778145.4877687,1.0546981626086764
1710778145.4878817,1.0718634393480089
1710778145.487995,1.0900797446568806
1710778145.4881082,1.1058437824249268
1710778145.4882214,1.1209072007073295
1710778145.4883347,1.1356204085879855
1710778145.4884477,1.1475310060713027
1710778145.488561,1.1590912606981065
1710778145.4886742,1.1703013049231634
1710778145.4887874,1.1815113491482205
1710778145.4889004,1.1916703648037381
1710778145.4890137,1.203230751885308
1710778145.489127,1.2151413493686252
1710778145.4892402,1.226701603995429
1710778145.4893532,1.237561305363973
1710778145.4894664,1.2477204534742568
1710778145.4895797,1.257178783416748
1710778145.489693,1.264535453584459
1710778145.4898062,1.2715416484408908
1710778145.4899192,1.2771466043260362
1710778145.4900324,1.2827516926659477
1710778145.4901457,1.2887069914076064
1710778145.490259,1.295012633005778
1710778145.490372,1.3006175888909233
1710778145.4904852,1.306923230489095
1710778145.4905984,1.3121778435177274
1710778145.4907117,1.3149804539150662
1710778145.4908247,1.3184834851158989
1710778145.490938,1.3191841708289251
1710778145.4910512,1.318833827972412
1710778145.4911644,1.3184834851158989
1710778145.4912775,1.318133274714152
1710778145.4913907,1.318133274714152
1710778145.491504,1.3177829318576388
1710778145.4916172,1.3184834851158989
1710778145.4917305,1.3184834851158989
1710778145.4918435,1.3170822461446126
1710778145.4919567,1.31427976820204
1710778145.49207,1.3107766045464408
1710778145.4921832,1.303420066833496
1710778145.4922962,1.2964138719770644
1710778145.4924095,1.28800630569458
1710778145.4925227,1.2785478432973225
1710778145.492636,1.2694397237565782
1710778145.492749,1.260681947072347
1710778145.4928622,1.2508731418185763
1710778145.4929755,1.241064469019572
1710778145.4930887,1.2309053209092882
1710778145.493202,1.218994723425971
1710778145.493315,1.2053325441148546
1710778145.4934282,1.1913200219472249
1710778145.4935415,1.1773074997795951
1710778145.4936547,1.1615435282389324
1710778145.4937677,1.1475310060713027
1710778145.493881,1.13316814104716
1710778145.4939942,1.1195059617360432
1710778145.4941075,1.1061941252814398
1710778145.4942205,1.0921816031138103
1710778145.4943337,1.0767678419748943
1710778145.494447,1.0599528418646917
1710778145.4945602,1.0413862599266899
1710778145.4946735,1.0214184390174017
1710778145.4947865,0.9996991025076972
1710778145.4948997,0.9772790802849664
1710778145.495013,0.9555596775478786
1710778145.4951262,0.9327893786960177
1710778145.4952393,0.9100190798441569
1710778145.4953525,0.8879493342505561
1710778145.4954658,0.8651790353986952
1710778145.495579,0.8406571547190348
1710778145.495692,0.8164856168958876
1710778145.4958053,0.7905624310175577
1710778145.4959185,0.7635884152518378
1710778145.4960318,0.7362639904022217
1710778145.4961448,0.7099905941221449
1710778145.496258,0.6837171316146851
1710778145.4963713,0.6584946314493815
1710778145.4964845,0.633622407913208
1710778145.4965978,0.6098011467191908
1710778145.4967108,0.5845786465538872
1710778145.496824,0.5593561463885837
1710778145.4969373,0.5330827169948154
1710778145.4970505,0.5064589447445339
1710778145.4971635,0.477733314037323
1710778145.4972768,0.4493579930729336
1710778145.49739,0.4213329818513658
1710778145.4975033,0.39330797062979805
1710778145.4976163,0.36598361200756496
1710778145.4977295,0.3404107689857483
1710778145.4978428,0.31448764933480156
1710778145.497956,0.28716325759887695
1710778145.4980693,0.2594885726769765
1710778145.4981823,0.23111325171258715
1710778145.4982955,0.2013366917769114
1710778145.4984088,0.17085949579874674
1710778145.498522,0.1400319900777605
1710778145.498635,0.10920447607835133
1710778145.4987483,0.07872728010018666
1710778145.4988616,0.04860039800405502
1710778145.4989748,0.019524453414811026
1710778145.4990878,-0.009899867905510796
1710778145.499201,-0.038970125218232475
1710778145.4993143,-0.06874086956183116
1710778145.4994276,-0.1006130791372723
1710778145.4995406,-0.13283553222815195
1710778145.4996538,-0.164707750082016
1710778145.499767,-0.19693020317289564
1710778145.4998803,-0.2284521692328983
1710778145.4999936,-0.25892340474658543
1710778145.5001066,-0.2897448672188653
1710778145.5002198,-0.3191653887430827
1710778145.500333,-0.3485858771536085
1710778145.5004463,-0.3790570961104499
1710778145.5005593,-0.4088278611501058
1710778145.5006726,-0.4403498106532627
1710778145.5007858,-0.4725722803009881
1710778145.500899,-0.504794716835022
1710778145.501012,-0.5366669429673089
1710778145.5011253,-0.5674884054395888
1710778145.5012386,-0.5976094139946831
1710778145.5013518,-0.6259791718588935
1710778145.501465,-0.6539987193213569
1710778145.501578,-0.6813177135255601
1710778145.5016913,-0.7079362869262695
1710778145.5018046,-0.7349050707287258
1710778145.5019178,-0.7618738545311822
1710778145.5020308,-0.7888426383336384
1710778145.502144,-0.8151110013326008
1710778145.5022573,-0.8410290214750502
1710778145.5023706,-0.8655461337831285
1710778145.5024836,-0.8883119954003228
1710778145.5025969,-0.91002709335751
1710778145.50271,-0.9313919809129503
1710778145.5028234,-0.9517061710357666
1710778145.5029366,-0.9730710585912068
1710778145.5030496,-0.9951364331775241
1710778145.5031629,-1.0175520181655884
1710778145.503276,-1.0403178797827826
1710778145.5033894,-1.0634340180291069
1710778145.5035024,-1.0858496030171711
1710778145.5036156,-1.1065140035417345
1710778145.5037289,-1.1271784040662978
1710778145.503842,-1.14609162012736
1710778145.5039551,-1.1632535192701552
1710778145.5040684,-1.1811159716712103
1710778145.5041816,-1.1982780032687717
1710778145.5042949,-1.214739481608073
1710778145.504408,-1.231901380750868
1710778145.5045211,-1.2490634123484294
1710778145.5046344,-1.2648243374294705
1710778145.5047476,-1.2788340780470107
1710778145.5048609,-1.2914428446027968
1710778145.504974,-1.302300426695082
1710778145.5050871,-1.3117570347256131
1710778145.5052004,-1.3205132219526503
1710778145.5053136,-1.3285687234666612
1710778145.5054266,-1.3366243574354384
1710778145.50554,-1.3450302018059623
1710778145.5056531,-1.3541365994347465
1710778145.5057664,-1.3632429970635307
1710778145.5058794,-1.3716488414340549
1710778145.5059927,-1.3793541325463188
1710778145.506106,-1.386359002855089
1710778145.5062191,-1.3912624782986112
1710778145.5063324,-1.3954654004838731
1710778145.5064454,-1.398967769410875
1710778145.5065587,-1.4021200603908963
1710778145.506672,-1.4056224293178983
1710778145.5067852,-1.4087747202979193
1710778145.5068982,-1.4133278528849285
1710778145.5070114,-1.4168302218119304
1710778145.5071247,-1.4196321699354384
1710778145.507238,-1.4210331439971924
1710778145.507351,-1.4210331439971924
1710778145.5074642,-1.4192819595336914
1710778145.5075774,-1.4164800114101834
1710778145.5076907,-1.4122770892249212
1710778145.507804,-1.4080741670396593
1710778145.507917,-1.40282048119439
1710778145.5080302,-1.398967769410875
1710778145.5081434,-1.3947648472256131
1710778145.5082567,-1.3898615042368572
1710778145.5083697,-1.384257607989841
1710778145.508483,-1.3769023948245578
1710778145.5085962,-1.3691971037122939
1710778145.5087094,-1.3590399424235027
1710778145.5088224,-1.3478321499294705
1710778145.5089357,-1.3348731729719374
1710778145.509049,-1.3233151700761583
1710778145.5091622,-1.3110566139221191
1710778145.5092752,-1.29879805776808
1710778145.5093884,-1.2875902652740479
1710778145.5095017,-1.2749813662634955
1710778145.509615,-1.2620223893059623
1710778145.5097282,-1.2466116746266682
1710778145.5098412,-1.230150196287367
1710778145.5099545,-1.2119375334845648
1710778145.5100677,-1.1930243174235027
1710778145.510181,-1.1727101273006864
1710778145.510294,-1.152396069632636
1710778145.5104072,-1.1324320899115667
1710778145.5105205,-1.1128184530470107
1710778145.5106337,-1.0928545395533245
1710778145.5107467,-1.073240836461385
1710778145.51086,-1.0532769229676988
1710778145.5109732,-1.0319120354122586
1710778145.5110865,-1.0105471478568182
1710778145.5111997,-0.987781286239624
1710778145.5113127,-0.9639647271898057
1710778145.511426,-0.9401481019126045
1710778145.5115392,-0.9166817532645332
1710778145.5116525,-0.8942661020490859
1710778145.5117655,-0.8722007274627686
1710778145.5118787,-0.8504856295055813
1710778145.511992,-0.827719767888387
1710778145.5121052,-0.8046036296420627
1710778145.5122182,-0.7807870705922444
1710778145.5123315,-0.7548689842224121
1710778145.5124447,-0.7279002004199557
1710778145.512558,-0.7005811399883694
1710778145.5126712,-0.6725616587532891
1710778145.5127842,-0.6445421112908257
1710778145.5128975,-0.6165225638283623
1710778145.5130107,-0.5906045436859131
1710778145.513124,-0.5632854832543267
1710778145.513237,-0.5363166994518703
1710778145.5133502,-0.5100484026802911
1710778145.5134635,-0.4813283681869507
1710778145.5135767,-0.4519078797764248
1710778145.5136898,-0.42283763488133747
1710778145.513803,-0.39271662632624305
1710778145.5139163,-0.36294589440027875
1710778145.5140295,-0.3342258599069383
1710778145.5141425,-0.305856102042728
1710778145.5142558,-0.27783658769395614
1710778145.514369,-0.25016730030377704
1710778145.5144823,-0.22354874345991346
1710778145.5145955,-0.19552922911114162
1710778145.5147085,-0.1664589676592085
1710778145.5148218,-0.1370384626918369
1710778145.514935,-0.10691747069358826
1710778145.5150483,-0.07574574814902411
1710778145.5151613,-0.045274516774548426
1710778145.5152745,-0.015854016981191106
1710778145.5153878,0.01391945199833976
1710778145.515501,0.041944459080696106
1710778145.515614,0.07102040780915155
1710778145.5157273,0.10009634825918409
1710778145.5158405,0.1298729164732827
1710778145.5159538,0.1599997944302029
1710778145.516067,0.1915279361936781
1710778145.51618,0.2234063876999749
1710778145.5162933,0.2552848226494259
1710778145.5164065,0.28646263811323375
1710778145.5165198,0.3172901603910658
1710778145.5166328,0.34636610084109837
1710778145.516746,0.3754420412911309
1710778145.5168593,0.4038173622555203
1710778145.5169725,0.43219268321990967
1710778145.5170856,0.4612686236699422
1710778145.5171988,0.49034456411997474
1710778145.517312,0.5197708143128289
1710778145.5174253,0.5491970976193746
1710778145.5175383,0.5779227283265855
1710778145.5176516,0.6052470869488186
1710778145.5177648,0.6322211689419216
1710778145.517878,0.6570933924780952
1710778145.5179913,0.6809145874447292
1710778145.5181043,0.7054365343517727
1710778145.5182176,0.7285571098327637
1710778145.5183308,0.752728713883294
1710778145.518444,0.776199632220798
1710778145.518557,0.8007215129004585
1710778145.5186703,0.8252433935801188
1710778145.5187836,0.8487143781450059
1710778145.5188968,0.8704337146547105
1710778145.5190098,0.8921531173917983
1710778145.519123,0.9110699759589301
1710778145.5192363,0.9289359384112887
1710778145.5193496,0.9468019008636475
1710778145.5194628,0.9639671776029799
1710778145.5195758,0.9818331400553385
1710778145.519689,0.998998483022054
1710778145.5198023,1.0168643792470295
1710778145.5199156,1.0336793793572319
1710778145.5200286,1.0508447223239474
1710778145.5201418,1.0666087600919936
1710778145.520255,1.0809716251161363
1710778145.5203683,1.0946338044272528
1710778145.5204813,1.107245021396213
1710778145.5205946,1.1198563045925565
1710778145.5207078,1.133518483903673
1710778145.520821,1.1468303203582764
1710778145.5209343,1.160842842525906
1710778145.5210474,1.1748553646935356
1710778145.5211606,1.1892182297176785
1710778145.5212739,1.202880409028795
1710778145.521387,1.2154916922251384
1710778145.5215,1.2249500221676297
1710778145.5216134,1.233707931306627
1710778145.5217266,1.241414811876085
1710778145.5218399,1.2477204534742568
1710778145.5219529,1.2543763054741752
1710778145.522066,1.260331604215834
1710778145.5221794,1.2666372458140056
1710778145.5222926,1.272592544555664
1710778145.5224056,1.2785478432973225
1710778145.5225189,1.283452245924208
1710778145.5226321,1.28730575243632
1710778145.5227454,1.2890573342641194
1710778145.5228586,1.291159126493666
1710778145.5229716,1.291509469350179
1710778145.5230849,1.2922100226084392
1710778145.5231981,1.2932610511779785
1710778145.5233114,1.2943119472927518
1710778145.5234244,1.295713186264038
1710778145.5235376,1.2974647680918376
1710778145.523651,1.298866007063124
1710778145.5237641,1.2995666927761502
1710778145.5238771,1.2981654538048637
1710778145.5239904,1.2953628434075248
1710778145.5241036,1.291159126493666
1710778145.524217,1.2852038277520073
1710778145.5243301,1.2799490822686088
1710778145.5244431,1.2736435731252034
1710778145.5245564,1.2673379315270317
1710778145.5246696,1.2617328431871202
1710778145.524783,1.2554272015889485
1710778145.524896,1.2484210067325168
1710778145.5250092,1.2400135729047987
1710778145.5251224,1.2305551105075412
1710778145.5252357,1.218994723425971
1710778145.5253487,1.2053325441148546
1710778145.525462,1.1916703648037381
1710778145.5255752,1.1773074997795951
1710778145.5256884,1.1632951100667317
1710778145.5258017,1.149282587899102
1710778145.5259147,1.1349197228749592
1710778145.526028,1.1209072007073295
1710778145.5261412,1.1058437824249268
1710778145.5262544,1.0900797446568806
1710778145.5263674,1.0729144016901653
1710778145.5264807,1.0550484392378066
1710778145.526594,1.0361315806706746
1710778145.5267072,1.0165141026178997
1710778145.5268202,0.9972469011942545
1710778145.5269334,0.9779796997706095
1710778145.5270467,0.9597634606891208
1710778145.52716,0.941547155380249
1710778145.527273,0.9240315357844034
1710778145.5273862,0.9054650200737847
1710778145.5274994,0.8854971991644965
1710778145.5276127,0.8655293782552083
1710778145.527726,0.8431093560324775
1710778145.527839,0.8196384376949734
1710778145.5279522,0.7958171765009562
1710778145.5280654,0.7726965347925822
1710778145.5281787,0.748875273598565
1710778145.5282917,0.7268055942323473
1710778145.528405,0.7040352291531032
1710778145.5285182,0.6809145874447292
1710778145.5286314,0.6581442885928683
1710778145.5287445,0.6350236468844943
1710778145.5288577,0.6108521090613471
1710778145.528971,0.5856296088960435
1710778145.5290842,0.5597064892450968
1710778145.5291975,0.5341336462232802
1710778145.5293105,0.5089111460579766
1710778145.5294237,0.48403895563549465
1710778145.529537,0.46056800418429905
1710778145.5296502,0.4356958137618171
1710778145.5297632,0.41187455256779987
1710778145.5298765,0.3870023621453179
1710778145.5299897,0.3610792424943712
1710778145.530103,0.333404541015625
1710778145.530216,0.30467891030841404
1710778145.5303292,0.27455202407307094
1710778145.5304425,0.24442513783772785
1710778145.5305557,0.21394794185956317
1710778145.530669,0.18417136536704168
1710778145.530782,0.15439480543136597
1710778145.5308952,0.1253188567029105
1710778145.5310085,0.0958925982316335
1710778145.5311217,0.0668166536423895
1710778145.5312347,0.03704008128907945
1710778145.531348,0.006913200227750672
1710778145.5314612,-0.023909629219108157
1710778145.5315745,-0.05438086473279529
1710778145.5316875,-0.08485209610727099
1710778145.5318007,-0.1139223575592041
1710778145.531914,-0.14159162839253744
1710778145.5320272,-0.16961115929815504
1710778145.5321403,-0.19622971614201862
1710778145.5322535,-0.22284825642903644
1710778145.5323668,-0.25086778733465404
1710778145.53248,-0.2795878052711487
1710778145.5325933,-0.30935853719711304
1710778145.5327063,-0.33982978926764595
1710778145.5328195,-0.3713517387708028
1710778145.5329328,-0.4018229908413357
1710778145.533046,-0.43229420979817706
1710778145.533159,-0.4613644546932644
1710778145.5332723,-0.4904347327020433
1710778145.5333855,-0.5191547340816921
1710778145.5334988,-0.547174248430464
1710778145.5336118,-0.5751937627792358
1710778145.533725,-0.6049645609325832
1710778145.5338383,-0.6340348058276706
1710778145.5339515,-0.6624045636918809
1710778145.5340648,-0.6918250852160983
1710778145.5341778,-0.7198445664511787
1710778145.534291,-0.7454123761918809
1710778145.5344043,-0.7713304625617133
1710778145.5345175,-0.7954972982406616
1710778145.5346305,-0.8189636468887329
1710778145.5347438,-0.8417295085059272
1710778145.534857,-0.8641451597213745
1710778145.5349703,-0.8879617187711928
1710778145.5350833,-0.910727580388387
1710778145.5351965,-0.9345442056655884
1710778145.5353098,-0.9576602776845295
1710778145.535423,-0.9793754418690999
1710778145.535536,-1.0000398423936632
1710778145.5356493,-1.0200037558873494
1710778145.5357625,-1.0378662082884047
1710778145.5358758,-1.055028173658583
1710778145.535989,-1.0725403494305081
1710778145.536102,-1.0897023148006864
1710778145.5362153,-1.1079150438308716
1710778145.5363286,-1.1268281936645508
1710778145.5364418,-1.1446906460656059
1710778145.5365548,-1.1629033088684082
1710778145.536668,-1.1800653404659696
1710778145.5367813,-1.1958262655470107
1710778145.5368946,-1.2108867698245578
1710778145.5370076,-1.224546300040351
1710778145.5371208,-1.2378556198543973
1710778145.537234,-1.2508145968119304
1710778145.5373473,-1.2651745478312175
1710778145.5374606,-1.2777834468417697
1710778145.5375736,-1.2917931874593098
1710778145.5376868,-1.30580292807685
1710778145.5378,-1.318761905034383
1710778145.5379133,-1.3306702507866752
1710778145.5380263,-1.3411776224772136
1710778145.5381396,-1.3499336772494845
1710778145.5382528,-1.3586897320217557
1710778145.538366,-1.366044945187039
1710778145.538479,-1.3726994726392958
1710778145.5385923,-1.380054685804579
1710778145.5387056,-1.3881103197733562
1710778145.5388188,-1.3965161641438801
1710778145.538932,-1.4031708240509033
1710778145.539045,-1.4098253515031602
1710778145.5391583,-1.4147288269466824
1710778145.5392716,-1.4175307750701904
1710778145.5393848,-1.4185815387301974
1710778145.5394979,-1.4185815387301974
1710778145.539611,-1.4178809854719374
1710778145.5397243,-1.4150790373484294
1710778145.5398376,-1.4133278528849285
1710778145.5399506,-1.4108761151631672
1710778145.5400639,-1.4087747202979193
1710778145.540177,-1.4066731929779053
1710778145.5402904,-1.4038712448543973
1710778145.5404034,-1.398617559009128
1710778145.5405166,-1.391962899102105
1710778145.5406299,-1.384958028793335
1710778145.540743,-1.3758517636193168
1710778145.5408564,-1.3674459192487929
1710778145.5409694,-1.3586897320217557
1710778145.5410826,-1.3499336772494845
1710778145.5411959,-1.3422282536824544
1710778145.541309,-1.3341726197136772
1710778145.5414221,-1.3261171181996663
1710778145.5415354,-1.317711141374376
1710778145.5416486,-1.3068536917368572
1710778145.5417619,-1.2945951355828178
1710778145.541875,-1.2812858157687717
1710778145.5419881,-1.2679764959547255
1710778145.5421014,-1.2518653604719374
1710778145.5422146,-1.2364546457926433
1710778145.542328,-1.221744351916843
1710778145.542441,-1.2059832943810356
1710778145.5425541,-1.1909227901034884
1710778145.5426674,-1.1748116546207004
1710778145.5427806,-1.157299412621392
1710778145.5428936,-1.138736539416843
1710778145.543007,-1.1180721388922796
1710778145.5431201,-1.0967071851094563
1710778145.5432334,-1.074291600121392
1710778145.5433464,-1.052226225535075
1710778145.5434597,-1.0298105743196275
1710778145.543573,-1.0073949893315632
1710778145.5436862,-0.987781286239624
1710778145.5437994,-0.9664163986841837
1710778145.5439124,-0.9450515111287434
1710778145.5440257,-0.9233364131715562
1710778145.544139,-0.9009207619561089
1710778145.5442522,-0.8771042029062907
1710778145.5443652,-0.8529373009999592
1710778145.5444784,-0.828069978290134
1710778145.5445917,-0.8035529322094387
1710778145.544705,-0.7793860965304904
1710778145.544818,-0.7552192608515421
1710778145.5449312,-0.7321031226052178
1710778145.5450444,-0.7089870505862765
1710778145.5451577,-0.6848201486799452
1710778145.5452707,-0.660653313000997
1710778145.545384,-0.6333343187967936
1710778145.5454972,-0.6053147713343302
1710778145.5456104,-0.5769450134701198
1710778145.5457237,-0.547174248430464
1710778145.5458367,-0.5170532729890611
1710778145.54595,-0.48763278457853526
1710778145.5460632,-0.4582122630543179
1710778145.5461764,-0.4298425051901075
1710778145.5462894,-0.4011225038104587
1710778145.5464027,-0.3717019822862413
1710778145.546516,-0.34228149387571544
1710778145.5466292,-0.310759511258867
1710778145.5467422,-0.2799380487865872
1710778145.5468554,-0.24736533562342325
1710778145.5469687,-0.2158433695634206
1710778145.547082,-0.18432142006026372
1710778145.5471952,-0.1531496975156996
1710778145.5473082,-0.12337894075446658
1710778145.5474215,-0.09325795703464083
1710778145.5475347,-0.06348720855183071
1710778145.547648,-0.033366220692793526
1710778145.547761,-0.0014940098238488038
1710778145.5478742,0.03143508194221391
1710778145.5479875,0.06436446474658118
1710778145.5481007,0.09939572049511804
1710778145.5482137,0.13302572899394566
1710778145.548327,0.16630543602837455
1710778145.5484402,0.1995851265059577
1710778145.5485535,0.23041263222694397
1710778145.5486667,0.2615904476907518
1710778145.5487797,0.29101669788360596
1710778145.548893,0.3211436006757948
1710778145.5490062,0.3516207800971137
1710778145.5491195,0.38104703028996784
1710778145.5492325,0.4115242428249783
1710778145.5493457,0.44130080276065403
1710778145.549459,0.47037674321068657
1710778145.5495722,0.49805144468943274
1710778145.5496852,0.5264267656538222
1710778145.5497985,0.5523498853047689
1710778145.5499117,0.5775723854700724
1710778145.550025,0.6038458479775323
1710778145.550138,0.629768967628479
1710778145.5502512,0.656743049621582
1710778145.5503645,0.6847680277294582
1710778145.5504777,0.7124427292082045
1710778145.550591,0.7408180501725938
1710778145.550704,0.76849275165134
1710778145.5508173,0.7944158713022867
1710778145.5509305,0.8196384376949734
1710778145.5510437,0.8431093560324775
1710778145.5511568,0.8655293782552083
1710778145.55127,0.887599057621426
1710778145.5513833,0.9089681175020006
1710778145.5514965,0.9303371773825752
1710778145.5516095,0.9527571996053059
1710778145.5517228,0.9737759166293674
1710778145.551836,0.995145042737325
1710778145.5519493,1.0144121779335868
1710778145.5520625,1.033329102728102
1710778145.5521755,1.0504943794674344
1710778145.5522888,1.0669591029485066
1710778145.552402,1.0827231407165527
1710778145.5525153,1.0981369018554688
1710778145.5526283,1.1135506629943848
1710778145.5527415,1.129665109846327
1710778145.5528548,1.1461297671000164
1710778145.552968,1.1625944243537054
1710778145.553081,1.179409424463908
1710778145.5531943,1.1937722894880507
1710778145.5533075,1.2077848116556804
1710778145.5534208,1.2203959623972576
1710778145.5535338,1.2319563494788275
1710778145.553647,1.2428160508473713
1710778145.5537603,1.2533254093594022
1710778145.5538735,1.2631340821584065
1710778145.5539868,1.2750448120964897
1710778145.5540998,1.2855541706085205
1710778145.554213,1.2967642148335774
1710778145.5543263,1.306923230489095
1710778145.5544395,1.3156810071733263
1710778145.5545526,1.3240885734558105
1710778145.5546658,1.330043872197469
1710778145.554779,1.3342475891113281
1710778145.5548923,1.3381010956234403
1710778145.5550053,1.3409035735660129
1710778145.5551186,1.3437060515085857
1710778145.5552318,1.3461581865946453
1710778145.555345,1.3493110073937309
1710778145.5554583,1.3503620359632704
1710778145.5555713,1.35281417104933
1710778145.5556846,1.3521134853363037
1710778145.5557978,1.3503620359632704
1710778145.555911,1.3479097684224446
1710778145.556024,1.3430053657955594
1710778145.5561373,1.3381010956234403
1710778145.5562506,1.3324960072835286
1710778145.5563638,1.3275916046566434
1710778145.5564768,1.3230375448862712
1710778145.55659,1.3177829318576388
1710778145.5567033,1.3135792149437797
1710778145.5568166,1.3072735733456082
1710778145.5569298,1.2999169031778972
1710778145.5570428,1.291159126493666
1710778145.557156,1.2799490822686088
1710778145.5572693,1.268388827641805
1710778145.5573826,1.2550769911872015
1710778145.5574956,1.241765022277832
1710778145.5576088,1.2284531858232286
1710778145.557722,1.2147910065121121
1710778145.5578353,1.2011288272009955
1710778145.5579484,1.1888678868611653
1710778145.5580616,1.1748553646935356
1710778145.5581748,1.1597919464111328
1710778145.558288,1.1433272891574435
1710778145.558401,1.1268624994489882
1710778145.5585144,1.1089966032240126
1710778145.5586276,1.0921816031138103
1710778145.5587409,1.0739653640323215
1710778145.558854,1.0582012600368924
1710778145.558967,1.0424372222688463
1710778145.5590804,1.026322841644287
1710778145.5591936,1.0098581181632147
1710778145.5593069,0.9933934609095255
1710778145.5594199,0.9751772218280368
1710778145.559533,0.9552094009187486
1710778145.5596464,0.9331396553251479
1710778145.5597596,0.9103693564732869
1710778145.5598726,0.8861978186501397
1710778145.5599859,0.8630771769417657
1710778145.5600991,0.8389055728912354
1710778145.5602124,0.8147340350680881
1710778145.5603256,0.791263116730584
1710778145.5604386,0.7674418555365669
1710778145.560552,0.7436205943425497
1710778145.5606651,0.7169967889785767
1710778145.5607784,0.6921246316697862
1710778145.5608914,0.6651505496766832
1710778145.5610046,0.6388770871692233
1710778145.561118,0.6119030714035034
1710778145.5612311,0.5856296088960435
1710778145.5613441,0.56040710873074
1710778145.5614574,0.5355348851945665
1710778145.5615706,0.5120639668570625
1710778145.561684,0.4875420861774021
1710778145.5617971,0.462319552898407
1710778145.5619102,0.43639643324746025
1710778145.5620234,0.40872173176871407
1710778145.5621367,0.3803464108043247
1710778145.56225,0.3519710898399353
1710778145.562363,0.321844220161438
1710778145.5624762,0.29276827971140545
1710778145.5625894,0.2640426324473487
1710778145.5627027,0.23566732803980509
1710778145.5628157,0.2072920070754157
1710778145.562929,0.17821605006853738
1710778145.5630422,0.14914010961850485
1710778145.5631554,0.11901323166158465
1710778145.5632684,0.08678447041246626
1710778145.5633817,0.054555713302559324
1710778145.563495,0.022326954123046663
1710778145.5636082,-0.010950599486629168
1710778145.5637214,-0.04177207748095194
1710778145.5638344,-0.07294380002551608
1710778145.5639477,-0.10341503553920321
1710778145.564061,-0.13318577574359045
1710778145.5641742,-0.16330677602026197
1710778145.5642872,-0.19307750794622633
1710778145.5644004,-0.22319849994447497
1710778145.5645137,-0.2547204660044776
1710778145.564627,-0.28519170151816475
1710778145.56474,-0.31636344061957467
1710778145.5648532,-0.3457839290301005
1710778145.5649664,-0.37415368689431083
1710778145.5650797,-0.4011225038104587
1710778145.565193,-0.42739080058203804
1710778145.565306,-0.4526083668073018
1710778145.5654192,-0.47852642006344265
1710778145.5655324,-0.504794716835022
1710778145.5656457,-0.5310630467202928
1710778145.5657587,-0.5580317974090576
1710778145.565872,-0.586051344871521
1710778145.5659852,-0.6137206157048544
1710778145.5660985,-0.6413898865381876
1710778145.5662115,-0.666607485877143
1710778145.5663247,-0.6918250852160983
1710778145.566438,-0.7156416442659166
1710778145.5665512,-0.7387577825122409
1710778145.5666645,-0.7618738545311822
1710778145.5667775,-0.7860406902101305
1710778145.5668907,-0.8095070388582017
1710778145.567004,-0.8336739407645332
1710778145.5671172,-0.8571402894126045
1710778145.5672302,-0.8802563614315456
1710778145.5673435,-0.9023217360178629
1710778145.5674567,-0.9233364131715562
1710778145.56757,-0.9436505370669894
1710778145.567683,-0.9625637531280518
1710778145.5677962,-0.981126692559984
1710778145.5679095,-1.0007403294245403
1710778145.5680227,-1.0203539662890964
1710778145.5681357,-1.0403178797827826
1710778145.568249,-1.0609822803073459
1710778145.5683622,-1.0816466808319092
1710778145.5684755,-1.1019608709547255
1710778145.5685887,-1.1208740870157878
1710778145.5687017,-1.13838619656033
1710778145.568815,-1.154497464497884
1710778145.5689282,-1.1695579687754314
1710778145.5690415,-1.1839179197947185
1710778145.5691545,-1.1979277928670247
1710778145.5692677,-1.2119375334845648
1710778145.569381,-1.2255970637003581
1710778145.5694942,-1.240307225121392
1710778145.5696073,-1.2529159916771782
1710778145.5697205,-1.2658751010894775
1710778145.5698338,-1.2770828935835097
1710778145.569947,-1.2868897120157878
1710778145.5700603,-1.2952955563863118
1710778145.5701733,-1.303000979953342
1710778145.5702865,-1.3103560606638591
1710778145.5703998,-1.318411694632636
1710778145.570513,-1.3261171181996663
1710778145.570626,-1.3345229625701904
1710778145.5707393,-1.3450302018059623
1710778145.5708525,-1.3530858357747395
1710778145.5709658,-1.3597404956817627
1710778145.5710788,-1.3667453659905326
1710778145.571192,-1.3712984985775418
1710778145.5713053,-1.3741004467010498
1710778145.5714185,-1.3769023948245578
1710778145.5715315,-1.377252737681071
1710778145.5716448,-1.3793541325463188
1710778145.571758,-1.380404896206326
1710778145.5718713,-1.381455659866333
1710778145.5719845,-1.38180587026808
1710778145.5720975,-1.382156080669827
1710778145.5722108,-1.380404896206326
1710778145.572324,-1.377252737681071
1710778145.5724373,-1.3730498154958088
1710778145.5725503,-1.3667453659905326
1710778145.5726635,-1.3597404956817627
1710778145.5727768,-1.3523854149712455
1710778145.57289,-1.3450302018059623
1710778145.573003,-1.3380253314971924
1710778145.5731163,-1.3317210144466824
1710778145.5732296,-1.3243658012813992
1710778145.5733428,-1.317010720570882
1710778145.573456,-1.3096556398603652
1710778145.573569,-1.300199031829834
1710778145.5736823,-1.2893414497375488
1710778145.5737956,-1.2770828935835097
1710778145.5739088,-1.2641239166259766
1710778145.5740218,-1.2511648072136772
1710778145.574135,-1.238556040657891
1710778145.5742483,-1.226297484503852
1710778145.5743616,-1.2133385075463188
1710778145.5744746,-1.2021307150522869
1710778145.5745878,-1.1888213952382405
1710778145.574701,-1.1741111013624403
1710778145.5748143,-1.1583501762813992
1710778145.5749276,-1.141888697942098
1710778145.5750406,-1.1236760351392958
1710778145.5751538,-1.1054633061091106
1710778145.575267,-1.0869003666771782
1710778145.5753803,-1.068687703874376
1710778145.5754933,-1.0508252514733207
1710778145.5756066,-1.0340134965048895
1710778145.5757198,-1.0168515311347113
1710778145.575833,-1.0003900527954102
1710778145.575946,-0.981476902961731
1710778145.5760593,-0.9625637531280518
1710778145.5761726,-0.9422495630052354
1710778145.5762858,-0.9215851624806721
1710778145.5763988,-0.9002202749252319
1710778145.576512,-0.8785051769680446
1710778145.5766253,-0.8574904998143513
1710778145.5767386,-0.8357754018571641
1710778145.5768518,-0.8154612117343478
1710778145.5769649,-0.7940963241789076
1710778145.577078,-0.7709802521599664
1710778145.5771914,-0.747864113913642
1710778145.5773046,-0.7215958171420627
1710778145.5774176,-0.6946270333396064
1710778145.5775309,-0.666957762506273
1710778145.577644,-0.6382377280129327
1710778145.5777574,-0.6098679701487223
1710778145.5778704,-0.582198699315389
1710778145.5779836,-0.5552298823992411
1710778145.5780969,-0.5289615856276618
1710778145.57821,-0.502693255742391
1710778145.5783234,-0.4757244719399346
1710778145.5784364,-0.4491059316529168
1710778145.5785496,-0.4196854101286994
1710778145.5786629,-0.39236638281080455
1710778145.5787761,-0.36294589440027875
1710778145.5788891,-0.3328248858451843
1710778145.5790024,-0.30410488446553546
1710778145.5791156,-0.27573511004447937
1710778145.5792289,-0.24701509210798475
1710778145.579342,-0.21864533424377441
1710778145.5794551,-0.1899253163072798
1710778145.5795684,-0.1619057854016622
1710778145.5796816,-0.13073407113552094
1710778145.579795,-0.09991259210639529
1710778145.579908,-0.06733989550007714
1710778145.5800211,-0.034767194754547544
1710778145.5801344,-0.002894986213909255
1710778145.5802476,0.02968351874086592
1710778145.5803607,0.05946008695496453
1710778145.580474,0.09098822044001685
1710778145.5805871,0.11971385114722781
1710778145.5807004,0.14949041936132643
1710778145.5808134,0.17961730559666952
1710778145.5809267,0.20939388208919102
1710778145.58104,0.23952075176768833
1710778145.5811532,0.2710488935311635
1710778145.5812662,0.30187639925214976
1710778145.5813794,0.3327039215299818
1710778145.5814927,0.36248048146565753
1710778145.581606,0.39050549268722534
1710778145.5817192,0.4181801941659715
1710778145.5818322,0.4448039333025614
1710778145.5819454,0.47072705295350814
1710778145.5820587,0.49770113494661117
1710778145.582172,0.5246752169397142
1710778145.582285,0.5523498853047689
1710778145.5823982,0.579674310154385
1710778145.5825114,0.606298049290975
1710778145.5826247,0.6325715117984347
1710778145.5827377,0.6577940119637383
1710778145.582851,0.6809145874447292
1710778145.5829642,0.7040352291531032
1710778145.5830774,0.7264552513758341
1710778145.5831907,0.7485249307420518
1710778145.5833037,0.771995915306939
1710778145.583417,0.7958171765009562
1710778145.5835302,0.8196384376949734
1710778145.5836434,0.8445105950037638
1710778145.5837564,0.8676312367121378
1710778145.5838697,0.891452497906155
1710778145.583983,0.9138725201288859
1710778145.5840962,0.9345409605238173
1710778145.5842092,0.9548590580622355
1710778145.5843225,0.9741262594858805
1710778145.5844357,0.9933934609095255
1710778145.584549,1.0126606623331706
1710778145.5846622,1.0322781403859456
1710778145.5847752,1.0518956846661038
1710778145.5848885,1.0715131627188788
1710778145.5850017,1.0897294018003676
1710778145.585115,1.1082959837383695
1710778145.585228,1.1251109176211886
1710778145.5853412,1.1405246787601047
1710778145.5854545,1.1552378866407607
1710778145.5855677,1.1696006192101371
1710778145.5856807,1.18396348423428
1710778145.585794,1.1986766921149359
1710778145.5859072,1.2137401103973389
1710778145.5860205,1.2288035286797416
1710778145.5861335,1.2431662612491183
1710778145.5862467,1.257178783416748
1710778145.58636,1.2694397237565782
1710778145.5864732,1.280299425125122
1710778145.5865865,1.2897578875223796
1710778145.5866995,1.2967642148335774
1710778145.5868127,1.303420066833496
1710778145.586926,1.3083244694603813
1710778145.5870392,1.3139294253455267
1710778145.5871522,1.3191841708289251
1710778145.5872655,1.3247891267140706
1710778145.5873787,1.329693529340956
1710778145.587492,1.333547035853068
1710778145.587605,1.3370500670539007
1710778145.5877182,1.3388016488817003
1710778145.5878315,1.3395023345947266
1710778145.5879447,1.3384513060251872
1710778145.588058,1.3381010956234403
1710778145.588171,1.3381010956234403
1710778145.5882843,1.3381010956234403
1710778145.5883975,1.3384513060251872
1710778145.5885108,1.3381010956234403
1710778145.5886238,1.3381010956234403
1710778145.588737,1.3366997241973877
1710778145.5888503,1.333547035853068
1710778145.5889635,1.3289928436279297
1710778145.5890765,1.321986648771498
1710778145.5891898,1.3139294253455267
1710778145.589303,1.3051716486612956
1710778145.5894163,1.2953628434075248
1710778145.5895293,1.2852038277520073
1710778145.5896425,1.27574536535475
1710778145.5897558,1.2655863496992323
1710778145.589869,1.2554272015889485
1710778145.5899823,1.2449178430769179
1710778145.5900953,1.2323066923353407
1710778145.5902085,1.218644380569458
1710778145.5903218,1.2039313051435683
1710778145.590435,1.1888678868611653
1710778145.590548,1.1741546789805095
1710778145.5906613,1.1583907074398465
1710778145.5907745,1.1443781852722168
1710778145.5908878,1.129665109846327
1710778145.5910008,1.1153022448221843
1710778145.591114,1.1012897226545546
1710778145.5912273,1.0862263043721516
1710778145.5913405,1.0701119237475925
1710778145.5914538,1.0515453418095906
1710778145.5915668,1.033329102728102
1710778145.59168,1.0130109389623005
1710778145.5917933,0.9933934609095255
1710778145.5919065,0.9737759166293674
1710778145.5920196,0.9548590580622355
1710778145.5921328,0.9359421994951036
1710778145.592246,0.9170252747005886
1710778145.5923593,0.8974077966478136
1710778145.5924723,0.8767393562528822
1710778145.5925856,0.8546696768866645
1710778145.5926988,0.8315490351782905
1710778145.592812,0.80702715449863
1710778145.5929253,0.7811040348476833
1710778145.5930383,0.7548305723402235
1710778145.5931516,0.7299584150314331
1710778145.5932648,0.7040352291531032
1710778145.593378,0.6781121095021566
1710778145.593491,0.6535902288224962
1710778145.5936043,0.6276671091715494
1710778145.5937176,0.5999924076928033
1710778145.5938308,0.5723177062140571
1710778145.5939438,0.5428914560212029
1710778145.594057,0.5120639668570625
1710778145.5941703,0.481586754322052
1710778145.5942836,0.4511095749007331
1710778145.5943966,0.42098267210854423
1710778145.5945098,0.3912061121728685
1710778145.594623,0.3617798619800144
1710778145.5947363,0.3330542312728034
1710778145.5948496,0.30292732848061454
1710778145.5949626,0.27350107828776044
1710778145.5950758,0.24162262678146362
1710778145.595189,0.2097441918320126
1710778145.5953023,0.17716512084007263
1710778145.5954154,0.1438854303624895
1710778145.5955286,0.11165666083494821
1710778145.5956419,0.0797782176070743
1710778145.595755,0.04930102162890964
1710778145.595868,0.019524453414811026
1710778145.5959814,-0.0102501114209493
1710778145.5960946,-0.03932036873367097
1710778145.5962079,-0.06909111307726966
1710778145.596321,-0.09991259210639529
1710778145.596434,-0.13178480168183646
1710778145.5965474,-0.16330677602026197
1710778145.5966606,-0.19482874208026463
1710778145.5967739,-0.22529996103710598
1710778145.5968869,-0.2557711965507931
1710778145.5970001,-0.28519170151816475
1710778145.5971134,-0.31426194641325206
1710778145.5972266,-0.342631737391154
1710778145.5973396,-0.3713517387708028
1710778145.5974529,-0.4014727473258972
1710778145.5975661,-0.43194396628273857
1710778145.5976794,-0.4631156722704569
1710778145.5977926,-0.4946376548873054
1710778145.5979056,-0.5251088738441467
1710778145.598019,-0.5541791518529257
1710778145.5981321,-0.582899186346266
1710778145.5982454,-0.6095176935195923
1710778145.5983584,-0.6357859902911716
1710778145.5984716,-0.6613538000318739
1710778145.598585,-0.6869216759999593
1710778145.5986981,-0.7124894857406616
1710778145.5988111,-0.7391079929139879
1710778145.5989244,-0.7650260792838203
1710778145.5990376,-0.7919948630862765
1710778145.599151,-0.8172124624252319
1710778145.599264,-0.8420797851350572
1710778145.5993772,-0.8669471078448825
1710778145.5994904,-0.8897129694620768
1710778145.5996037,-0.9121285544501411
1710778145.599717,-0.9334934420055813
1710778145.59983,-0.9566095802519057
1710778145.5999432,-0.9797256522708468
1710778145.6000564,-1.0024915801154242
1710778145.6001697,-1.0270086261961195
1710778145.6002827,-1.0494242774115667
1710778145.600396,-1.071489651997884
1710778145.6005092,-1.0911032888624403
1710778145.6006224,-1.1107169919543796
1710778145.6007354,-1.1282291677263048
1710778145.6008487,-1.1446906460656059
1710778145.600962,-1.1618525452084012
1710778145.6010752,-1.1776136027442083
1710778145.6011884,-1.1944252914852567
1710778145.6013014,-1.2112369802263048
1710778145.6014147,-1.2294496430291069
1710778145.601528,-1.2459111213684082
1710778145.6016412,-1.2616721789042156
1710778145.6017542,-1.2767326831817627
1710778145.6018674,-1.2903922133975558
1710778145.6019807,-1.302300426695082
1710778145.602094,-1.314208772447374
1710778145.602207,-1.3254165649414062
1710778145.6023202,-1.3359239366319444
1710778145.6024334,-1.3471317291259766
1710778145.6025467,-1.3593902852800157
1710778145.60266,-1.3698975245157878
1710778145.602773,-1.378653711742825
1710778145.6028862,-1.387409766515096
1710778145.6029994,-1.3947648472256131
1710778145.6031127,-1.3993181122673881
1710778145.6032257,-1.4031708240509033
1710778145.603339,-1.4056224293178983
1710778145.6034522,-1.4066731929779053
1710778145.6035655,-1.4094751411014133
1710778145.6036785,-1.4112263255649142
1710778145.6037917,-1.4133278528849285
1710778145.603905,-1.4154292477501762
1710778145.6040182,-1.4157795906066895
1710778145.6041312,-1.4154292477501762
1710778145.6042445,-1.4136780632866752
1710778145.6043577,-1.4094751411014133
1710778145.604471,-1.4049220085144043
1710778145.6045842,-1.398267348607381
1710778145.6046972,-1.391962899102105
1710778145.6048105,-1.385308371649848
1710778145.6049237,-1.379003922144572
1710778145.605037,-1.3726994726392958
1710778145.60515,-1.366044945187039
1710778145.6052632,-1.3600907060835097
1710778145.6053765,-1.3527356253729925
1710778145.6054897,-1.3436292277442083
1710778145.6056027,-1.3338224093119304
1710778145.605716,-1.3226146168178983
1710778145.6058292,-1.3124575879838731
1710778145.6059425,-1.300899452633328
1710778145.6060557,-1.2903922133975558
1710778145.6061687,-1.2802350521087646
1710778145.606282,-1.2700780232747395
1710778145.6063952,-1.2592204411824544
1710778145.6065085,-1.2483628590901692
1710778145.6066215,-1.235053671730889
1710778145.6067348,-1.220343377855089
1710778145.606848,-1.2042321099175346
1710778145.6069613,-1.1867198679182265
1710778145.6070743,-1.1685072051154242
1710778145.6071875,-1.149594121509128
1710778145.6073008,-1.1303306950463188
1710778145.607414,-1.1124682426452637
1710778145.607527,-1.0946057240168254
1710778145.6076403,-1.0763930612140231
1710778145.6077535,-1.0574798451529608
1710778145.6078668,-1.0375159316592746
1710778145.60798,-1.0182525051964653
1710778145.608093,-0.9965374072392781
1710778145.6082063,-0.9748222430547078
1710778145.6083195,-0.9534573554992676
1710778145.6084328,-0.9331432316038344
1710778145.6085458,-0.9135295285118951
1710778145.608659,-0.8939158916473389
1710778145.6087723,-0.8753529522154067
1710778145.6088855,-0.8560895257525973
1710778145.6089985,-0.8361256122589111
1710778145.6091118,-0.8144105143017238
1710778145.609225,-0.7912943760553995
1710778145.6093383,-0.7667772637473212
1710778145.6094515,-0.741909941037496
1710778145.6095645,-0.7152914338641696
1710778145.6096778,-0.6890231370925903
1710778145.609791,-0.6627547740936279
1710778145.6099043,-0.6361362669203017
1710778145.6100173,-0.6102181805504693
1710778145.6101305,-0.5825489097171359
1710778145.6102438,-0.5538289083374871
1710778145.610357,-0.5244083868132697
1710778145.61047,-0.4939371678564283
1710778145.6105833,-0.4631156722704569
1710778145.6106966,-0.43159372276730007
1710778145.6108098,-0.40007174015045166
1710778145.610923,-0.3696005211936103
1710778145.611036,-0.33982978926764595
1710778145.6111493,-0.3111097547743055
1710778145.6112626,-0.2823897533946567
1710778145.6113758,-0.25366973545816207
1710778145.6114888,-0.22494971752166748
1710778145.611602,-0.19552922911114162
1710778145.6117153,-0.1650579935974545
1710778145.6118286,-0.13458675808376735
1710778145.6119416,-0.10376527905464172
1710778145.6120548,-0.07259355651007758
1710778145.612168,-0.04212232099639045
1710778145.6122813,-0.013402308233910136
1710778145.6123943,0.015320702352457576
1710778145.6125076,0.0440463340944714
1710778145.6126208,0.07312228282292683
1710778145.612734,0.10254853301578097
1710778145.6128473,0.13302572899394566
1710778145.6129603,0.16350292497211033
1710778145.6130736,0.193980120950275
1710778145.6131868,0.22445731692843968
1710778145.6133,0.25423389342096114
1710778145.613413,0.2819085783428616
1710778145.6135263,0.3088826603359646
1710778145.6136396,0.33480577998691136
1710778145.6137528,0.3596779704093933
1710778145.6138659,0.3841998510890537
1710778145.613979,0.4094223512543572
1710778145.6140924,0.4356958137618171
1710778145.6142056,0.462319552898407
1710778145.6143188,0.4885930154058668
1710778145.6144319,0.5145161350568136
1710778145.614545,0.5404392878214518
1710778145.6146584,0.5653114451302422
1710778145.6147716,0.5898333258099026
1710778145.6148846,0.614004929860433
1710778145.6149979,0.6378261910544502
1710778145.615111,0.6623480717341105
1710778145.6152244,0.6882711913850572
1710778145.6153374,0.7145446538925171
1710778145.6154506,0.7408180501725938
1710778145.6155639,0.76814247502221
1710778145.615677,0.7937152518166436
1710778145.6157904,0.8182371324963039
1710778145.6159034,0.8413577742046779
1710778145.6160166,0.8634274535708957
1710778145.6161299,0.8840958939658271
1710778145.6162431,0.9037134382459853
1710778145.6163561,0.9236812591552734
1710778145.6164694,0.9429484605789185
1710778145.6165826,0.9622156620025635
1710778145.616696,0.9818331400553385
1710778145.616809,1.0007499986224704
1710778145.6169221,1.0196669234169853
1710778145.6170354,1.0375328196419609
1710778145.6171486,1.0539975431230333
1710778145.6172616,1.0680099990632799
1710778145.617375,1.0830734835730658
1710778145.6174881,1.0970860057406955
1710778145.6176014,1.111098461680942
1710778145.6177146,1.125811603334215
1710778145.6178277,1.140875021616618
1710778145.617941,1.1559384398990207
1710778145.6180542,1.1713522010379367
1710778145.6181674,1.1853647232055664
1710778145.6182804,1.1993772453731961
1710778145.6183937,1.210587289598253
1710778145.618507,1.2207463052537706
1710778145.6186202,1.2305551105075412
1710778145.6187332,1.2393128871917725
1710778145.6188464,1.2484210067325168
1710778145.6189597,1.257178783416748
1710778145.619073,1.2666372458140056
1710778145.6191862,1.2750448120964897
1710778145.6192992,1.2841529316372342
1710778145.6194124,1.291159126493666
1710778145.6195257,1.2967642148335774
1710778145.619639,1.3006175888909233
1710778145.619752,1.3023691707187228
1710778145.6198652,1.3020188278622098
1710778145.6199784,1.302719513575236
1710778145.6200917,1.3016684850056965
1710778145.6202047,1.3013182746039496
1710778145.620318,1.2995666927761502
1710778145.6204312,1.299216349919637
1710778145.6205444,1.2974647680918376
1710778145.6206577,1.2953628434075248
1710778145.6207707,1.2918598122066922
1710778145.620884,1.2876559628380668
1710778145.6209972,1.2820510069529216
1710778145.6211104,1.2764460510677762
1710778145.6212234,1.2715416484408908
1710778145.6213367,1.2662869029574924
1710778145.62145,1.2624335289001465
1710778145.6215632,1.2585800223880343
1710778145.6216762,1.2547266483306885
1710778145.6217895,1.249822245703803
1710778145.6219027,1.2449178430769179
1710778145.622016,1.2386122014787462
1710778145.622129,1.2291538715362549
1710778145.6222422,1.218994723425971
1710778145.6223555,1.2074344687991672
1710778145.6224687,1.195874081717597
1710778145.622582,1.1836131413777669
1710778145.622695,1.172052886750963
1710778145.6228082,1.1601422892676458
1710778145.6229215,1.1478813489278157
1710778145.6230347,1.1352700657314725
1710778145.6231477,1.1230091253916423
1710778145.623261,1.1082959837383695
1710778145.6233742,1.0921816031138103
1710778145.6234875,1.0764175653457642
1710778145.6236005,1.0599528418646917
1710778145.6237137,1.0434881183836195
1710778145.623827,1.0273737377590604
1710778145.6239402,1.0119600428475273
1710778145.6240535,0.9954953193664551
1710778145.6241665,0.9797312815984089
1710778145.6242797,0.9629162814882066
1710778145.624393,0.9446999761793349
1710778145.6245062,0.9247321552700466
1710778145.6246192,0.9033630953894721
1710778145.6247325,0.8805927965376112
1710778145.6248457,0.856421258714464
1710778145.624959,0.8322496546639336
1710778145.625072,0.8091290129555596
1710778145.6251853,0.7846071322758992
1710778145.6252985,0.7618368334240383
1710778145.6254117,0.7387161917156643
1710778145.6255248,0.7152452733781602
1710778145.625638,0.6914240121841431
1710778145.6257513,0.6655008925331963
1710778145.6258645,0.6402783923678927
1710778145.6259778,0.6129539675182766
1710778145.6260908,0.5859798855251735
1710778145.626204,0.5600567658742269
1710778145.6263173,0.5337833364804586
1710778145.6264305,0.508560836315155
1710778145.6265435,0.4826376835505167
1710778145.6266568,0.4574151833852132
1710778145.62677,0.4307914442486233
1710778145.6268833,0.40241612328423393
1710778145.6269963,0.3733401828342014
1710778145.6271095,0.3432132800420125
1710778145.6272228,0.31133482853571576
1710778145.627336,0.28015702962875366
1710778145.6274493,0.24932950735092163
1710778145.6275623,0.21815169188711378
1710778145.6276755,0.18837511539459229
1710778145.6277888,0.15894886520173815
1710778145.627902,0.12952260673046112
1710778145.628015,0.10009634825918409
1710778145.6281283,0.06926884253819783
1710778145.6282415,0.03914195630285475
1710778145.6283548,0.00831445058186849
1710778145.6284678,-0.02320914218823115
1710778145.628581,-0.054030621217356786
1710778145.6286943,-0.08380136556095547
1710778145.6288075,-0.1128716187344657
1710778145.6289208,-0.14089114136166042
1710778145.6290338,-0.16891067226727804
1710778145.629147,-0.19587947262658012
1710778145.6292603,-0.22424923049079046
1710778145.6293736,-0.2533194919427236
1710778145.6294866,-0.2830902404255337
1710778145.6295998,-0.31286097235149807
1710778145.629713,-0.342631737391154
1710778145.6298263,-0.3720522258016798
1710778145.6299393,-0.4011225038104587
1710778145.6300526,-0.42879177464379203
1710778145.6301658,-0.45576055844624835
1710778145.630279,-0.4820288552178277
1710778145.630392,-0.5089976721339755
1710778145.6305053,-0.5352659689055549
1710778145.6306186,-0.5625849962234497
1710778145.6307318,-0.5913050307167901
1710778145.630845,-0.6189743015501235
1710778145.630958,-0.6480445464452108
1710778145.6310713,-0.6767645809385512
1710778145.6311846,-0.7033830881118774
1710778145.6312978,-0.7286006874508327
1710778145.6314108,-0.7538182867897881
1710778145.631524,-0.7786856094996134
1710778145.6316373,-0.8028524451785617
1710778145.6317506,-0.8284202549192641
1710778145.6318636,-0.8536377880308363
1710778145.6319768,-0.8792056639989216
1710778145.63209,-0.905123684141371
1710778145.6322033,-0.9317422575420803
1710778145.6323166,-0.9559090932210286
1710778145.6324296,-0.9797256522708468
1710778145.6325428,-1.0038925541771782
1710778145.632656,-1.0252574417326186
1710778145.6327693,-1.0469725396898057
1710778145.6328824,-1.068337427245246
1710778145.6329956,-1.0900525914298163
1710778145.6331089,-1.1117676893870037
1710778145.633222,-1.133482853571574
1710778145.633335,-1.1551980177561443
1710778145.6334484,-1.1755120754241943
1710778145.6335616,-1.1944252914852567
1710778145.6336749,-1.2119375334845648
1710778145.633788,-1.2266476949055989
1710778145.6339011,-1.240307225121392
1710778145.6340144,-1.2525657812754314
1710778145.6341276,-1.2658751010894775
1710778145.6342409,-1.2770828935835097
1710778145.6343539,-1.2896916601392958
1710778145.6344671,-1.301249795489841
1710778145.6345804,-1.313508219189114
1710778145.6346936,-1.3254165649414062
1710778145.6348066,-1.3359239366319444
1710778145.63492,-1.3450302018059623
1710778145.6350331,-1.3541365994347465
1710778145.6351464,-1.3607912593417697
1710778145.6352594,-1.3681463400522869
1710778145.6353726,-1.3765521844228108
1710778145.635486,-1.384607818391588
1710778145.6355991,-1.3926634523603652
1710778145.6357124,-1.401419507132636
1710778145.6358254,-1.4098253515031602
1710778145.6359386,-1.4175307750701904
1710778145.636052,-1.4227844609154594
1710778145.6361651,-1.4262868298424614
1710778145.6362782,-1.4283883571624756
1710778145.6363914,-1.4283883571624756
1710778145.6365047,-1.4276878039042156
1710778145.636618,-1.4262868298424614
1710778145.636731,-1.4241854349772136
1710778145.6368442,-1.4213834868537054
1710778145.6369574,-1.4196321699354384
1710778145.6370707,-1.4168302218119304
1710778145.637184,-1.4115766684214275
1710778145.637297,-1.4066731929779053
1710778145.6374102,-1.399668322669135
1710778145.6375234,-1.3916126887003581
1710778145.6376367,-1.38180587026808
1710778145.6377497,-1.3737502362993028
1710778145.637863,-1.3639434178670247
1710778145.6379762,-1.3548370202382405
1710778145.6380894,-1.3478321499294705
1710778145.6382024,-1.3401268588172064
1710778145.6383157,-1.3324214352501762
1710778145.638429,-1.3236653804779053
1710778145.6385422,-1.3138585620456271
1710778145.6386554,-1.302650769551595
1710778145.6387684,-1.2900418705410428
1710778145.6388817,-1.2774331039852567
1710778145.638995,-1.2623725997077093
1710778145.6391082,-1.2497638331519232
1710778145.6392212,-1.235754092534383
1710778145.6393344,-1.222444772720337
1710778145.6394477,-1.2091355853610568
1710778145.639561,-1.1947755018870037
1710778145.639674,-1.1790145768059623
1710778145.6397872,-1.1622028880649142
1710778145.6399004,-1.1436398824055989
1710778145.6400137,-1.1233256922827826
1710778145.6401267,-1.1026613579856024
1710778145.64024,-1.0819969574610393
1710778145.6403532,-1.060281793276469
1710778145.6404665,-1.0396173927519057
1710778145.6405797,-1.0186027818255954
1710778145.6406927,-0.9989890787336562
1710778145.640806,-0.9769237041473389
1710778145.6409192,-0.9552086061901516
1710778145.6410325,-0.9317422575420803
1710778145.6411455,-0.907575421863132
1710778145.6412587,-0.8816573354932997
1710778145.641372,-0.8557393153508503
1710778145.6414852,-0.829470952351888
1710778145.6415982,-0.8032026555803087
1710778145.6417115,-0.7772846354378594
1710778145.6418247,-0.7517168256971571
1710778145.641938,-0.7254484626981947
1710778145.6420512,-0.6988299555248684
1710778145.6421642,-0.6722113821241591
1710778145.6422775,-0.6417401631673177
1710778145.6423907,-0.6116191546122233
1710778145.642504,-0.5804474486245049
1710778145.642617,-0.549625986152225
1710778145.6427302,-0.5181040035353767
1710778145.6428435,-0.48763278457853526
1710778145.6429567,-0.4585625065697564
1710778145.6430697,-0.42879177464379203
1710778145.643183,-0.40007174015045166
1710778145.6432962,-0.3713517387708028
1710778145.6434095,-0.342631737391154
1710778145.6435225,-0.3114599982897441
1710778145.6436357,-0.28133902284834117
1710778145.643749,-0.24911656975746155
1710778145.6438622,-0.21829509072833592
1710778145.6439755,-0.18712336818377176
1710778145.6440885,-0.15700237618552312
1710778145.6442018,-0.12688138418727452
1710778145.644315,-0.09746088749832577
1710778145.6444283,-0.06804038253095415
1710778145.6445413,-0.03686865998639001
1710778145.6446545,-0.005346694443788793
1710778145.6447678,0.026180392338169944
1710778145.644881,0.05946008695496453
1710778145.644994,0.09309009545379214
1710778145.6451073,0.1253188567029105
1710778145.6452205,0.15719729993078443
1710778145.6453338,0.1876744959089491
1710778145.645447,0.21640012661616007
1710778145.64556,0.24547606706619263
1710778145.6456733,0.2731507685449388
1710778145.6457865,0.30047516028086346
1710778145.6458998,0.3292007909880744
1710778145.6460128,0.3579264216952854
1710778145.646126,0.38595143291685313
1710778145.6462393,0.4146770636240641
1710778145.6463525,0.44235173198911876
1710778145.6464655,0.4696761237250434
1710778145.6465788,0.4962998959753248
1710778145.646692,0.5218727058834499
1710778145.6468053,0.5467448963059319
1710778145.6469185,0.5716170867284139
1710778145.6470315,0.5978905492358737
1710778145.6471448,0.6234633260303073
1710778145.647258,0.6507877508799235
1710778145.6473713,0.6781121095021566
1710778145.6474843,0.7057868109809028
1710778145.6475976,0.7320602734883627
1710778145.6477108,0.7579833931393093
1710778145.647824,0.7832058933046129
1710778145.647937,0.8063265350129869
1710778145.6480503,0.8301477962070041
1710778145.6481636,0.8522174755732218
1710778145.6482768,0.8753381172815958
1710778145.6483898,0.899159378475613
1710778145.648503,0.9233309162987603
1710778145.6486163,0.9468019008636475
1710778145.6487296,0.9699224763446384
1710778145.6488428,0.9926928414238824
1710778145.6489558,1.014061901304457
1710778145.649069,1.0329787598715887
1710778145.6491823,1.0522459612952337
1710778145.6492956,1.0687106847763062
1710778145.6494086,1.0862263043721516
1710778145.6495218,1.102690961625841
1710778145.649635,1.1195059617360432
1710778145.6497483,1.1356204085879855
1710778145.6498613,1.1520850658416748
1710778145.6499746,1.168549723095364
1710778145.6500878,1.1829125881195068
1710778145.650201,1.1969251102871366
1710778145.6503143,1.2088357077704535
1710778145.6504273,1.218994723425971
1710778145.6505406,1.2288035286797416
1710778145.6506538,1.2382619910769992
1710778145.650767,1.2480706638760037
1710778145.65088,1.257529126273261
1710778145.6509933,1.2673379315270317
1710778145.6511066,1.2771466043260362
1710778145.6512198,1.2852038277520073
1710778145.6513329,1.2925603654649522
1710778145.651446,1.2978151109483507
1710778145.6515594,1.3020188278622098
1710778145.6516726,1.3048213058047824
1710778145.6517859,1.3058723343743217
1710778145.6518989,1.3072735733456082
1710778145.652012,1.3079741266038682
1710778145.6521254,1.3093753655751545
1710778145.6522386,1.3107766045464408
1710778145.6523516,1.3125281863742404
1710778145.6524649,1.3135792149437797
1710778145.652578,1.3135792149437797
1710778145.6526914,1.3132288720872667
1710778145.6528044,1.3114772902594671
1710778145.6529176,1.3079741266038682
1710778145.6530309,1.3048213058047824
1710778145.6531441,1.3016684850056965
1710778145.6532571,1.298866007063124
1710778145.6533704,1.2960635291205511
1710778145.6534836,1.2932610511779785
1710778145.6535969,1.2897578875223796
1710778145.6537101,1.2862547238667805
1710778145.6538231,1.280649767981635
1710778145.6539364,1.2732932302686903
1710778145.6540496,1.2638347678714328
1710778145.654163,1.2533254093594022
1710778145.654276,1.241765022277832
1710778145.6543891,1.2305551105075412
1710778145.6545024,1.218294170167711
1710778145.6546156,1.2067337830861409
1710778145.6547287,1.19552387131585
1710778145.654842,1.1843138270907931
1710778145.6549551,1.172052886750963
1710778145.6550684,1.1587410502963595
1710778145.6551816,1.1450787385304768
1710778145.6552947,1.1293147669898138
1710778145.655408,1.114251348707411
1710778145.6555212,1.098837521341112
1710778145.6556344,1.0823728640874226
1710778145.6557474,1.0676597224341497
1710778145.6558607,1.0529465807808769
1710778145.655974,1.0382334391276042
1710778145.6560872,1.0242209831873577
1710778145.6562002,1.0084568791919284
1710778145.6563134,0.9916418790817261
1710778145.6564267,0.9730752971437242
1710778145.65654,0.9534578190909492
1710778145.6566532,0.9310377968682183
1710778145.6567662,0.9093184603585137
1710778145.6568794,0.8865480952792697
1710778145.6569927,0.8658796548843384
1710778145.657106,0.8427590131759644
1710778145.657219,0.8210396766662598
1710778145.6573322,0.7989699310726589
1710778145.6574454,0.7747983932495117
1710778145.6575587,0.7516777515411377
1710778145.6576717,0.7250540124045478
1710778145.657785,0.6984302732679579
1710778145.6578982,0.6711058484183418
1710778145.6580114,0.6430808703104655
1710778145.6581244,0.6161067883173624
1710778145.6582377,0.5891327063242594
1710778145.658351,0.5625089671876695
1710778145.6584642,0.5372864670223659
1710778145.6585774,0.5110130045149062
1710778145.6586905,0.4847395751211378
1710778145.6588037,0.45671456389957005
1710778145.658917,0.42833924293518066
1710778145.6590302,0.3992633024851481
1710778145.6591432,0.37018736203511554
1710778145.6592565,0.3404107689857483
1710778145.6593697,0.31238579087787205
1710778145.659483,0.28436077965630424
1710778145.659596,0.25703638792037964
1710778145.6597092,0.23006232248412237
1710778145.6598225,0.20308825704786512
1710778145.6599357,0.17541355556911892
1710778145.660049,0.14668792486190796
1710778145.660162,0.11621072888374329
1710778145.6602752,0.08678447041246626
1710778145.6603885,0.05595696055226856
1710778145.6605017,0.026180392338169944
1710778145.6606147,-0.002544741922368606
1710778145.660728,-0.03091451194551256
1710778145.6608412,-0.05683257348007626
1710778145.6609545,-0.08380136556095547
1710778145.6610675,-0.11077015764183468
1710778145.6611807,-0.1373887062072754
1710778145.661294,-0.165408237112893
1710778145.6614072,-0.19307750794622633
1710778145.6615202,-0.22214776939815944
1710778145.6616335,-0.25086778733465404
1710778145.6617467,-0.2795878052711487
1710778145.66186,-0.3069068325890435
1710778145.6619732,-0.3338756163914998
1710778145.6620862,-0.3611946768230862
1710778145.6621995,-0.3860619995329115
1710778145.6623127,-0.41338102685080635
1710778145.662426,-0.44070005416870117
1710778145.662539,-0.46977033217748004
1710778145.6626523,-0.4988405770725674
1710778145.6627655,-0.5279108550813463
1710778145.6628788,-0.5569810999764336
1710778145.6629918,-0.585701134469774
1710778145.663105,-0.6126699182722304
1710778145.6632183,-0.6389382150438097
1710778145.6633315,-0.664856301413642
1710778145.6634448,-0.6893733474943373
1710778145.6635578,-0.7131899727715386
1710778145.663671,-0.7384075058831109
1710778145.6637843,-0.7632748285929362
1710778145.6638975,-0.7884924279318916
1710778145.6640105,-0.8144105143017238
1710778145.6641238,-0.8392778370115492
1710778145.664237,-0.8641451597213745
1710778145.6643503,-0.8865607447094387
1710778145.6644633,-0.908626119295756
1710778145.6645765,-0.9289403094185723
1710778145.6646898,-0.9503051969740126
1710778145.664803,-0.9706193208694458
1710778145.6649163,-0.9926846954557631
1710778145.6650293,-1.0140495830112033
1710778145.6651425,-1.0364652342266507
1710778145.6652558,-1.058180332183838
1710778145.665369,-1.079545219739278
1710778145.665482,-1.0998594098620944
1710778145.6655953,-1.1180721388922796
1710778145.6657085,-1.1355842484368217
1710778145.6658218,-1.151695516374376
1710778145.6659348,-1.1674564414554172
1710778145.666048,-1.1832174989912245
1710778145.6661613,-1.1989784240722656
1710778145.6662745,-1.214739481608073
1710778145.6663876,-1.230500406689114
1710778145.6665008,-1.2452107005649142
1710778145.666614,-1.2595706515842013
1710778145.6667273,-1.2718292077382405
1710778145.6668406,-1.2826867898305256
1710778145.6669536,-1.2917931874593098
1710778145.6670668,-1.300549242231581
1710778145.66718,-1.3082546657986112
1710778145.6672933,-1.315609746509128
1710778145.6674063,-1.3226146168178983
1710778145.6675196,-1.3310204611884222
1710778145.6676328,-1.3387258847554524
1710778145.667746,-1.3457307550642226
1710778145.667859,-1.3527356253729925
1710778145.6679723,-1.3572887579600017
1710778145.6680856,-1.3611414697435167
1710778145.6681988,-1.3635932074652777
1710778145.668312,-1.3653443919287787
1710778145.668425,-1.3667453659905326
1710778145.6685383,-1.3688468933105469
1710778145.6686516,-1.3709482881757948
1710778145.6687648,-1.3730498154958088
1710778145.6688778,-1.3751512103610568
1710778145.668991,-1.3765521844228108
1710778145.6691043,-1.377252737681071
1710778145.6692176,-1.3765521844228108
1710778145.6693306,-1.3741004467010498
1710778145.6694438,-1.3702478673723009
1710778145.669557,-1.366044945187039
1710778145.6696703,-1.3611414697435167
1710778145.6697836,-1.3565883371565077
1710778145.6698966,-1.3520350721147325
1710778145.6700099,-1.3485327031877306
1710778145.670123,-1.3446799914042156
1710778145.6702363,-1.3401268588172064
1710778145.6703494,-1.3352233833736844
1710778145.6704626,-1.3289190663231742
1710778145.6705759,-1.3212136427561443
1710778145.670689,-1.31210724512736
1710778145.670802,-1.302650769551595
1710778145.6709154,-1.2928438186645508
1710778145.6710286,-1.2826867898305256
1710778145.6711419,-1.2732301817999945
1710778145.6712549,-1.2630731529659696
1710778145.6713681,-1.2529159916771782
1710778145.6714814,-1.2406575679779053
1710778145.6715946,-1.2280486689673529
1710778145.6717079,-1.2133385075463188
1710778145.6718209,-1.1968770292070177
1710778145.6719341,-1.1786643664042156
1710778145.6720474,-1.1604515711466472
1710778145.6721606,-1.141888697942098
1710778145.6722736,-1.1236760351392958
1710778145.672387,-1.1054633061091106
1710778145.6725001,-1.0883013407389324
1710778145.6726134,-1.071839862399631
1710778145.6727264,-1.053627199596829
1710778145.6728396,-1.0354144705666435
1710778145.672953,-1.0154505570729573
1710778145.6730661,-0.9937354591157701
1710778145.6731794,-0.9723705715603298
1710778145.6732924,-0.9492544333140055
1710778145.6734056,-0.9271890587276882
1710778145.673519,-0.9044231971104939
1710778145.6736321,-0.8823578225241767
1710778145.6737452,-0.8599422375361124
1710778145.6738584,-0.8371763759189181
1710778145.6739717,-0.8130095402399699
1710778145.674085,-0.7874416642718844
1710778145.674198,-0.7608231570985582
1710778145.6743112,-0.7335040966669718
1710778145.6744244,-0.7040835751427544
1710778145.6745377,-0.6739626328150431
1710778145.674651,-0.6452425983217027
1710778145.674764,-0.6165225638283623
1710778145.6748772,-0.5892035696241591
1710778145.6749904,-0.5604835351308187
1710778145.6751037,-0.5335147513283623
1710778145.6752167,-0.505495203865899
1710778145.67533,-0.4771254460016886
1710778145.6754432,-0.44735471407572425
1710778145.6755564,-0.4172337055206299
1710778145.6756694,-0.3874629735946655
1710778145.6757827,-0.3569917215241326
1710778145.675896,-0.32652050256729126
1710778145.6760092,-0.2974502576722039
1710778145.6761222,-0.2697809702820248
1710778145.6762354,-0.2417614393764072
1710778145.6763487,-0.2130414214399126
1710778145.676462,-0.18607263763745627
1710778145.6765752,-0.15735261970096165
1710778145.6766882,-0.127231627702713
1710778145.6768014,-0.09816137452920277
1710778145.6769147,-0.06769013901551564
1710778145.677028,-0.03791939467191696
1710778145.677141,-0.00849889125674963
1710778145.6772542,0.020225079109271366
1710778145.6773674,0.04860039800405502
1710778145.6774807,0.07627509534358978
1710778145.6775937,0.10500072605080074
1710778145.677707,0.1340766665008333
1710778145.6778202,0.1638532347149319
1710778145.6779335,0.19468074043591815
1710778145.6780467,0.22620888219939336
1710778145.6781597,0.2577370074060228
1710778145.678273,0.28891483942667645
1710778145.6783862,0.3197423285908169
1710778145.6784995,0.348818302154541
1710778145.6786125,0.37719359000523883
1710778145.6787257,0.40451798174116343
1710778145.678839,0.4328933027055528
1710778145.6789522,0.4612686236699422
1710778145.6790652,0.48929363489151
1710778145.6791785,0.5190701948271857
1710778145.6792917,0.5481461352772182
1710778145.679405,0.5768717659844292
1710778145.679518,0.606298049290975
1710778145.6796312,0.6339727507697211
1710778145.6797445,0.6612971093919542
1710778145.6798577,0.6879208485285441
1710778145.679971,0.7138440344068739
1710778145.680084,0.7401174306869507
1710778145.6801972,0.7667412360509236
1710778145.6803105,0.7937152518166436
1710778145.6804237,0.8220905727810329
1710778145.6805367,0.849064654774136
1710778145.68065,0.8756883939107258
1710778145.6807632,0.9012612369325426
1710778145.6808765,0.9247321552700466
1710778145.6809895,0.9464515580071343
1710778145.6811028,0.9667697217729356
1710778145.681216,0.9863871998257107
1710778145.6813293,1.0056544012493558
1710778145.6814425,1.0235203637017143
1710778145.6815555,1.0424372222688463
1710778145.6816688,1.0610038042068481
1710778145.681782,1.0788697004318237
1710778145.6818953,1.0970860057406955
1710778145.6820083,1.114601559109158
1710778145.6821215,1.1307160059611003
1710778145.6822348,1.1450787385304768
1710778145.682348,1.1597919464111328
1710778145.682461,1.1734541257222493
1710778145.6825743,1.187816990746392
1710778145.6826875,1.202880409028795
1710778145.6828008,1.2175934844546847
1710778145.682914,1.2316060066223145
1710778145.683027,1.2466694249047172
1710778145.6831403,1.260681947072347
1710778145.6832535,1.272592544555664
1710778145.6833668,1.283452245924208
1710778145.6834798,1.2918598122066922
1710778145.683593,1.2978151109483507
1710778145.6837063,1.303420066833496
1710778145.6838195,1.3086748123168945
1710778145.6839325,1.3139294253455267
1710778145.6840458,1.3191841708289251
1710778145.684159,1.3233878877427843
1710778145.6842723,1.3282922903696697
1710778145.6843853,1.3317954540252686
1710778145.6844985,1.3345979319678412
1710778145.6846118,1.3359991709391277
1710778145.684725,1.3356488280826144
1710778145.6848383,1.3345979319678412
1710778145.6849513,1.3331966929965549
1710778145.6850646,1.3324960072835286
1710778145.6851778,1.3321456644270155
1710778145.685291,1.3321456644270155
1710778145.685404,1.3317954540252686
1710778145.6855173,1.3321456644270155
1710778145.6856306,1.3307444254557292
1710778145.6857438,1.3289928436279297
1710778145.6858568,1.3244387838575575
1710778145.68597,1.3198847240871854
1710778145.6860833,1.3139294253455267
1710778145.6861966,1.3072735733456082
1710778145.6863098,1.3009679317474365
1710778145.6864228,1.2946622901492648
1710778145.686536,1.288356648551093
1710778145.6866493,1.2831019030676947
1710778145.6867626,1.27574536535475
1710778145.6868756,1.2673379315270317
1710778145.6869888,1.2582298119862874
1710778145.687102,1.2459688716464572
1710778145.6872153,1.233707931306627
1710778145.6873283,1.2200457519955106
1710778145.6874416,1.2046319908565946
1710778145.6875548,1.1895684401194255
1710778145.687668,1.1748553646935356
1710778145.6877813,1.1601422892676458
1710778145.6878943,1.1450787385304768
1710778145.6880076,1.1293147669898138
1710778145.6881208,1.1124997668796115
1710778145.688234,1.095334423912896
1710778145.688347,1.076067222489251
1710778145.6884604,1.0553987820943196
1710778145.6885736,1.0347303416993883
1710778145.6886868,1.0126606623331706
1710778145.6887999,0.9916418790817261
1710778145.688913,0.9709734386867946
1710778145.6890264,0.949254035949707
1710778145.6891396,0.9289359384112887
1710778145.6892526,0.9072165356742011
1710778145.6893659,0.8847965796788533
1710778145.689479,0.8616759379704793
1710778145.6895924,0.8354024754630195
1710778145.6897056,0.8091290129555596
1710778145.6898186,0.7811040348476833
1710778145.6899319,0.7544802957110934
1710778145.690045,0.7278564903471205
1710778145.6901584,0.7019333706961738
1710778145.6902714,0.676010251045227
1710778145.6903846,0.6514883703655666
1710778145.6904979,0.62591552734375
1710778145.6906111,0.5996421310636733
1710778145.6907241,0.5723177062140571
1710778145.6908374,0.5449933475918239
1710778145.6909506,0.5159174071417915
1710778145.691064,0.48789239592022365
1710778145.6911771,0.4588164554701911
1710778145.6912901,0.4307914442486233
1710778145.6914034,0.4027664330270555
1710778145.6915166,0.37474142180548775
1710778145.69163,0.348818302154541
1710778145.691743,0.3200926383336385
1710778145.6918561,0.29101669788360596
1710778145.6919694,0.26088982820510864
1710778145.6920826,0.22936168644163343
1710778145.6921957,0.19888449046346876
1710778145.692309,0.1659551097287072
1710778145.6924222,0.13442698452207777
1710778145.6925354,0.1039497885439131
1710778145.6926486,0.07347259256574842
1710778145.6927617,0.04474695771932602
1710778145.692875,0.015671015199687745
1710778145.6929882,-0.013402308233910136
1710778145.6931014,-0.042822808027267456
1710778145.6932144,-0.07259355651007758
1710778145.6933277,-0.10376527905464172
1710778145.693441,-0.13423651456832886
1710778145.6935542,-0.1650579935974545
1710778145.6936672,-0.19447848200798035
1710778145.6937804,-0.22354874345991346
1710778145.6938937,-0.2519185178809696
1710778145.694007,-0.2802882923020257
1710778145.69412,-0.307957563135359
1710778145.6942332,-0.33632732099956936
1710778145.6943464,-0.36469711197747123
1710778145.6944597,-0.3951683309343126
1710778145.694573,-0.4249390959739685
1710778145.694686,-0.45611080196168685
1710778145.6947992,-0.48728254106309676
1710778145.6949124,-0.5163527859581841
1710778145.6950257,-0.5447225438223945
1710778145.6951387,-0.5734425783157349
1710778145.695252,-0.6004113621181911
1710778145.6953652,-0.6280806329515245
1710778145.6954784,-0.6546992063522339
1710778145.6955914,-0.6827186875873141
1710778145.6957047,-0.7103880246480306
1710778145.695818,-0.7384075058831109
1710778145.6959312,-0.7664270533455743
1710778145.6960444,-0.7930456267462836
1710778145.6961575,-0.8189636468887329
1710778145.6962707,-0.8431304825676812
1710778145.696384,-0.8658963441848755
1710778145.6964972,-0.8879617187711928
1710778145.6966102,-0.9096768829557631
1710778145.6967235,-0.9317422575420803
1710778145.6968367,-0.9538076321283976
1710778145.69695,-0.9765734937455919
1710778145.697063,-0.9989890787336562
1710778145.6971762,-1.0217549403508503
1710778145.6972895,-1.0431198279062908
1710778145.6974027,-1.0634340180291069
1710778145.6975157,-1.0830476548936632
1710778145.697629,-1.1005598968929715
1710778145.6977422,-1.1187725596957736
1710778145.6978555,-1.134883827633328
1710778145.6979687,-1.151695516374376
1710778145.6980817,-1.1688574155171711
1710778145.698195,-1.1853188938564725
1710778145.6983082,-1.2017803721957736
1710778145.6984215,-1.217891640133328
1710778145.6985345,-1.231551170349121
1710778145.6986477,-1.2445101473066542
1710778145.698761,-1.2553677293989394
1710778145.6988742,-1.2655248906877306
1710778145.6989872,-1.2735803922017415
1710778145.6991005,-1.2819863690270317
1710778145.6992137,-1.2900418705410428
1710778145.699327,-1.298447847366333
1710778145.6994402,-1.307904322942098
1710778145.6995533,-1.317711141374376
1710778145.6996665,-1.3261171181996663
1710778145.6997797,-1.3348731729719374
1710778145.699893,-1.3422282536824544
1710778145.700006,-1.3474819395277235
1710778145.7001193,-1.3530858357747395
1710778145.7002325,-1.3569385475582547
1710778145.7003458,-1.3618420230017767
1710778145.7004588,-1.3653443919287787
1710778145.700572,-1.3702478673723009
1710778145.7006853,-1.3744507895575628
1710778145.7007985,-1.3783033688863118
1710778145.7009118,-1.381455659866333
1710778145.7010248,-1.383557054731581
1710778145.701138,-1.382856633928087
1710778145.7012513,-1.381455659866333
1710778145.7013645,-1.378653711742825
1710778145.7014775,-1.3744507895575628
1710778145.7015908,-1.3702478673723009
1710778145.701704,-1.3667453659905326
1710778145.7018173,-1.3639434178670247
1710778145.7019303,-1.3611414697435167
1710778145.7020435,-1.3579893112182617
1710778145.7021568,-1.3541365994347465
1710778145.70227,-1.3506340980529785
1710778145.702383,-1.3439795706007216
1710778145.7024963,-1.3359239366319444
1710778145.7026095,-1.3278683026631672
1710778145.7027228,-1.318061484230889
1710778145.702836,-1.3086048762003581
1710778145.702949,-1.300199031829834
1710778145.7030623,-1.2903922133975558
1710778145.7031755,-1.2819863690270317
1710778145.7032888,-1.2739307350582547
1710778145.7034018,-1.2627229425642226
1710778145.703515,-1.2518653604719374
1710778145.7036283,-1.238906251059638
1710778145.7037416,-1.223845746782091
1710778145.7038546,-1.2098360061645508
1710778145.7039678,-1.1937248706817627
1710778145.704081,-1.1776136027442083
1710778145.7041943,-1.1618525452084012
1710778145.7043076,-1.1464418305291069
1710778145.7044206,-1.1306809054480658
1710778145.7045338,-1.1145696375105116
1710778145.704647,-1.0974076721403334
1710778145.7047603,-1.0788447327084012
1710778145.7048733,-1.057830121782091
1710778145.7049866,-1.0361149575975206
1710778145.7050998,-1.0126486089494493
1710778145.705213,-0.989532536930508
1710778145.705326,-0.9653657012515597
1710778145.7054393,-0.9425998396343654
1710778145.7055526,-0.9198339780171711
1710778145.7056658,-0.8981188138326008
1710778145.705779,-0.8757032288445367
1710778145.705892,-0.8525870905982124
1710778145.7060053,-0.828770465321011
1710778145.7061186,-0.8039031426111857
1710778145.7062318,-0.7783353328704834
1710778145.7063448,-0.7524173127280341
1710778145.706458,-0.7261489497290717
1710778145.7065713,-0.7012816270192465
1710778145.7066846,-0.6757138172785441
1710778145.7067976,-0.6511967711978488
1710778145.7069108,-0.6277304225497775
1710778145.707024,-0.6021626128090752
1710778145.7071373,-0.5765947368409898
1710778145.7072504,-0.550326473183102
1710778145.7073636,-0.5223069257206386
1710778145.7074769,-0.4942874113718668
1710778145.70759,-0.4652171664767795
1710778145.7077034,-0.4361468884680006
1710778145.7078164,-0.4077771306037903
1710778145.7079296,-0.38080834680133396
1710778145.7080429,-0.35454001691606307
1710778145.708156,-0.3286219636599223
1710778145.7082691,-0.3027039104037815
1710778145.7083824,-0.27608535355991787
1710778145.7084956,-0.24841608272658453
1710778145.7086089,-0.22004630830552843
1710778145.7087219,-0.1916765338844723
1710778145.7088351,-0.16155554188622367
1710778145.7089484,-0.13318577574359045
1710778145.7090616,-0.10446576608551873
1710778145.7091749,-0.07679648697376251
1710778145.709288,-0.0484267125527064
1710778145.7094011,-0.020407189925511677
1710778145.7095144,0.00831445058186849
1710778145.7096276,0.03704008128907945
1710778145.7097406,0.0671669633852111
1710778145.709854,0.09939572049511804
1710778145.7099671,0.1302232344945272
1710778145.7100804,0.1621016694439782
1710778145.7101934,0.19257886542214286
1710778145.7103066,0.22165482242902118
1710778145.71042,0.25073076287905377
1710778145.7105331,0.277704828315311
1710778145.7106464,0.30467891030841404
1710778145.7107594,0.3306020299593608
1710778145.7108727,0.3579264216952854
1710778145.710986,0.38490047057469684
1710778145.7110991,0.41222486231062144
1710778145.7112122,0.44024987353218925
1710778145.7113254,0.46792457501093543
1710778145.7114387,0.49489862389034694
1710778145.711552,0.5215223961406283
1710778145.711665,0.5477958255343967
1710778145.7117782,0.5723177062140571
1710778145.7118914,0.5978905492358737
1710778145.7120047,0.6245142883724636
1710778145.7121177,0.6514883703655666
1710778145.712231,0.6788127289877998
1710778145.7123442,0.7064874304665459
1710778145.7124574,0.7348627514309353
1710778145.7125707,0.7618368334240383
1710778145.7126837,0.7881102959314982
1710778145.712797,0.8140334155824449
1710778145.7129102,0.8368037144343058
1710778145.7130234,0.8585231171713935
1710778145.7131364,0.8802424536810981
1710778145.7132497,0.9009108940760294
1710778145.713363,0.9229806396696303
1710778145.7134762,0.9443496995502048
1710778145.7135892,0.9650181399451362
1710778145.7137024,0.9860368569691975
1710778145.7138157,1.0056544012493558
1710778145.713929,1.0245712598164876
1710778145.7140422,1.0413862599266899
1710778145.7141552,1.0571503639221191
1710778145.7142684,1.0725641250610352
1710778145.7143817,1.0858759615156386
1710778145.714495,1.0998884836832683
1710778145.714608,1.114601559109158
1710778145.7147212,1.1293147669898138
1710778145.7148345,1.1440278424157035
1710778145.7149477,1.1583907074398465
1710778145.7150607,1.172052886750963
1710778145.715174,1.1846641699473064
1710778145.7152872,1.19552387131585
1710778145.7154005,1.2053325441148546
1710778145.7155135,1.2144406636555989
1710778145.7156267,1.2231985727945964
1710778145.71574,1.2323066923353407
1710778145.7158532,1.241414811876085
1710778145.7159665,1.2512234846750896
1710778145.7160795,1.259981393814087
1710778145.7161927,1.2694397237565782
1710778145.716306,1.2774969471825492
1710778145.7164192,1.2841529316372342
1710778145.7165322,1.2904585732354057
1710778145.7166455,1.2939616044362385
1710778145.7167587,1.2974647680918376
1710778145.716872,1.3006175888909233
1710778145.716985,1.303420066833496
1710778145.7170982,1.3072735733456082
1710778145.7172115,1.310426394144694
1710778145.7173247,1.314630111058553
1710778145.717438,1.3177829318576388
1710778145.717551,1.3198847240871854
1710778145.7176642,1.3209357526567247
1710778145.7177775,1.3205854098002117
1710778145.7178907,1.3184834851158989
1710778145.7180037,1.3149804539150662
1710778145.718117,1.3128785292307537
1710778145.7182302,1.3086748123168945
1710778145.7183435,1.3062225447760687
1710778145.7184565,1.3023691707187228
1710778145.7185698,1.2985156642066107
1710778145.718683,1.2943119472927518
1710778145.7187963,1.288356648551093
1710778145.7189095,1.2813504536946614
1710778145.7190225,1.2711913055843778
1710778145.7191358,1.2610322899288602
1710778145.719249,1.2484210067325168
1710778145.7193623,1.2365104092491996
1710778145.7194753,1.2245998117658827
1710778145.7195885,1.2130394246843126
1710778145.7197018,1.2014791700575087
1710778145.719815,1.1895684401194255
1710778145.719928,1.1776578426361084
1710778145.7200413,1.164346006181505
1710778145.7201545,1.1506838268703885
1710778145.7202678,1.1345693800184462
1710778145.7203808,1.118104722764757
1710778145.720494,1.1005891031689115
1710778145.7206073,1.0834237602021959
1710778145.7207205,1.0655578639772203
1710778145.7208338,1.0494434833526611
1710778145.7209468,1.0326284832424588
1710778145.72106,1.0147625207901
1710778145.7211733,0.9972469011942545
1710778145.7212865,0.9779796997706095
1710778145.7213995,0.9566106398900349
1710778145.7215128,0.9341906176673042
1710778145.721626,0.9103693564732869
1710778145.7217393,0.8858474757936265
1710778145.7218523,0.8616759379704793
1710778145.7219656,0.8382049534055922
1710778145.7220788,0.8143836922115749
1710778145.722192,0.7891611920462714
1710778145.7223053,0.7663908931944106
1710778145.7224183,0.7418690125147501
1710778145.7225316,0.7169967889785767
1710778145.7226448,0.6914240121841431
1710778145.722758,0.66444993019104
1710778145.722871,0.637475848197937
1710778145.7229843,0.6094508700900607
1710778145.7230976,0.5824767880969577
1710778145.7232108,0.5569039450751411
1710778145.7233238,0.5320317546526591
1710778145.723437,0.5064589447445339
1710778145.7235503,0.481586754322052
1710778145.7236636,0.45601394441392684
1710778145.7237768,0.429740481906467
1710778145.7238898,0.40206581354141235
1710778145.724003,0.3733401828342014
1710778145.7241163,0.3439138995276557
1710778145.7242296,0.31483795907762313
1710778145.7243426,0.28646263811323375
1710778145.7244558,0.25703638792037964
1710778145.724569,0.22901137669881183
1710778145.7246823,0.20098638203408983
1710778145.7247953,0.1722607347700331
1710778145.7249086,0.1438854303624895
1710778145.7250218,0.11410885386996798
1710778145.725135,0.08363165789180331
1710778145.725248,0.05210352440675099
1710778145.7253613,0.019524453414811026
1710778145.7254746,-0.011651087552309036
1710778145.7255878,-0.042822808027267456
1710778145.725701,-0.07259355651007758
1710778145.725814,-0.10236429671446481
1710778145.7259274,-0.13143455816639793
1710778145.7260406,-0.16050481133990818
1710778145.7261539,-0.19097604685359532
1710778145.7262669,-0.22179752588272095
1710778145.72638,-0.2529692484272851
1710778145.7264934,-0.28624243206448025
1710778145.7266066,-0.31846490171220565
1710778145.7267196,-0.35103758176167804
1710778145.7268329,-0.383610294924842
1710778145.726946,-0.41408151388168335
1710778145.7270594,-0.4438522789213392
1710778145.7271726,-0.47397325436274207
1710778145.7272856,-0.5037439862887064
1710778145.7273989,-0.5338649948438009
1710778145.7275121,-0.5639859702852037
1710778145.7276254,-0.5948074658711752
1710778145.7277384,-0.6249284744262695
1710778145.7278516,-0.6550494167539809
1710778145.7279649,-0.6848201486799452
1710778145.7280781,-0.7117889987097846
1710778145.7281911,-0.7377070188522339
1710778145.7283044,-0.7629246181911892
1710778145.7284176,-0.7870914538701375
1710778145.728531,-0.8109080129199557
1710778145.7286441,-0.8350749148262872
1710778145.7287571,-0.8602924479378594
1710778145.7288704,-0.8858602576785617
1710778145.7289836,-0.9110778570175171
1710778145.729097,-0.9366456667582194
1710778145.72921,-0.9608125024371676
1710778145.7293231,-0.9846291277143691
1710778145.7294364,-1.0066945023006864
1710778145.7295496,-1.0280593898561265
1710778145.7296627,-1.0480233033498128
1710778145.729776,-1.068687703874376
1710778145.7298892,-1.0890018277698092
1710778145.7300024,-1.1096662282943726
1710778145.7301154,-1.1303306950463188
1710778145.7302287,-1.149944331910875
1710778145.730342,-1.1685072051154242
1710778145.7304552,-1.1870702107747395
1710778145.7305684,-1.2031813462575276
1710778145.7306814,-1.217541429731581
1710778145.7307947,-1.230850617090861
1710778145.730908,-1.2441599369049072
1710778145.7310212,-1.2564184930589464
1710778145.7311342,-1.2690272596147325
1710778145.7312474,-1.2833873430887859
1710778145.7313607,-1.295996109644572
1710778145.731474,-1.308955086602105
1710778145.731587,-1.3219141960144043
1710778145.7317002,-1.3324214352501762
1710778145.7318134,-1.3422282536824544
1710778145.7319267,-1.3506340980529785
1710778145.73204,-1.3583395216200087
1710778145.732153,-1.3642936282687717
1710778145.7322662,-1.3702478673723009
1710778145.7323794,-1.3769023948245578
1710778145.7324927,-1.383907397588094
1710778145.7326057,-1.3912624782986112
1710778145.732719,-1.398617559009128
1710778145.7328322,-1.4035210344526503
1710778145.7329454,-1.4094751411014133
1710778145.7330585,-1.4126272996266682
1710778145.7331717,-1.4143786165449355
1710778145.733285,-1.4161298010084364
1710778145.7333982,-1.4168302218119304
1710778145.7335112,-1.4178809854719374
1710778145.7336245,-1.4185815387301974
1710778145.7337377,-1.4199825127919514
1710778145.733851,-1.4206829335954454
1710778145.7339642,-1.4210331439971924
1710778145.7340772,-1.4189317491319444
1710778145.7341905,-1.4171805646684434
1710778145.7343037,-1.4122770892249212
1710778145.734417,-1.4066731929779053
1710778145.73453,-1.398617559009128
1710778145.7346432,-1.390561925040351
1710778145.7347565,-1.38250642352634
1710778145.7348697,-1.3741004467010498
1710778145.7349827,-1.3656946023305256
1710778145.735096,-1.3579893112182617
1710778145.7352092,-1.3499336772494845
1710778145.7353225,-1.3401268588172064
1710778145.7354357,-1.3292692767249212
1710778145.7355487,-1.316660510169135
1710778145.735662,-1.303000979953342
1710778145.7357752,-1.2886408964792888
1710778145.7358885,-1.2735803922017415
1710778145.7360015,-1.2581696775224473
1710778145.7361147,-1.2431091732449002
1710778145.736228,-1.2280486689673529
1710778145.7363412,-1.212988297144572
1710778145.7364542,-1.1965268188052707
1710778145.7365675,-1.1790145768059623
1710778145.7366807,-1.1608019140031602
1710778145.736794,-1.139436960220337
1710778145.7369072,-1.1184223492940266
1710778145.7370203,-1.0956564876768324
1710778145.7371335,-1.0735911130905151
1710778145.7372468,-1.052226225535075
1710778145.73736,-1.0312115483813815
1710778145.737473,-1.0108974244859483
1710778145.7375863,-0.990583234363132
1710778145.7376995,-0.9699188338385688
1710778145.7378128,-0.9489042229122585
1710778145.7379258,-0.9282398223876953
1710778145.738039,-0.904773473739624
1710778145.7381523,-0.8802563614315456
1710778145.7382655,-0.8567900127834743
1710778145.7383785,-0.831922690073649
1710778145.7384918,-0.8074055777655708
1710778145.738605,-0.7832387420866225
1710778145.7387183,-0.7587216960059272
1710778145.7388315,-0.7342045836978488
1710778145.7389445,-0.7086367739571465
1710778145.7390578,-0.6820182005564371
1710778145.739171,-0.6536484426922268
1710778145.7392843,-0.6242279873953925
1710778145.7393973,-0.5948074658711752
1710778145.7395105,-0.5639859702852037
1710778145.7396238,-0.5338649948438009
1710778145.739737,-0.504794716835022
1710778145.73985,-0.47782593303256565
1710778145.7399633,-0.4491059316529168
1710778145.7400765,-0.42283763488133747
1710778145.7401898,-0.39656930499606663
1710778145.740303,-0.3692502776781718
1710778145.740416,-0.34053027629852295
1710778145.7405293,-0.31251072883605957
1710778145.7406425,-0.2830902404255337
1710778145.7407558,-0.2533194919427236
1710778145.7408688,-0.22424923049079046
1710778145.740982,-0.19587947262658012
1710778145.7410953,-0.16785994172096252
1710778145.7412086,-0.14019065433078343
1710778145.7413216,-0.1121711317035887
1710778145.7414348,-0.08380136556095547
1710778145.741548,-0.054030621217356786
1710778145.7416613,-0.023909629219108157
1710778145.7417746,0.007613825404809581
1710778145.7418876,0.03984258406692081
1710778145.7420008,0.07137071755197313
1710778145.742114,0.10289885103702545
1710778145.7422273,0.13302572899394566
1710778145.7423403,0.16350292497211033
1710778145.7424536,0.19257886542214286
1710778145.7425668,0.22130449612935382
1710778145.74268,0.2514313823646969
1710778145.742793,0.2819085783428616
1710778145.7429063,0.3127361006206936
1710778145.7430196,0.3435635897848341
1710778145.7431328,0.3750917315483093
1710778145.7432458,0.4066198733117845
1710778145.743359,0.43604612350463867
1710778145.7434723,0.46652330292595756
1710778145.7435856,0.493147075176239
1710778145.7436988,0.5211720863978068
1710778145.7438118,0.5470952060487535
1710778145.743925,0.5737189451853434
1710778145.7440383,0.6003427505493164
1710778145.7441516,0.6276671091715494
1710778145.7442646,0.6553418106502956
1710778145.7443779,0.6809145874447292
1710778145.744491,0.7082390122943454
1710778145.7446043,0.7317099306318495
1710778145.7447174,0.7558815346823798
1710778145.7448306,0.7776008711920844
1710778145.7449439,0.7996706167856852
1710778145.745057,0.8206893338097466
1710778145.7451704,0.8417081170611911
1710778145.7452834,0.8641280730565388
1710778145.7453966,0.8851468563079834
1710778145.7455099,0.9075668785307143
1710778145.745623,0.9282353189256456
1710778145.7457361,0.9485534164640639
1710778145.7458494,0.9674703412585788
1710778145.7459626,0.9856865803400675
1710778145.7460759,1.0018009609646268
1710778145.7461889,1.0172147221035428
1710778145.7463021,1.0326284832424588
1710778145.7464154,1.0480422443813748
1710778145.7465286,1.064156625005934
1710778145.7466419,1.08027093940311
1710778145.746755,1.0960350433985393
1710778145.7468681,1.1124997668796115
1710778145.7469814,1.1279135280185275
1710778145.7470946,1.1419260501861572
1710778145.7472076,1.1552378866407607
1710778145.747321,1.1674988269805908
1710778145.7474341,1.1783585283491347
1710778145.7475474,1.1902691258324516
1710778145.7476604,1.2011288272009955
1710778145.7477736,1.2130394246843126
1710778145.747887,1.2245998117658827
1710778145.7480001,1.2358097235361736
1710778145.7481132,1.2466694249047172
1710778145.7482264,1.2557775444454617
1710778145.7483397,1.2638347678714328
1710778145.748453,1.2694397237565782
1710778145.7485662,1.2736435731252034
1710778145.7486792,1.2771466043260362
1710778145.7487924,1.2810001108381484
1710778145.7489057,1.283802588780721
1710778145.749019,1.2869554095798068
1710778145.749132,1.291159126493666
1710778145.7492452,1.2946622901492648
1710778145.7493584,1.2974647680918376
1710778145.7494717,1.3002672460344102
1710778145.7495847,1.3013182746039496
1710778145.749698,1.3009679317474365
1710778145.7498112,1.3002672460344102
1710778145.7499244,1.298866007063124
1710778145.7500377,1.2974647680918376
1710778145.7501507,1.2960635291205511
1710778145.750264,1.295012633005778
1710778145.7503772,1.2932610511779785
1710778145.7504904,1.2925603654649522
1710778145.7506034,1.2904585732354057
1710778145.7507167,1.2862547238667805
1710778145.75083,1.280649767981635
1710778145.7509432,1.272592544555664
1710778145.7510562,1.264185110727946
1710778145.7511694,1.2543763054741752
1710778145.7512827,1.2442172898186576
1710778145.751396,1.234058141708374
1710778145.751509,1.2238991260528564
1710778145.7516222,1.2137401103973389
1710778145.7517354,1.202530066172282
1710778145.7518487,1.1913200219472249
1710778145.751962,1.1787088712056477
1710778145.752075,1.164696349038018
1710778145.7521882,1.149282587899102
1710778145.7523015,1.1328177981906467
1710778145.7524147,1.1156525876786973
1710778145.7525277,1.099538140826755
1710778145.752641,1.0834237602021959
1710778145.7527542,1.0676597224341497
1710778145.7528675,1.0518956846661038
1710778145.7529805,1.0361315806706746
1710778145.7530937,1.0200172000461154
1710778145.753207,1.00250158045027
1710778145.7533202,0.983584721883138
1710778145.7534335,0.9632665581173366
1710778145.7535465,0.9429484605789185
1710778145.7536597,0.9212290578418307
1710778145.753773,0.8995096551047431
1710778145.7538862,0.8788412147098117
1710778145.7539992,0.8585231171713935
1710778145.7541125,0.8382049534055922
1710778145.7542257,0.8182371324963039
1710778145.754339,0.7961674531300862
1710778145.754452,0.7744480503929986
1710778145.7545652,0.7509771320554945
1710778145.7546785,0.7271558708614773
1710778145.7547917,0.7026339901818169
1710778145.754905,0.6784624523586696
1710778145.755018,0.6553418106502956
1710778145.7551312,0.6322211689419216
1710778145.7552445,0.6098011467191908
1710778145.7553577,0.5880818102094862
1710778145.7554708,0.5653114451302422
1710778145.755584,0.5421908365355598
1710778145.7556973,0.5180192655987209
1710778145.7558105,0.4924464556905958
1710778145.7559235,0.4651220639546712
1710778145.7560368,0.4377976722187466
1710778145.75615,0.41012300385369194
1710778145.7562633,0.38244830237494576
1710778145.7563763,0.3547736008961995
1710778145.7564895,0.3277995189030965
1710778145.7566028,0.30082547002368504
1710778145.756716,0.2731507685449388
1710778145.7568293,0.24442513783772785
1710778145.7569423,0.2156995071305169
1710778145.7570555,0.1859229306379954
1710778145.7571688,0.15439480543136597
1710778145.757282,0.1239176011747784
1710778145.757395,0.0941410329606798
1710778145.7575083,0.06401415086454815
1710778145.7576215,0.03493820627530416
1710778145.7577348,0.007263512557579411
1710778145.7578478,-0.02075743344095018
1710778145.757961,-0.04877696020735635
1710778145.7580743,-0.07679648697376251
1710778145.7581875,-0.10691747069358826
1710778145.7583008,-0.1373887062072754
1710778145.7584138,-0.16821018523640102
1710778145.758527,-0.20008239481184217
1710778145.7586403,-0.2305536303255293
1710778145.7587535,-0.2606746223237779
1710778145.7588665,-0.29079559776518077
1710778145.7589798,-0.3195156322585212
1710778145.759093,-0.3478853901227315
1710778145.7592063,-0.3762551479869419
1710778145.7593193,-0.40567566951115924
1710778145.7594326,-0.4361468884680006
1710778145.7595458,-0.4652171664767795
1710778145.759659,-0.49638887246449787
1710778145.7597723,-0.5258093608750237
1710778145.7598853,-0.5548796388838027
1710778145.7599986,-0.583599673377143
1710778145.7601118,-0.6098679701487223
1710778145.760225,-0.6364864773220485
1710778145.760338,-0.6620542870627509
1710778145.7604513,-0.6869216759999593
1710778145.7605646,-0.7131899727715386
1710778145.7606778,-0.7394582695431179
1710778145.7607908,-0.7653762896855671
1710778145.760904,-0.7909441656536526
1710778145.7610173,-0.8172124624252319
1710778145.7611306,-0.8417295085059272
1710778145.7612436,-0.8634446726904975
1710778145.7613568,-0.8855100472768147
1710778145.76147,-0.906174447801378
1710778145.7615833,-0.9261383612950642
1710778145.7616966,-0.9461022747887505
1710778145.7618096,-0.9667666753133137
1710778145.7619228,-0.987431075837877
1710778145.762036,-1.0087959633933172
1710778145.7621493,-1.0294603639178805
1710778145.7622623,-1.0494242774115667
1710778145.7623756,-1.069037914276123
1710778145.7624888,-1.0883013407389324
1710778145.762602,-1.1051130294799805
1710778145.762715,-1.1208740870157878
1710778145.7628284,-1.137685775756836
1710778145.7629416,-1.154847674899631
1710778145.7630548,-1.1706087324354384
1710778145.763168,-1.1884711848364935
1710778145.763281,-1.2056330839792888
1710778145.7633944,-1.22209456231859
1710778145.7635076,-1.237505276997884
1710778145.7636209,-1.2515150176154242
1710778145.7637339,-1.2644741270277235
1710778145.763847,-1.2756819195217557
1710778145.7639604,-1.2865395016140408
1710778145.7640736,-1.2956457667880588
1710778145.7641866,-1.305452717675103
1710778145.7642999,-1.315609746509128
1710778145.764413,-1.3275180922614203
1710778145.7645264,-1.3380253314971924
1710778145.7646396,-1.3492331239912245
1710778145.7647526,-1.3597404956817627
1710778145.7648659,-1.3691971037122939
1710778145.7649791,-1.3769023948245578
1710778145.7650924,-1.383206844329834
1710778145.7652054,-1.3898615042368572
1710778145.7653186,-1.3954654004838731
1710778145.765432,-1.400368743472629
1710778145.7655451,-1.4059727721744113
1710778145.7656581,-1.4108761151631672
1710778145.7657714,-1.4154292477501762
1710778145.7658846,-1.4189317491319444
1710778145.765998,-1.4196321699354384
1710778145.766111,-1.4199825127919514
1710778145.7662241,-1.4168302218119304
1710778145.7663374,-1.4126272996266682
1710778145.7664506,-1.4077239566379123
1710778145.766564,-1.401419507132636
1710778145.766677,-1.3965161641438801
1710778145.7667902,-1.391962899102105
1710778145.7669034,-1.387059556113349
1710778145.7670166,-1.382856633928087
1710778145.7671297,-1.3783033688863118
1710778145.767243,-1.3716488414340549
1710778145.7673562,-1.3653443919287787
1710778145.7674694,-1.3572887579600017
1710778145.7675824,-1.3478321499294705
1710778145.7676957,-1.3373249106936984
1710778145.767809,-1.3268175390031602
1710778145.7679222,-1.315959956910875
1710778145.7680354,-1.305452717675103
1710778145.7681484,-1.2942447927263048
1710778145.7682617,-1.2833873430887859
1710778145.768375,-1.2707784440782335
1710778145.7684882,-1.2560682826571994
1710778145.7686012,-1.2399570147196453
1710778145.7687144,-1.222444772720337
1710778145.7688277,-1.2035316891140408
1710778145.768941,-1.1842682626512315
1710778145.769054,-1.1643042829301622
1710778145.7691672,-1.1453910668690999
1710778145.7692804,-1.1261276404062908
1710778145.7693937,-1.1075647672017415
1710778145.7695067,-1.0897023148006864
1710778145.76962,-1.070438888337877
1710778145.7697332,-1.0504749748441908
1710778145.7698464,-1.0298105743196275
1710778145.7699597,-1.0084456867641873
1710778145.7700727,-0.9849793381161159
1710778145.770186,-0.9622134764989216
1710778145.7702992,-0.9401481019126045
1710778145.7704124,-0.9177325169245402
1710778145.7705255,-0.8960173527399699
1710778145.7706387,-0.8750026755862765
1710778145.770752,-0.8536377880308363
1710778145.7708652,-0.830871926413642
1710778145.7709782,-0.8081060647964478
1710778145.7710915,-0.7842895057466295
1710778145.7712047,-0.7583714193767971
1710778145.771318,-0.7324533992343478
1710778145.7714312,-0.7054845492045084
1710778145.7715442,-0.6795665290620592
1710778145.7716575,-0.6532982322904799
1710778145.7717707,-0.6266796588897705
1710778145.771884,-0.6007615725199381
1710778145.771997,-0.5744932757483588
1710778145.7721102,-0.5468240049150255
1710778145.7722235,-0.5191547340816921
1710778145.7723367,-0.4886835151248508
1710778145.7724497,-0.4582122630543179
1710778145.772563,-0.42739080058203804
1710778145.7726762,-0.3958688179651896
1710778145.7727895,-0.36504735549290973
1710778145.7729027,-0.33562683396869236
1710778145.7730157,-0.3062063455581665
1710778145.773129,-0.27748632762167186
1710778145.7732422,-0.24806583921114603
1710778145.7733555,-0.21829509072833592
1710778145.7734685,-0.18817409873008728
1710778145.7735817,-0.15630188915464613
1710778145.773695,-0.12407943606376648
1710778145.7738082,-0.09150673117902544
1710778145.7739213,-0.05893403457270728
1710778145.7740345,-0.02671158355143335
1710778145.7741477,0.005511949873632855
1710778145.774261,0.036339457664224833
1710778145.774374,0.06751727726724413
1710778145.7744873,0.09904541075229645
1710778145.7746005,0.1302232344945272
1710778145.7747138,0.1621016694439782
1710778145.774827,0.1957316862212287
1710778145.77494,0.22796044747034708
1710778145.7750533,0.26053951846228707
1710778145.7751665,0.29276827971140545
1710778145.7752798,0.3235957688755459
1710778145.7753928,0.3523213995827569
1710778145.775506,0.3803464108043247
1710778145.7756193,0.4069701830546061
1710778145.7757325,0.4342945416768392
1710778145.7758455,0.4619692431555854
1710778145.7759588,0.48894332514868843
1710778145.776072,0.5169683363702562
1710778145.7761853,0.5453436573346456
1710778145.7762985,0.5733686685562134
1710778145.7764115,0.6006930271784464
1710778145.7765248,0.6273167663150363
1710778145.776638,0.6535902288224962
1710778145.7767513,0.6781121095021566
1710778145.7768643,0.7036849525239732
1710778145.7769775,0.7299584150314331
1710778145.7770908,0.7551809151967366
1710778145.777204,0.7818046543333266
1710778145.777317,0.8087787363264296
1710778145.7774303,0.8347018559773762
1710778145.7775435,0.860624975628323
1710778145.7776568,0.8851468563079834
1710778145.77777,0.9082674980163574
1710778145.777883,0.9292862150404189
1710778145.7779963,0.9496043788062202
1710778145.7781096,0.9681709607442219
1710778145.7782228,0.9870878193113539
1710778145.7783358,1.0056544012493558
1710778145.778449,1.0245712598164876
1710778145.7785623,1.0431378417544894
1710778145.7786756,1.0624050431781344
1710778145.7787886,1.08027093940311
1710778145.7789018,1.0970860057406955
1710778145.779015,1.1132003201378715
1710778145.7791283,1.1286140812767875
1710778145.7792413,1.1426266034444172
1710778145.7793546,1.15698946846856
1710778145.7794678,1.1713522010379367
1710778145.779581,1.1860654089185927
1710778145.7796943,1.2014791700575087
1710778145.7798073,1.2161922454833984
1710778145.7799206,1.2312556637658012
1710778145.7800338,1.2456185287899442
1710778145.780147,1.2585800223880343
1710778145.78026,1.2697900666130912
1710778145.7803733,1.2792485290103488
1710778145.7804866,1.288356648551093
1710778145.7805998,1.2960635291205511
1710778145.7807128,1.3041207525465224
1710778145.780826,1.3114772902594671
1710778145.7809393,1.3191841708289251
1710778145.7810526,1.3261903656853569
1710778145.7811658,1.3338972462548149
1710778145.7812788,1.3391519917382133
1710778145.781392,1.3433557086520724
1710778145.7815053,1.3461581865946453
1710778145.7816186,1.3472092151641846
1710778145.7817316,1.3479097684224446
1710778145.7818449,1.3472092151641846
1710778145.781958,1.3458079761928983
1710778145.7820714,1.3458079761928983
1710778145.7821844,1.345457633336385
1710778145.7822976,1.3447569476233587
1710778145.7824109,1.3437060515085857
1710778145.782524,1.3412537839677598
1710778145.7826374,1.337750752766927
1710778145.7827504,1.3324960072835286
1710778145.7828636,1.3247891267140706
1710778145.7829769,1.3170822461446126
1710778145.78309,1.3086748123168945
1710778145.7832031,1.299216349919637
1710778145.7833164,1.2894075446658664
1710778145.7834296,1.2813504536946614
1710778145.7835429,1.2715416484408908
1710778145.783656,1.2613826327853732
1710778145.7837691,1.2512234846750896
1710778145.7838824,1.2389625443352592
1710778145.7839956,1.226001050737169
1710778145.7841086,1.210937632454766
1710778145.784222,1.195874081717597
1710778145.7843351,1.180110110176934
1710778145.7844484,1.1657472451527913
1710778145.7845616,1.1510341697269015
1710778145.7846746,1.137722200817532
1710778145.784788,1.1233594682481554
1710778145.7849011,1.1093469460805256
1710778145.7850144,1.0960350433985393
1710778145.7851274,1.0795703199174669
1710778145.7852407,1.0617044236924913
1710778145.785354,1.0441888040966458
1710778145.7854671,1.0249216026730008
1710778145.7855802,1.0046034389071994
1710778145.7856934,0.9846356179979112
1710778145.7858067,0.9653684165742662
1710778145.78592,0.9457509385214912
1710778145.7860332,0.9257831176122029
1710778145.7861462,0.9047643343607584
1710778145.7862594,0.883745617336697
1710778145.7863727,0.8616759379704793
1710778145.786486,0.8371540572908189
1710778145.786599,0.8126321766111586
1710778145.7867122,0.7870593335893419
1710778145.7868254,0.7621871100531684
1710778145.7869387,0.737665229373508
1710778145.7870517,0.7134936915503608
1710778145.787165,0.6903730498419868
1710778145.7872782,0.6672524081336128
1710778145.7873914,0.6434311469395956
1710778145.7875044,0.6192596091164483
1710778145.7876177,0.5943873855802748
1710778145.787731,0.5674133698145548
1710778145.7878442,0.5407895975642734
1710778145.7879574,0.5127645863427056
1710778145.7880704,0.485440194606781
1710778145.7881837,0.4588164554701911
1710778145.788297,0.43149206373426646
1710778145.7884102,0.40521860122680664
1710778145.7885232,0.37859486209021675
1710778145.7886364,0.3516207800971137
1710778145.7887497,0.3239460786183675
1710778145.788863,0.29522044791115654
1710778145.788976,0.26474326848983765
1710778145.7890892,0.2335654530260298
1710778145.7892025,0.20238762100537616
1710778145.7893157,0.17085949579874674
1710778145.789429,0.14108291930622524
1710778145.789542,0.11095604134930505
1710778145.7896552,0.08117946485678355
1710778145.7897685,0.051402900781896375
1710778145.7898817,0.021276016616159014
1710778145.7899947,-0.009199378805028068
1710778145.790108,-0.040371099279986486
1710778145.7902212,-0.07294380002551608
1710778145.7903345,-0.10516625311639574
1710778145.7904475,-0.13668821917639837
1710778145.7905607,-0.16821018523640102
1710778145.790674,-0.19763069020377264
1710778145.7907872,-0.2263506915834215
1710778145.7909005,-0.2543702224890391
1710778145.7910135,-0.2834404839409722
1710778145.7911267,-0.3111097547743055
1710778145.79124,-0.3391293022367689
1710778145.7913532,-0.36854979064729476
1710778145.7914662,-0.3983205225732591
1710778145.7915795,-0.42809128761291504
1710778145.7916927,-0.45681128899256385
1710778145.791806,-0.4855313234859043
1710778145.791919,-0.5132005943192376
1710778145.7920322,-0.540169378121694
1710778145.7921455,-0.5657372209760878
1710778145.7922587,-0.5923557281494141
1710778145.7923717,-0.6175733274883694
1710778145.792485,-0.6445421112908257
1710778145.7925982,-0.670810408062405
1710778145.7927115,-0.6970787048339844
1710778145.7928247,-0.7233470016055636
1710778145.7929378,-0.748914877573649
1710778145.793051,-0.7723812262217203
1710778145.7931643,-0.7944466008080376
1710778145.7932775,-0.8151110013326008
1710778145.7933905,-0.8357754018571641
1710778145.7935038,-0.8557393153508503
1710778145.793617,-0.8764037158754137
1710778145.7937303,-0.897068116399977
1710778145.7938433,-0.9177325169245402
1710778145.7939565,-0.9397978915108575
1710778145.7940698,-0.9625637531280518
1710778145.794183,-0.983928640683492
1710778145.7942963,-1.0045930412080553
1710778145.7944093,-1.0242066780726116
1710778145.7945225,-1.0434701045354207
1710778145.7946358,-1.0620330439673529
1710778145.794749,-1.0802457067701552
1710778145.794862,-1.0981081591712103
1710778145.7949753,-1.1170213752322726
1710778145.7950885,-1.134883827633328
1710778145.7952018,-1.15309649043613
1710778145.7953148,-1.1706087324354384
1710778145.795428,-1.1860194471147325
1710778145.7955413,-1.2007297409905326
1710778145.7956545,-1.2140389283498128
1710778145.7957678,-1.225246720843845
1710778145.7958808,-1.23610430293613
1710778145.795994,-1.2466116746266682
1710778145.7961073,-1.2574692567189534
1710778145.7962205,-1.2690272596147325
1710778145.7963336,-1.2809356053670247
1710778145.7964468,-1.2931941615210638
1710778145.79656,-1.304752164416843
1710778145.7966733,-1.315609746509128
1710778145.7967863,-1.3254165649414062
1710778145.7968996,-1.3338224093119304
1710778145.7970128,-1.3411776224772136
1710778145.797126,-1.3485327031877306
1710778145.797239,-1.3548370202382405
1710778145.7973523,-1.3611414697435167
1710778145.7974656,-1.3674459192487929
1710778145.7975788,-1.3737502362993028
1710778145.797692,-1.3793541325463188
1710778145.797805,-1.385308371649848
1710778145.7979183,-1.388460530175103
1710778145.7980316,-1.390211714638604
1710778145.7981448,-1.3898615042368572
1710778145.7982578,-1.388460530175103
1710778145.798371,-1.386359002855089
1710778145.7984843,-1.384257607989841
1710778145.7985976,-1.380755106608073
1710778145.7987106,-1.379003922144572
1710778145.7988238,-1.3758517636193168
1710778145.798937,-1.3741004467010498
1710778145.7990503,-1.3691971037122939
1710778145.7991636,-1.3639434178670247
1710778145.7992766,-1.3569385475582547
1710778145.7993898,-1.3481824927859836
1710778145.799503,-1.3390760951571994
1710778145.7996163,-1.3282185130649142
1710778145.7997293,-1.317711141374376
1710778145.7998426,-1.307904322942098
1710778145.7999558,-1.2980975045098198
1710778145.800069,-1.2882906860775418
1710778145.800182,-1.2791844209035237
1710778145.8002954,-1.2683268388112385
1710778145.8004086,-1.2567687034606934
1710778145.8005219,-1.2445101473066542
1710778145.800635,-1.230500406689114
1710778145.800748,-1.21579024526808
1710778145.8008614,-1.2003793981340196
1710778145.8009746,-1.1856692367129855
1710778145.8010879,-1.1713091532389324
1710778145.8012009,-1.1569492022196453
1710778145.801314,-1.142939461602105
1710778145.8014274,-1.1282291677263048
1710778145.8015406,-1.1124682426452637
1710778145.8016536,-1.0960066980785794
1710778145.8017669,-1.078144245677524
1710778145.8018801,-1.059231095843845
1710778145.8019934,-1.0392671823501587
1710778145.8021064,-1.0196534792582195
1710778145.8022196,-0.9996895657645332
1710778145.8023329,-0.980776415930854
1710778145.8024461,-0.9625637531280518
1710778145.8025594,-0.9440008136961195
1710778145.8026724,-0.9247373872333102
1710778145.8027856,-0.906524658203125
1710778145.802899,-0.8851597706476847
1710778145.8030121,-0.8627441856596205
1710778145.8031251,-0.8399783240424262
1710778145.8032384,-0.8165119753943549
1710778145.8033516,-0.7909441656536526
1710778145.803465,-0.7667772637473212
1710778145.803578,-0.742610428068373
1710778145.8036911,-0.7191440794203017
1710778145.8038044,-0.6942767567104763
1710778145.8039176,-0.669059223598904
1710778145.804031,-0.6420903735690646
1710778145.804144,-0.6144211027357314
1710778145.8042572,-0.586401621500651
1710778145.8043704,-0.5559303363164266
1710778145.8044837,-0.5275606115659078
1710778145.8045967,-0.49638887246449787
1710778145.80471,-0.46801911460028756
1710778145.8048232,-0.4392990801069471
1710778145.8049364,-0.4123302963044908
1710778145.8050494,-0.385711756017473
1710778145.8051627,-0.35944345924589366
1710778145.805276,-0.3310736682679918
1710778145.8053892,-0.30340439743465847
1710778145.8055022,-0.2739838924672868
1710778145.8056154,-0.24386290046903822
1710778145.8057287,-0.21409215198622808
1710778145.805842,-0.18432142006026372
1710778145.8059552,-0.15420042806201512
1710778145.8060682,-0.1254804101255205
1710778145.8061814,-0.09570966164271036
1710778145.8062947,-0.06698965198463863
1710778145.806408,-0.03686865998639001
1710778145.806521,-0.005696938476628727
1710778145.8066342,0.025830080525742635
1710778145.8067474,0.05805883970525529
1710778145.8068607,0.09133853018283844
1710778145.8069737,0.12356729143195681
1710778145.807087,0.15614637070231968
1710778145.8072002,0.18662355012363857
1710778145.8073134,0.21640012661616007
1710778145.8074267,0.24442513783772785
1710778145.8075397,0.2720998227596283
1710778145.807653,0.29977450768152875
1710778145.8077662,0.3285001715024312
1710778145.8078794,0.3568754924668206
1710778145.8079925,0.3852507803175184
1710778145.8081057,0.41397644413842094
1710778145.808219,0.4427020748456319
1710778145.8083322,0.47072705295350814
1710778145.8084452,0.4973508252037896
1710778145.8085585,0.5225733253690932
1710778145.8086717,0.5470952060487535
1710778145.808785,0.5726680490705702
1710778145.8088982,0.5968395868937174
1710778145.8090112,0.6224124299155341
1710778145.8091245,0.6483355495664809
1710778145.8092377,0.6742586692174276
1710778145.809351,0.7001817888683742
1710778145.809464,0.7261049747467041
1710778145.8095772,0.7509771320554945
1710778145.8096905,0.7747983932495117
1710778145.8098037,0.7972184154722426
1710778145.8099167,0.8196384376949734
1710778145.81003,0.8417081170611911
1710778145.8101432,0.8634274535708957
1710778145.8102565,0.8858474757936265
1710778145.8103695,0.9089681175020006
1710778145.8104827,0.9324390358395046
1710778145.810596,0.9552094009187486
1710778145.8107092,0.9772790802849664
1710778145.8108225,0.998998483022054
1710778145.8109355,1.0189662377039592
1710778145.8110487,1.037182543012831
1710778145.811162,1.0560994015799627
1710778145.8112752,1.0732647445466783
1710778145.8113883,1.091130640771654
1710778145.8115015,1.1086462603674994
1710778145.8116148,1.1268624994489882
1710778145.811728,1.14542908138699
1710778145.811841,1.1629447672102187
1710778145.8119543,1.180460320578681
1710778145.8120675,1.195874081717597
1710778145.8121808,1.2098866038852267
1710778145.812294,1.222147544225057
1710778145.812407,1.234408484564887
1710778145.8125203,1.245268185933431
1710778145.8126335,1.256828573015001
1710778145.8127468,1.2669875886705186
1710778145.8128598,1.2778472900390625
1710778145.812973,1.28800630569458
1710778145.8130863,1.2978151109483507
1710778145.8131995,1.306572887632582
1710778145.8133125,1.3132288720872667
1710778145.8134258,1.318833827972412
1710778145.813539,1.3226873344845242
1710778145.8136523,1.3247891267140706
1710778145.8137655,1.3279419475131564
1710778145.8138785,1.3310947683122423
1710778145.8139918,1.333547035853068
1710778145.814105,1.3363495137956407
1710778145.8142183,1.3398525449964735
1710778145.8143313,1.3419544696807861
1710778145.8144445,1.3437060515085857
1710778145.8145578,1.3440563943650987
1710778145.814671,1.3426551553938124
1710778145.814784,1.3395023345947266
1710778145.8148973,1.3356488280826144
1710778145.8150105,1.3314451111687553
1710778145.8151238,1.3279419475131564
1710778145.8152368,1.3237382305992973
1710778145.81535,1.3195345136854384
1710778145.8154633,1.3149804539150662
1710778145.8155766,1.3090251551734076
1710778145.8156898,1.302719513575236
1710778145.8158028,1.2943119472927518
1710778145.815916,1.2841529316372342
1710778145.8160293,1.2732932302686903
1710778145.8161426,1.260331604215834
1710778145.8162556,1.2484210067325168
1710778145.8163688,1.2365104092491996
1710778145.816482,1.2253003650241427
1710778145.8165953,1.2130394246843126
1710778145.8167083,1.2014791700575087
1710778145.8168216,1.1895684401194255
1710778145.8169348,1.1769572893778484
1710778145.817048,1.1629447672102187
1710778145.8171613,1.1468303203582764
1710778145.8172743,1.1307160059611003
1710778145.8173876,1.1139010058508978
1710778145.8175008,1.0970860057406955
1710778145.817614,1.0806212822596233
1710778145.817727,1.0652075211207073
1710778145.8178403,1.0494434833526611
1710778145.8179536,1.033329102728102
1710778145.8180668,1.0168643792470295
1710778145.8181798,1.0000493791368272
1710778145.818293,0.9807821777131822
1710778145.8184063,0.9611646996604072
1710778145.8185196,0.9394452969233195
1710778145.8186328,0.9170252747005886
1710778145.8187459,0.895305938190884
1710778145.818859,0.8728859159681532
1710778145.8189723,0.8508162366019355
1710778145.8190856,0.8294471767213609
1710778145.8191986,0.8066768116421169
1710778145.8193119,0.7832058933046129
1710778145.819425,0.7597349749671088
1710778145.8195384,0.7341621319452921
1710778145.8196514,0.7078886694378322
1710778145.8197646,0.679863691329956
1710778145.8198779,0.6521889898512099
1710778145.819991,0.6245142883724636
1710778145.8201041,0.5971899297502306
1710778145.8202174,0.5702158477571275
1710778145.8203306,0.5442926949924892
1710778145.8204439,0.5176689558558993
1710778145.820557,0.49069487386279637
1710778145.8206701,0.4619692431555854
1710778145.8207834,0.43219268321990967
1710778145.8208966,0.40066454145643443
1710778145.8210099,0.3687860899501377
1710778145.821123,0.3365573618147108
1710778145.8212361,0.3050292200512356
1710778145.8213494,0.2731507685449388
1710778145.8214626,0.24267357256677416
1710778145.8215756,0.2111454473601447
1710778145.821689,0.18031792508231267
1710778145.8218021,0.14949041936132643
1710778145.8219154,0.11726166639063093
1710778145.8220286,0.08538322316275702
1710778145.8221416,0.051753210524717964
1710778145.822255,0.019174141602383718
1710778145.8223681,-0.012701820168230269
1710778145.8224814,-0.04387354271279441
1710778145.8225944,-0.07294380002551608
1710778145.8227077,-0.1027145485083262
1710778145.822821,-0.13143455816639793
1710778145.8229342,-0.16015456782446966
1710778145.8230472,-0.18887458576096428
1710778145.8231604,-0.2193458212746514
1710778145.8232737,-0.24946681327290005
1710778145.823387,-0.28133902284834117
1710778145.8235,-0.31356145938237506
1710778145.8236132,-0.34543368551466197
1710778145.8237264,-0.3755546609560648
1710778145.8238397,-0.40567566951115924
1710778145.823953,-0.4350961579216851
1710778145.824066,-0.4638161924150255
1710778145.8241792,-0.49253619379467434
1710778145.8242924,-0.5219566822052002
1710778145.8244057,-0.5510269602139791
1710778145.8245187,-0.5800972382227579
1710778145.824632,-0.6095176935195923
1710778145.8247452,-0.6382377280129327
1710778145.8248584,-0.665906998846266
1710778145.8249714,-0.6921752956178453
1710778145.8250847,-0.7173928949568007
1710778145.825198,-0.740859243604872
1710778145.8253112,-0.7646758026546902
1710778145.8254244,-0.7877919409010146
1710778145.8255374,-0.8123090532090929
1710778145.8256507,-0.8361256122589111
1710778145.825764,-0.8609929349687364
1710778145.8258772,-0.8858602576785617
1710778145.8259902,-0.9103773699866401
1710778145.8261034,-0.9345442056655884
1710778145.8262167,-0.9576602776845295
1710778145.82633,-0.9793754418690999
1710778145.826443,-0.9996895657645332
1710778145.8265562,-1.0203539662890964
1710778145.8266695,-1.0403178797827826
1710778145.8267827,-1.0595813062455919
1710778145.826896,-1.0802457067701552
1710778145.827009,-1.1016105943255954
1710778145.8271222,-1.1222750610775418
1710778145.8272355,-1.1425891187455919
1710778145.8273487,-1.1611521244049072
1710778145.8274617,-1.1790145768059623
1710778145.827575,-1.1961764759487576
1710778145.8276882,-1.2119375334845648
1710778145.8278015,-1.2269980377621121
1710778145.8279145,-1.2420585420396593
1710778145.8280277,-1.2571190463172064
1710778145.828141,-1.2728799713982475
1710778145.8282542,-1.2875902652740479
1710778145.8283672,-1.302300426695082
1710778145.8284805,-1.315959956910875
1710778145.8285937,-1.3278683026631672
1710778145.828707,-1.3383755418989394
1710778145.8288202,-1.3467815187242296
1710778145.8289332,-1.3541365994347465
1710778145.8290465,-1.3611414697435167
1710778145.8291597,-1.3674459192487929
1710778145.829273,-1.3730498154958088
1710778145.829386,-1.380054685804579
1710778145.8294992,-1.387059556113349
1710778145.8296125,-1.3933638731638591
1710778145.8297257,-1.399668322669135
1710778145.8298388,-1.4035210344526503
1710778145.829952,-1.4070234033796523
1710778145.8300653,-1.4084243774414062
1710778145.8301785,-1.4087747202979193
1710778145.8302917,-1.4080741670396593
1710778145.8304048,-1.4070234033796523
1710778145.830518,-1.4059727721744113
1710778145.8306313,-1.4059727721744113
1710778145.8307445,-1.4052722189161513
1710778145.8308575,-1.4038712448543973
1710778145.8309708,-1.4007190863291423
1710778145.831084,-1.396165821287367
1710778145.8311973,-1.3898615042368572
1710778145.8313103,-1.381455659866333
1710778145.8314235,-1.3730498154958088
1710778145.8315368,-1.364643971125285
1710778145.83165,-1.3551873630947537
1710778145.8317633,-1.3474819395277235
1710778145.8318763,-1.3394263055589464
1710778145.8319895,-1.3324214352501762
1710778145.8321028,-1.3243658012813992
1710778145.832216,-1.316310167312622
1710778145.832329,-1.3068536917368572
1710778145.8324423,-1.295996109644572
1710778145.8325555,-1.2840877638922796
1710778145.8326688,-1.2714789973364935
1710778145.8327818,-1.2571190463172064
1710778145.832895,-1.2438097265031602
1710778145.8330083,-1.230150196287367
1710778145.8331215,-1.2168408764733207
1710778145.8332345,-1.2031813462575276
1710778145.8333478,-1.1888213952382405
1710778145.833461,-1.1730604701571994
1710778145.8335743,-1.1551980177561443
1710778145.8336875,-1.136985222498576
1710778145.8338006,-1.1173715856340196
1710778145.8339138,-1.0974076721403334
1710778145.834027,-1.07674327161577
1710778145.8341403,-1.0574798451529608
1710778145.8342533,-1.0378662082884047
1710778145.8343666,-1.0200037558873494
1710778145.8344798,-1.0021413034862943
1710778145.834593,-0.983228153652615
1710778145.834706,-0.9646652142206827
1710778145.8348193,-0.9447013007269965
1710778145.8349326,-0.9229861365424262
1710778145.8350458,-0.9009207619561089
1710778145.835159,-0.8781549003389146
1710778145.835272,-0.8546885516908433
1710778145.8353853,-0.831572413444519
1710778145.8354986,-0.8098573154873318
1710778145.8356118,-0.7867411772410074
1710778145.8357248,-0.7636251052220662
1710778145.835838,-0.7398084799448649
1710778145.8359513,-0.7149411572350396
1710778145.8360646,-0.6879723734325832
1710778145.8361776,-0.66030310259925
1710778145.8362908,-0.6322835551367866
1710778145.836404,-0.6025128232108222
1710778145.8365173,-0.5741430653466119
1710778145.8366306,-0.5450727873378329
1710778145.8367436,-0.5170532729890611
1710778145.8368568,-0.4890337586402893
1710778145.83697,-0.4613644546932644
1710778145.8370833,-0.43299469682905406
1710778145.8371964,-0.4035742084185282
1710778145.8373096,-0.37380344337887234
1710778145.8374228,-0.3429819809065925
1710778145.837536,-0.3111097547743055
1710778145.837649,-0.2799380487865872
1710778145.8377624,-0.24771559569570753
1710778145.8378756,-0.2175946036974589
1710778145.8379889,-0.18782385521464878
1710778145.8381019,-0.15945408079359266
1710778145.838215,-0.13108431465095943
1710778145.8383284,-0.10166380968358782
1710778145.8384416,-0.07224331299463908
1710778145.8385549,-0.04247256451182895
1710778145.8386679,-0.0120013321025504
1710778145.838781,0.01882382772035069
1710778145.8388944,0.04860039800405502
1710778145.8390076,0.07907758984300825
1710778145.8391206,0.10745291080739763
1710778145.8392339,0.13512760400772095
1710778145.8393471,0.16245199574364555
1710778145.8394604,0.190126680665546
1710778145.8395734,0.21710074610180324
1710778145.8396866,0.24582639336585999
1710778145.8398,0.27350107828776044
1710778145.8399131,0.30292732848061454
1710778145.8400264,0.3316529591878255
1710778145.8401394,0.3589773509237501
1710778145.8402526,0.3873526718881395
1710778145.840366,0.41292548179626465
1710778145.8404791,0.4388486345609029
1710778145.8405921,0.46266986264122856
1710778145.8407054,0.48789239592022365
1710778145.8408186,0.512414276599884
1710778145.840932,0.5376367767651876
1710778145.841045,0.5639102061589559
1710778145.8411582,0.591234564781189
1710778145.8412714,0.6171577506595187
1710778145.8413846,0.6434311469395956
1710778145.8414977,0.6697046094470553
1710778145.841611,0.6938762134975857
1710778145.8417242,0.7173471318350898
1710778145.8418374,0.7408180501725938
1710778145.8419507,0.7639386918809679
1710778145.8420637,0.787409676445855
1710778145.842177,0.810880594783359
1710778145.8422902,0.8350521326065063
1710778145.8424034,0.8592237366570367
1710778145.8425164,0.8823443783654107
1710778145.8426297,0.9047643343607584
1710778145.842743,0.9257831176122029
1710778145.8428562,0.9457509385214912
1710778145.8429692,0.9639671776029799
1710778145.8430824,0.9818331400553385
1710778145.8431957,0.9979475206798977
1710778145.843309,1.0161637597613864
1710778145.8434222,1.033329102728102
1710778145.8435352,1.0515453418095906
1710778145.8436484,1.0694113042619493
1710778145.8437617,1.087627543343438
1710778145.843875,1.1040922005971272
1710778145.843988,1.1195059617360432
1710778145.8441012,1.1349197228749592
1710778145.8442144,1.1482315593295627
1710778145.8443277,1.1622440814971924
1710778145.8444407,1.1738044685787625
1710778145.844554,1.1885175440046523
1710778145.8446672,1.2014791700575087
1710778145.8447804,1.2144406636555989
1710778145.8448937,1.2274022897084553
1710778145.8450067,1.241414811876085
1710778145.84512,1.2515738275316026
1710778145.8452332,1.260681947072347
1710778145.8453465,1.268388827641805
1710778145.8454595,1.2732932302686903
1710778145.8455727,1.279598871866862
1710778145.845686,1.2841529316372342
1710778145.8457992,1.2876559628380668
1710778145.8459122,1.291159126493666
1710778145.8460255,1.2953628434075248
1710778145.8461387,1.299216349919637
1710778145.846252,1.3020188278622098
1710778145.846365,1.3030697239769828
1710778145.8464782,1.303420066833496
1710778145.8465915,1.3023691707187228
1710778145.8467047,1.2995666927761502
1710778145.846818,1.2974647680918376
1710778145.846931,1.2946622901492648
1710778145.8470442,1.2929107083214653
1710778145.8471575,1.2908087836371527
1710778145.8472707,1.2897578875223796
1710778145.8473837,1.2887069914076064
1710778145.847497,1.2866050667232938
1710778145.8476102,1.2831019030676947
1710778145.8477235,1.2788981861538358
1710778145.8478365,1.272242334153917
1710778145.8479497,1.264535453584459
1710778145.848063,1.2561278873019748
1710778145.8481762,1.2473701106177435
1710778145.8482895,1.2393128871917725
1710778145.8484025,1.2312556637658012
1710778145.8485157,1.2231985727945964
1710778145.848629,1.2151413493686252
1710778145.8487422,1.2056828869713676
1710778145.8488553,1.195874081717597
1710778145.8489685,1.1843138270907931
1710778145.8490818,1.172052886750963
1710778145.849195,1.1590912606981065
1710778145.849308,1.1461297671000164
1710778145.8494213,1.13316814104716
1710778145.8495345,1.1216078864203558
1710778145.8496478,1.1100475655661688
1710778145.849761,1.098837521341112
1710778145.849874,1.0869269238577948
1710778145.8499873,1.0736150211758084
1710778145.8501005,1.0599528418646917
1710778145.8502138,1.0431378417544894
1710778145.8503268,1.0259724987877739
1710778145.85044,1.007055640220642
1710778145.8505533,0.9863871998257107
1710778145.8506665,0.9667697217729356
1710778145.8507795,0.9457509385214912
1710778145.8508928,0.9250824981265597
1710778145.851006,0.9047643343607584
1710778145.8511193,0.883745617336697
1710778145.8512323,0.8616759379704793
1710778145.8513455,0.8389055728912354
1710778145.8514588,0.8154346545537312
1710778145.851572,0.7902121543884277
1710778145.8516853,0.764289034737481
1710778145.8517983,0.7401174306869507
1710778145.8519115,0.7162961694929335
1710778145.8520248,0.6928252511554294
1710778145.852138,0.6697046094470553
1710778145.852251,0.6472845872243246
1710778145.8523643,0.6241640117433336
1710778145.8524776,0.6006930271784464
1710778145.8525908,0.575820869869656
1710778145.8527038,0.5484964781337314
1710778145.852817,0.520121157169342
1710778145.8529303,0.49174583620495266
1710778145.8530436,0.462319552898407
1710778145.8531568,0.4332436124483744
1710778145.8532698,0.4038173622555203
1710778145.853383,0.3750917315483093
1710778145.8534963,0.3453151716126336
1710778145.8536096,0.31658954090542263
1710778145.8537226,0.2857620186275906
1710778145.8538358,0.2552848226494259
1710778145.853949,0.22235544191466436
1710778145.8540623,0.18942606117990282
1710778145.8541753,0.15684699018796286
1710778145.8542886,0.12461822893884447
1710778145.8544018,0.09273978571097057
1710778145.854515,0.06191227585077286
1710778145.8546283,0.03248601944910155
1710778145.8547413,0.0034100740837554135
1710778145.8548546,-0.026011094450950623
1710778145.8549678,-0.0550813517636723
1710778145.855081,-0.08450185259183247
1710778145.855194,-0.11567357513639662
1710778145.8553073,-0.14579456713464525
1710778145.8554206,-0.1759155591328939
1710778145.8555338,-0.20533604754341972
1710778145.8556468,-0.23300533493359882
1710778145.85576,-0.2603243788083394
1710778145.8558733,-0.28764340612623424
1710778145.8559866,-0.31356145938237506
1710778145.8560996,-0.33947954575220746
1710778145.8562129,-0.3664483295546638
1710778145.856326,-0.3944678439034356
1710778145.8564394,-0.42248739136589897
1710778145.8565526,-0.4522581232918633
1710778145.8566656,-0.4816786117023892
1710778145.8567789,-0.5100484026802911
1710778145.856892,-0.5384181605445014
1710778145.8570054,-0.5660874313778347
1710778145.8571184,-0.5930562151802911
1710778145.8572316,-0.6196747885810004
1710778145.8573449,-0.6469938490125868
1710778145.857458,-0.6743128432167901
1710778145.8575711,-0.7026826010810004
1710778145.8576844,-0.7300016615125868
1710778145.8577976,-0.7580212089750502
1710778145.8579109,-0.7860406902101305
1710778145.8580241,-0.8123090532090929
1710778145.8581371,-0.8364758888880411
1710778145.8582504,-0.8602924479378594
1710778145.8583636,-0.8827080991533067
1710778145.8584769,-0.905473960770501
1710778145.85859,-0.9271890587276882
1710778145.8587031,-0.9513558944066365
1710778145.8588164,-0.9748222430547078
1710778145.8589296,-0.9993393553627862
1710778145.8590426,-1.0242066780726116
1710778145.859156,-1.0483735137515597
1710778145.8592691,-1.0711393753687541
1710778145.8593824,-1.0928545395533245
1710778145.8594954,-1.1142194271087646
1710778145.8596087,-1.1338330639733207
1710778145.859722,-1.153446700837877
1710778145.8598351,-1.1720097064971924
1710778145.8599484,-1.1912731329600017
1710778145.8600614,-1.2098360061645508
1710778145.8601747,-1.2283990118238661
1710778145.860288,-1.2452107005649142
1710778145.8604012,-1.2616721789042156
1710778145.8605142,-1.2753317091200087
1710778145.8606274,-1.2879404756757948
1710778145.8607407,-1.2980975045098198
1710778145.860854,-1.307904322942098
1710778145.860967,-1.317360930972629
1710778145.8610802,-1.3271677494049072
1710778145.8611934,-1.3373249106936984
1710778145.8613067,-1.3478321499294705
1710778145.86142,-1.3590399424235027
1710778145.861533,-1.3698975245157878
1710778145.8616462,-1.379003922144572
1710778145.8617594,-1.388460530175103
1710778145.8618727,-1.3954654004838731
1710778145.8619857,-1.401069296730889
1710778145.862099,-1.4070234033796523
1710778145.8622122,-1.4108761151631672
1710778145.8623254,-1.4154292477501762
1710778145.8624384,-1.4196321699354384
1710778145.8625517,-1.4234848817189534
1710778145.862665,-1.4266371726989746
1710778145.8627782,-1.4290887779659696
1710778145.8628914,-1.4294391208224826
1710778145.8630044,-1.4276878039042156
1710778145.8631177,-1.4252361986372206
1710778145.863231,-1.4206829335954454
1710778145.8633442,-1.4150790373484294
1710778145.8634572,-1.4098253515031602
1710778145.8635705,-1.4045717981126573
1710778145.8636837,-1.398967769410875
1710778145.863797,-1.3947648472256131
1710778145.86391,-1.3912624782986112
1710778145.8640232,-1.386008792453342
1710778145.8641365,-1.3797043429480658
1710778145.8642497,-1.3730498154958088
1710778145.8643627,-1.3656946023305256
1710778145.864476,-1.3548370202382405
1710778145.8645892,-1.3453805446624756
1710778145.8647025,-1.3345229625701904
1710778145.8648157,-1.3254165649414062
1710778145.8649287,-1.3138585620456271
1710778145.865042,-1.305452717675103
1710778145.8651552,-1.2945951355828178
1710778145.8652685,-1.2833873430887859
1710778145.8653815,-1.2718292077382405
1710778145.8654947,-1.2581696775224473
1710778145.865608,-1.2438097265031602
1710778145.8657212,-1.2273482481638591
1710778145.8658342,-1.2108867698245578
1710778145.8659475,-1.1937248706817627
1710778145.8660607,-1.1762126286824544
1710778145.866174,-1.1597511503431532
1710778145.8662872,-1.1439900928073459
1710778145.8664002,-1.1264779832628038
1710778145.8665135,-1.1086155308617485
1710778145.8666267,-1.0893521043989394
1710778145.86674,-1.069037914276123
1710778145.866853,-1.0466223292880588
1710778145.8669662,-1.0235061910417345
1710778145.8670795,-1.001090539826287
1710778145.8671927,-0.9765734937455919
1710778145.8673058,-0.9534573554992676
1710778145.867419,-0.9306914938820733
1710778145.8675323,-0.907925632264879
1710778145.8676455,-0.8855100472768147
1710778145.8677588,-0.8616934219996134
1710778145.8678718,-0.8361256122589111
1710778145.867985,-0.8098573154873318
1710778145.8680983,-0.7825382550557454
1710778145.8682115,-0.7534680101606581
1710778145.8683245,-0.7250982522964478
1710778145.8684378,-0.6963782178031074
1710778145.868551,-0.668008459938897
1710778145.8686643,-0.6396387020746866
1710778145.8687773,-0.6116191546122233
1710778145.8688905,-0.58394988377889
1710778145.8690038,-0.5555801259146796
1710778145.869117,-0.5258093608750237
1710778145.86923,-0.49638887246449787
1710778145.8693433,-0.4652171664767795
1710778145.8694565,-0.4347459144062466
1710778145.8695698,-0.4035742084185282
1710778145.869683,-0.37310295634799534
1710778145.869796,-0.344733198483785
1710778145.8699093,-0.3160131639904446
1710778145.8700225,-0.28764340612623424
1710778145.8701358,-0.2592736482620239
1710778145.8702488,-0.2309038738409678
1710778145.870362,-0.2011331253581577
1710778145.8704753,-0.17066188984447056
1710778145.8705885,-0.1394901672999064
1710778145.8707016,-0.10831845303376515
1710778145.8708148,-0.07679648697376251
1710778145.870928,-0.04457402974367142
1710778145.8710413,-0.014102796299590005
1710778145.8711545,0.016371639859345224
1710778145.8712676,0.04649852299027973
1710778145.8713808,0.07627509534358978
1710778145.871494,0.1078032288286421
1710778145.8716073,0.1379301067855623
1710778145.8717203,0.1701588597562578
1710778145.8718336,0.20238762100537616
1710778145.8719468,0.23426607251167297
1710778145.87206,0.26474326848983765
1710778145.872173,0.29487013816833496
1710778145.8722863,0.32289514938990277
1710778145.8723996,0.35021954112582737
1710778145.8725128,0.3764929705195957
1710778145.872626,0.4034670525126987
1710778145.872739,0.43044113450580174
1710778145.8728523,0.4581158028708564
1710778145.8729656,0.4857905043496026
1710778145.8730788,0.5141658253139919
1710778145.8731918,0.5418405267927382
1710778145.873305,0.5695152282714844
1710778145.8734183,0.5961389674080743
1710778145.8735316,0.621711810429891
1710778145.8736446,0.6469343105951945
1710778145.8737578,0.6714561912748549
1710778145.873871,0.6963283485836452
1710778145.8739843,0.721901191605462
1710778145.8740973,0.7478243112564087
1710778145.8742106,0.7747983932495117
1710778145.8743238,0.8007215129004585
1710778145.874437,0.8273452520370483
1710778145.8745503,0.8518671327167087
1710778145.8746634,0.8753381172815958
1710778145.8747766,0.8981084161334567
1710778145.8748899,0.9194774760140313
1710778145.875003,0.9404962592654758
1710778145.875116,0.9615149762895372
1710778145.8752294,0.9821834166844685
1710778145.8753426,1.003202199935913
1710778145.8754559,1.0245712598164876
1710778145.8755689,1.0455900430679321
1710778145.875682,1.0648572444915771
1710778145.8757954,1.083774103058709
1710778145.8759086,1.1009394460254245
1710778145.8760219,1.1167034837934706
1710778145.8761349,1.1310663488176134
1710778145.8762481,1.1443781852722168
1710778145.8763614,1.1587410502963595
1710778145.8764746,1.172052886750963
1710778145.8765876,1.1864157517751057
1710778145.8767009,1.2000779310862224
1710778145.8768141,1.2137401103973389
1710778145.8769274,1.226001050737169
1710778145.8770404,1.237561305363973
1710778145.8771536,1.2470197677612305
1710778145.877267,1.2557775444454617
1710778145.8773801,1.2620831860436332
1710778145.8774931,1.2687391704983182
1710778145.8776064,1.2746944692399766
1710778145.8777196,1.280649767981635
1710778145.877833,1.2862547238667805
1710778145.8779461,1.2922100226084392
1710778145.8780591,1.2971144252353244
1710778145.8781724,1.3020188278622098
1710778145.8782856,1.3048213058047824
1710778145.878399,1.3058723343743217
1710778145.878512,1.306572887632582
1710778145.8786252,1.3062225447760687
1710778145.8787384,1.3055219915178087
1710778145.8788517,1.3048213058047824
1710778145.8789647,1.3055219915178087
1710778145.879078,1.3055219915178087
1710778145.8791912,1.3058723343743217
1710778145.8793044,1.306572887632582
1710778145.8794177,1.306572887632582
1710778145.8795307,1.3051716486612956
1710778145.879644,1.3013182746039496
1710778145.8797572,1.2967642148335774
1710778145.8798704,1.2901082303788927
1710778145.8799834,1.2831019030676947
1710778145.8800967,1.2764460510677762
1710778145.88021,1.2694397237565782
1710778145.8803232,1.2624335289001465
1710778145.8804362,1.2554272015889485
1710778145.8805494,1.2480706638760037
1710778145.8806627,1.2386122014787462
1710778145.880776,1.229854424794515
1710778145.8808892,1.218294170167711
1710778145.8810022,1.2063834402296278
1710778145.8811154,1.1941224998897977
1710778145.8812287,1.180460320578681
1710778145.881342,1.1674988269805908
1710778145.881455,1.1552378866407607
1710778145.8815682,1.1440278424157035
1710778145.8816814,1.1324675877888997
1710778145.8817947,1.1205568578508165
1710778145.8819077,1.106894744767083
1710778145.882021,1.0928822225994534
1710778145.8821342,1.0767678419748943
1710778145.8822474,1.0596024990081787
1710778145.8823605,1.0417366027832031
1710778145.8824737,1.0228196779886882
1710778145.882587,1.0046034389071994
1710778145.8827002,0.9870878193113539
1710778145.8828135,0.9688715802298652
1710778145.8829265,0.9506553411483765
1710778145.8830397,0.9317384163538615
1710778145.883153,0.9117705954445733
1710778145.8832662,0.8907518784205118
1710778145.8833792,0.8676312367121378
1710778145.8834925,0.8438099755181206
1710778145.8836057,0.8192880948384602
1710778145.883719,0.7940655946731567
1710778145.883832,0.7691933711369832
1710778145.8839452,0.745021833313836
1710778145.8840585,0.7201496097776625
1710778145.8841717,0.6959780719545152
1710778145.884285,0.6697046094470553
1710778145.884398,0.6437814897961086
1710778145.8845112,0.6168074078030056
1710778145.8846245,0.5887824296951294
1710778145.8847377,0.5597064892450968
1710778145.8848507,0.5316814449098375
1710778145.884964,0.5036564668019613
1710778145.8850772,0.4766823848088582
1710778145.8851905,0.44900768333011204
1710778145.8853035,0.42378518316480845
1710778145.8854167,0.3985626829995049
1710778145.88553,0.3726395302348667
1710778145.8856432,0.3460157910982768
1710778145.8857565,0.31869139936235213
1710778145.8858695,0.2899657686551412
1710778145.8859828,0.26053951846228707
1710778145.886096,0.23181388775507608
1710778145.8862092,0.201687001519733
1710778145.8863223,0.1736619902981652
1710778145.8864355,0.14528666933377585
1710778145.8865488,0.11761197613345252
1710778145.886662,0.08888634542624156
1710778145.886775,0.06156196196873982
1710778145.8868883,0.032836331261528864
1710778145.8870015,0.0034100740837554135
1710778145.8871148,-0.026361337966389127
1710778145.8872278,-0.056132082309987806
1710778145.887341,-0.08415160907639398
1710778145.8874543,-0.11322187052832709
1710778145.8875675,-0.1398404108153449
1710778145.8876808,-0.16610872414377
1710778145.8877938,-0.1913262903690338
1710778145.887907,-0.2168941166665819
1710778145.8880203,-0.2424619264072842
1710778145.8881335,-0.2697809702820248
1710778145.8882465,-0.2978005011876424
1710778145.8883598,-0.32722098959816825
1710778145.888473,-0.3562912344932556
1710778145.8885863,-0.3860619995329115
1710778145.8886993,-0.41548248794343734
1710778145.8888125,-0.4438522789213392
1710778145.8889258,-0.4715215497546726
1710778145.889039,-0.5002415511343214
1710778145.8891523,-0.5272103680504693
1710778145.8892653,-0.5548796388838027
1710778145.8893785,-0.582899186346266
1710778145.8894918,-0.6102181805504693
1710778145.889605,-0.6385879384146796
1710778145.889718,-0.666257275475396
1710778145.8898313,-0.6921752956178453
1710778145.8899446,-0.7173928949568007
1710778145.8900578,-0.741909941037496
1710778145.8901708,-0.7643255922529433
1710778145.890284,-0.7860406902101305
1710778145.8903973,-0.8084563414255778
1710778145.8905106,-0.8305217160118951
1710778145.8906238,-0.8532875776290894
1710778145.8907368,-0.8778046899371676
1710778145.89085,-0.9023217360178629
1710778145.8909633,-0.9268388483259413
1710778145.8910766,-0.9503051969740126
1710778145.8911896,-0.9737715456220839
1710778145.8913028,-0.9954866435792711
1710778145.891416,-1.0168515311347113
1710778145.8915293,-1.0368154446283977
1710778145.8916423,-1.0574798451529608
1710778145.8917556,-1.07674327161577
1710778145.8918688,-1.0970574617385864
1710778145.891982,-1.1170213752322726
1710778145.892095,-1.136284801695082
1710778145.8922083,-1.155898438559638
1710778145.8923216,-1.1730604701571994
1710778145.8924348,-1.1891716056399875
1710778145.892548,-1.2031813462575276
1710778145.892661,-1.21579024526808
1710778145.8927743,-1.2287492222256131
1710778145.8928876,-1.2399570147196453
1710778145.8930008,-1.2522155708736844
1710778145.8931139,-1.2644741270277235
1710778145.893227,-1.2767326831817627
1710778145.8933403,-1.2886408964792888
1710778145.8934536,-1.299148268169827
1710778145.8935666,-1.3100058502621121
1710778145.8936799,-1.318061484230889
1710778145.893793,-1.3247161441379123
1710778145.8939064,-1.3310204611884222
1710778145.8940196,-1.3359239366319444
1710778145.8941326,-1.3401268588172064
1710778145.8942459,-1.3450302018059623
1710778145.894359,-1.3506340980529785
1710778145.8944724,-1.3562379942999945
1710778145.8945854,-1.3611414697435167
1710778145.8946986,-1.366044945187039
1710778145.8948119,-1.3695473141140408
1710778145.894925,-1.3716488414340549
1710778145.8950381,-1.3730498154958088
1710778145.8951514,-1.3734000258975558
1710778145.8952646,-1.3730498154958088
1710778145.8953779,-1.3726994726392958
1710778145.895491,-1.3716488414340549
1710778145.8956041,-1.3723492622375488
1710778145.8957174,-1.3716488414340549
1710778145.8958306,-1.3723492622375488
1710778145.8959439,-1.3709482881757948
1710778145.896057,-1.3691971037122939
1710778145.8961701,-1.364643971125285
1710778145.8962834,-1.3593902852800157
1710778145.8963966,-1.3537863890329997
1710778145.8965096,-1.3467815187242296
1710778145.896623,-1.3394263055589464
1710778145.8967361,-1.3331219885084364
1710778145.8968494,-1.3278683026631672
1710778145.8969624,-1.3208634323543973
1710778145.8970757,-1.315259536107381
1710778145.897189,-1.3082546657986112
1710778145.8973022,-1.299848821428087
1710778145.8974154,-1.2893414497375488
1710778145.8975284,-1.2767326831817627
1710778145.8976417,-1.2644741270277235
1710778145.897755,-1.2511648072136772
1710778145.8978682,-1.23680485619439
1710778145.8979812,-1.223145325978597
1710778145.8980944,-1.2087852425045438
1710778145.8982077,-1.1951258447435167
1710778145.898321,-1.1804155508677165
1710778145.898434,-1.1643042829301622
1710778145.8985472,-1.1467920409308539
1710778145.8986604,-1.1275286144680448
1710778145.8987737,-1.1082652542326186
1710778145.898887,-1.0879511303371854
1710778145.899,-1.066586242781745
1710778145.8991132,-1.0462720526589286
1710778145.8992264,-1.0263081391652424
1710778145.8993397,-1.0066945023006864
1710778145.8994527,-0.988481773270501
1710778145.899566,-0.9681676493750678
1710778145.8996792,-0.9478534592522515
1710778145.8997924,-0.9271890587276882
1710778145.8999054,-0.9044231971104939
1710778145.9000187,-0.8806066380606757
1710778145.900132,-0.8553890387217203
1710778145.9002452,-0.8305217160118951
1710778145.9003582,-0.8056543933020698
1710778145.9004714,-0.7804367939631144
1710778145.9005847,-0.7552192608515421
1710778145.900698,-0.7307021485434638
1710778145.9008112,-0.7044338517718844
1710778145.9009242,-0.6774650679694282
1710778145.9010375,-0.6497957971360948
1710778145.9011507,-0.6200249989827474
1710778145.901264,-0.5902542670567831
1710778145.901377,-0.5597830480999416
1710778145.9014902,-0.5300123161739773
1710778145.9016035,-0.5009420381651984
1710778145.9017167,-0.4725722803009881
1710778145.9018297,-0.44525325298309326
1710778145.901943,-0.4179341925515069
1710778145.9020562,-0.39061516523361206
1710778145.9021695,-0.36294589440027875
1710778145.9022827,-0.3335253728760613
1710778145.9023957,-0.30480537149641246
1710778145.902509,-0.2746843794981639
1710778145.9026222,-0.2445633874999152
1710778145.9027355,-0.2144423955016666
1710778145.9028485,-0.18607263763745627
1710778145.9029617,-0.15700237618552312
1710778145.903075,-0.12898285355832842
1710778145.9031882,-0.10131356616814931
1710778145.9033012,-0.07329404354095459
1710778145.9034145,-0.043523299197355904
1710778145.9035277,-0.013402308233910136
1710778145.903641,0.017072265553805564
1710778145.9037542,0.04825008412202199
1710778145.9038672,0.0797782176070743
1710778145.9039805,0.11095604134930505
1710778145.9040937,0.14143322904904684
1710778145.904207,0.17085949579874674
1710778145.90432,0.19888449046346876
1710778145.9044333,0.22831075721316868
1710778145.9045465,0.2573866976632012
1710778145.9046597,0.2861123283704122
1710778145.9047728,0.3158888883060879
1710778145.904886,0.3474170300695631
1710778145.9049993,0.37894517183303833
1710778145.9051125,0.40872173176871407
1710778145.9052255,0.4388486345609029
1710778145.9053388,0.46862519449657863
1710778145.905452,0.49594958623250324
1710778145.9055653,0.5225733253690932
1710778145.9056785,0.5502480268478394
1710778145.9057915,0.5775723854700724
1710778145.9059048,0.6059477064344618
1710778145.906018,0.6346733702553643
1710778145.9061313,0.6633989678488837
1710778145.9062443,0.6931755940119425
1710778145.9063575,0.7215508487489488
1710778145.9064708,0.7485249307420518
1710778145.906584,0.7754990127351549
1710778145.906697,0.8010718557569716
1710778145.9068103,0.8252433935801188
1710778145.9069235,0.849064654774136
1710778145.9070368,0.87218529648251
1710778145.90715,0.8960065576765273
1710778145.907263,0.9191271993849013
1710778145.9073763,0.9425981177224053
1710778145.9074895,0.9653684165742662
1710778145.9076028,0.9870878193113539
1710778145.9077158,1.0067052973641288
1710778145.907829,1.0259724987877739
1710778145.9079423,1.0438384612401326
1710778145.9080555,1.060653461350335
1710778145.9081686,1.0781690809461806
1710778145.9082818,1.0946338044272528
1710778145.908395,1.1117990811665852
1710778145.9085083,1.129665109846327
1710778145.9086215,1.1471806632147894
1710778145.9087346,1.164346006181505
1710778145.9088478,1.1811610062917073
1710778145.908961,1.1969251102871366
1710778145.9090743,1.21023694674174
1710778145.9091873,1.2231985727945964
1710778145.9093006,1.234408484564887
1710778145.9094138,1.245268185933431
1710778145.909527,1.2557775444454617
1710778145.90964,1.2662869029574924
1710778145.9097533,1.2771466043260362
1710778145.9098666,1.2866050667232938
1710778145.9099798,1.2967642148335774
1710778145.9100928,1.3044709629482694
1710778145.910206,1.3114772902594671
1710778145.9103193,1.3163816928863525
1710778145.9104326,1.3205854098002117
1710778145.9105458,1.3237382305992973
1710778145.9106588,1.32584015528361
1710778145.910772,1.3286426332261827
1710778145.9108853,1.3317954540252686
1710778145.9109986,1.3345979319678412
1710778145.9111116,1.3370500670539007
1710778145.9112248,1.3398525449964735
1710778145.911338,1.3412537839677598
1710778145.9114513,1.3419544696807861
1710778145.9115644,1.3409035735660129
1710778145.9116776,1.3381010956234403
1710778145.9117908,1.3359991709391277
1710778145.911904,1.3317954540252686
1710778145.9120173,1.3286426332261827
1710778145.9121304,1.3272413942548964
1710778145.9122436,1.3240885734558105
1710778145.9123569,1.3216363059149847
1710778145.91247,1.3191841708289251
1710778145.912583,1.314630111058553
1710778145.9126964,1.3097257084316678
1710778145.9128096,1.3013182746039496
1710778145.9129229,1.2929107083214653
1710778145.9130359,1.2831019030676947
1710778145.913149,1.272592544555664
1710778145.9132624,1.2624335289001465
1710778145.9133756,1.252274513244629
1710778145.9134886,1.241414811876085
1710778145.9136019,1.2309053209092882
1710778145.9137151,1.2193450662824843
1710778145.9138284,1.2063834402296278
1710778145.9139416,1.1916703648037381
1710778145.9140546,1.1759062608083088
1710778145.914168,1.1583907074398465
1710778145.9142811,1.141225364473131
1710778145.9143944,1.1237096786499023
1710778145.9145074,1.1061941252814398
1710778145.9146206,1.0897294018003676
1710778145.914734,1.0732647445466783
1710778145.9148471,1.0557490587234497
1710778145.9149601,1.0392844014697604
1710778145.9150734,1.0200172000461154
1710778145.9151866,0.998998483022054
1710778145.9153,0.9772790802849664
1710778145.9154131,0.9538080957200792
1710778145.9155262,0.9296365578969319
1710778145.9156394,0.9054650200737847
1710778145.9157526,0.8809431393941243
1710778145.915866,0.856771535343594
1710778145.915979,0.8325999975204468
1710778145.9160922,0.8077277739842732
1710778145.9162054,0.7828556166754829
1710778145.9163187,0.7576330502827961
1710778145.9164317,0.7306590345170763
1710778145.916545,0.7036849525239732
1710778145.9166582,0.6756599081887139
1710778145.9167714,0.6479852067099677
1710778145.9168847,0.6210111909442477
1710778145.9169977,0.595088005065918
1710778145.917111,0.5695152282714844
1710778145.9172242,0.5446430378490024
1710778145.9173374,0.5197708143128289
1710778145.9174504,0.4934973849190606
1710778145.9175637,0.46652330292595756
1710778145.917677,0.4377976722187466
1710778145.9177902,0.40837142202589244
1710778145.9179032,0.3782445523473951
1710778145.9180164,0.3470667203267415
1710778145.9181297,0.3169398506482442
1710778145.918243,0.2868129478560554
1710778145.918356,0.25633576843473643
1710778145.9184692,0.22690950168503654
1710778145.9185824,0.19643230570687187
1710778145.9186957,0.16700605551401773
1710778145.918809,0.13582823177178702
1710778145.918922,0.10430009828673469
1710778145.9190352,0.07312228282292683
1710778145.9191484,0.041944459080696106
1710778145.9192617,0.011817575949761603
1710778145.9193747,-0.01830572469366921
1710778145.919488,-0.04667549497551388
1710778145.9196012,-0.0743447740872701
1710778145.9197145,-0.10166380968358782
1710778145.9198275,-0.12863260176446703
1710778145.9199407,-0.15700237618552312
1710778145.920054,-0.18502190709114075
1710778145.9201672,-0.2144423955016666
1710778145.9202805,-0.24491363101535374
1710778145.9203935,-0.27608535355991787
1710778145.9205067,-0.3062063455581665
1710778145.92062,-0.33632732099956936
1710778145.9207332,-0.36504735549290973
1710778145.9208462,-0.39271662632624305
1710778145.9209595,-0.4214366277058919
1710778145.9210727,-0.4494561751683553
1710778145.921186,-0.47747568951712716
1710778145.921299,-0.5072464545567831
1710778145.9214122,-0.5363166994518703
1710778145.9215255,-0.5664377080069648
1710778145.9216387,-0.5965586503346761
1710778145.921752,-0.6256289614571465
1710778145.921865,-0.6532982322904799
1710778145.9219782,-0.6809675031238132
1710778145.9220915,-0.7068855894936455
1710778145.9222047,-0.7321031226052178
1710778145.9223177,-0.7576709323459201
1710778145.922431,-0.7832387420866225
1710778145.9225442,-0.8091568284564548
1710778145.9226575,-0.8361256122589111
1710778145.9227705,-0.8623939090304904
1710778145.9228837,-0.8883119954003228
1710778145.922997,-0.9124788310792711
1710778145.9231102,-0.9355949030982124
1710778145.9232233,-0.9569597906536526
1710778145.9233365,-0.9776241911782159
1710778145.9234498,-0.9975881046719021
1710778145.923563,-1.0179022947947185
1710778145.9236763,-1.0368154446283977
1710778145.9237893,-1.057830121782091
1710778145.9239025,-1.0784945223066542
1710778145.9240158,-1.0981081591712103
1710778145.924129,-1.1177217960357666
1710778145.924242,-1.1355842484368217
1710778145.9243553,-1.152045726776123
1710778145.9244685,-1.1674564414554172
1710778145.9245818,-1.1814663145277235
1710778145.9246948,-1.1951258447435167
1710778145.924808,-1.2087852425045438
1710778145.9249213,-1.221043798658583
1710778145.9250345,-1.235403882132636
1710778145.9251478,-1.2480126486884222
1710778145.9252608,-1.2609716256459553
1710778145.925374,-1.2725297609965007
1710778145.9254873,-1.2840877638922796
1710778145.9256005,-1.2924936082628038
1710778145.9257135,-1.300899452633328
1710778145.9258268,-1.307203902138604
1710778145.92594,-1.315259536107381
1710778145.9260533,-1.3212136427561443
1710778145.9261663,-1.3285687234666612
1710778145.9262795,-1.3366243574354384
1710778145.9263928,-1.3439795706007216
1710778145.926506,-1.3523854149712455
1710778145.9266193,-1.3593902852800157
1710778145.9267323,-1.3653443919287787
1710778145.9268456,-1.3688468933105469
1710778145.9269588,-1.3730498154958088
1710778145.927072,-1.3744507895575628
1710778145.927185,-1.3751512103610568
1710778145.9272983,-1.3762019740210638
1710778145.9274116,-1.3779531584845648
1710778145.9275248,-1.3779531584845648
1710778145.9276378,-1.3793541325463188
1710778145.927751,-1.379003922144572
1710778145.9278643,-1.3776029480828178
1710778145.9279776,-1.3751512103610568
1710778145.9280906,-1.3709482881757948
1710778145.9282038,-1.3649941815270317
1710778145.928317,-1.3593902852800157
1710778145.9284303,-1.3527356253729925
1710778145.9285436,-1.3460809654659696
1710778145.9286566,-1.3401268588172064
1710778145.9287698,-1.3352233833736844
1710778145.928883,-1.3303200403849285
1710778145.9289963,-1.3250663545396593
1710778145.9291093,-1.318761905034383
1710778145.9292226,-1.3107062710656059
1710778145.9293358,-1.302300426695082
1710778145.929449,-1.2921433978610568
1710778145.929562,-1.2805853949652777
1710778145.9296753,-1.2697278128729925
1710778145.9297886,-1.2581696775224473
1710778145.9299018,-1.2462614642249212
1710778145.930015,-1.234353118472629
1710778145.930128,-1.22209456231859
1710778145.9302413,-1.2094857957628038
1710778145.9303546,-1.1954760551452637
1710778145.9304678,-1.1797149976094563
1710778145.9305809,-1.1629033088684082
1710778145.930694,-1.1446906460656059
1710778145.9308074,-1.1250770092010498
1710778145.9309206,-1.1054633061091106
1710778145.9310336,-1.0861998796463013
1710778145.9311469,-1.066936453183492
1710778145.93126,-1.0487237903806899
1710778145.9313734,-1.0298105743196275
1710778145.9314864,-1.0098466608259413
1710778145.9315996,-0.989882747332255
1710778145.9317129,-0.9674671623441908
1710778145.931826,-0.9443510240978664
1710778145.9319394,-0.9208846754497951
1710778145.9320524,-0.8963676293690999
1710778145.9321656,-0.8715002404318916
1710778145.9322789,-0.8476836813820733
1710778145.9323921,-0.823516845703125
1710778145.9325051,-0.8007509840859307
1710778145.9326184,-0.7776348458396064
1710778145.9327316,-0.7538182867897881
1710778145.9328449,-0.7300016615125868
1710778145.932958,-0.7040835751427544
1710778145.9330711,-0.6778152783711752
1710778145.9331844,-0.6504962841669718
1710778145.9332976,-0.6231772237353854
1710778145.933411,-0.5962084399329292
1710778145.933524,-0.5692396561304728
1710778145.9336371,-0.5436718132760789
1710778145.9337504,-0.5191547340816921
1710778145.9338636,-0.49323668082555133
1710778145.9339767,-0.467668871084849
1710778145.93409,-0.44070005416870117
1710778145.9342031,-0.4130307833353678
1710778145.9343164,-0.3853615125020345
1710778145.9344294,-0.3566414780086941
1710778145.9345427,-0.32792147662904525
1710778145.934656,-0.30025220579571194
1710778145.9347692,-0.27223267489009434
1710778145.9348824,-0.24561411804623073
1710778145.9349954,-0.2196960647900899
1710778145.9351087,-0.19272726443078783
1710778145.935222,-0.1657584806283315
1710778145.9353352,-0.13808919323815239
1710778145.9354482,-0.10936918358008066
1710778145.9355614,-0.08029892212814754
1710778145.9356747,-0.049827690753671855
1710778145.935788,-0.019356457309590444
1710778145.935901,0.010416325595643785
1710778145.9360142,0.03844133267800013
1710778145.9361274,0.0671669633852111
1710778145.9362407,0.09519197046756744
1710778145.9363537,0.12321698168913522
1710778145.936467,0.15229293041759068
1710778145.9365802,0.1817191806104448
1710778145.9366934,0.2114957571029663
1710778145.9368067,0.24232326282395256
1710778145.9369197,0.2720998227596283
1710778145.937033,0.3022267089949714
1710778145.9371462,0.3313026494450039
1710778145.9372594,0.35932766066657174
1710778145.9373724,0.38595143291685313
1710778145.9374857,0.4125751720534431
1710778145.937599,0.43919894430372447
1710778145.9377122,0.46652330292595756
1710778145.9378252,0.493147075176239
1710778145.9379385,0.5211720863978068
1710778145.9380517,0.5495474073621962
1710778145.938165,0.5772221088409424
1710778145.9382782,0.6045464674631754
1710778145.9383912,0.6318708260854086
1710778145.9385045,0.6570933924780952
1710778145.9386177,0.6816152731577555
1710778145.938731,0.7054365343517727
1710778145.938844,0.72960807217492
1710778145.9389572,0.7537796099980671
1710778145.9390705,0.7790021763907539
1710778145.9391837,0.8042246765560573
1710778145.9392967,0.8287465572357178
1710778145.93941,0.8532684379153781
1710778145.9395232,0.8774399757385254
1710778145.9396365,0.8995096551047431
1710778145.9397497,0.9198278188705444
1710778145.9398627,0.9390950202941895
1710778145.939976,0.9573112593756782
1710778145.9400892,0.9755274984571669
1710778145.9402025,0.9933934609095255
1710778145.9403155,1.0112594233618841
1710778145.9404287,1.0291253195868597
1710778145.940542,1.0462906625535753
1710778145.9406552,1.064156625005934
1710778145.9407682,1.08027093940311
1710778145.9408815,1.094984081056383
1710778145.9409947,1.1082959837383695
1710778145.941108,1.1216078864203558
1710778145.941221,1.1328177981906467
1710778145.9413342,1.14542908138699
1710778145.9414475,1.1580403645833333
1710778145.9415607,1.1713522010379367
1710778145.941674,1.1850143803490532
1710778145.941787,1.1979760064019096
1710778145.9419003,1.211287842856513
1710778145.9420135,1.2224978870815701
1710778145.9421268,1.233357588450114
1710778145.9422398,1.2424657079908583
1710778145.942353,1.249822245703803
1710778145.9424663,1.2561278873019748
1710778145.9425795,1.2634844250149198
1710778145.9426925,1.2694397237565782
1710778145.9428058,1.276095708211263
1710778145.942919,1.2817006640964084
1710778145.9430323,1.288356648551093
1710778145.9431455,1.2939616044362385
1710778145.9432585,1.2978151109483507
1710778145.9433718,1.3006175888909233
1710778145.943485,1.3030697239769828
1710778145.9435983,1.3037704096900091
1710778145.9437113,1.3048213058047824
1710778145.9438245,1.3058723343743217
1710778145.9439378,1.3076237837473552
1710778145.944051,1.3097257084316678
1710778145.944164,1.3121778435177274
1710778145.9442773,1.31427976820204
1710778145.9443905,1.314630111058553
1710778145.9445038,1.314630111058553
1710778145.944617,1.3121778435177274
1710778145.94473,1.3079741266038682
1710778145.9448433,1.302719513575236
1710778145.9449565,1.2953628434075248
1710778145.9450698,1.28800630569458
1710778145.9451828,1.2799490822686088
1710778145.945296,1.271891991297404
1710778145.9454093,1.2638347678714328
1710778145.9455225,1.2547266483306885
1710778145.9456356,1.2456185287899442
1710778145.9457488,1.2347588274214003
1710778145.945862,1.2224978870815701
1710778145.9459753,1.21023694674174
1710778145.9460883,1.1962244245741103
1710778145.9462016,1.1825622452629936
1710778145.9463148,1.168549723095364
1710778145.946428,1.1545372009277344
1710778145.9465413,1.1426266034444172
1710778145.9466543,1.1307160059611003
1710778145.9467676,1.117754379908244
1710778145.9468808,1.1040922005971272
1710778145.946994,1.0890287823147244
1710778145.947107,1.0711628198623657
1710778145.9472203,1.0529465807808769
1710778145.9473336,1.0315775209003024
1710778145.9474468,1.0119600428475273
1710778145.9475598,0.9905909167395698
1710778145.947673,0.9692218568589952
1710778145.9477863,0.9471521774927775
1710778145.9478996,0.9271843565834893
1710778145.9480128,0.9051146772172716
1710778145.9481258,0.8826946549945407
1710778145.948239,0.8595740132861667
1710778145.9483523,0.8347018559773762
1710778145.9484656,0.8087787363264296
1710778145.9485786,0.7832058933046129
1710778145.9486918,0.756582154168023
1710778145.948805,0.7317099306318495
1710778145.9489183,0.7068377733230591
1710778145.9490314,0.6826661692725288
1710778145.9491446,0.6591952509350246
1710778145.9492579,0.6346733702553643
1710778145.949371,0.610151489575704
1710778145.949484,0.5842283699247572
1710778145.9495974,0.5572542879316542
1710778145.9497106,0.5299298961957296
1710778145.9498239,0.5019048849741617
1710778145.949937,0.473879873752594
1710778145.95005,0.4472561346160041
1710778145.9501634,0.42063236236572266
1710778145.9502766,0.3947092427147759
1710778145.9503899,0.3694867425494724
1710778145.9505029,0.3435635897848341
1710778145.9506161,0.31658954090542263
1710778145.9507294,0.28891483942667645
1710778145.9508426,0.2598388824197981
1710778145.9509556,0.23041263222694397
1710778145.9510689,0.1999354362487793
1710778145.9511821,0.1698085500134362
1710778145.9512954,0.1400319900777605
1710778145.9514086,0.11025541358523898
1710778145.9515216,0.08047884537114038
1710778145.951635,0.051402900781896375
1710778145.9517481,0.021976642310619354
1710778145.9518614,-0.00849889125674963
1710778145.9519744,-0.03932036873367097
1710778145.9520876,-0.07224331299463908
1710778145.952201,-0.10411552257008022
1710778145.9523141,-0.1370384626918369
1710778145.9524271,-0.16891067226727804
1710778145.9525404,-0.20008239481184217
1710778145.9526536,-0.22985314329465228
1710778145.952767,-0.2592736482620239
1710778145.9528801,-0.2886941366725498
1710778145.9529932,-0.3191653887430827
1710778145.9531064,-0.34893612066904706
1710778145.9532197,-0.38080834680133396
1710778145.953333,-0.4130307833353678
1710778145.953446,-0.44560349649853176
1710778145.9535592,-0.47747568951712716
1710778145.9536724,-0.5086474286185371
1710778145.9537857,-0.5391186475753784
1710778145.9538987,-0.5688893795013428
1710778145.954012,-0.5976094139946831
1710778145.9541252,-0.6259791718588935
1710778145.9542384,-0.6539987193213569
1710778145.9543514,-0.6820182005564371
1710778145.9544647,-0.7103880246480306
1710778145.954578,-0.7387577825122409
1710778145.9546912,-0.7660767767164443
1710778145.9548044,-0.7933958371480305
1710778145.9549174,-0.8186134364869859
1710778145.9550307,-0.8424299955368042
1710778145.955144,-0.8658963441848755
1710778145.9552572,-0.8876115083694458
1710778145.9553702,-0.9096768829557631
1710778145.9554834,-0.9320924679438273
1710778145.9555967,-0.9548583295610216
1710778145.95571,-0.9779744678073459
1710778145.955823,-1.0021413034862943
1710778145.9559362,-1.0263081391652424
1710778145.9560494,-1.0494242774115667
1710778145.9561627,-1.0711393753687541
1710778145.956276,-1.0921540525224473
1710778145.956389,-1.1124682426452637
1710778145.9565022,-1.1306809054480658
1710778145.9566154,-1.148893568250868
1710778145.9567287,-1.1660554673936632
1710778145.9568417,-1.1839179197947185
1710778145.956955,-1.2014301617940266
1710778145.9570682,-1.218942403793335
1710778145.9571815,-1.23610430293613
1710778145.9572945,-1.2511648072136772
1710778145.9574077,-1.2648243374294705
1710778145.957521,-1.2763824727800157
1710778145.9576342,-1.2868897120157878
1710778145.9577475,-1.2970467408498128
1710778145.9578605,-1.306503348880344
1710778145.9579737,-1.315609746509128
1710778145.958087,-1.3254165649414062
1710778145.9582002,-1.3362741470336914
1710778145.9583132,-1.3467815187242296
1710778145.9584265,-1.3569385475582547
1710778145.9585397,-1.366044945187039
1710778145.958653,-1.3737502362993028
1710778145.958766,-1.380054685804579
1710778145.9588792,-1.385308371649848
1710778145.9589925,-1.390211714638604
1710778145.9591057,-1.3947648472256131
1710778145.9592187,-1.398617559009128
1710778145.959332,-1.4042214552561443
1710778145.9594452,-1.4091249306996663
1710778145.9595585,-1.4136780632866752
1710778145.9596717,-1.4182311958736844
1710778145.9597847,-1.4206829335954454
1710778145.959898,-1.4224341180589464
1710778145.9600112,-1.4220839076571994
1710778145.9601245,-1.4210331439971924
1710778145.9602375,-1.4182311958736844
1710778145.9603508,-1.4157795906066895
1710778145.960464,-1.4126272996266682
1710778145.9605772,-1.4101756943596733
1710778145.9606903,-1.4070234033796523
1710778145.9608035,-1.4038712448543973
1710778145.9609168,-1.400368743472629
1710778145.96103,-1.3937142160203722
1710778145.9611433,-1.386359002855089
1710778145.9612563,-1.3765521844228108
1710778145.9613695,-1.3667453659905326
1710778145.9614828,-1.3548370202382405
1710778145.961596,-1.3429288069407146
1710778145.961709,-1.3320712248484294
1710778145.9618223,-1.320162879096137
1710778145.9619355,-1.309305297003852
1710778145.9620488,-1.297747294108073
1710778145.9621618,-1.2851385275522869
1710778145.962275,-1.2718292077382405
1710778145.9623883,-1.2564184930589464
1710778145.9625015,-1.240307225121392
1710778145.9626148,-1.222444772720337
1710778145.9627278,-1.2042321099175346
1710778145.962841,-1.1860194471147325
1710778145.9629543,-1.1674564414554172
1710778145.9630675,-1.149944331910875
1710778145.9631805,-1.1320818795098198
1710778145.9632938,-1.1142194271087646
1710778145.963407,-1.0956564876768324
1710778145.9635203,-1.0756925741831462
1710778145.9636333,-1.05537838406033
1710778145.9637465,-1.0322623120413885
1710778145.9638598,-1.0098466608259413
1710778145.963973,-0.987431075837877
1710778145.964086,-0.9636144505606757
1710778145.9641993,-0.9411988655726115
1710778145.9643126,-0.9201841884189181
1710778145.9644258,-0.8981188138326008
1710778145.964539,-0.8767539262771606
1710778145.964652,-0.8543383412890964
1710778145.9647653,-0.830871926413642
1710778145.9648786,-0.8060046037038167
1710778145.9649918,-0.7804367939631144
1710778145.9651048,-0.7534680101606581
1710778145.965218,-0.7264992263582017
1710778145.9653313,-0.7002309295866225
1710778145.9654446,-0.6736123561859131
1710778145.9655576,-0.6473440594143337
1710778145.9656708,-0.6214259730445014
1710778145.965784,-0.5955079529020522
1710778145.9658973,-0.5674884054395888
1710778145.9660106,-0.5394688910908169
1710778145.9661236,-0.5100484026802911
1710778145.9662368,-0.4806278811560737
1710778145.96635,-0.4498064186837938
1710778145.9664633,-0.4200356536441379
1710778145.9665763,-0.39096540874905056
1710778145.9666896,-0.3625956508848402
1710778145.9668028,-0.33492634693781537
1710778145.966916,-0.30830780665079754
1710778145.967029,-0.28133902284834117
1710778145.9671423,-0.2529692484272851
1710778145.9672556,-0.22565020455254448
1710778145.9673688,-0.19587947262658012
1710778145.9674819,-0.1664589676592085
1710778145.967595,-0.13598773214552137
1710778145.9677083,-0.10656722717814975
1710778145.9678216,-0.076446243458324
1710778145.9679348,-0.04667549497551388
1710778145.9680479,-0.01795548117823071
1710778145.968161,0.009715700935986307
1710778145.9682744,0.040543207691775426
1710778145.9683876,0.07031978004508548
1710778145.9685006,0.10149759550889333
1710778145.9686139,0.13442698452207777
1710778145.968727,0.16665574577119616
1710778145.9688404,0.19923481676313612
1710778145.9689534,0.23181388775507608
1710778145.9690666,0.26299170321888393
1710778145.9691799,0.2934688991970486
1710778145.969293,0.32289514938990277
1710778145.9694064,0.3516207800971137
1710778145.9695194,0.3803464108043247
1710778145.9696326,0.40872173176871407
1710778145.9697459,0.4384983248180813
1710778145.9698591,0.46757426526811385
1710778145.9699721,0.49665020571814644
1710778145.9700854,0.5250255266825358
1710778145.9701986,0.5541014671325684
1710778145.9703119,0.5807252062691582
1710778145.970425,0.6059477064344618
1710778145.9705381,0.6308199299706353
1710778145.9706514,0.6556920872794257
1710778145.9707646,0.6805643108155992
1710778145.970878,0.7061371538374159
1710778145.970991,0.7317099306318495
1710778145.9711041,0.7562318113115098
1710778145.9712174,0.7832058933046129
1710778145.9713306,0.8084283934699165
1710778145.9714437,0.8322496546639336
1710778145.971557,0.8553702963723077
1710778145.9716702,0.8753381172815958
1710778145.9717834,0.895305938190884
1710778145.9718964,0.9138725201288859
1710778145.9720097,0.9327893786960177
1710778145.972123,0.9506553411483765
1710778145.9722362,0.9688715802298652
1710778145.9723492,0.9863871998257107
1710778145.9724624,1.0053040583928425
1710778145.9725757,1.021768781873915
1710778145.972689,1.0389340586132474
1710778145.9728022,1.0543478197521634
1710778145.9729152,1.0676597224341497
1710778145.9730284,1.0820225212309096
1710778145.9731417,1.095684700542026
1710778145.973255,1.1093469460805256
1710778145.973368,1.1237096786499023
1710778145.9734812,1.1391234397888184
1710778145.9735944,1.1555882294972737
1710778145.9737077,1.1699509620666504
1710778145.9738207,1.1843138270907931
1710778145.973934,1.1969251102871366
1710778145.9740472,1.2081350220574272
1710778145.9741604,1.217943827311198
1710778145.9742737,1.226001050737169
1710778145.9743867,1.2330072455936008
1710778145.9745,1.2400135729047987
1710778145.9746132,1.2473701106177435
1710778145.9747264,1.2543763054741752
1710778145.9748394,1.2617328431871202
1710778145.9749527,1.268038484785292
1710778145.975066,1.2739937835269504
1710778145.9751792,1.2788981861538358
1710778145.9752922,1.2824013498094347
1710778145.9754055,1.2862547238667805
1710778145.9755187,1.28800630569458
1710778145.975632,1.2901082303788927
1710778145.9757452,1.2932610511779785
1710778145.9758582,1.2960635291205511
1710778145.9759715,1.2999169031778972
1710778145.9760847,1.3037704096900091
1710778145.976198,1.306572887632582
1710778145.976311,1.3086748123168945
1710778145.9764242,1.3093753655751545
1710778145.9765375,1.3079741266038682
1710778145.9766507,1.3044709629482694
1710778145.9767637,1.2999169031778972
1710778145.976877,1.295012633005778
1710778145.9769902,1.2890573342641194
1710778145.9771035,1.2841529316372342
1710778145.9772165,1.2781976328955755
1710778145.9773297,1.272592544555664
1710778145.977443,1.2659366925557454
1710778145.9775562,1.2592807081010606
1710778145.9776695,1.2505229314168294
1710778145.9777825,1.2393128871917725
1710778145.9778957,1.2284531858232286
1710778145.978009,1.2161922454833984
1710778145.9781222,1.203580962287055
1710778145.9782352,1.1909698115454779
1710778145.9783485,1.1787088712056477
1710778145.9784617,1.1653969022962782
1710778145.978575,1.153135961956448
1710778145.978688,1.1405246787601047
1710778145.9788013,1.1265122890472412
1710778145.9789145,1.1100475655661688
1710778145.9790277,1.0932325654559665
1710778145.979141,1.0743156406614516
1710778145.979254,1.0557490587234497
1710778145.9793673,1.0361315806706746
1710778145.9794805,1.0172147221035428
1710778145.9795938,0.9986481401655409
1710778145.9797068,0.9807821777131822
1710778145.97982,0.9625659386316935
1710778145.9799333,0.9439993566936916
1710778145.9800465,0.9250824981265597
1710778145.9801595,0.9044140577316284
1710778145.9802728,0.8826946549945407
1710778145.980386,0.8602746327718098
1710778145.9804993,0.8382049534055922
1710778145.9806125,0.8154346545537312
1710778145.9807255,0.7930146323310004
1710778145.9808388,0.771995915306939
1710778145.980952,0.7509771320554945
1710778145.9810653,0.7289074526892768
1710778145.9811783,0.7082390122943454
1710778145.9812915,0.6858189900716146
1710778145.9814048,0.6619977288775973
1710778145.981518,0.637475848197937
1710778145.981631,0.6112023856904771
1710778145.9817443,0.5859798855251735
1710778145.9818575,0.5607573853598701
1710778145.9819708,0.5355348851945665
1710778145.9820838,0.5110130045149062
1710778145.982197,0.48684143357806736
1710778145.9823103,0.462319552898407
1710778145.9824235,0.43744736247592503
1710778145.9825368,0.41187455256779987
1710778145.9826498,0.38384954134623206
1710778145.982763,0.3551239106390211
1710778145.9828763,0.325697660446167
1710778145.9829895,0.29627141025331283
1710778145.9831026,0.26649483376079136
1710778145.9832158,0.23706856701109144
1710778145.983329,0.20869324604670206
1710778145.9834423,0.18031792508231267
1710778145.9835553,0.15229293041759068
1710778145.9836686,0.12356729143195681
1710778145.9837818,0.0941410329606798
1710778145.983895,0.06471477862861422
1710778145.9840083,0.03423758265044954
1710778145.9841213,0.002709448906696505
1710778145.9842346,-0.027061827066871855
1710778145.9843478,-0.0557818387945493
1710778145.984461,-0.08485209610727099
1710778145.984574,-0.11252137521902719
1710778145.9846873,-0.1387896802690294
1710778145.9848006,-0.1671594546900855
1710778145.9849138,-0.19517898559570312
1710778145.9850268,-0.22354874345991346
1710778145.98514,-0.2543702224890391
1710778145.9852533,-0.28589218854904175
1710778145.9853666,-0.31636344061957467
1710778145.9854796,-0.34823563363817
1710778145.9855928,-0.3794073396258884
1710778145.985706,-0.4088278611501058
1710778145.9858193,-0.43824834956063163
1710778145.9859326,-0.4666181405385335
1710778145.9860456,-0.49568838543362087
1710778145.9861588,-0.5251088738441467
1710778145.986272,-0.5534786648220485
1710778145.9863853,-0.5832493967480129
1710778145.9864984,-0.6123196416431003
1710778145.9866116,-0.6417401631673177
1710778145.9867249,-0.6697597106297811
1710778145.986838,-0.6960280074013604
1710778145.986951,-0.7208953301111857
1710778145.9870644,-0.745762652821011
1710778145.9871776,-0.7685285144382052
1710778145.9872909,-0.7912943760553995
1710778145.987404,-0.8140602376725938
1710778145.987517,-0.8368260992897881
1710778145.9876304,-0.8606427245669894
1710778145.9877436,-0.8834085861841837
1710778145.9878569,-0.906874934832255
1710778145.9879699,-0.9289403094185723
1710778145.9880831,-0.9499549203448825
1710778145.9881964,-0.9695686234368218
1710778145.9883096,-0.988481773270501
1710778145.9884226,-1.0066945023006864
1710778145.988536,-1.0252574417326186
1710778145.9886491,-1.0431198279062908
1710778145.9887624,-1.06273353099823
1710778145.9888756,-1.082347167862786
1710778145.9889886,-1.1019608709547255
1710778145.989102,-1.1212242974175346
1710778145.9892151,-1.139436960220337
1710778145.9893284,-1.157299412621392
1710778145.9894414,-1.1730604701571994
1710778145.9895546,-1.1877706315782335
1710778145.989668,-1.2024809254540336
1710778145.9897811,-1.2168408764733207
1710778145.9898942,-1.230850617090861
1710778145.9900074,-1.2455609109666612
1710778145.9901206,-1.2613219685024686
1710778145.990234,-1.2756819195217557
1710778145.990347,-1.2896916601392958
1710778145.9904602,-1.303000979953342
1710778145.9905734,-1.314558982849121
1710778145.9906867,-1.3250663545396593
1710778145.9908,-1.3348731729719374
1710778145.990913,-1.3436292277442083
1710778145.9910262,-1.3523854149712455
1710778145.9911394,-1.3618420230017767
1710778145.9912527,-1.3712984985775418
1710778145.9913657,-1.380404896206326
1710778145.991479,-1.3895112938351102
1710778145.9915922,-1.397566795349121
1710778145.9917054,-1.4042214552561443
1710778145.9918184,-1.4080741670396593
1710778145.9919317,-1.4112263255649142
1710778145.992045,-1.4126272996266682
1710778145.9921582,-1.4122770892249212
1710778145.9922714,-1.4122770892249212
1710778145.9923844,-1.4119268788231742
1710778145.9924977,-1.4115766684214275
1710778145.992611,-1.4105259047614203
1710778145.9927242,-1.4098253515031602
1710778145.9928372,-1.4073737462361653
1710778145.9929504,-1.4031708240509033
1710778145.9930637,-1.398617559009128
1710778145.993177,-1.391962899102105
1710778145.99329,-1.385308371649848
1710778145.9934032,-1.377252737681071
1710778145.9935164,-1.3705980777740479
1710778145.9936297,-1.3639434178670247
1710778145.993743,-1.3569385475582547
1710778145.993856,-1.3513346513112385
1710778145.9939692,-1.3443297810024686
1710778145.9940825,-1.3359239366319444
1710778145.9941957,-1.3271677494049072
1710778145.9943087,-1.316310167312622
1710778145.994422,-1.304051743613349
1710778145.9945352,-1.2910926342010498
1710778145.9946485,-1.2763824727800157
1710778145.9947615,-1.2620223893059623
1710778145.9948747,-1.2476624382866752
1710778145.994988,-1.233652565214369
1710778145.9951012,-1.218592193391588
1710778145.9952142,-1.2028311358557806
1710778145.9953275,-1.1877706315782335
1710778145.9954407,-1.1692077583736844
1710778145.995554,-1.150294542312622
1710778145.9956672,-1.1299803521898057
1710778145.9957802,-1.1089657412634955
1710778145.9958935,-1.0879511303371854
1710778145.9960067,-1.066936453183492
1710778145.99612,-1.0473228163189359
1710778145.996233,-1.0280593898561265
1710778145.9963462,-1.0084456867641873
1710778145.9964595,-0.988481773270501
1710778145.9965727,-0.9681676493750678
1710778145.9966857,-0.9475032488505045
1710778145.996799,-0.9247373872333102
1710778145.9969122,-0.9019715256161159
1710778145.9970255,-0.8774544133080376
1710778145.9971387,-0.8532875776290894
1710778145.9972517,-0.830171439382765
1710778145.997365,-0.8063548803329468
1710778145.9974782,-0.7839392291174995
1710778145.9975915,-0.7604728804694282
1710778145.9977045,-0.7366563214196099
1710778145.9978178,-0.7110885116789076
1710778145.997931,-0.6855207019382052
1710778145.9980443,-0.6578513648774889
1710778145.9981573,-0.6294816070132785
1710778145.9982705,-0.5997108750873141
1710778145.9983838,-0.5706406301922268
1710778145.998497,-0.5412201086680094
1710778145.9986103,-0.5135508378346761
1710778145.9987233,-0.4855313234859043
1710778145.9988365,-0.4571615325080024
1710778145.9989498,-0.42949226167466903
1710778145.999063,-0.4007722602950202
1710778145.999176,-0.3706512517399258
1710778145.9992893,-0.34018003278308445
1710778145.9994025,-0.30900829368167454
1710778145.9995158,-0.27748632762167186
1710778145.9996288,-0.24561411804623073
1710778145.999742,-0.2151428825325436
1710778145.9998553,-0.18467166357570225
1710778145.9999685,-0.1545506715774536
1710778146.0000815,-0.12407943606376648
1710778146.0001948,-0.09255747000376384
1710778146.000308,-0.061035499804549746
1710778146.0004213,-0.027061827066871855
1710778146.0005345,0.006913200227750672
1710778146.0006475,0.04124383545584149
1710778146.0007608,0.07627509534358978
1710778146.000874,0.11060572332806057
1710778146.0009873,0.14353510406282213
1710778146.0011003,0.17506324582629734
1710778146.0012136,0.20624106129010517
1710778146.0013268,0.23566732803980509
1710778146.00144,0.266144507461124
1710778146.001553,0.29627141025331283
1710778146.0016663,0.3253473507033454
1710778146.0017796,0.35547422038184273
1710778146.0018928,0.38560112317403156
1710778146.002006,0.4146770636240641
1710778146.002119,0.44410331381691825
1710778146.0022323,0.47142770555284286
1710778146.0023456,0.4973508252037896
1710778146.0024588,0.5246752169397142
1710778146.0025718,0.5505983365906609
1710778146.002685,0.5768717659844292
1710778146.0027983,0.6045464674631754
1710778146.0029116,0.6325715117984347
1710778146.0030246,0.6612971093919542
1710778146.0031378,0.6900227732128567
1710778146.003251,0.7176974746916029
1710778146.0033643,0.7443212138281928
1710778146.0034773,0.7691933711369832
1710778146.0035906,0.7937152518166436
1710778146.0037038,0.8168358935250176
1710778146.003817,0.8392559157477485
1710778146.0039303,0.8613255951139662
1710778146.0040433,0.8830449978510538
1710778146.0041566,0.9051146772172716
1710778146.0042698,0.9271843565834893
1710778146.004383,0.949254035949707
1710778146.004496,0.9695721997155083
1710778146.0046093,0.9898902972539265
1710778146.0047226,1.0074059830771551
1710778146.0048358,1.0249216026730008
1710778146.0049489,1.0413862599266899
1710778146.005062,1.0578509834077623
1710778146.0051754,1.0746659835179646
1710778146.0052886,1.091480983628167
1710778146.0054018,1.1089966032240126
1710778146.0055149,1.126161946190728
1710778146.005628,1.1433272891574435
1710778146.0057414,1.1597919464111328
1710778146.0058546,1.1752057075500488
1710778146.0059676,1.1895684401194255
1710778146.0060809,1.2021797233157687
1710778146.006194,1.2140903207990859
1710778146.0063074,1.226701603995429
1710778146.0064204,1.2382619910769992
1710778146.0065336,1.2505229314168294
1710778146.0066469,1.2634844250149198
1710778146.0067601,1.2764460510677762
1710778146.0068734,1.288356648551093
1710778146.0069864,1.298866007063124
1710778146.0070996,1.3093753655751545
1710778146.0072129,1.3170822461446126
1710778146.0073261,1.3226873344845242
1710778146.0074391,1.3275916046566434
1710778146.0075524,1.3321456644270155
1710778146.0076656,1.3359991709391277
1710778146.007779,1.3398525449964735
1710778146.007892,1.3440563943650987
1710778146.0080051,1.3458079761928983
1710778146.0081184,1.3493110073937309
1710778146.0082316,1.3493110073937309
1710778146.0083447,1.3493110073937309
1710778146.008458,1.3465085294511583
1710778146.0085711,1.3440563943650987
1710778146.0086844,1.3402028878529866
1710778146.0087976,1.3359991709391277
1710778146.0089107,1.3310947683122423
1710778146.009024,1.3282922903696697
1710778146.0091372,1.3247891267140706
1710778146.0092504,1.3209357526567247
1710778146.0093634,1.3163816928863525
1710778146.0094767,1.310426394144694
1710778146.00959,1.3030697239769828
1710778146.0097032,1.2939616044362385
1710778146.0098162,1.2827516926659477
1710778146.0099294,1.271891991297404
1710778146.0100427,1.2592807081010606
1710778146.010156,1.2470197677612305
1710778146.0102692,1.2358097235361736
1710778146.0103822,1.2238991260528564
1710778146.0104954,1.2116381857130263
1710778146.0106087,1.1993772453731961
1710778146.010722,1.1860654089185927
1710778146.010835,1.1713522010379367
1710778146.0109482,1.1559384398990207
1710778146.0110614,1.1394737826453314
1710778146.0111747,1.1237096786499023
1710778146.0112877,1.1075953642527263
1710778146.011401,1.091831260257297
1710778146.0115142,1.0764175653457642
1710778146.0116274,1.0617044236924913
1710778146.0117407,1.0462906625535753
1710778146.0118537,1.029475662443373
1710778146.011967,1.0119600428475273
1710778146.0120802,0.9933934609095255
1710778146.0121934,0.972374677658081
1710778146.0123065,0.9499546554353502
1710778146.0124197,0.9268340799543593
1710778146.012533,0.9033630953894721
1710778146.0126462,0.879892177051968
1710778146.0127592,0.856771535343594
1710778146.0128725,0.8347018559773762
1710778146.0129857,0.8115812142690022
1710778146.013099,0.7888109154171413
1710778146.013212,0.764289034737481
1710778146.0133252,0.7397671540578207
1710778146.0134385,0.714194311036004
1710778146.0135517,0.6882711913850572
1710778146.013665,0.6626983483632406
1710778146.013778,0.6381764676835802
1710778146.0138912,0.614355206489563
1710778146.0140045,0.5891327063242594
1710778146.0141177,0.5667126841015285
1710778146.0142307,0.5425411462783813
1710778146.014344,0.5183695753415426
1710778146.0144572,0.49279676543341744
1710778146.0145705,0.4654723736974928
1710778146.0146835,0.4370970527331034
1710778146.0147967,0.40802111228307086
1710778146.01491,0.37894517183303833
1710778146.0150232,0.3491686118973626
1710778146.0151365,0.3197423285908169
1710778146.0152495,0.29276827971140545
1710778146.0153627,0.2633420129617055
1710778146.015476,0.23531700174013773
1710778146.0155892,0.2058907515472836
1710778146.0157022,0.17576386531194052
1710778146.0158155,0.14423574010531107
1710778146.0159287,0.1120069788561927
1710778146.016042,0.0797782176070743
1710778146.016155,0.04754946049716737
1710778146.0162683,0.015320702352457576
1710778146.0163815,-0.014803284365269873
1710778146.0164948,-0.04562476028998693
1710778146.016608,-0.07539550463358562
1710778146.016721,-0.10551649663183424
1710778146.0168343,-0.13598773214552137
1710778146.0169475,-0.166809211174647
1710778146.0170608,-0.19798093371921116
1710778146.0171738,-0.2295028997792138
1710778146.017287,-0.2603243788083394
1710778146.0174003,-0.2921965718269348
1710778146.0175135,-0.3198658757739597
1710778146.0176265,-0.3485858771536085
1710778146.0177398,-0.3759049044715034
1710778146.017853,-0.4018229908413357
1710778146.0179663,-0.42914201815923053
1710778146.0180793,-0.45576055844624835
1710778146.0181925,-0.48307958576414317
1710778146.0183058,-0.5110991332266066
1710778146.018419,-0.5391186475753784
1710778146.0185323,-0.5671381950378418
1710778146.0186453,-0.5941069788402981
1710778146.0187585,-0.6203752756118774
1710778146.0188718,-0.6452425983217027
1710778146.018985,-0.668708946969774
1710778146.019098,-0.6925255722469753
1710778146.0192113,-0.7159919208950466
1710778146.0193245,-0.7391079929139879
1710778146.0194378,-0.7632748285929362
1710778146.0195508,-0.7881421513027614
1710778146.019664,-0.8116084999508327
1710778146.0197773,-0.8357754018571641
1710778146.0198905,-0.8581909868452284
1710778146.0200038,-0.8799061510297987
1710778146.0201168,-0.9005705515543619
1710778146.02023,-0.9205344650480483
1710778146.0203433,-0.9404983785417345
1710778146.0204566,-0.9604622920354207
1710778146.0205696,-0.981827179590861
1710778146.0206828,-1.0028417905171711
1710778146.020796,-1.0249071651034884
1710778146.0209093,-1.0473228163189359
1710778146.0210223,-1.067636940214369
1710778146.0211356,-1.0883013407389324
1710778146.0212488,-1.1075647672017415
1710778146.021362,-1.1240262455410428
1710778146.021475,-1.140837934282091
1710778146.0215883,-1.1565989918178983
1710778146.0217016,-1.1713091532389324
1710778146.0218148,-1.1867198679182265
1710778146.021928,-1.2024809254540336
1710778146.022041,-1.2168408764733207
1710778146.0221543,-1.232251591152615
1710778146.0222676,-1.2455609109666612
1710778146.0223808,-1.2581696775224473
1710778146.0224938,-1.2693774700164795
1710778146.022607,-1.2791844209035237
1710778146.0227203,-1.2886408964792888
1710778146.0228336,-1.2970467408498128
1710778146.0229466,-1.30580292807685
1710778146.0230598,-1.315259536107381
1710778146.023173,-1.3250663545396593
1710778146.0232863,-1.3352233833736844
1710778146.0233996,-1.3450302018059623
1710778146.0235126,-1.3537863890329997
1710778146.0236259,-1.3618420230017767
1710778146.023739,-1.366044945187039
1710778146.0238523,-1.3716488414340549
1710778146.0239654,-1.3751512103610568
1710778146.0240786,-1.3776029480828178
1710778146.0241919,-1.3797043429480658
1710778146.024305,-1.382156080669827
1710778146.024418,-1.384958028793335
1710778146.0245314,-1.386709345711602
1710778146.0246446,-1.3881103197733562
1710778146.0247579,-1.38881074057685
1710778146.024871,-1.387059556113349
1710778146.0249841,-1.383907397588094
1710778146.0250974,-1.380054685804579
1710778146.0252106,-1.3744507895575628
1710778146.0253239,-1.3688468933105469
1710778146.0254369,-1.3632429970635307
1710778146.0255501,-1.3579893112182617
1710778146.0256634,-1.3527356253729925
1710778146.0257766,-1.3474819395277235
1710778146.0258896,-1.3418780432807074
1710778146.026003,-1.3348731729719374
1710778146.0261161,-1.3261171181996663
1710778146.0262294,-1.317010720570882
1710778146.0263424,-1.306153138478597
1710778146.0264556,-1.2935443719228108
1710778146.026569,-1.2816360261705186
1710778146.0266821,-1.2693774700164795
1710778146.0267954,-1.2578194671207004
1710778146.0269084,-1.2473120954301622
1710778146.0270216,-1.235053671730889
1710778146.027135,-1.222444772720337
1710778146.0272481,-1.2094857957628038
1710778146.0273612,-1.1954760551452637
1710778146.0274744,-1.1793647872077093
1710778146.0275877,-1.1629033088684082
1710778146.027701,-1.1450408564673529
1710778146.027814,-1.1282291677263048
1710778146.0279272,-1.1117676893870037
1710778146.0280404,-1.0949560006459553
1710778146.0281537,-1.079195009337531
1710778146.028267,-1.064134505059984
1710778146.02838,-1.0476730267206829
1710778146.0284932,-1.0305110613505046
1710778146.0286064,-1.0129988855785794
1710778146.0287197,-0.9926846954557631
1710778146.0288327,-0.9730710585912068
1710778146.028946,-0.9517061710357666
1710778146.0290592,-0.9310417705112033
1710778146.0291724,-0.909326606326633
1710778146.0292854,-0.8904134564929538
1710778146.0293987,-0.8686982923083835
1710778146.029512,-0.8476836813820733
1710778146.0296252,-0.825968517197503
1710778146.0297384,-0.8021519581476847
1710778146.0298514,-0.7776348458396064
1710778146.0299647,-0.75101633866628
1710778146.030078,-0.7243977652655708
1710778146.0301912,-0.6956777307722304
1710778146.0303042,-0.668008459938897
1710778146.0304174,-0.6413898865381876
1710778146.0305307,-0.6147713793648614
1710778146.030644,-0.5885030825932821
1710778146.030757,-0.5625849962234497
1710778146.0308702,-0.5366669429673089
1710778146.0309834,-0.5086474286185371
1710778146.0310967,-0.4806278811560737
1710778146.0312097,-0.45155763626098633
1710778146.031323,-0.42213714785046047
1710778146.0314362,-0.3930668698416816
1710778146.0315495,-0.36329613791571724
1710778146.0316627,-0.33492634693781537
1710778146.0317757,-0.3069068325890435
1710778146.031889,-0.2788873182402717
1710778146.0320022,-0.24946681327290005
1710778146.0321155,-0.2196960647900899
1710778146.0322285,-0.1899253163072798
1710778146.0323417,-0.15805310673183864
1710778146.032455,-0.1261808971563975
1710778146.0325682,-0.09325795703464083
1710778146.0326812,-0.06033501277367274
1710778146.0327945,-0.028813046713670094
1710778146.0329077,0.002359136318167051
1710778146.033021,0.032135705567068525
1710778146.0331342,0.06191227585077286
1710778146.0332472,0.09238946768972608
1710778146.0333605,0.12216604418224758
1710778146.0334737,0.15229293041759068
1710778146.033587,0.18312043613857693
1710778146.0337,0.21464856134520635
1710778146.0338132,0.24582639336585999
1710778146.0339265,0.27665389908684623
1710778146.0340397,0.306430459022522
1710778146.0341527,0.33515608972973293
1710778146.034266,0.36213017172283596
1710778146.0343792,0.3891042206022474
1710778146.0344925,0.41607830259535045
1710778146.0346057,0.4427020748456319
1710778146.0347188,0.4710773958100213
1710778146.034832,0.49770113494661117
1710778146.0349452,0.5246752169397142
1710778146.0350585,0.552700228161282
1710778146.0351715,0.5789736244413588
1710778146.0352848,0.6045464674631754
1710778146.035398,0.629418690999349
1710778146.0355113,0.652889609336853
1710778146.0356243,0.6763605276743571
1710778146.0357375,0.6998315122392442
1710778146.0358508,0.7240030500623915
1710778146.035964,0.749225550227695
1710778146.036077,0.7740977737638686
1710778146.0361903,0.799320273929172
1710778146.0363035,0.8252433935801188
1710778146.0364168,0.849064654774136
1710778146.03653,0.8728859159681532
1710778146.036643,0.8949555953343709
1710778146.0367563,0.9163246552149454
1710778146.0368695,0.9373434384663899
1710778146.0369828,0.9576615360048082
1710778146.0370958,0.9776293569140964
1710778146.037209,0.9986481401655409
1710778146.0373223,1.0196669234169853
1710778146.0374355,1.0403353638119168
1710778146.0375485,1.0610038042068481
1710778146.0376618,1.07992066277398
1710778146.037775,1.0977866252263386
1710778146.0378883,1.114951901965671
1710778146.0380015,1.1307160059611003
1710778146.0381145,1.1461297671000164
1710778146.0382278,1.1618937386406791
1710778146.038341,1.1776578426361084
1710778146.0384543,1.1937722894880507
1710778146.0385673,1.2095362610287137
1710778146.0386806,1.2253003650241427
1710778146.0387938,1.2403637833065457
1710778146.038907,1.2540259626176622
1710778146.03902,1.2659366925557454
1710778146.0391333,1.2750448120964897
1710778146.0392466,1.283452245924208
1710778146.0393598,1.291159126493666
1710778146.0394728,1.2974647680918376
1710778146.039586,1.3044709629482694
1710778146.0396993,1.311126947402954
1710778146.0398126,1.3170822461446126
1710778146.0399258,1.3233878877427843
1710778146.0400388,1.3282922903696697
1710778146.040152,1.3328463501400418
1710778146.0402653,1.3359991709391277
1710778146.0403786,1.337400409910414
1710778146.0404916,1.3381010956234403
1710778146.0406048,1.3395023345947266
1710778146.040718,1.3402028878529866
1710778146.0408313,1.3416041268242729
1710778146.0409443,1.3430053657955594
1710778146.0410576,1.345107290479872
1710778146.0411708,1.3461581865946453
1710778146.041284,1.3468588723076713
1710778146.0413973,1.3461581865946453
1710778146.0415103,1.3423048125372992
1710778146.0416236,1.3381010956234403
1710778146.0417368,1.3317954540252686
1710778146.04185,1.3247891267140706
1710778146.041963,1.3167319032880995
1710778146.0420763,1.3093753655751545
1710778146.0421896,1.3006175888909233
1710778146.0423028,1.2929107083214653
1710778146.0424159,1.2841529316372342
1710778146.042529,1.2743441263834636
1710778146.0426424,1.2631340821584065
1710778146.0427556,1.2501725885603163
1710778146.0428689,1.236860752105713
1710778146.0429819,1.2203959623972576
1710778146.043095,1.2053325441148546
1710778146.0432084,1.1902691258324516
1710778146.0433216,1.1748553646935356
1710778146.0434346,1.160842842525906
1710778146.0435479,1.1461297671000164
1710778146.043661,1.1317669020758734
1710778146.0437744,1.117404169506497
1710778146.0438874,1.1005891031689115
1710778146.0440006,1.083774103058709
1710778146.0441139,1.0662584834628634
1710778146.0442271,1.0480422443813748
1710778146.0443401,1.0298259390725029
1710778146.0444534,1.0116096999910142
1710778146.0445666,0.9944443570242988
1710778146.0446799,0.9776293569140964
1710778146.0447931,0.9597634606891208
1710778146.0449061,0.9425981177224053
1710778146.0450194,0.9243818786409166
1710778146.0451326,0.9037134382459853
1710778146.045246,0.8823443783654107
1710778146.045359,0.8581727743148804
1710778146.0454721,0.8329502741495768
1710778146.0455854,0.8077277739842732
1710778146.0456986,0.7825052738189697
1710778146.0458117,0.7576330502827961
1710778146.045925,0.7320602734883627
1710778146.0460382,0.7064874304665459
1710778146.0461514,0.6816152731577555
1710778146.0462646,0.6546411911646525
1710778146.0463777,0.6280174520280626
1710778146.046491,0.598941445350647
1710778146.0466042,0.5695152282714844
1710778146.0467174,0.5400889449649386
1710778146.0468304,0.5106626947720846
1710778146.0469437,0.4819370640648736
1710778146.047057,0.45391205284330577
1710778146.0471702,0.4255367318789164
1710778146.0472832,0.39716141091452706
1710778146.0473964,0.3691364328066508
1710778146.0475097,0.3400604592429267
1710778146.047623,0.3092329700787862
1710778146.0477362,0.27735451857248944
1710778146.0478492,0.24547606706619263
1710778146.0479624,0.21289699607425266
1710778146.0480757,0.18066825138198003
1710778146.048189,0.1477388540903727
1710778146.048302,0.11726166639063093
1710778146.0484152,0.08678447041246626
1710778146.0485284,0.05700790219836765
1710778146.0486417,0.027231329845057592
1710778146.0487547,-0.003595474279589123
1710778146.048868,-0.03371646420823203
1710778146.0489812,-0.06628916081455019
1710778146.0490944,-0.09746088749832577
1710778146.0492074,-0.13038382762008244
1710778146.0493207,-0.16050481133990818
1710778146.049434,-0.1906258033381568
1710778146.0495472,-0.22004630830552843
1710778146.0496604,-0.24946681327290005
1710778146.0497735,-0.2788873182402717
1710778146.0498867,-0.30830780665079754
1710778146.05,-0.3380785716904534
1710778146.0501132,-0.3692502776781718
1710778146.0502262,-0.4007722602950202
1710778146.0503395,-0.43264445331361556
1710778146.0504527,-0.46416643593046397
1710778146.050566,-0.4953381419181824
1710778146.050679,-0.5247586303287082
1710778146.0507922,-0.5527781777911716
1710778146.0509055,-0.5807977252536349
1710778146.0510187,-0.6074162324269613
1710778146.051132,-0.6347352928585476
1710778146.051245,-0.661704076661004
1710778146.0513582,-0.6879723734325832
1710778146.0514715,-0.7152914338641696
1710778146.0515847,-0.742260217666626
1710778146.0516977,-0.7681782378090752
1710778146.051811,-0.7930456267462836
1710778146.0519242,-0.8165119753943549
1710778146.0520375,-0.8392778370115492
1710778146.0521505,-0.8613432115978664
1710778146.0522637,-0.8827080991533067
1710778146.052377,-0.904773473739624
1710778146.0524902,-0.9271890587276882
1710778146.0526035,-0.9503051969740126
1710778146.0527165,-0.9744720326529609
1710778146.0528297,-0.9975881046719021
1710778146.052943,-1.0203539662890964
1710778146.0530562,-1.0410183668136597
1710778146.0531693,-1.0620330439673529
1710778146.0532825,-1.0812964704301622
1710778146.0533957,-1.0988086462020874
1710778146.053509,-1.1170213752322726
1710778146.053622,-1.135934591293335
1710778146.0537353,-1.15379704369439
1710778146.0538485,-1.1727101273006864
1710778146.0539618,-1.1916233433617485
1710778146.0540748,-1.2108867698245578
1710778146.054188,-1.2276984585656059
1710778146.0543013,-1.2445101473066542
1710778146.0544145,-1.2595706515842013
1710778146.0545278,-1.2735803922017415
1710778146.0546408,-1.2861892912122939
1710778146.054754,-1.29879805776808
1710778146.0548673,-1.3103560606638591
1710778146.0549805,-1.3226146168178983
1710778146.0550935,-1.3345229625701904
1710778146.0552068,-1.3467815187242296
1710778146.05532,-1.3569385475582547
1710778146.0554333,-1.366044945187039
1710778146.0555463,-1.3737502362993028
1710778146.0556595,-1.378653711742825
1710778146.0557728,-1.382856633928087
1710778146.055886,-1.386008792453342
1710778146.0559993,-1.388460530175103
1710778146.0561123,-1.3912624782986112
1710778146.0562255,-1.3944146368238661
1710778146.0563388,-1.397566795349121
1710778146.056452,-1.401069296730889
1710778146.056565,-1.4035210344526503
1710778146.0566783,-1.4049220085144043
1710778146.0567915,-1.4052722189161513
1710778146.0569048,-1.4038712448543973
1710778146.0570178,-1.401419507132636
1710778146.057131,-1.398267348607381
1710778146.0572443,-1.3937142160203722
1710778146.0573575,-1.390561925040351
1710778146.0574706,-1.387409766515096
1710778146.0575838,-1.384257607989841
1710778146.057697,-1.380054685804579
1710778146.0578103,-1.3758517636193168
1710778146.0579236,-1.3695473141140408
1710778146.0580366,-1.3625424438052707
1710778146.0581498,-1.3541365994347465
1710778146.058263,-1.3436292277442083
1710778146.0583763,-1.3327716456519232
1710778146.0584893,-1.3226146168178983
1710778146.0586026,-1.3124575879838731
1710778146.0587158,-1.302300426695082
1710778146.058829,-1.2928438186645508
1710778146.058942,-1.2837375534905326
1710778146.0590553,-1.2728799713982475
1710778146.0591686,-1.2613219685024686
1710778146.0592818,-1.2480126486884222
1710778146.059395,-1.233652565214369
1710778146.059508,-1.217541429731581
1710778146.0596213,-1.2024809254540336
1710778146.0597346,-1.1856692367129855
1710778146.0598478,-1.1699081791771782
1710778146.0599608,-1.153446700837877
1710778146.060074,-1.138035986158583
1710778146.0601873,-1.1219247182210286
1710778146.0603006,-1.1054633061091106
1710778146.0604136,-1.0872506433063083
1710778146.0605268,-1.068337427245246
1710778146.06064,-1.0476730267206829
1710778146.0607533,-1.0263081391652424
1710778146.0608666,-1.0056437386406791
1710778146.0609796,-0.9835783640543619
1710778146.0610929,-0.9632642401589288
1710778146.061206,-0.9425998396343654
1710778146.0613194,-0.9229861365424262
1710778146.0614324,-0.90337249967787
1710778146.0615456,-0.8820076121224297
1710778146.0616589,-0.8595919609069824
1710778146.061772,-0.8364758888880411
1710778146.061885,-0.8119587765799628
1710778146.0619984,-0.7856904798083835
1710778146.0621116,-0.7597723934385512
1710778146.0622249,-0.7345548603269789
1710778146.0623379,-0.7086367739571465
1710778146.0624511,-0.6827186875873141
1710778146.0625644,-0.6571508778466119
1710778146.0626776,-0.6308825810750326
1710778146.0627909,-0.6035635868708292
1710778146.062904,-0.5758942498101128
1710778146.0630171,-0.546473761399587
1710778146.0631304,-0.5153020554118686
1710778146.0632436,-0.4851810799704658
1710778146.0633566,-0.45435958438449436
1710778146.06347,-0.42458885245853
1710778146.0635831,-0.3944678439034356
1710778146.0636964,-0.36539759900834823
1710778146.0638094,-0.3384288152058919
1710778146.0639226,-0.31005902422799003
1710778146.064036,-0.28133902284834117
1710778146.0641491,-0.2515682743655311
1710778146.0642624,-0.22109703885184392
1710778146.0643754,-0.1902755598227183
1710778146.0644886,-0.16050481133990818
1710778146.064602,-0.1300335841046439
1710778146.0647151,-0.1006130791372723
1710778146.0648282,-0.07154282596376207
1710778146.0649414,-0.043523299197355904
1710778146.0650547,-0.015153527880708376
1710778146.065168,0.012868514491452111
1710778146.065281,0.04124383545584149
1710778146.0653942,0.07137071755197313
1710778146.0655074,0.10289885103702545
1710778146.0656207,0.13302572899394566
1710778146.065734,0.1638532347149319
1710778146.065847,0.19433043069309658
1710778146.0659602,0.22305606140030754
1710778146.0660734,0.25073076287905377
1710778146.0661867,0.27735451857248944
1710778146.0662997,0.30397829082277084
1710778146.066413,0.32990141047371757
1710778146.0665262,0.35652514961030746
1710778146.0666394,0.3831489218605889
1710778146.0667524,0.4094223512543572
1710778146.0668657,0.4370970527331034
1710778146.066979,0.4640711347262064
1710778146.0670922,0.49034456411997474
1710778146.0672052,0.5152167545424567
1710778146.0673184,0.5397386352221171
1710778146.0674317,0.5635599295298258
1710778146.067545,0.5877314673529731
1710778146.0676582,0.6115527285469903
1710778146.0677712,0.637125571568807
1710778146.0678844,0.6626983483632406
1710778146.0679977,0.6893221537272135
1710778146.068111,0.7145446538925171
1710778146.068224,0.741168393029107
1710778146.0683372,0.7663908931944106
1710778146.0684505,0.7898618115319146
1710778146.0685637,0.8119315571255153
1710778146.0686767,0.8333006170060899
1710778146.06879,0.8539690574010212
1710778146.0689032,0.8742871549394395
1710778146.0690165,0.8942549758487277
1710778146.0691297,0.9156240357293023
1710778146.0692427,0.9366428189807467
1710778146.069356,0.9566106398900349
1710778146.0694692,0.9769287374284532
1710778146.0695825,0.9958456622229682
1710778146.0696955,1.0147625207901
1710778146.0698087,1.0312271780437894
1710778146.069922,1.0476919015248616
1710778146.0700352,1.0627553198072646
1710778146.0701482,1.08027093940311
1710778146.0702615,1.0970860057406955
1710778146.0703747,1.114251348707411
1710778146.070488,1.1314165592193604
1710778146.0706012,1.148581902186076
1710778146.0707142,1.164346006181505
1710778146.0708275,1.179409424463908
1710778146.0709407,1.1927212609185112
1710778146.071054,1.2046319908565946
1710778146.071167,1.2154916922251384
1710778146.0712802,1.2249500221676297
1710778146.0713935,1.2351091702779133
1710778146.0715067,1.2459688716464572
1710778146.0716197,1.2557775444454617
1710778146.071733,1.2655863496992323
1710778146.0718462,1.2746944692399766
1710778146.0719595,1.2827516926659477
1710778146.0720725,1.2908087836371527
1710778146.0721858,1.2953628434075248
1710778146.072299,1.299216349919637
1710778146.0724123,1.3016684850056965
1710778146.0725255,1.3037704096900091
1710778146.0726385,1.3044709629482694
1710778146.0727518,1.306572887632582
1710778146.072865,1.3079741266038682
1710778146.0729783,1.3083244694603813
1710778146.0730913,1.3093753655751545
1710778146.0732045,1.3083244694603813
1710778146.0733178,1.3062225447760687
1710778146.073431,1.3023691707187228
1710778146.073544,1.2971144252353244
1710778146.0736573,1.2929107083214653
1710778146.0737705,1.28730575243632
1710778146.0738838,1.2824013498094347
1710778146.073997,1.2774969471825492
1710778146.07411,1.2736435731252034
1710778146.0742233,1.2694397237565782
1710778146.0743365,1.265236006842719
1710778146.0744498,1.2617328431871202
1710778146.0745628,1.2550769911872015
1710778146.074676,1.2473701106177435
1710778146.0747893,1.2382619910769992
1710778146.0749025,1.2288035286797416
1710778146.0750155,1.2193450662824843
1710778146.0751288,1.2095362610287137
1710778146.075242,1.1997275882297092
1710778146.0753553,1.1902691258324516
1710778146.0754683,1.180460320578681
1710778146.0755816,1.1696006192101371
1710778146.0756948,1.157339678870307
1710778146.075808,1.1447285281287298
1710778146.0759213,1.129665109846327
1710778146.0760343,1.114251348707411
1710778146.0761476,1.0984872447119818
1710778146.0762608,1.0820225212309096
1710778146.076374,1.0662584834628634
1710778146.076487,1.0497937599817913
1710778146.0766003,1.0343799988428752
1710778146.0767136,1.0193165805604723
1710778146.0768268,1.003202199935913
1710778146.0769398,0.9856865803400675
1710778146.077053,0.9671199984020656
1710778146.0771663,0.9464515580071343
1710778146.0772796,0.926133460468716
1710778146.0773928,0.9037134382459853
1710778146.0775058,0.8809431393941243
1710778146.077619,0.8585231171713935
1710778146.0777323,0.8361030949486626
1710778146.0778456,0.8143836922115749
1710778146.0779586,0.791613393359714
1710778146.0780718,0.7691933711369832
1710778146.078185,0.745372109942966
1710778146.0782983,0.7197993331485324
1710778146.0784113,0.6949271096123589
1710778146.0785246,0.6676027509901259
1710778146.0786378,0.6416796313391792
1710778146.078751,0.614355206489563
1710778146.0788643,0.5891327063242594
1710778146.0789773,0.5646108256445991
1710778146.0790906,0.5393883254792955
1710778146.0792038,0.5145161350568136
1710778146.079317,0.48894332514868843
1710778146.07943,0.4616189334127638
1710778146.0795434,0.4332436124483744
1710778146.0796566,0.4038173622555203
1710778146.0797698,0.3726395302348667
1710778146.0798829,0.34251266055636936
1710778146.079996,0.3120354811350505
1710778146.0801094,0.28155826860004
1710778146.0802226,0.2514313823646969
1710778146.0803356,0.22235544191466436
1710778146.0804489,0.1918782459364997
1710778146.080562,0.16245199574364555
1710778146.0806754,0.13127417200141483
1710778146.0807886,0.10009634825918409
1710778146.0809016,0.06856821477413177
1710778146.0810149,0.03704008128907945
1710778146.0811281,0.005161637026402685
1710778146.0812414,-0.02425987480415238
1710778146.0813544,-0.052979886531829834
1710778146.0814676,-0.08099940915902455
1710778146.0815809,-0.10901894006464216
1710778146.0816941,-0.13598773214552137
1710778146.0818071,-0.16330677602026197
1710778146.0819204,-0.1920267773999108
1710778146.0820336,-0.22004630830552843
1710778146.082147,-0.24946681327290005
1710778146.0822601,-0.2799380487865872
1710778146.0823731,-0.30900829368167454
1710778146.0824864,-0.3384288152058919
1710778146.0825996,-0.3657478425237867
1710778146.082713,-0.3941176003879971
1710778146.082826,-0.4210863841904534
1710778146.0829391,-0.4484054446220398
1710778146.0830524,-0.4764249589708116
1710778146.0831656,-0.504794716835022
1710778146.0832787,-0.5338649948438009
1710778146.083392,-0.5639859702852037
1710778146.0835052,-0.593756702211168
1710778146.0836184,-0.6228270133336385
1710778146.0837317,-0.6508464945687188
1710778146.0838447,-0.6781655550003052
1710778146.083958,-0.7044338517718844
1710778146.0840712,-0.7300016615125868
1710778146.0841844,-0.7552192608515421
1710778146.0842974,-0.7814875576231215
1710778146.0844107,-0.8077558543947008
1710778146.084524,-0.8343744277954102
1710778146.0846372,-0.8609929349687364
1710778146.0847502,-0.8872612317403157
1710778146.0848634,-0.9131793181101481
1710778146.0849767,-0.9376963641908433
1710778146.08509,-0.9615129894680446
1710778146.085203,-0.9846291277143691
1710778146.0853162,-1.0066945023006864
1710778146.0854294,-1.0294603639178805
1710778146.0855427,-1.0518759489059448
1710778146.085656,-1.074291600121392
1710778146.085769,-1.0977579487694633
1710778146.0858822,-1.1205237441592746
1710778146.0859954,-1.141188144683838
1710778146.0861087,-1.1615023348066542
1710778146.0862217,-1.1804155508677165
1710778146.086335,-1.1968770292070177
1710778146.0864482,-1.2122877438863118
1710778146.0865614,-1.226297484503852
1710778146.0866745,-1.2406575679779053
1710778146.0867877,-1.2543169657389324
1710778146.086901,-1.2686770492129855
1710778146.0870142,-1.2833873430887859
1710778146.0871274,-1.2966965304480658
1710778146.0872405,-1.3107062710656059
1710778146.0873537,-1.3226146168178983
1710778146.087467,-1.3338224093119304
1710778146.0875802,-1.3436292277442083
1710778146.0876932,-1.3523854149712455
1710778146.0878065,-1.3604410489400227
1710778146.0879197,-1.3681463400522869
1710778146.088033,-1.377252737681071
1710778146.088146,-1.385658582051595
1710778146.0882592,-1.3933638731638591
1710778146.0883725,-1.401069296730889
1710778146.0884857,-1.4094751411014133
1710778146.088599,-1.4136780632866752
1710778146.088712,-1.4171805646684434
1710778146.0888252,-1.4196321699354384
1710778146.0889385,-1.4206829335954454
1710778146.0890517,-1.4203327231936984
1710778146.0891647,-1.4196321699354384
1710778146.089278,-1.4192819595336914
1710778146.0893912,-1.4185815387301974
1710778146.0895045,-1.4189317491319444
1710778146.0896175,-1.4178809854719374
1710778146.0897307,-1.4164800114101834
1710778146.089844,-1.4129776424831815
1710778146.0899572,-1.4080741670396593
1710778146.0900702,-1.4021200603908963
1710778146.0901835,-1.3954654004838731
1710778146.0902967,-1.388460530175103
1710778146.09041,-1.382156080669827
1710778146.0905232,-1.3737502362993028
1710778146.0906363,-1.3674459192487929
1710778146.0907495,-1.3607912593417697
1710778146.0908628,-1.3541365994347465
1710778146.090976,-1.3464311758677165
1710778146.091089,-1.3376751210954454
1710778146.0912023,-1.3275180922614203
1710778146.0913155,-1.315259536107381
1710778146.0914288,-1.303000979953342
1710778146.0915418,-1.2903922133975558
1710778146.091655,-1.2770828935835097
1710778146.0917683,-1.2648243374294705
1710778146.0918815,-1.2522155708736844
1710778146.0919948,-1.2399570147196453
1710778146.0921078,-1.2269980377621121
1710778146.092221,-1.2126379542880588
1710778146.0923343,-1.1972272396087646
1710778146.0924475,-1.1790145768059623
1710778146.0925605,-1.1608019140031602
1710778146.0926738,-1.141888697942098
1710778146.092787,-1.1219247182210286
1710778146.0929003,-1.1016105943255954
1710778146.0930133,-1.0816466808319092
1710778146.0931265,-1.061682767338223
1710778146.0932398,-1.0420691304736667
1710778146.093353,-1.0214047299491034
1710778146.093466,-1.0003900527954102
1710778146.0935793,-0.9772739807764689
1710778146.0936925,-0.9538076321283976
1710778146.0938058,-0.9292905198203193
1710778146.093919,-0.9037227100796169
1710778146.094032,-0.8785051769680446
1710778146.0941453,-0.8525870905982124
1710778146.0942585,-0.828069978290134
1710778146.0943718,-0.8039031426111857
1710778146.0944848,-0.7790358199013604
1710778146.094598,-0.7534680101606581
1710778146.0947113,-0.7275499900182089
1710778146.0948246,-0.6995304425557455
1710778146.0949376,-0.670109921031528
1710778146.0950508,-0.6399889124764336
1710778146.095164,-0.6088172064887153
1710778146.0952773,-0.5783459875318739
1710778146.0953906,-0.547874735461341
1710778146.0955036,-0.5181040035353767
1710778146.0956168,-0.4883332716094123
1710778146.09573,-0.4596132371160719
1710778146.0958433,-0.430192748705546
1710778146.0959563,-0.4007722602950202
1710778146.0960696,-0.3699507647090488
1710778146.0961828,-0.3391293022367689
1710778146.096296,-0.3076073196199205
1710778146.096409,-0.27573511004447937
1710778146.0965223,-0.2445633874999152
1710778146.0966356,-0.2144423955016666
1710778146.0967488,-0.18537215060657924
1710778146.096862,-0.1552511586083306
1710778146.096975,-0.12688138418727452
1710778146.0970883,-0.09746088749832577
1710778146.0972016,-0.06769013901551564
1710778146.0973148,-0.036518416470951505
1710778146.0974278,-0.004295962345268991
1710778146.097541,0.027231329845057592
1710778146.0976543,0.05946008695496453
1710778146.0977676,0.09133853018283844
1710778146.0978806,0.12111510667535993
1710778146.0979939,0.15054136514663696
1710778146.098107,0.17926699585384792
1710778146.0982203,0.20694168077574834
1710778146.0983334,0.23496669199731615
1710778146.0984466,0.2640426324473487
1710778146.0985599,0.29311858945422703
1710778146.098673,0.32219452990425956
1710778146.0987864,0.3512704703542921
1710778146.0988994,0.38069672054714626
1710778146.0990126,0.40872173176871407
1710778146.0991259,0.4356958137618171
1710778146.099239,0.462319552898407
1710778146.0993521,0.48789239592022365
1710778146.0994654,0.5131148960855272
1710778146.0995786,0.5390380157364739
1710778146.0996919,0.5656617879867554
1710778146.0998049,0.5929861466089884
1710778146.0999181,0.6210111909442477
1710778146.1000314,0.648685892422994
1710778146.1001446,0.6753096315595839
1710778146.1002579,0.7026339901818169
1710778146.100371,0.7285571098327637
1710778146.1004841,0.7523783710267808
1710778146.1005974,0.7772505945629543
1710778146.1007106,0.8010718557569716
1710778146.1008236,0.8259440130657619
1710778146.100937,0.8508162366019355
1710778146.1010501,0.876038736767239
1710778146.1011634,0.9019618564181857
1710778146.1012764,0.9264837370978461
1710778146.1013896,0.9506553411483765
1710778146.101503,0.9730752971437242
1710778146.1016161,0.9933934609095255
1710778146.1017294,1.0130109389623005
1710778146.1018424,1.0308769014146593
1710778146.1019557,1.0494434833526611
1710778146.102069,1.0666087600919936
1710778146.1021821,1.0834237602021959
1710778146.1022952,1.1005891031689115
1710778146.1024084,1.118104722764757
1710778146.1025217,1.1342191696166992
1710778146.102635,1.1499831411573622
1710778146.102748,1.164346006181505
1710778146.1028612,1.1766069465213351
1710778146.1029744,1.1892182297176785
1710778146.1030877,1.1997275882297092
1710778146.1032007,1.211287842856513
1710778146.103314,1.2217972013685439
1710778146.1034272,1.233357588450114
1710778146.1035404,1.2449178430769179
1710778146.1036537,1.2557775444454617
1710778146.1037667,1.2655863496992323
1710778146.10388,1.2753950224982367
1710778146.1039932,1.2824013498094347
1710778146.1041064,1.2876559628380668
1710778146.1042194,1.2918598122066922
1710778146.1043327,1.295012633005778
1710778146.104446,1.2967642148335774
1710778146.1045592,1.2995666927761502
1710778146.1046722,1.3016684850056965
1710778146.1047854,1.3048213058047824
1710778146.1048987,1.3072735733456082
1710778146.105012,1.3093753655751545
1710778146.1051252,1.3118276331159804
1710778146.1052382,1.311126947402954
1710778146.1053514,1.310426394144694
1710778146.1054647,1.3093753655751545
1710778146.105578,1.3076237837473552
1710778146.105691,1.3048213058047824
1710778146.1058042,1.3048213058047824
1710778146.1059175,1.303420066833496
1710778146.1060307,1.3020188278622098
1710778146.1061437,1.3006175888909233
1710778146.106257,1.2981654538048637
1710778146.1063702,1.2943119472927518
1710778146.1064835,1.288356648551093
1710778146.1065967,1.280649767981635
1710778146.1067097,1.2711913055843778
1710778146.106823,1.260681947072347
1710778146.1069362,1.249822245703803
1710778146.1070495,1.2400135729047987
1710778146.1071625,1.2288035286797416
1710778146.1072757,1.218994723425971
1710778146.107389,1.2084853649139404
1710778146.1075022,1.1969251102871366
1710778146.1076152,1.1853647232055664
1710778146.1077285,1.1731037828657362
1710778146.1078417,1.1590912606981065
1710778146.107955,1.1440278424157035
1710778146.108068,1.1293147669898138
1710778146.1081812,1.1153022448221843
1710778146.1082945,1.1009394460254245
1710778146.1084077,1.0869269238577948
1710778146.108521,1.0736150211758084
1710778146.108634,1.0596024990081787
1710778146.1087472,1.0459403196970622
1710778146.1088605,1.0287750429577298
1710778146.1089737,1.0116096999910142
1710778146.1090868,0.9926928414238824
1710778146.1092,0.9727250205145942
1710778146.1093132,0.9506553411483765
1710778146.1094265,0.9303371773825752
1710778146.1095395,0.9100190798441569
1710778146.1096528,0.8886499537361993
1710778146.109766,0.8686821990542941
1710778146.1098793,0.8480136924319797
1710778146.1099925,0.8259440130657619
1710778146.1101055,0.8028233713573879
1710778146.1102188,0.7793524530198839
1710778146.110332,0.753078990512424
1710778146.1104453,0.7275062137179904
1710778146.1105583,0.7008824083540175
1710778146.1106715,0.6742586692174276
1710778146.1107848,0.6483355495664809
1710778146.110898,0.6224124299155341
1710778146.111011,0.5968395868937174
1710778146.1111243,0.571967429584927
1710778146.1112375,0.5456939670774672
1710778146.1113508,0.5183695753415426
1710778146.1114638,0.49034456411997474
1710778146.111577,0.462319552898407
1710778146.1116903,0.4328933027055528
1710778146.1118035,0.40451798174116343
1710778146.1119168,0.377543932861752
1710778146.1120298,0.34951892164018417
1710778146.112143,0.32429642147488064
1710778146.1122563,0.2983732687102424
1710778146.1123695,0.2713992032739851
1710778146.1124825,0.24512575732337102
1710778146.1125958,0.21780138214429218
1710778146.112709,0.18907575143708122
1710778146.1128223,0.15929917494455972
1710778146.1129353,0.12917229698763952
1710778146.1130486,0.0997460385163625
1710778146.1131618,0.06996946202384101
1710778146.113275,0.04159414519866308
1710778146.1133883,0.01391945199833976
1710778146.1135013,-0.013402308233910136
1710778146.1136146,-0.04212232099639045
1710778146.1137278,-0.06979160010814667
1710778146.113841,-0.09886186156007978
1710778146.113954,-0.12793211473359
1710778146.1140673,-0.15735261970096165
1710778146.1141806,-0.18677312466833326
1710778146.1142938,-0.2154931260479821
1710778146.1144068,-0.24386290046903822
1710778146.11452,-0.27153218785921734
1710778146.1146333,-0.2974502576722039
1710778146.1147466,-0.3240687979592217
1710778146.1148598,-0.35033709473080105
1710778146.1149728,-0.37730587853325737
1710778146.115086,-0.40567566951115924
1710778146.1151993,-0.4354464014371236
1710778146.1153126,-0.46451667944590247
1710778146.1154256,-0.4949878984027439
1710778146.1155388,-0.5233576562669542
1710778146.115652,-0.5520776907602946
1710778146.1157653,-0.5793966849644979
1710778146.1158783,-0.6056650479634603
1710778146.1159916,-0.6319333447350396
1710778146.1161048,-0.6575011544757419
1710778146.116218,-0.6830689642164443
1710778146.116331,-0.7103880246480306
1710778146.1164443,-0.7366563214196099
1710778146.1165576,-0.7625743415620592
1710778146.1166708,-0.7881421513027614
1710778146.116784,-0.8119587765799628
1710778146.116897,-0.8357754018571641
1710778146.1170104,-0.8578407764434814
1710778146.1171236,-0.8788553873697916
1710778146.1172369,-0.9002202749252319
1710778146.1173499,-0.9212349520789253
1710778146.117463,-0.9422495630052354
1710778146.1175764,-0.9650154246224297
1710778146.1176896,-0.987781286239624
1710778146.1178026,-1.0105471478568182
1710778146.1179159,-1.0329627990722656
1710778146.118029,-1.053977409998576
1710778146.1181424,-1.074291600121392
1710778146.1182556,-1.0932047499550712
1710778146.1183686,-1.1121178997887504
1710778146.1184819,-1.1296301417880588
1710778146.1185951,-1.1467920409308539
1710778146.1187084,-1.1639540725284152
1710778146.1188214,-1.1811159716712103
1710778146.1189346,-1.1979277928670247
1710778146.1190479,-1.214739481608073
1710778146.1191611,-1.230500406689114
1710778146.1192741,-1.2441599369049072
1710778146.1193874,-1.2564184930589464
1710778146.1195006,-1.2665755218929715
1710778146.119614,-1.2760321299235027
1710778146.1197271,-1.2851385275522869
1710778146.1198401,-1.2931941615210638
1710778146.1199534,-1.302300426695082
1710778146.1200666,-1.3114068243238661
1710778146.12018,-1.3212136427561443
1710778146.120293,-1.3303200403849285
1710778146.1204062,-1.3380253314971924
1710778146.1205194,-1.3450302018059623
1710778146.1206326,-1.3509844409094915
1710778146.1207457,-1.3548370202382405
1710778146.120859,-1.3593902852800157
1710778146.1209722,-1.3614916801452637
1710778146.1210854,-1.3649941815270317
1710778146.1211984,-1.3688468933105469
1710778146.1213117,-1.3719990518358018
1710778146.121425,-1.3751512103610568
1710778146.1215382,-1.3779531584845648
1710778146.1216514,-1.3793541325463188
1710778146.1217644,-1.380054685804579
1710778146.1218777,-1.3776029480828178
1710778146.121991,-1.3744507895575628
1710778146.1221042,-1.3705980777740479
1710778146.1222172,-1.3663951555887859
1710778146.1223304,-1.3628926542070177
1710778146.1224437,-1.3586897320217557
1710778146.122557,-1.3558877838982475
1710778146.12267,-1.3534360461764865
1710778146.1227832,-1.3499336772494845
1710778146.1228964,-1.3467815187242296
1710778146.1230097,-1.3418780432807074
1710778146.123123,-1.3352233833736844
1710778146.123236,-1.3289190663231742
1710778146.1233492,-1.31981266869439
1710778146.1234624,-1.3124575879838731
1710778146.1235757,-1.303351190355089
1710778146.1236887,-1.295996109644572
1710778146.123802,-1.2875902652740479
1710778146.1239152,-1.2788340780470107
1710778146.1240284,-1.2690272596147325
1710778146.1241415,-1.2585200203789604
1710778146.1242547,-1.2445101473066542
1710778146.124368,-1.230500406689114
1710778146.1244812,-1.214389271206326
1710778146.1245944,-1.1972272396087646
1710778146.1247075,-1.1797149976094563
1710778146.1248207,-1.1636038621266682
1710778146.124934,-1.147142383787367
1710778146.1250472,-1.1306809054480658
1710778146.1251602,-1.1149198479122586
1710778146.1252735,-1.0981081591712103
1710778146.1253867,-1.0798954963684082
1710778146.1255,-1.061682767338223
1710778146.125613,-1.0410183668136597
1710778146.1257262,-1.0189529922273424
1710778146.1258395,-0.9968876176410251
1710778146.1259527,-0.9730710585912068
1710778146.1260657,-0.9517061710357666
1710778146.126179,-0.9285900327894423
1710778146.1262922,-0.906174447801378
1710778146.1264055,-0.8834085861841837
1710778146.1265187,-0.8595919609069824
1710778146.1266317,-0.8343744277954102
1710778146.126745,-0.8088065518273247
1710778146.1268582,-0.7807870705922444
1710778146.1269715,-0.7531177997589111
1710778146.1270845,-0.7250982522964478
1710778146.1271977,-0.6963782178031074
1710778146.127311,-0.669059223598904
1710778146.1274242,-0.6431411372290717
1710778146.1275373,-0.6158220767974854
1710778146.1276505,-0.5906045436859131
1710778146.1277637,-0.5639859702852037
1710778146.127877,-0.5356162124209933
1710778146.1279902,-0.5061957240104675
1710778146.1281033,-0.4771254460016886
1710778146.1282165,-0.44595374001397026
1710778146.1283298,-0.41618297497431433
1710778146.128443,-0.3860619995329115
1710778146.128556,-0.3562912344932556
1710778146.1286693,-0.32757123311360675
1710778146.1287825,-0.29990196228027344
1710778146.1288958,-0.27188243137465584
1710778146.1290088,-0.2424619264072842
1710778146.129122,-0.2130414214399126
1710778146.1292353,-0.18362091647254095
1710778146.1293485,-0.15420042806201512
1710778146.1294615,-0.12302869723902808
1710778146.1295748,-0.09325795703464083
1710778146.129688,-0.06488818675279617
1710778146.1298013,-0.03546768592463599
1710778146.1299145,-0.00849889125674963
1710778146.1300275,0.01882382772035069
1710778146.1301408,0.046848836872312755
1710778146.130254,0.07557446757952373
1710778146.1303673,0.10640197330050997
1710778146.1304803,0.1361785415146086
1710778146.1305935,0.16875762078497145
1710778146.1307068,0.1999354362487793
1710778146.13082,0.23181388775507608
1710778146.130933,0.2622910837332408
1710778146.1310463,0.29276827971140545
1710778146.1311595,0.3207932909329732
1710778146.1312728,0.3491686118973626
1710778146.131386,0.377543932861752
1710778146.131499,0.40626956356896293
1710778146.1316123,0.4349951942761739
1710778146.1317255,0.46477175421184963
1710778146.1318388,0.49489862389034694
1710778146.1319518,0.5246752169397142
1710778146.132065,0.5530505379041036
1710778146.1321783,0.5824767880969577
1710778146.1322916,0.6098011467191908
1710778146.1324046,0.637475848197937
1710778146.1325178,0.6640995873345269
1710778146.132631,0.6914240121841431
1710778146.1327443,0.7197993331485324
1710778146.1328576,0.7478243112564087
1710778146.1329706,0.7765499750773112
1710778146.1330838,0.8052755726708306
1710778146.133197,0.8325999975204468
1710778146.1333103,0.8592237366570367
1710778146.1334233,0.883745617336697
1710778146.1335366,0.9065159161885579
1710778146.1336498,0.9275346994400024
1710778146.133763,0.9475025203492906
1710778146.133876,0.9667697217729356
1710778146.1339893,0.9853362374835544
1710778146.1341026,1.0046034389071994
1710778146.1342158,1.0231700208452013
1710778146.1343288,1.0417366027832031
1710778146.134442,1.060303184721205
1710778146.1345553,1.0778188043170505
1710778146.1346686,1.094984081056383
1710778146.1347818,1.1100475655661688
1710778146.1348948,1.125461260477702
1710778146.135008,1.140875021616618
1710778146.1351213,1.15698946846856
1710778146.1352346,1.172753440009223
1710778146.1353476,1.1895684401194255
1710778146.1354609,1.2063834402296278
1710778146.135574,1.2217972013685439
1710778146.1356874,1.237561305363973
1710778146.1358004,1.2508731418185763
1710778146.1359136,1.2627838717566595
1710778146.1360269,1.272592544555664
1710778146.13614,1.280299425125122
1710778146.1362534,1.2869554095798068
1710778146.1363664,1.2932610511779785
1710778146.1364796,1.2995666927761502
1710778146.1365929,1.3058723343743217
1710778146.136706,1.310426394144694
1710778146.1368191,1.3163816928863525
1710778146.1369324,1.3209357526567247
1710778146.1370456,1.3251394695705838
1710778146.1371589,1.3275916046566434
1710778146.137272,1.329693529340956
1710778146.1373851,1.3303942150539823
1710778146.1374984,1.3303942150539823
1710778146.1376116,1.3317954540252686
1710778146.1377249,1.3331966929965549
1710778146.137838,1.3349482748243544
1710778146.1379511,1.3366997241973877
1710778146.1380644,1.3384513060251872
1710778146.1381776,1.3395023345947266
1710778146.1382906,1.3388016488817003
1710778146.138404,1.3356488280826144
1710778146.1385171,1.3321456644270155
1710778146.1386304,1.3268910513983831
1710778146.1387434,1.3212860955132377
1710778146.1388566,1.3156810071733263
1710778146.13897,1.3093753655751545
1710778146.1390831,1.3041207525465224
1710778146.1391962,1.298866007063124
1710778146.1393094,1.2918598122066922
1710778146.1394227,1.2848534848954942
1710778146.139536,1.2764460510677762
1710778146.1396492,1.2655863496992323
1710778146.1397622,1.2543763054741752
1710778146.1398754,1.241414811876085
1710778146.1399887,1.2277526325649686
1710778146.140102,1.2144406636555989
1710778146.140215,1.2004281414879692
1710778146.1403282,1.1867659621768527
1710778146.1404414,1.1734541257222493
1710778146.1405547,1.1590912606981065
1710778146.1406677,1.1436774995591905
1710778146.140781,1.1272128423055012
1710778146.1408942,1.1093469460805256
1710778146.1410074,1.0900797446568806
1710778146.1411207,1.0690609614054363
1710778146.1412337,1.0490931404961479
1710778146.141347,1.0284247001012166
1710778146.1414602,1.0081066025627983
1710778146.1415734,0.9881387816535102
1710778146.1416864,0.9678206178877089
1710778146.1417997,0.9471521774927775
1710778146.141913,0.9254327747556899
1710778146.1420262,0.9023121992746989
1710778146.1421392,0.8774399757385254
1710778146.1422524,0.8511665132310655
1710778146.1423657,0.8248931169509888
1710778146.142479,0.7979190349578857
1710778146.1425922,0.7705946101082696
1710778146.1427052,0.745372109942966
1710778146.1428185,0.7201496097776625
1710778146.1429317,0.6949271096123589
1710778146.143045,0.6697046094470553
1710778146.143158,0.6444821092817519
1710778146.1432712,0.6175080272886488
1710778146.1433845,0.5905339452955458
1710778146.1434977,0.5628593100441827
1710778146.1436107,0.5351845754517449
1710778146.143724,0.5071595642301772
1710778146.1438372,0.48018551535076565
1710778146.1439505,0.45391205284330577
1710778146.1440635,0.42658769422107273
1710778146.1441767,0.40101485119925606
1710778146.14429,0.37404080231984455
1710778146.1444032,0.3460157910982768
1710778146.1445165,0.317990779876709
1710778146.1446295,0.28646263811323375
1710778146.1447427,0.25598545869191486
1710778146.144856,0.22445731692843968
1710778146.1449692,0.19292919172181022
1710778146.1450822,0.16280230548646715
1710778146.1451955,0.131974791487058
1710778146.1453087,0.10289885103702545
1710778146.145422,0.07312228282292683
1710778146.145535,0.04439664797650443
1710778146.1456482,0.014970389505227406
1710778146.1457615,-0.01550377243094974
1710778146.1458747,-0.045975007944636874
1710778146.145988,-0.07714673048920101
1710778146.146101,-0.10796820951832665
1710778146.1462142,-0.1370384626918369
1710778146.1463275,-0.16610872414377
1710778146.1464407,-0.19342775146166483
1710778146.1465538,-0.22144728236728245
1710778146.146667,-0.24806583921114603
1710778146.1467803,-0.27678584059079486
1710778146.1468935,-0.3055058585272895
1710778146.1470065,-0.3345761034223768
1710778146.1471198,-0.36469711197747123
1710778146.147233,-0.3951683309343126
1710778146.1473463,-0.4263400700357225
1710778146.1474593,-0.45541031493080986
1710778146.1475725,-0.4851810799704658
1710778146.1476858,-0.5135508378346761
1710778146.147799,-0.541570352183448
1710778146.1479123,-0.5685391690995958
1710778146.1480253,-0.5962084399329292
1710778146.1481385,-0.6245781977971395
1710778146.1482518,-0.6529479556613498
1710778146.148365,-0.6827186875873141
1710778146.148478,-0.7107382350497775
1710778146.1485913,-0.7380572954813639
1710778146.1487045,-0.7657265663146973
1710778146.1488178,-0.7905938890245225
1710778146.1489308,-0.8147607247034708
1710778146.149044,-0.8378768629497951
1710778146.1491573,-0.8623939090304904
1710778146.1492705,-0.8848095602459377
1710778146.1493838,-0.907925632264879
1710778146.1494968,-0.9310417705112033
1710778146.14961,-0.9555588165918986
1710778146.1497233,-0.9779744678073459
1710778146.1498365,-1.0007403294245403
1710778146.1499496,-1.0221052169799805
1710778146.1500628,-1.0417188538445366
1710778146.150176,-1.059931582874722
1710778146.1502893,-1.077794035275777
1710778146.1504023,-1.0953062110477023
1710778146.1505156,-1.1121178997887504
1710778146.1506288,-1.1292799313863118
1710778146.150742,-1.1464418305291069
1710778146.1508553,-1.1646544933319092
1710778146.1509683,-1.1804155508677165
1710778146.1510816,-1.1965268188052707
1710778146.1511948,-1.2101862165662978
1710778146.151308,-1.222444772720337
1710778146.151421,-1.233652565214369
1710778146.1515343,-1.2445101473066542
1710778146.1516476,-1.2536165449354384
1710778146.1517608,-1.2644741270277235
1710778146.1518738,-1.2739307350582547
1710778146.151987,-1.2851385275522869
1710778146.1521003,-1.295996109644572
1710778146.1522136,-1.306503348880344
1710778146.1523266,-1.315259536107381
1710778146.1524398,-1.3247161441379123
1710778146.152553,-1.3310204611884222
1710778146.1526663,-1.3369745678371854
1710778146.1527796,-1.3425785965389676
1710778146.1528926,-1.3478321499294705
1710778146.1530058,-1.3534360461764865
1710778146.153119,-1.3590399424235027
1710778146.1532323,-1.3653443919287787
1710778146.1533453,-1.3705980777740479
1710778146.1534586,-1.3748009999593098
1710778146.1535718,-1.3779531584845648
1710778146.153685,-1.3797043429480658
1710778146.153798,-1.380054685804579
1710778146.1539114,-1.378653711742825
1710778146.1540246,-1.3762019740210638
1710778146.1541378,-1.3741004467010498
1710778146.154251,-1.3709482881757948
1710778146.154364,-1.3691971037122939
1710778146.1544774,-1.3670955763922796
1710778146.1545906,-1.364643971125285
1710778146.1547039,-1.3618420230017767
1710778146.1548169,-1.3576389683617485
1710778146.15493,-1.3520350721147325
1710778146.1550434,-1.3450302018059623
1710778146.1551566,-1.3369745678371854
1710778146.1552696,-1.3292692767249212
1710778146.1553829,-1.3212136427561443
1710778146.1554961,-1.313508219189114
1710778146.1556094,-1.306153138478597
1710778146.1557226,-1.29879805776808
1710778146.1558356,-1.2914428446027968
1710778146.1559489,-1.2837375534905326
1710778146.1560621,-1.2742809454600017
1710778146.1561754,-1.2630731529659696
1710778146.1562884,-1.2501140435536702
1710778146.1564016,-1.23610430293613
1710778146.156515,-1.221744351916843
1710778146.1566281,-1.2059832943810356
1710778146.1567411,-1.1909227901034884
1710778146.1568544,-1.1758624182807074
1710778146.1569676,-1.1611521244049072
1710778146.157081,-1.1450408564673529
1710778146.157194,-1.1278789573245578
1710778146.1573071,-1.1100165049235027
1710778146.1574204,-1.0897023148006864
1710778146.1575336,-1.067987216843499
1710778146.157647,-1.0466223292880588
1710778146.15776,-1.0245569547017415
1710778146.1578732,-1.0021413034862943
1710778146.1579864,-0.9804261393017238
1710778146.1580997,-0.9597618050045437
1710778146.1582127,-0.9397978915108575
1710778146.158326,-0.9191334909862942
1710778146.1584392,-0.8974183268017238
1710778146.1585524,-0.8757032288445367
1710778146.1586654,-0.8532875776290894
1710778146.1587787,-0.828770465321011
1710778146.158892,-0.8042534192403157
1710778146.1590052,-0.7793860965304904
1710778146.1591184,-0.7541684971915351
1710778146.1592314,-0.7303519381417168
1710778146.1593447,-0.7061850362353854
1710778146.159458,-0.6820182005564371
1710778146.1595712,-0.6568006674448649
1710778146.1596842,-0.6319333447350396
1710778146.1597974,-0.6046142843034532
1710778146.1599107,-0.5769450134701198
1710778146.160024,-0.548925499121348
1710778146.160137,-0.5198552211125692
1710778146.1602502,-0.49148546324835884
1710778146.1603634,-0.464866922961341
1710778146.1604767,-0.43789810604519314
1710778146.16059,-0.4126805398199293
1710778146.160703,-0.3874629735946655
1710778146.1608162,-0.3625956508848402
1710778146.1609294,-0.3377283281750149
1710778146.1610427,-0.3114599982897441
1710778146.1611557,-0.2841409709718492
1710778146.161269,-0.2561214400662316
1710778146.1613822,-0.22810192571745977
1710778146.1614954,-0.19973215129640368
1710778146.1616085,-0.17171262039078605
1710778146.1617217,-0.1436931060420142
1710778146.161835,-0.11602381865183511
1710778146.1619482,-0.08695356547832489
1710778146.1620612,-0.05823354754183027
1710778146.1621745,-0.028112559682793088
1710778146.1622877,0.0034100740837554135
1710778146.162401,0.03423758265044954
1710778146.1625142,0.0668166536423895
1710778146.1626272,0.09939572049511804
1710778146.1627405,0.1302232344945272
1710778146.1628537,0.16070043047269186
1710778146.162967,0.18942606117990282
1710778146.16308,0.21640012661616007
1710778146.1631932,0.2437245017952389
1710778146.1633065,0.27069858378834194
1710778146.1634197,0.2976726492245992
1710778146.1635327,0.3249970409605238
1710778146.163646,0.35267170932557845
1710778146.1637592,0.38104703028996784
1710778146.1638725,0.41012300385369194
1710778146.1639857,0.43744736247592503
1710778146.1640987,0.4651220639546712
1710778146.164212,0.49279676543341744
1710778146.1643252,0.5197708143128289
1710778146.1644385,0.5467448963059319
1710778146.1645515,0.5740692880418565
1710778146.1646647,0.602444609006246
1710778146.164778,0.6318708260854086
1710778146.1648912,0.6598958704206679
1710778146.1650043,0.6893221537272135
1710778146.1651175,0.7162961694929335
1710778146.1652308,0.7443212138281928
1710778146.165344,0.76814247502221
1710778146.165457,0.791263116730584
1710778146.1655703,0.8143836922115749
1710778146.1656835,0.8343515131208632
1710778146.1657968,0.8557205730014377
1710778146.16591,0.8770896991093953
1710778146.166023,0.8977581395043267
1710778146.1661363,0.9191271993849013
1710778146.1662495,0.9404962592654758
1710778146.1663628,0.9611646996604072
1710778146.1664758,0.9804319010840522
1710778146.166589,0.9996991025076972
1710778146.1667023,1.0168643792470295
1710778146.1668155,1.0326284832424588
1710778146.1669285,1.0494434833526611
1710778146.1670418,1.0648572444915771
1710778146.167155,1.0813219017452664
1710778146.1672683,1.0981369018554688
1710778146.1673815,1.114601559109158
1710778146.1674945,1.1293147669898138
1710778146.1676078,1.1447285281287298
1710778146.167721,1.1580403645833333
1710778146.1678343,1.1699509620666504
1710778146.1679473,1.1811610062917073
1710778146.1680605,1.1916703648037381
1710778146.1681738,1.2011288272009955
1710778146.168287,1.2116381857130263
1710778146.1684,1.2224978870815701
1710778146.1685133,1.233707931306627
1710778146.1686265,1.2449178430769179
1710778146.1687398,1.2561278873019748
1710778146.168853,1.2666372458140056
1710778146.168966,1.2764460510677762
1710778146.1690793,1.2845032744937472
1710778146.1691926,1.291159126493666
1710778146.1693058,1.2960635291205511
1710778146.1694188,1.3020188278622098
1710778146.169532,1.306923230489095
1710778146.1696453,1.3121778435177274
1710778146.1697586,1.3170822461446126
1710778146.1698716,1.321986648771498
1710778146.1699848,1.3261903656853569
1710778146.170098,1.3293431864844427
1710778146.1702113,1.3307444254557292
1710778146.1703243,1.3303942150539823
1710778146.1704376,1.3286426332261827
1710778146.1705508,1.3268910513983831
1710778146.170664,1.3237382305992973
1710778146.1707773,1.3216363059149847
1710778146.1708903,1.3195345136854384
1710778146.1710036,1.3160313500298393
1710778146.1711168,1.314630111058553
1710778146.17123,1.3107766045464408
1710778146.171343,1.306572887632582
1710778146.1714563,1.2999169031778972
1710778146.1715696,1.2922100226084392
1710778146.1716828,1.283452245924208
1710778146.1717958,1.272242334153917
1710778146.171909,1.260681947072347
1710778146.1720223,1.2508731418185763
1710778146.1721356,1.2400135729047987
1710778146.1722488,1.2295040819380019
1710778146.1723619,1.218994723425971
1710778146.172475,1.2074344687991672
1710778146.1725883,1.1944728427463107
1710778146.1727016,1.1815113491482205
1710778146.1728146,1.1660975880093045
1710778146.1729279,1.1510341697269015
1710778146.173041,1.1342191696166992
1710778146.1731544,1.117404169506497
1710778146.1732674,1.1012897226545546
1710778146.1733806,1.0858759615156386
1710778146.1734939,1.0701119237475925
1710778146.173607,1.0539975431230333
1710778146.1737204,1.0368322001563177
1710778146.1738334,1.0182656182183158
1710778146.1739466,0.9982977973090278
1710778146.1740599,0.9769287374284532
1710778146.174173,0.9541584385765923
1710778146.1742861,0.9310377968682183
1710778146.1743994,0.906866259045071
1710778146.1745126,0.8830449978510538
1710778146.1746259,0.8602746327718098
1710778146.174739,0.8371540572908189
1710778146.1748521,0.8136830727259318
1710778146.1749654,0.7905624310175577
1710778146.1750786,0.7670915126800537
1710778146.1751916,0.741518669658237
1710778146.175305,0.7152452733781602
1710778146.1754181,0.6893221537272135
1710778146.1755314,0.6623480717341105
1710778146.1756446,0.6360746092266506
1710778146.1757576,0.6112023856904771
1710778146.175871,0.5863302283816867
1710778146.1759841,0.5628593100441827
1710778146.1760974,0.5383373962508308
1710778146.1762104,0.5145161350568136
1710778146.1763237,0.48824270566304523
1710778146.176437,0.4619692431555854
1710778146.1765501,0.433593922191196
1710778146.1766632,0.40486829148398507
1710778146.1767764,0.37614266077677405
1710778146.1768897,0.3474170300695631
1710778146.177003,0.31939201884799534
1710778146.1771162,0.29136700762642753
1710778146.1772292,0.2633420129617055
1710778146.1773424,0.23496669199731615
1710778146.1774557,0.2072920070754157
1710778146.177569,0.17716512084007263
1710778146.177682,0.14703823460472953
1710778146.1777952,0.11515979137685564
1710778146.1779084,0.08293103012773725
1710778146.1780217,0.05245383828878403
1710778146.1781347,0.021276016616159014
1710778146.178248,-0.009549623355269432
1710778146.1783612,-0.03932036873367097
1710778146.1784744,-0.06804038253095415
1710778146.1785877,-0.09781113101376428
1710778146.1787007,-0.127231627702713
1710778146.178814,-0.15910383727815416
1710778146.1789272,-0.1906258033381568
1710778146.1790404,-0.22354874345991346
1710778146.1791534,-0.2557711965507931
1710778146.1792667,-0.2890443801879883
1710778146.17938,-0.3219673368665907
1710778146.1794932,-0.3527887993388706
1710778146.1796062,-0.3839605384402805
1710778146.1797194,-0.41443175739712185
1710778146.1798327,-0.44455276595221627
1710778146.179946,-0.4750239849090576
1710778146.180059,-0.506545967525906
1710778146.1801722,-0.5384181605445014
1710778146.1802855,-0.5695898665322198
1710778146.1803987,-0.6011118491490682
1710778146.180512,-0.6305323706732856
1710778146.180625,-0.658902128537496
1710778146.1807382,-0.6862211889690822
1710778146.1808515,-0.7124894857406616
1710778146.1809647,-0.7370065318213569
1710778146.1810777,-0.7615236441294352
1710778146.181191,-0.7867411772410074
1710778146.1813042,-0.8130095402399699
1710778146.1814175,-0.8385773499806721
1710778146.1815305,-0.8641451597213745
1710778146.1816437,-0.8893626928329468
1710778146.181757,-0.914930502573649
1710778146.1818702,-0.9380466408199734
1710778146.1819835,-0.9611627790662978
1710778146.1820965,-0.982877877023485
1710778146.1822097,-1.0042427645789251
1710778146.182323,-1.0252574417326186
1710778146.1824362,-1.0459218422571819
1710778146.1825492,-1.067636940214369
1710778146.1826625,-1.0890018277698092
1710778146.1827757,-1.1107169919543796
1710778146.182889,-1.1306809054480658
1710778146.183002,-1.150294542312622
1710778146.1831152,-1.1681569947136772
1710778146.1832285,-1.1842682626512315
1710778146.1833417,-1.1993287669287787
1710778146.1834548,-1.2133385075463188
1710778146.183568,-1.2273482481638591
1710778146.1836812,-1.2410077783796523
1710778146.1837945,-1.2557180722554524
1710778146.1839077,-1.2704282336764865
1710778146.1840208,-1.2833873430887859
1710778146.184134,-1.2966965304480658
1710778146.1842473,-1.309305297003852
1710778146.1843605,-1.31981266869439
1710778146.1844735,-1.3285687234666612
1710778146.1845868,-1.3359239366319444
1710778146.1847,-1.3450302018059623
1710778146.1848133,-1.3513346513112385
1710778146.1849263,-1.3593902852800157
1710778146.1850395,-1.3674459192487929
1710778146.1851528,-1.3755014207628038
1710778146.185266,-1.383206844329834
1710778146.1853793,-1.390561925040351
1710778146.1854923,-1.3968663745456271
1710778146.1856055,-1.401069296730889
1710778146.1857188,-1.4052722189161513
1710778146.185832,-1.4077239566379123
1710778146.185945,-1.4101756943596733
1710778146.1860583,-1.4126272996266682
1710778146.1861715,-1.4147288269466824
1710778146.1862848,-1.4164800114101834
1710778146.1863978,-1.4189317491319444
1710778146.186511,-1.4206829335954454
1710778146.1866243,-1.4203327231936984
1710778146.1867375,-1.4192819595336914
1710778146.1868508,-1.4154292477501762
1710778146.1869638,-1.4098253515031602
1710778146.187077,-1.4031708240509033
1710778146.1871903,-1.396165821287367
1710778146.1873035,-1.3881103197733562
1710778146.1874166,-1.380404896206326
1710778146.1875298,-1.3726994726392958
1710778146.187643,-1.3656946023305256
1710778146.1877563,-1.3576389683617485
1710778146.1878693,-1.3485327031877306
1710778146.1879826,-1.3390760951571994
1710778146.1880958,-1.3275180922614203
1710778146.188209,-1.314909193250868
1710778146.188322,-1.301950216293335
1710778146.1884353,-1.2882906860775418
1710778146.1885486,-1.2742809454600017
1710778146.1886618,-1.2609716256459553
1710778146.188775,-1.2487130694919162
1710778146.188888,-1.234353118472629
1710778146.1890013,-1.219642824596829
1710778146.1891146,-1.2042321099175346
1710778146.1892278,-1.1863696575164795
1710778146.1893408,-1.1674564414554172
1710778146.189454,-1.147142383787367
1710778146.1895673,-1.1254272196027968
1710778146.1896806,-1.1040623320473564
1710778146.1897936,-1.0826974444919162
1710778146.1899068,-1.0620330439673529
1710778146.19002,-1.0424193408754137
1710778146.1901333,-1.0221052169799805
1710778146.1902466,-1.0024915801154242
1710778146.1903596,-0.982177389992608
1710778146.1904728,-0.9608125024371676
1710778146.190586,-0.9383968512217203
1710778146.1906993,-0.914930502573649
1710778146.1908123,-0.8928651279873318
1710778146.1909256,-0.8686982923083835
1710778146.1910388,-0.8455822202894423
1710778146.191152,-0.822115871641371
1710778146.191265,-0.7997002204259236
1710778146.1913784,-0.7762338717778523
1710778146.1914916,-0.751366549068027
1710778146.1916049,-0.7268494367599487
1710778146.191718,-0.6998806529574924
1710778146.191831,-0.6722113821241591
1710778146.1919444,-0.6417401631673177
1710778146.1920576,-0.6126699182722304
1710778146.1921709,-0.583599673377143
1710778146.1922839,-0.5555801259146796
1710778146.192397,-0.5279108550813463
1710778146.1925104,-0.5012922816806369
1710778146.1926236,-0.4746737413936191
1710778146.1927366,-0.4477049575911628
1710778146.1928499,-0.4203858971595764
1710778146.1929631,-0.3934171133571201
1710778146.1930764,-0.36469711197747123
1710778146.1931894,-0.33562683396869236
1710778146.1933026,-0.306556589073605
1710778146.1934159,-0.27748632762167186
1710778146.1935291,-0.24806583921114603
1710778146.1936424,-0.22004630830552843
1710778146.1937554,-0.1916765338844723
1710778146.1938686,-0.16365701953570047
1710778146.193982,-0.13493700159920585
1710778146.1940951,-0.10446576608551873
1710778146.1942081,-0.07364428705639309
1710778146.1943214,-0.04142183396551344
1710778146.1944346,-0.009199378805028068
1710778146.194548,0.022326954123046663
1710778146.194661,0.054555713302559324
1710778146.1947742,0.08538322316275702
1710778146.1948874,0.11621072888374329
1710778146.1950006,0.14458604984813267
1710778146.195114,0.1740123000409868
1710778146.195227,0.2034385667906867
1710778146.1953402,0.23426607251167297
1710778146.1954534,0.2650935782326592
1710778146.1955667,0.29592110051049125
1710778146.1956797,0.3277995189030965
1710778146.195793,0.3589773509237501
1710778146.1959062,0.38945453034506905
1710778146.1960194,0.4174795415666368
1710778146.1961324,0.4455045527882046
1710778146.1962457,0.47423018349541557
1710778146.196359,0.5015545752313402
1710778146.1964722,0.5285286572244432
1710778146.1965854,0.5562033255894979
1710778146.1966984,0.583527750439114
1710778146.1968117,0.6108521090613471
1710778146.196925,0.6388770871692233
1710778146.1970382,0.6648002730475532
1710778146.1971512,0.6903730498419868
1710778146.1972644,0.7145446538925171
1710778146.1973777,0.7369646098878648
1710778146.197491,0.7597349749671088
1710778146.197604,0.7807536919911702
1710778146.1977172,0.8035240570704142
1710778146.1978304,0.8255937364366319
1710778146.1979437,0.8476634158028497
1710778146.1980567,0.8697330951690674
1710778146.19817,0.891452497906155
1710778146.1982832,0.9121209383010864
1710778146.1983964,0.9320887592103746
1710778146.1985097,0.9499546554353502
1710778146.1986227,0.9671199984020656
1710778146.198736,0.983584721883138
1710778146.1988492,0.9996991025076972
1710778146.1989625,1.0161637597613864
1710778146.1990755,1.0329787598715887
1710778146.1991887,1.0504943794674344
1710778146.199302,1.0673093795776367
1710778146.1994152,1.0848250654008653
1710778146.1995282,1.1009394460254245
1710778146.1996415,1.1167034837934706
1710778146.1997547,1.1307160059611003
1710778146.199868,1.1436774995591905
1710778146.1999812,1.156639125612047
1710778146.2000942,1.1692504088083904
1710778146.2002075,1.1815113491482205
1710778146.2003207,1.1941224998897977
1710778146.200434,1.2070841259426541
1710778146.200547,1.218994723425971
1710778146.2006602,1.2312556637658012
1710778146.2007735,1.241414811876085
1710778146.2008867,1.2505229314168294
1710778146.2009997,1.257178783416748
1710778146.201113,1.2631340821584065
1710778146.2012262,1.2676881419287787
1710778146.2013395,1.272242334153917
1710778146.2014525,1.2771466043260362
1710778146.2015657,1.2813504536946614
1710778146.201679,1.2862547238667805
1710778146.2017922,1.291159126493666
1710778146.2019055,1.295713186264038
1710778146.2020185,1.298866007063124
1710778146.2021317,1.3016684850056965
1710778146.202245,1.3030697239769828
1710778146.2023582,1.3023691707187228
1710778146.2024713,1.3023691707187228
1710778146.2025845,1.3016684850056965
1710778146.2026978,1.3016684850056965
1710778146.202811,1.3020188278622098
1710778146.202924,1.3020188278622098
1710778146.2030373,1.3016684850056965
1710778146.2031505,1.3009679317474365
1710778146.2032638,1.298866007063124
1710778146.203377,1.2946622901492648
1710778146.20349,1.2887069914076064
1710778146.2036033,1.2820510069529216
1710778146.2037165,1.272592544555664
1710778146.2038298,1.264885663986206
1710778146.2039428,1.2561278873019748
1710778146.204056,1.2477204534742568
1710778146.2041693,1.2382619910769992
1710778146.2042825,1.2295040819380019
1710778146.2043955,1.218994723425971
1710778146.2045088,1.2077848116556804
1710778146.204622,1.195173528459337
1710778146.2047353,1.180460320578681
1710778146.2048485,1.1653969022962782
1710778146.2049615,1.149282587899102
1710778146.2050748,1.133868826760186
1710778146.205188,1.118104722764757
1710778146.2053013,1.102690961625841
1710778146.2054143,1.0886785056855943
1710778146.2055275,1.0732647445466783
1710778146.2056408,1.0578509834077623
1710778146.205754,1.0403353638119168
1710778146.205867,1.0228196779886882
1710778146.2059803,1.0039028194215562
1710778146.2060935,0.983584721883138
1710778146.2062068,0.9636169009738498
1710778146.2063198,0.9443496995502048
1710778146.206433,0.9247321552700466
1710778146.2065463,0.9061656395594279
1710778146.2066596,0.8879493342505561
1710778146.2067728,0.868331856197781
1710778146.2068858,0.849064654774136
1710778146.206999,0.8283962143792046
1710778146.2071123,0.8059761921564738
1710778146.2072256,0.783906512790256
1710778146.2073386,0.7593846321105957
1710778146.2074518,0.7359137137730917
1710778146.207565,0.7127930720647176
1710778146.2076783,0.6893221537272135
1710778146.2077913,0.6672524081336128
1710778146.2079046,0.645182728767395
1710778146.2080178,0.622062087059021
1710778146.208131,0.598941445350647
1710778146.2082443,0.5747699075274997
1710778146.2083573,0.5491970976193746
1710778146.2084706,0.5218727058834499
1710778146.2085838,0.49489862389034694
1710778146.208697,0.46757426526811385
1710778146.20881,0.4398995637893677
1710778146.2089233,0.4125751720534431
1710778146.2090366,0.38560112317403156
1710778146.2091498,0.35932766066657174
1710778146.2092628,0.3320032689306471
1710778146.209376,0.3032776382234361
1710778146.2094893,0.2749023338158925
1710778146.2096026,0.24442513783772785
1710778146.2097158,0.2135976321167416
1710778146.2098289,0.18312043613857693
1710778146.209942,0.15334385964605543
1710778146.2100554,0.12286666366789076
1710778146.2101686,0.09449135098192427
1710778146.2102816,0.06576571613550186
1710778146.2103949,0.03774070905314551
1710778146.210508,0.010416325595643785
1710778146.2106214,-0.01795548117823071
1710778146.2107344,-0.04772622552182939
1710778146.2108476,-0.07714673048920101
1710778146.2109609,-0.10761795772446527
1710778146.211074,-0.1387896802690294
1710778146.2111871,-0.16996140281359354
1710778146.2113004,-0.19938190778096515
1710778146.2114136,-0.2295028997792138
1710778146.2115269,-0.25787265764342415
1710778146.2116401,-0.28659267557991874
1710778146.2117531,-0.3156629204750061
1710778146.2118664,-0.34543368551466197
1710778146.2119796,-0.3762551479869419
1710778146.2120929,-0.40672640005747474
1710778146.212206,-0.43859859307607013
1710778146.2123191,-0.46871960163116455
1710778146.2124324,-0.4991908205880059
1710778146.2125456,-0.5275606115659078
1710778146.2126586,-0.5562806129455566
1710778146.212772,-0.582198699315389
1710778146.2128851,-0.6084669960869683
1710778146.2129984,-0.6347352928585476
1710778146.2131116,-0.661003589630127
1710778146.2132246,-0.6879723734325832
1710778146.213338,-0.7145909468332926
1710778146.2134511,-0.7412094540066189
1710778146.2135644,-0.7671275403764513
1710778146.2136774,-0.7919948630862765
1710778146.2137907,-0.8154612117343478
1710778146.213904,-0.8371763759189181
1710778146.2140172,-0.8574904998143513
1710778146.2141302,-0.8792056639989216
1710778146.2142434,-0.8995197878943549
1710778146.2143567,-0.9201841884189181
1710778146.21447,-0.9422495630052354
1710778146.2145832,-0.9636144505606757
1710778146.2146962,-0.98638031217787
1710778146.2148094,-1.0087959633933172
1710778146.2149227,-1.0294603639178805
1710778146.215036,-1.0501247644424438
1710778146.215149,-1.068337427245246
1710778146.2152622,-1.0872506433063083
1710778146.2153754,-1.1051130294799805
1710778146.2154887,-1.1233256922827826
1710778146.2156017,-1.140837934282091
1710778146.215715,-1.1594009399414062
1710778146.2158282,-1.1783140235477023
1710778146.2159414,-1.1961764759487576
1710778146.2160544,-1.212988297144572
1710778146.2161677,-1.2287492222256131
1710778146.216281,-1.2424087524414062
1710778146.2163942,-1.2539667553371854
1710778146.2165074,-1.2658751010894775
1710778146.2166204,-1.2770828935835097
1710778146.2167337,-1.2872399224175346
1710778146.216847,-1.298447847366333
1710778146.2169602,-1.3110566139221191
1710778146.2170732,-1.3226146168178983
1710778146.2171865,-1.3348731729719374
1710778146.2172997,-1.3457307550642226
1710778146.217413,-1.3562379942999945
1710778146.217526,-1.3653443919287787
1710778146.2176392,-1.3734000258975558
1710778146.2177525,-1.380404896206326
1710778146.2178657,-1.386709345711602
1710778146.217979,-1.3926634523603652
1710778146.218092,-1.398967769410875
1710778146.2182052,-1.4052722189161513
1710778146.2183185,-1.4098253515031602
1710778146.2184317,-1.4143786165449355
1710778146.2185447,-1.4175307750701904
1710778146.218658,-1.4178809854719374
1710778146.2187712,-1.4171805646684434
1710778146.2188845,-1.4150790373484294
1710778146.2189975,-1.4101756943596733
1710778146.2191107,-1.4059727721744113
1710778146.219224,-1.40282048119439
1710778146.2193372,-1.399668322669135
1710778146.2194502,-1.397216584947374
1710778146.2195635,-1.3944146368238661
1710778146.2196767,-1.3912624782986112
1710778146.21979,-1.387409766515096
1710778146.2199032,-1.382156080669827
1710778146.2200162,-1.3758517636193168
1710778146.2201295,-1.3681463400522869
1710778146.2202427,-1.3590399424235027
1710778146.220356,-1.3495834668477376
1710778146.220469,-1.3397766484154594
1710778146.2205822,-1.3299696975284152
1710778146.2206955,-1.320162879096137
1710778146.2208087,-1.3096556398603652
1710778146.2209218,-1.2980975045098198
1710778146.221035,-1.2847883171505399
1710778146.2211483,-1.2704282336764865
1710778146.2212615,-1.2532663345336914
1710778146.2213748,-1.235754092534383
1710778146.2214878,-1.218241850535075
1710778146.221601,-1.1996789773305256
1710778146.2217143,-1.1818165249294705
1710778146.2218275,-1.1643042829301622
1710778146.2219405,-1.147492594189114
1710778146.2220538,-1.1306809054480658
1710778146.222167,-1.1131686634487576
1710778146.2222803,-1.0949560006459553
1710778146.2223933,-1.076042784584893
1710778146.2225065,-1.0546778970294528
1710778146.2226198,-1.0336632861031425
1710778146.222733,-1.0115979115168254
1710778146.2228463,-0.988832049899631
1710778146.2229593,-0.9667666753133137
1710778146.2230725,-0.9454017877578735
1710778146.2231858,-0.9236866235733032
1710778146.223299,-0.9030222230487399
1710778146.223412,-0.8806066380606757
1710778146.2235253,-0.8574904998143513
1710778146.2236385,-0.832973387506273
1710778146.2237518,-0.8077558543947008
1710778146.2238648,-0.7825382550557454
1710778146.223978,-0.7566202349132961
1710778146.2240913,-0.7307021485434638
1710778146.2242045,-0.7058348258336385
1710778146.2243176,-0.6809675031238132
1710778146.2244308,-0.6568006674448649
1710778146.224544,-0.6315830681059096
1710778146.2246573,-0.6060152583652072
1710778146.2247705,-0.5786961979336208
1710778146.2248836,-0.550326473183102
1710778146.2249968,-0.5205557081434462
1710778146.22511,-0.4886835151248508
1710778146.2252233,-0.4578620195388794
1710778146.2253363,-0.4270405570665995
1710778146.2254496,-0.3958688179651896
1710778146.2255628,-0.3657478425237867
1710778146.225676,-0.33597707748413086
1710778146.225789,-0.305856102042728
1710778146.2259023,-0.2743341359827253
1710778146.2260156,-0.2428121699227227
1710778146.2261288,-0.20988922980096605
1710778146.226242,-0.17661604616377088
1710778146.226355,-0.1436931060420142
1710778146.2264683,-0.11041991412639618
1710778146.2265816,-0.07854770455095503
1710778146.2266948,-0.04667549497551388
1710778146.2268078,-0.016204260496629607
1710778146.226921,0.014620076657997238
1710778146.2270343,0.04439664797650443
1710778146.2271476,0.0759247773223453
1710778146.2272606,0.1078032288286421
1710778146.2273738,0.14038229982058206
1710778146.227487,0.1736619902981652
1710778146.2276003,0.20659137103292677
1710778146.2277136,0.23846982253922355
1710778146.2278266,0.27034827404552036
1710778146.2279398,0.30047516028086346
1710778146.228053,0.32990141047371757
1710778146.2281663,0.35862704118092853
1710778146.2282794,0.38595143291685313
1710778146.2283926,0.4150273733668857
1710778146.2285058,0.4427020748456319
1710778146.228619,0.47142770555284286
1710778146.228732,0.4991023739178975
1710778146.2288454,0.5278280046251085
1710778146.2289586,0.5548020866182115
1710778146.2290719,0.5810755491256714
1710778146.2291849,0.606298049290975
1710778146.229298,0.6304695871141222
1710778146.2294114,0.6553418106502956
1710778146.2295246,0.679863691329956
1710778146.2296379,0.7050861914952596
1710778146.2297509,0.7313596540027194
1710778146.2298641,0.7586840126249526
1710778146.2299774,0.7853077517615424
1710778146.2300906,0.8126321766111586
1710778146.2302036,0.8378546767764621
1710778146.2303169,0.8627268340852525
1710778146.2304301,0.8858474757936265
1710778146.2305434,0.9072165356742011
1710778146.2306564,0.9278849760691324
1710778146.2307696,0.9485534164640639
1710778146.230883,0.9688715802298652
1710778146.2309961,0.9891896777682834
1710778146.2311094,1.0088072220484416
1710778146.2312224,1.0287750429577298
1710778146.2313356,1.0476919015248616
1710778146.231449,1.0655578639772203
1710778146.2315621,1.0823728640874226
1710778146.2316751,1.0981369018554688
1710778146.2317884,1.1124997668796115
1710778146.2319016,1.1265122890472412
1710778146.232015,1.1419260501861572
1710778146.232128,1.157339678870307
1710778146.2322412,1.1734541257222493
1710778146.2323544,1.1895684401194255
1710778146.2324677,1.2063834402296278
1710778146.232581,1.2217972013685439
1710778146.232694,1.2361600663926866
1710778146.2328072,1.249121692445543
1710778146.2329204,1.2613826327853732
1710778146.2330337,1.2711913055843778
1710778146.2331467,1.2813504536946614
1710778146.23326,1.2897578875223796
1710778146.2333732,1.299216349919637
1710778146.2334864,1.3079741266038682
1710778146.2335994,1.3160313500298393
1710778146.2337127,1.3237382305992973
1710778146.233826,1.330043872197469
1710778146.2339392,1.3359991709391277
1710778146.2340522,1.3388016488817003
1710778146.2341654,1.3405532307094998
1710778146.2342787,1.3416041268242729
1710778146.234392,1.3416041268242729
1710778146.2345052,1.3416041268242729
1710778146.2346182,1.3423048125372992
1710778146.2347314,1.3426551553938124
1710778146.2348447,1.3433557086520724
1710778146.234958,1.3430053657955594
1710778146.235071,1.3423048125372992
1710778146.2351842,1.3405532307094998
1710778146.2352974,1.3366997241973877
1710778146.2354107,1.3314451111687553
1710778146.2355237,1.3251394695705838
1710778146.235637,1.3177829318576388
1710778146.2357502,1.3107766045464408
1710778146.2358634,1.303420066833496
1710778146.2359767,1.2967642148335774
1710778146.2360897,1.288356648551093
1710778146.236203,1.280299425125122
1710778146.2363162,1.2711913055843778
1710778146.2364295,1.2610322899288602
1710778146.2365425,1.2484210067325168
1710778146.2366557,1.2351091702779133
1710778146.236769,1.2210966481102836
1710778146.2368822,1.2063834402296278
1710778146.2369952,1.1927212609185112
1710778146.2371085,1.1780081854926214
1710778146.2372217,1.1660975880093045
1710778146.237335,1.1524354086981878
1710778146.237448,1.1398241255018446
1710778146.2375612,1.125811603334215
1710778146.2376745,1.1114487383100722
1710778146.2377877,1.095684700542026
1710778146.237901,1.0781690809461806
1710778146.238014,1.0592522223790486
1710778146.2381272,1.04103598329756
1710778146.2382405,1.0228196779886882
1710778146.2383537,1.0060046778784857
1710778146.2384667,0.987438162167867
1710778146.23858,0.9692218568589952
1710778146.2386932,0.9506553411483765
1710778146.2388065,0.9310377968682183
1710778146.2389195,0.9096687369876437
1710778146.2390327,0.8868984381357828
1710778146.239146,0.8630771769417657
1710778146.2392592,0.8385552962621052
1710778146.2393725,0.8143836922115749
1710778146.2394855,0.7895115349027846
1710778146.2395988,0.7653399308522542
1710778146.239712,0.7425696320003933
1710778146.2398252,0.7194489902920193
1710778146.2399383,0.6963283485836452
1710778146.2400515,0.672156810760498
1710778146.2401648,0.6469343105951945
1710778146.240278,0.6210111909442477
1710778146.240391,0.5933364894655015
1710778146.2405043,0.5667126841015285
1710778146.2406175,0.5404392878214518
1710778146.2407308,0.5138155155711703
1710778146.240844,0.4885930154058668
1710778146.240957,0.4630202054977417
1710778146.2410703,0.43744736247592503
1710778146.2411835,0.41292548179626465
1710778146.2412968,0.3852507803175184
1710778146.2414098,0.3568754924668206
1710778146.241523,0.3274492091602749
1710778146.2416363,0.2976726492245992
1710778146.2417495,0.266144507461124
1710778146.2418625,0.23531700174013773
1710778146.2419758,0.20448949601915148
1710778146.242089,0.17506324582629734
1710778146.2422023,0.14493635959095424
1710778146.2423153,0.11515979137685564
1710778146.2424285,0.08503290514151256
1710778146.2425418,0.05350477579567167
1710778146.242655,0.021276016616159014
1710778146.2427683,-0.010600355971190665
1710778146.2428813,-0.043523299197355904
1710778146.2429945,-0.07574574814902411
1710778146.2431078,-0.10726771420902675
1710778146.243221,-0.1370384626918369
1710778146.243334,-0.16610872414377
1710778146.2434473,-0.19342775146166483
1710778146.2435606,-0.22249801291359794
1710778146.2436738,-0.25016730030377704
1710778146.2437868,-0.2785370747248332
1710778146.2439,-0.3076073196199205
1710778146.2440133,-0.3373780846595764
1710778146.2441266,-0.36714881658554077
1710778146.2442398,-0.3976200355423821
1710778146.2443528,-0.4256395830048455
1710778146.244466,-0.4536590973536173
1710778146.2445793,-0.4806278811560737
1710778146.2446926,-0.5072464545567831
1710778146.2448056,-0.5335147513283623
1710778146.2449188,-0.5601333247290717
1710778146.245032,-0.587102108531528
1710778146.2451453,-0.6144211027357314
1710778146.2452583,-0.6417401631673177
1710778146.2453716,-0.668358736568027
1710778146.2454848,-0.6946270333396064
1710778146.245598,-0.7184435923894247
1710778146.2457113,-0.741909941037496
1710778146.2458243,-0.7629246181911892
1710778146.2459376,-0.7842895057466295
1710778146.2460508,-0.8049539062711928
1710778146.246164,-0.825268030166626
1710778146.246277,-0.8469831943511963
1710778146.2463903,-0.8690485689375136
1710778146.2465036,-0.8914641539255778
1710778146.2466168,-0.9145802921719021
1710778146.2467299,-0.9362953901290894
1710778146.246843,-0.9590612517462836
1710778146.2469563,-0.9793754418690999
1710778146.2470696,-0.9996895657645332
1710778146.2471826,-1.0193032688564725
1710778146.2472959,-1.0382164186901517
1710778146.247409,-1.058180332183838
1710778146.2475224,-1.077794035275777
1710778146.2476356,-1.0977579487694633
1710778146.2477486,-1.1173715856340196
1710778146.2478619,-1.136284801695082
1710778146.247975,-1.15379704369439
1710778146.2480884,-1.1692077583736844
1710778146.2482014,-1.1832174989912245
1710778146.2483146,-1.1961764759487576
1710778146.2484279,-1.2073842684427898
1710778146.248541,-1.219642824596829
1710778146.2486541,-1.231551170349121
1710778146.2487674,-1.2434595161014133
1710778146.2488806,-1.2560682826571994
1710778146.2489939,-1.2686770492129855
1710778146.2491071,-1.2812858157687717
1710778146.2492201,-1.2931941615210638
1710778146.2493334,-1.304401954015096
1710778146.2494466,-1.313508219189114
1710778146.2495599,-1.3226146168178983
1710778146.249673,-1.3299696975284152
1710778146.2497861,-1.3376751210954454
1710778146.2498994,-1.3453805446624756
1710778146.2500126,-1.3534360461764865
1710778146.2501256,-1.3614916801452637
1710778146.250239,-1.3684965504540336
1710778146.2503521,-1.3744507895575628
1710778146.2504654,-1.3793541325463188
1710778146.2505786,-1.38250642352634
1710778146.2506917,-1.383557054731581
1710778146.250805,-1.383206844329834
1710778146.2509181,-1.38250642352634
1710778146.2510314,-1.382156080669827
1710778146.2511444,-1.380404896206326
1710778146.2512577,-1.379003922144572
1710778146.251371,-1.3783033688863118
1710778146.2514842,-1.3776029480828178
1710778146.2515972,-1.3741004467010498
1710778146.2517104,-1.3709482881757948
1710778146.2518237,-1.3656946023305256
1710778146.251937,-1.3583395216200087
1710778146.25205,-1.3502838876512315
1710778146.2521632,-1.3408272796207004
1710778146.2522764,-1.3317210144466824
1710778146.2523897,-1.3226146168178983
1710778146.252503,-1.313508219189114
1710778146.252616,-1.304752164416843
1710778146.2527292,-1.2970467408498128
1710778146.2528424,-1.2865395016140408
1710778146.2529557,-1.2767326831817627
1710778146.2530687,-1.2648243374294705
1710778146.253182,-1.2511648072136772
1710778146.2532952,-1.2382058302561443
1710778146.2534084,-1.224896510442098
1710778146.2535214,-1.2105365594228108
1710778146.2536347,-1.1972272396087646
1710778146.253748,-1.1846184730529785
1710778146.2538612,-1.1713091532389324
1710778146.2539744,-1.1583501762813992
1710778146.2540874,-1.1439900928073459
1710778146.2542007,-1.1296301417880588
1710778146.254314,-1.1124682426452637
1710778146.2544272,-1.0949560006459553
1710778146.2545402,-1.076042784584893
1710778146.2546535,-1.0574798451529608
1710778146.2547667,-1.0385666953192816
1710778146.25488,-1.0203539662890964
1710778146.254993,-1.0024915801154242
1710778146.2551062,-0.9846291277143691
1710778146.2552195,-0.9674671623441908
1710778146.2553327,-0.9482037358813815
1710778146.2554457,-0.9289403094185723
1710778146.255559,-0.907575421863132
1710778146.2556722,-0.8858602576785617
1710778146.2557855,-0.8623939090304904
1710778146.2558987,-0.8396280474132961
1710778146.2560117,-0.8154612117343478
1710778146.256125,-0.7919948630862765
1710778146.2562382,-0.7692290014690822
1710778146.2563515,-0.7454123761918809
1710778146.2564645,-0.7208953301111857
1710778146.2565777,-0.6956777307722304
1710778146.256691,-0.669059223598904
1710778146.2568042,-0.6410396761364406
1710778146.2569172,-0.6116191546122233
1710778146.2570305,-0.5814982122845119
1710778146.2571437,-0.5527781777911716
1710778146.257257,-0.5240581432978312
1710778146.2573702,-0.49568838543362087
1710778146.2574832,-0.46906984514660305
1710778146.2575965,-0.4428015483750237
1710778146.2577097,-0.41583273145887584
1710778146.257823,-0.389214191171858
1710778146.257936,-0.3615449203385247
1710778146.2580492,-0.33212439881430733
1710778146.2581625,-0.3027039104037815
1710778146.2582757,-0.27293316192097133
1710778146.2583888,-0.2424619264072842
1710778146.258502,-0.21339166495535108
1710778146.2586153,-0.18362091647254095
1710778146.2587285,-0.1549009150928921
1710778146.2588418,-0.1254804101255205
1710778146.2589548,-0.09500917461183336
1710778146.259068,-0.06348720855183071
1710778146.2591813,-0.03126475546095106
1710778146.2592945,0.0020088237296375963
1710778146.2594075,0.03528852015733719
1710778146.2595208,0.06891852865616481
1710778146.259634,0.10114728576607174
1710778146.2597473,0.13267541925112405
1710778146.2598603,0.16350292497211033
1710778146.2599735,0.1922285556793213
1710778146.2600868,0.22095418638653225
1710778146.2602,0.24897919760810003
1710778146.260313,0.27665389908684623
1710778146.2604263,0.3053795297940572
1710778146.2605395,0.33410516050126815
1710778146.2606528,0.3628307912084791
1710778146.260766,0.3908558024300469
1710778146.260879,0.4178298513094584
1710778146.2609923,0.44410331381691825
1710778146.2611055,0.47072705295350814
1710778146.2612188,0.49489862389034694
1710778146.2613318,0.5197708143128289
1710778146.261445,0.5449933475918239
1710778146.2615583,0.5705661243862575
1710778146.2616715,0.5971899297502306
1710778146.2617846,0.6231130494011773
1710778146.2618978,0.6504374080234103
1710778146.262011,0.6767108705308702
1710778146.2621243,0.7026339901818169
1710778146.2622375,0.7271558708614773
1710778146.2623506,0.7509771320554945
1710778146.2624638,0.7737474309073554
1710778146.262577,0.7958171765009562
1710778146.2626903,0.8192880948384602
1710778146.2628033,0.8434596326616075
1710778146.2629166,0.8669306172264947
1710778146.2630298,0.8907518784205118
1710778146.263143,0.9156240357293023
1710778146.263256,0.9380440579520332
1710778146.2633693,0.9611646996604072
1710778146.2634826,0.9825337595409817
1710778146.2635958,1.0021512375937567
1710778146.263709,1.0221190585030449
1710778146.263822,1.0413862599266899
1710778146.2639353,1.060303184721205
1710778146.2640486,1.0795703199174669
1710778146.2641618,1.099538140826755
1710778146.2642748,1.1195059617360432
1710778146.264388,1.1384228865305583
1710778146.2645013,1.15698946846856
1710778146.2646146,1.1741546789805095
1710778146.2647276,1.1888678868611653
1710778146.2648408,1.202880409028795
1710778146.264954,1.2147910065121121
1710778146.2650673,1.226701603995429
1710778146.2651803,1.2389625443352592
1710778146.2652936,1.2505229314168294
1710778146.2654068,1.2624335289001465
1710778146.26552,1.2739937835269504
1710778146.2656333,1.283802588780721
1710778146.2657464,1.2943119472927518
1710778146.2658596,1.3030697239769828
1710778146.2659729,1.3093753655751545
1710778146.266086,1.3156810071733263
1710778146.266199,1.3191841708289251
1710778146.2663124,1.3240885734558105
1710778146.2664256,1.3275916046566434
1710778146.2665389,1.3328463501400418
1710778146.2666519,1.3370500670539007
1710778146.266765,1.3416041268242729
1710778146.2668784,1.345457633336385
1710778146.2669916,1.3489606645372179
1710778146.2671049,1.3500116931067572
1710778146.2672179,1.3500116931067572
1710778146.2673311,1.3489606645372179
1710778146.2674444,1.3458079761928983
1710778146.2675576,1.3437060515085857
1710778146.2676706,1.3405532307094998
1710778146.2677839,1.3381010956234403
1710778146.2678971,1.3356488280826144
1710778146.2680104,1.3321456644270155
1710778146.2681234,1.3293431864844427
1710778146.2682366,1.3240885734558105
1710778146.26835,1.3177829318576388
1710778146.2684631,1.3097257084316678
1710778146.2685764,1.2999169031778972
1710778146.2686894,1.2897578875223796
1710778146.2688026,1.2792485290103488
1710778146.268916,1.268038484785292
1710778146.2690291,1.2578794691297743
1710778146.2691422,1.2480706638760037
1710778146.2692554,1.236860752105713
1710778146.2693686,1.225650707880656
1710778146.269482,1.2137401103973389
1710778146.269595,1.2000779310862224
1710778146.2697082,1.1853647232055664
1710778146.2698214,1.1699509620666504
1710778146.2699347,1.153135961956448
1710778146.2700477,1.1370216475592718
1710778146.270161,1.122308439678616
1710778146.2702742,1.1061941252814398
1710778146.2703874,1.0921816031138103
1710778146.2705007,1.0767678419748943
1710778146.2706137,1.0617044236924913
1710778146.270727,1.0452397002114189
1710778146.2708402,1.0273737377590604
1710778146.2709534,1.0088072220484416
1710778146.2710664,0.9884890582826402
1710778146.2711797,0.9667697217729356
1710778146.271293,0.9457509385214912
1710778146.2714062,0.9233309162987603
1710778146.2715192,0.903012818760342
1710778146.2716324,0.8819940355088975
1710778146.2717457,0.860624975628323
1710778146.271859,0.8378546767764621
1710778146.2719722,0.8154346545537312
1710778146.2720852,0.7902121543884277
1710778146.2721984,0.764289034737481
1710778146.2723117,0.737314952744378
1710778146.272425,0.7099905941221449
1710778146.272538,0.6833667887581719
1710778146.2726512,0.6570933924780952
1710778146.2727644,0.6315205494562784
1710778146.2728777,0.6048968103196886
1710778146.2729907,0.5800245867835151
1710778146.273104,0.552700228161282
1710778146.2732172,0.5253758364253573
1710778146.2733305,0.49559927648968166
1710778146.2734435,0.4658226834403144
1710778146.2735567,0.4332436124483744
1710778146.27367,0.40101485119925606
1710778146.2737832,0.3684357802073161
1710778146.2738965,0.3365573618147108
1710778146.2740095,0.30572983953687877
1710778146.2741227,0.273851388030582
1710778146.274236,0.24267357256677416
1710778146.2743492,0.21079512106047735
1710778146.2744622,0.17821605006853738
1710778146.2745755,0.14598730537626478
1710778146.2746887,0.1120069788561927
1710778146.274802,0.07907758984300825
1710778146.274915,0.046848836872312755
1710778146.2750282,0.016021327012115054
1710778146.2751415,-0.013402308233910136
1710778146.2752547,-0.04212232099639045
1710778146.275368,-0.07049208713902368
1710778146.275481,-0.09816137452920277
1710778146.2755942,-0.12828235824902853
1710778146.2757075,-0.15805310673183864
1710778146.2758207,-0.18852434224552578
1710778146.2759337,-0.22004630830552843
1710778146.276047,-0.2526190049118466
1710778146.2761602,-0.2844912144872877
1710778146.2762735,-0.3160131639904446
1710778146.2763865,-0.3471849030918545
1710778146.2764997,-0.37660539150238037
1710778146.276613,-0.40567566951115924
1710778146.2767262,-0.4350961579216851
1710778146.2768395,-0.464866922961341
1710778146.2769525,-0.4942874113718668
1710778146.2770658,-0.5244083868132697
1710778146.277179,-0.5541791518529257
1710778146.2772923,-0.582899186346266
1710778146.2774053,-0.6109186675813463
1710778146.2775185,-0.6368367539511787
1710778146.2776318,-0.6613538000318739
1710778146.277745,-0.6858709123399522
1710778146.277858,-0.7089870505862765
1710778146.2779713,-0.7321031226052178
1710778146.2780845,-0.7552192608515421
1710778146.2781978,-0.7804367939631144
1710778146.2783108,-0.8046036296420627
1710778146.278424,-0.830171439382765
1710778146.2785373,-0.8557393153508503
1710778146.2786505,-0.8799061510297987
1710778146.2787638,-0.90337249967787
1710778146.2788768,-0.9261383612950642
1710778146.27899,-0.9478534592522515
1710778146.2791033,-0.9688681364059448
1710778146.2792165,-0.9909335109922621
1710778146.2793295,-1.0122983985477023
1710778146.2794428,-1.0340134965048895
1710778146.279556,-1.056779358122084
1710778146.2796693,-1.079195009337531
1710778146.2797823,-1.1012603839238484
1710778146.2798955,-1.1215745078192816
1710778146.2800088,-1.140487723880344
1710778146.280122,-1.1587003866831462
1710778146.2802353,-1.1762126286824544
1710778146.2803483,-1.1930243174235027
1710778146.2804615,-1.2098360061645508
1710778146.2805748,-1.2269980377621121
1710778146.280688,-1.2438097265031602
1710778146.280801,-1.2606214152442083
1710778146.2809143,-1.2763824727800157
1710778146.2810276,-1.2917931874593098
1710778146.2811408,-1.306503348880344
1710778146.2812538,-1.318411694632636
1710778146.281367,-1.3292692767249212
1710778146.2814803,-1.3373249106936984
1710778146.2815936,-1.3450302018059623
1710778146.2817068,-1.3527356253729925
1710778146.2818198,-1.3600907060835097
1710778146.281933,-1.3674459192487929
1710778146.2820463,-1.3744507895575628
1710778146.2821596,-1.381455659866333
1710778146.2822726,-1.387059556113349
1710778146.2823858,-1.3912624782986112
1710778146.282499,-1.3951151900821261
1710778146.2826123,-1.3965161641438801
1710778146.2827253,-1.397566795349121
1710778146.2828386,-1.397566795349121
1710778146.2829518,-1.398267348607381
1710778146.283065,-1.398617559009128
1710778146.283178,-1.398967769410875
1710778146.2832913,-1.399668322669135
1710778146.2834046,-1.399668322669135
1710778146.2835178,-1.398967769410875
1710778146.283631,-1.396165821287367
1710778146.283744,-1.3916126887003581
1710778146.2838573,-1.386359002855089
1710778146.2839706,-1.379003922144572
1710778146.2840838,-1.3723492622375488
1710778146.2841969,-1.364643971125285
1710778146.28431,-1.3586897320217557
1710778146.2844234,-1.3513346513112385
1710778146.2845366,-1.3460809654659696
1710778146.2846496,-1.3401268588172064
1710778146.2847629,-1.3324214352501762
1710778146.284876,-1.3247161441379123
1710778146.2849894,-1.315959956910875
1710778146.2851026,-1.30510237481859
1710778146.2852156,-1.2945951355828178
1710778146.2853289,-1.2833873430887859
1710778146.285442,-1.2721794181399875
1710778146.2855554,-1.2609716256459553
1710778146.2856684,-1.2501140435536702
1710778146.2857816,-1.238556040657891
1710778146.2858949,-1.225947274102105
1710778146.2860081,-1.2122877438863118
1710778146.2861211,-1.1965268188052707
1710778146.2862344,-1.1797149976094563
1710778146.2863476,-1.1608019140031602
1710778146.2864609,-1.141188144683838
1710778146.2865741,-1.1208740870157878
1710778146.2866871,-1.1016105943255954
1710778146.2868004,-1.082347167862786
1710778146.2869136,-1.0634340180291069
1710778146.287027,-1.0455715656280518
1710778146.28714,-1.0263081391652424
1710778146.2872531,-1.0073949893315632
1710778146.2873664,-0.987431075837877
1710778146.2874796,-0.9660661882824367
1710778146.2875926,-0.9443510240978664
1710778146.287706,-0.9222856495115492
1710778146.2878191,-0.9002202749252319
1710778146.2879324,-0.8785051769680446
1710778146.2880454,-0.8571402894126045
1710778146.2881587,-0.8357754018571641
1710778146.288272,-0.8137100272708468
1710778146.2883852,-0.7912943760553995
1710778146.2884984,-0.7671275403764513
1710778146.2886114,-0.741559730635749
1710778146.2887247,-0.7145909468332926
1710778146.288838,-0.6862211889690822
1710778146.2889512,-0.6568006674448649
1710778146.2890642,-0.6284309095806545
1710778146.2891774,-0.5993605984581841
1710778146.2892907,-0.5716913276248508
1710778146.289404,-0.5436718132760789
1710778146.289517,-0.5160025424427456
1710778146.2896302,-0.48763278457853526
1710778146.2897434,-0.4582122630543179
1710778146.2898567,-0.42844153112835354
1710778146.28997,-0.3979702790578206
1710778146.290083,-0.36714881658554077
1710778146.2901962,-0.33597707748413086
1710778146.2903094,-0.3055058585272895
1710778146.2904227,-0.27608535355991787
1710778146.2905357,-0.24701509210798475
1710778146.290649,-0.21864533424377441
1710778146.2907622,-0.1913262903690338
1710778146.2908754,-0.1629565159479777
1710778146.2909884,-0.13318577574359045
1710778146.2911017,-0.10376527905464172
1710778146.291215,-0.0739945305718316
1710778146.2913282,-0.04212232099639045
1710778146.2914412,-0.011651087552309036
1710778146.2915545,0.017772890213463042
1710778146.2916677,0.047899774379200406
1710778146.291781,0.07557446757952373
1710778146.2918942,0.10359947052266863
1710778146.2920072,0.13092385398017034
1710778146.2921205,0.15894886520173815
1710778146.2922337,0.18697387642330593
1710778146.292347,0.2156995071305169
1710778146.29246,0.24442513783772785
1710778146.2925732,0.2731507685449388
1710778146.2926865,0.3011757797665066
1710778146.2927997,0.3285001715024312
1710778146.2929127,0.3537226716677348
1710778146.293026,0.37859486209021675
1710778146.2931392,0.40416767199834186
1710778146.2932525,0.42763862344953746
1710778146.2933657,0.4542623625861274
1710778146.2934787,0.47913455300860935
1710778146.293592,0.5068092544873556
1710778146.2937052,0.5330827169948154
1710778146.2938185,0.5618083477020264
1710778146.2939315,0.5887824296951294
1710778146.2940447,0.6157565116882324
1710778146.294158,0.641329288482666
1710778146.2942712,0.6662015120188395
1710778146.2943842,0.6907233926984999
1710778146.2944975,0.7152452733781602
1710778146.2946107,0.7397671540578207
1710778146.294724,0.764289034737481
1710778146.2948372,0.7891611920462714
1710778146.2949502,0.8143836922115749
1710778146.2950635,0.8378546767764621
1710778146.2951767,0.860624975628323
1710778146.29529,0.8830449978510538
1710778146.295403,0.9023121992746989
1710778146.2955163,0.9219296773274739
1710778146.2956295,0.9401459164089626
1710778146.2957428,0.9580118788613213
1710778146.2958558,0.9755274984571669
1710778146.295969,0.9947946998808119
1710778146.2960823,1.0133612818188138
1710778146.2961955,1.0326284832424588
1710778146.2963085,1.0511949989530776
1710778146.2964218,1.0690609614054363
1710778146.296535,1.0858759615156386
1710778146.2966483,1.1016400655110676
1710778146.2967615,1.1160027980804443
1710778146.2968745,1.1307160059611003
1710778146.2969878,1.1440278424157035
1710778146.297101,1.1583907074398465
1710778146.2972143,1.1731037828657362
1710778146.2973273,1.1867659621768527
1710778146.2974405,1.2021797233157687
1710778146.2975538,1.2151413493686252
1710778146.297667,1.2274022897084553
1710778146.29778,1.2386122014787462
1710778146.2978933,1.2463190820482042
1710778146.2980065,1.2540259626176622
1710778146.2981198,1.260681947072347
1710778146.298233,1.2669875886705186
1710778146.298346,1.272592544555664
1710778146.2984593,1.2785478432973225
1710778146.2985725,1.2848534848954942
1710778146.2986858,1.2904585732354057
1710778146.2987988,1.295012633005778
1710778146.298912,1.298866007063124
1710778146.2990253,1.3013182746039496
1710778146.2991385,1.3013182746039496
1710778146.2992516,1.3013182746039496
1710778146.2993648,1.3002672460344102
1710778146.299478,1.298866007063124
1710778146.2995913,1.2978151109483507
1710778146.2997046,1.2981654538048637
1710778146.2998176,1.2978151109483507
1710778146.2999308,1.2971144252353244
1710778146.300044,1.2960635291205511
1710778146.3001573,1.2929107083214653
1710778146.3002703,1.2894075446658664
1710778146.3003836,1.2841529316372342
1710778146.3004968,1.2778472900390625
1710778146.30061,1.2704907523261175
1710778146.300723,1.2638347678714328
1710778146.3008363,1.256828573015001
1710778146.3009496,1.249822245703803
1710778146.3010628,1.2442172898186576
1710778146.3011758,1.2372109625074599
1710778146.301289,1.2288035286797416
1710778146.3014023,1.2203959623972576
1710778146.3015156,1.2098866038852267
1710778146.3016288,1.1986766921149359
1710778146.3017418,1.187116305033366
1710778146.301855,1.1745050218370225
1710778146.3019683,1.1615435282389324
1710778146.3020816,1.1499831411573622
1710778146.3021946,1.1384228865305583
1710778146.3023078,1.1265122890472412
1710778146.302421,1.1156525876786973
1710778146.3025343,1.102690961625841
1710778146.3026474,1.0886785056855943
1710778146.3027606,1.0725641250610352
1710778146.3028738,1.0557490587234497
1710778146.302987,1.0382334391276042
1710778146.3031003,1.018615961074829
1710778146.3032134,1.0000493791368272
1710778146.3033266,0.9811325205696954
1710778146.3034399,0.9625659386316935
1710778146.303553,0.9425981177224053
1710778146.303666,0.9233309162987603
1710778146.3037794,0.9033630953894721
1710778146.3038926,0.8816437588797675
1710778146.3040059,0.8595740132861667
1710778146.3041189,0.8354024754630195
1710778146.3042321,0.810880594783359
1710778146.3043454,0.7863587141036987
1710778146.3044586,0.7628877957661946
1710778146.3045719,0.7390665345721774
1710778146.3046849,0.7166465123494467
1710778146.3047981,0.6949271096123589
1710778146.3049114,0.6714561912748549
1710778146.3050246,0.6479852067099677
1710778146.3051376,0.6231130494011773
1710778146.305251,0.5971899297502306
1710778146.3053641,0.5695152282714844
1710778146.3054774,0.5411399073070949
1710778146.3055904,0.5131148960855272
1710778146.3057036,0.4847395751211378
1710778146.305817,0.4570648736423916
1710778146.3059301,0.42868955267800224
1710778146.3060431,0.40066454145643443
1710778146.3061564,0.3722892204920451
1710778146.3062696,0.3432132800420125
1710778146.306383,0.3130864103635152
1710778146.3064961,0.28155826860004
1710778146.3066092,0.2496798170937432
1710778146.3067224,0.21815169188711378
1710778146.3068357,0.18662355012363857
1710778146.306949,0.15579604440265232
1710778146.307062,0.12672010395261976
1710778146.3071752,0.09764416350258721
1710778146.3072884,0.06891852865616481
1710778146.3074017,0.040893521573808454
1710778146.3075147,0.011817575949761603
1710778146.307628,-0.01795548117823071
1710778146.3077412,-0.04772622552182939
1710778146.3078544,-0.07854770455095503
1710778146.3079677,-0.10901894006464216
1710778146.3080807,-0.1387896802690294
1710778146.308194,-0.1671594546900855
1710778146.3083072,-0.19482874208026463
1710778146.3084204,-0.22109703885184392
1710778146.3085334,-0.24841608272658453
1710778146.3086467,-0.27608535355991787
1710778146.30876,-0.30375464095009697
1710778146.3088732,-0.33212439881430733
1710778146.3089862,-0.3615449203385247
1710778146.3090994,-0.39131565226448906
1710778146.3092127,-0.4207361406750149
1710778146.309326,-0.4501566621992323
1710778146.309439,-0.47887666357888115
1710778146.3095522,-0.5058454473813375
1710778146.3096654,-0.5335147513283623
1710778146.3097787,-0.5611840221616957
1710778146.309892,-0.588152805964152
1710778146.310005,-0.6158220767974854
1710778146.3101182,-0.6445421112908257
1710778146.3102314,-0.6732621457841661
1710778146.3103447,-0.7016319036483765
1710778146.3104577,-0.7296514511108398
1710778146.310571,-0.7569704453150431
1710778146.3106842,-0.7825382550557454
1710778146.3107975,-0.8070553673638238
1710778146.3109105,-0.8312222030427721
1710778146.3110237,-0.8546885516908433
1710778146.311137,-0.8785051769680446
1710778146.3112502,-0.9026720126469929
1710778146.3113635,-0.9271890587276882
1710778146.3114765,-0.9527568684683906
1710778146.3115897,-0.9783246782090929
1710778146.311703,-1.0038925541771782
1710778146.3118162,-1.0270086261961195
1710778146.3119292,-1.0497744878133137
1710778146.3120425,-1.071839862399631
1710778146.3121557,-1.0925042629241943
1710778146.312269,-1.1131686634487576
1710778146.312382,-1.1327823003133137
1710778146.3124952,-1.152396069632636
1710778146.3126085,-1.1727101273006864
1710778146.3127217,-1.1919735537634955
1710778146.312835,-1.2105365594228108
1710778146.312948,-1.2273482481638591
1710778146.3130612,-1.2427589628431532
1710778146.3131745,-1.2560682826571994
1710778146.3132877,-1.2683268388112385
1710778146.3134007,-1.2784838676452637
1710778146.313514,-1.2886408964792888
1710778146.3136272,-1.299498478571574
1710778146.3137405,-1.3103560606638591
1710778146.3138535,-1.3219141960144043
1710778146.3139668,-1.3331219885084364
1710778146.31408,-1.3450302018059623
1710778146.3141932,-1.3558877838982475
1710778146.3143063,-1.3653443919287787
1710778146.3144195,-1.3744507895575628
1710778146.3145328,-1.382856633928087
1710778146.314646,-1.38881074057685
1710778146.3147593,-1.3947648472256131
1710778146.3148723,-1.401069296730889
1710778146.3149855,-1.4066731929779053
1710778146.3150988,-1.4126272996266682
1710778146.315212,-1.4178809854719374
1710778146.315325,-1.4217336972554524
1710778146.3154383,-1.4238352245754666
1710778146.3155515,-1.4245356453789604
1710778146.3156648,-1.4234848817189534
1710778146.3157778,-1.4192819595336914
1710778146.315891,-1.4150790373484294
1710778146.3160043,-1.4094751411014133
1710778146.3161175,-1.4049220085144043
1710778146.3162308,-1.401069296730889
1710778146.3163438,-1.3968663745456271
1710778146.316457,-1.3933638731638591
1710778146.3165703,-1.38881074057685
1710778146.3166835,-1.383557054731581
1710778146.3167965,-1.3776029480828178
1710778146.3169098,-1.3705980777740479
1710778146.317023,-1.3621922334035237
1710778146.3171363,-1.3537863890329997
1710778146.3172493,-1.3453805446624756
1710778146.3173625,-1.3366243574354384
1710778146.3174758,-1.3278683026631672
1710778146.317589,-1.3205132219526503
1710778146.3177023,-1.31210724512736
1710778146.3178153,-1.303000979953342
1710778146.3179286,-1.2928438186645508
1710778146.3180418,-1.2812858157687717
1710778146.318155,-1.2679764959547255
1710778146.318268,-1.2532663345336914
1710778146.3183813,-1.2382058302561443
1710778146.3184946,-1.222444772720337
1710778146.3186078,-1.2066838476392958
1710778146.3187208,-1.1912731329600017
1710778146.318834,-1.1755120754241943
1710778146.3189473,-1.1604515711466472
1710778146.3190606,-1.1436398824055989
1710778146.3191736,-1.1254272196027968
1710778146.3192868,-1.1058135165108574
1710778146.3194,-1.0851491159862943
1710778146.3195133,-1.06273353099823
1710778146.3196266,-1.0396173927519057
1710778146.3197396,-1.0165013207329643
1710778146.3198528,-0.9937354591157701
1710778146.319966,-0.9709695974985758
1710778146.3200793,-0.9482037358813815
1710778146.3201923,-0.9254378742641872
1710778146.3203056,-0.9012710385852389
1710778146.3204188,-0.8771042029062907
1710778146.320532,-0.8501353528764513
1710778146.320645,-0.823516845703125
1710778146.3207583,-0.7944466008080376
1710778146.3208716,-0.7664270533455743
1710778146.3209848,-0.7380572954813639
1710778146.321098,-0.7100377480189005
1710778146.321211,-0.6834191746181911
1710778146.3213243,-0.6564503908157349
1710778146.3214376,-0.6298318836424086
1710778146.3215508,-0.6018123361799452
1710778146.3216639,-0.5744932757483588
1710778146.321777,-0.5454230308532715
1710778146.3218904,-0.5156522989273071
1710778146.3220036,-0.4855313234859043
1710778146.3221166,-0.45541031493080986
1710778146.3222299,-0.4263400700357225
1710778146.322343,-0.3972697920269436
1710778146.3224564,-0.3692502776781718
1710778146.3225696,-0.34193125036027694
1710778146.3226826,-0.31356145938237506
1710778146.3227959,-0.28484145800272626
1710778146.322909,-0.2550707095199161
1710778146.3230224,-0.22424923049079046
1710778146.3231354,-0.19272726443078783
1710778146.3232486,-0.16155554188622367
1710778146.3233619,-0.12968334058920541
1710778146.3234751,-0.09886186156007978
1710778146.3235881,-0.06839062604639265
1710778146.3237014,-0.038970125218232475
1710778146.3238146,-0.009199378805028068
1710778146.3239279,0.020225079109271366
1710778146.324041,0.0500016493929757
1710778146.3241541,0.08117946485678355
1710778146.3242674,0.11270759834183587
1710778146.3243806,0.14493635959095424
1710778146.324494,0.1761141750547621
1710778146.324607,0.2072920070754157
1710778146.3247201,0.23741887675391302
1710778146.3248334,0.2671954532464345
1710778146.3249466,0.29522044791115654
1710778146.3250597,0.32324545913272434
1710778146.325173,0.35021954112582737
1710778146.3252861,0.37859486209021675
1710778146.3253994,0.4066198733117845
1710778146.3255124,0.4349951942761739
1710778146.3256257,0.4640711347262064
1710778146.325739,0.493147075176239
1710778146.3258522,0.5211720863978068
1710778146.3259654,0.5481461352772182
1710778146.3260784,0.5747699075274997
1710778146.3261917,0.6003427505493164
1710778146.326305,0.62556525071462
1710778146.3264182,0.6511380275090536
1710778146.3265312,0.6770612133873833
1710778146.3266444,0.7036849525239732
1710778146.3267577,0.7306590345170763
1710778146.326871,0.7579833931393093
1710778146.326984,0.7853077517615424
1710778146.3270972,0.8119315571255153
1710778146.3272104,0.8368037144343058
1710778146.3273237,0.8609753184848361
1710778146.3274367,0.8833952744801838
1710778146.32755,0.9065159161885579
1710778146.3276632,0.9289359384112887
1710778146.3277764,0.9517062372631496
1710778146.3278897,0.9737759166293674
1710778146.3280027,0.9958456622229682
1710778146.328116,1.0182656182183158
1710778146.3282292,1.0389340586132474
1710778146.3283424,1.0592522223790486
1710778146.3284554,1.0767678419748943
1710778146.3285687,1.0939331849416096
1710778146.328682,1.1093469460805256
1710778146.3287952,1.1240600215064154
1710778146.3289082,1.1391234397888184
1710778146.3290215,1.153486304812961
1710778146.3291347,1.168549723095364
1710778146.329248,1.1829125881195068
1710778146.3293612,1.1979760064019096
1710778146.3294742,1.211287842856513
1710778146.3295875,1.2235487831963432
1710778146.3297007,1.2347588274214003
1710778146.329814,1.2438669469621446
1710778146.329927,1.2512234846750896
1710778146.3300402,1.2589303652445476
1710778146.3301535,1.2659366925557454
1710778146.3302667,1.272942887412177
1710778146.3303797,1.279598871866862
1710778146.330493,1.2859045134650335
1710778146.3306062,1.2922100226084392
1710778146.3307195,1.2974647680918376
1710778146.3308327,1.3020188278622098
1710778146.3309457,1.3044709629482694
1710778146.331059,1.3058723343743217
1710778146.3311722,1.306923230489095
1710778146.3312855,1.3076237837473552
1710778146.3313985,1.3083244694603813
1710778146.3315117,1.3097257084316678
1710778146.331625,1.3118276331159804
1710778146.3317382,1.3149804539150662
1710778146.3318512,1.3167319032880995
1710778146.3319645,1.3170822461446126
1710778146.3320777,1.3170822461446126
1710778146.332191,1.3167319032880995
1710778146.332304,1.3128785292307537
1710778146.3324172,1.3083244694603813
1710778146.3325305,1.3020188278622098
1710778146.3326437,1.2964138719770644
1710778146.332757,1.291159126493666
1710778146.33287,1.2848534848954942
1710778146.3329833,1.2778472900390625
1710778146.3330965,1.2711913055843778
1710778146.3332098,1.2634844250149198
1710778146.3333228,1.2540259626176622
1710778146.333436,1.2428160508473713
1710778146.3335493,1.2305551105075412
1710778146.3336625,1.218994723425971
1710778146.3337755,1.2070841259426541
1710778146.3338888,1.195173528459337
1710778146.334002,1.18396348423428
1710778146.3341153,1.1734541257222493
1710778146.3342285,1.1622440814971924
1710778146.3343415,1.153135961956448
1710778146.3344548,1.1405246787601047
1710778146.334568,1.1289644241333008
1710778146.3346813,1.114951901965671
1710778146.3347943,1.099538140826755
1710778146.3349075,1.0827231407165527
1710778146.3350208,1.0666087600919936
1710778146.335134,1.0494434833526611
1710778146.335247,1.0329787598715887
1710778146.3353603,1.0165141026178997
1710778146.3354735,0.9993487596511841
1710778146.3355868,0.9811325205696954
1710778146.3357,0.9629162814882066
1710778146.335813,0.9418974982367622
1710778146.3359263,0.9198278188705444
1710778146.3360395,0.8963568343056573
1710778146.3361528,0.87218529648251
1710778146.3362658,0.8476634158028497
1710778146.336379,0.8231415351231892
1710778146.3364923,0.7989699310726589
1710778146.3366055,0.7751487361060249
1710778146.3367186,0.7516777515411377
1710778146.3368318,0.7271558708614773
1710778146.336945,0.7019333706961738
1710778146.3370583,0.6756599081887139
1710778146.3371713,0.6483355495664809
1710778146.3372846,0.6210111909442477
1710778146.3373978,0.5919352504942152
1710778146.337511,0.5649611685011122
1710778146.3376243,0.5379870865080092
1710778146.3377373,0.5120639668570625
1710778146.3378506,0.48649112383524573
1710778146.3379638,0.4616189334127638
1710778146.338077,0.43534550401899547
1710778146.33819,0.40907204151153564
1710778146.3383033,0.381397373146481
1710778146.3384166,0.35337236192491317
1710778146.3385298,0.3249970409605238
1710778146.3386428,0.2955707576539781
1710778146.338756,0.2675457629892561
1710778146.3388693,0.23882013228204516
1710778146.3389826,0.2114957571029663
1710778146.3390958,0.18487200140953064
1710778146.3392088,0.157547609673606
1710778146.339322,0.13057354423734877
1710778146.3394353,0.10219822327295938
1710778146.3395486,0.07347259256574842
1710778146.3396616,0.04439664797650443
1710778146.3397748,0.014970389505227406
1710778146.339888,-0.015153527880708376
1710778146.3400013,-0.043523299197355904
1710778146.3401144,-0.07119258244832356
1710778146.3402276,-0.09886186156007978
1710778146.3403409,-0.125130166610082
1710778146.340454,-0.1510482198662228
1710778146.3405674,-0.17906775077184042
1710778146.3406804,-0.206386794646581
1710778146.3407936,-0.23580728305710685
1710778146.3409069,-0.265578031539917
1710778146.34102,-0.2963995271258884
1710778146.341133,-0.32652050256729126
1710778146.3412464,-0.3559409909778171
1710778146.3413596,-0.3853615125020345
1710778146.3414729,-0.41338102685080635
1710778146.3415859,-0.44140054119957817
1710778146.3416991,-0.46977033217748004
1710778146.3418124,-0.49743960301081336
1710778146.3419256,-0.5251088738441467
1710778146.3420386,-0.5538289083374871
1710778146.3421519,-0.582899186346266
1710778146.3422651,-0.6105684571795993
1710778146.3423784,-0.6378874513838027
1710778146.3424916,-0.6641557481553819
1710778146.3426046,-0.6883226500617133
1710778146.342718,-0.7121392091115316
1710778146.3428311,-0.7352553473578559
1710778146.3429444,-0.7573207219441731
1710778146.3430574,-0.7807870705922444
1710778146.3431706,-0.8049539062711928
1710778146.343284,-0.829470952351888
1710778146.3433971,-0.8539880646599664
1710778146.3435102,-0.8795558744006686
1710778146.3436234,-0.904072986708747
1710778146.3437366,-0.9271890587276882
1710778146.34385,-0.9503051969740126
1710778146.3439631,-0.9723705715603298
1710778146.3440762,-0.9933851824866401
1710778146.3441894,-1.0140495830112033
1710778146.3443027,-1.0350642601648967
1710778146.344416,-1.056779358122084
1710778146.344529,-1.077794035275777
1710778146.3446422,-1.0984584358003404
1710778146.3447554,-1.1187725596957736
1710778146.3448687,-1.138035986158583
1710778146.3449817,-1.154847674899631
1710778146.345095,-1.1699081791771782
1710778146.3452082,-1.1839179197947185
1710778146.3453214,-1.1968770292070177
1710778146.3454344,-1.2101862165662978
1710778146.3455477,-1.223145325978597
1710778146.345661,-1.235053671730889
1710778146.3457742,-1.2487130694919162
1710778146.3458874,-1.2616721789042156
1710778146.3460004,-1.2739307350582547
1710778146.3461137,-1.2851385275522869
1710778146.346227,-1.2949453459845648
1710778146.3463402,-1.303000979953342
1710778146.3464532,-1.3100058502621121
1710778146.3465664,-1.316660510169135
1710778146.3466797,-1.3236653804779053
1710778146.346793,-1.3296194871266682
1710778146.346906,-1.3359239366319444
1710778146.3470192,-1.3439795706007216
1710778146.3471324,-1.3506340980529785
1710778146.3472457,-1.3569385475582547
1710778146.347359,-1.3625424438052707
1710778146.347472,-1.3653443919287787
1710778146.3475852,-1.3681463400522869
1710778146.3476985,-1.3698975245157878
1710778146.3478117,-1.3698975245157878
1710778146.3479247,-1.3702478673723009
1710778146.348038,-1.3709482881757948
1710778146.3481512,-1.3719990518358018
1710778146.3482645,-1.3734000258975558
1710778146.3483775,-1.3744507895575628
1710778146.3484907,-1.3737502362993028
1710778146.348604,-1.3726994726392958
1710778146.3487172,-1.3698975245157878
1710778146.3488305,-1.3667453659905326
1710778146.3489435,-1.3618420230017767
1710778146.3490567,-1.3565883371565077
1710778146.34917,-1.3516848617129855
1710778146.3492832,-1.3464311758677165
1710778146.3493962,-1.3422282536824544
1710778146.3495095,-1.3373249106936984
1710778146.3496227,-1.3324214352501762
1710778146.349736,-1.3268175390031602
1710778146.349849,-1.3194624582926433
1710778146.3499622,-1.3100058502621121
1710778146.3500755,-1.300199031829834
1710778146.3501887,-1.2879404756757948
1710778146.3503017,-1.2763824727800157
1710778146.350415,-1.2627229425642226
1710778146.3505282,-1.2501140435536702
1710778146.3506415,-1.23680485619439
1710778146.3507547,-1.224196089638604
1710778146.3508677,-1.2101862165662978
1710778146.350981,-1.1958262655470107
1710778146.3510942,-1.1797149976094563
1710778146.3512075,-1.1625530984666612
1710778146.3513205,-1.1443404356638591
1710778146.3514338,-1.1243764559427898
1710778146.351547,-1.1051130294799805
1710778146.3516603,-1.0851491159862943
1710778146.3517733,-1.065535479121738
1710778146.3518865,-1.0473228163189359
1710778146.3519998,-1.0291100872887504
1710778146.352113,-1.0101969374550712
1710778146.3522263,-0.990583234363132
1710778146.3523393,-0.9695686234368218
1710778146.3524525,-0.9475032488505045
1710778146.3525658,-0.9236866235733032
1710778146.352679,-0.899870064523485
1710778146.352792,-0.8750026755862765
1710778146.3529053,-0.8511861165364583
1710778146.3530185,-0.82701928085751
1710778146.3531318,-0.8028524451785617
1710778146.3532448,-0.7790358199013604
1710778146.353358,-0.7555694712532891
1710778146.3534713,-0.7286006874508327
1710778146.3535845,-0.7016319036483765
1710778146.3536978,-0.6739626328150431
1710778146.3538108,-0.6452425983217027
1710778146.353924,-0.6154718663957384
1710778146.3540373,-0.586401621500651
1710778146.3541505,-0.5562806129455566
1710778146.3542635,-0.5286113421122233
1710778146.3543768,-0.5012922816806369
1710778146.35449,-0.47362301084730357
1710778146.3546033,-0.44665422704484725
1710778146.3547163,-0.4179341925515069
1710778146.3548295,-0.389214191171858
1710778146.3549428,-0.35874297221501666
1710778146.355056,-0.32827172014448375
1710778146.355169,-0.2978005011876424
1710778146.3552823,-0.26767949263254803
1710778146.3553956,-0.23860924773746067
1710778146.3555088,-0.20953898628552753
1710778146.355622,-0.18221994241078696
1710778146.355735,-0.15560140212376913
1710778146.3558483,-0.12688138418727452
1710778146.3559616,-0.09886186156007978
1710778146.3560748,-0.06944135659270816
1710778146.3561878,-0.03967061224910948
1710778146.356301,-0.00849889125674963
1710778146.3564143,0.021626328428586323
1710778146.3565276,0.053154461913638644
1710778146.3566406,0.08188009262084961
1710778146.3567538,0.11130635109212664
1710778146.356867,0.14073260956340367
1710778146.3569803,0.16910793052779302
1710778146.3570936,0.19853418072064716
1710778146.3572066,0.22866106695599026
1710778146.3573198,0.2594885726769765
1710778146.357433,0.2906663881407844
1710778146.3575463,0.32219452990425956
1710778146.3576593,0.35442329115337795
1710778146.3577726,0.3841998510890537
1710778146.3578858,0.41397644413842094
1710778146.357999,0.4434026943312751
1710778146.358112,0.47177801529566443
1710778146.3582253,0.4994526836607191
1710778146.3583386,0.5271273851394653
1710778146.3584518,0.5562033255894979
1710778146.358565,0.5849289894104004
1710778146.358678,0.6136545870039198
1710778146.3587914,0.6437814897961086
1710778146.3589046,0.672156810760498
1710778146.3590178,0.6998315122392442
1710778146.3591309,0.7264552513758341
1710778146.359244,0.7513274749120076
1710778146.3593574,0.776199632220798
1710778146.3594706,0.8000208934148152
1710778146.3595836,0.8241924974653456
1710778146.3596969,0.849064654774136
1710778146.35981,0.8728859159681532
1710778146.3599234,0.8974077966478136
1710778146.3600364,0.9208787149853176
1710778146.3601496,0.9436490800645616
1710778146.3602629,0.9657187594307793
1710778146.3603761,0.9860368569691975
1710778146.3604894,1.0056544012493558
1710778146.3606024,1.0235203637017143
1710778146.3607156,1.0417366027832031
1710778146.3608289,1.060653461350335
1710778146.3609421,1.0781690809461806
1710778146.3610551,1.0981369018554688
1710778146.3611684,1.1163531409369574
1710778146.3612816,1.1345693800184462
1710778146.361395,1.153135961956448
1710778146.361508,1.1696006192101371
1710778146.3616211,1.1843138270907931
1710778146.3617344,1.1983263492584229
1710778146.3618476,1.21023694674174
1710778146.361961,1.2224978870815701
1710778146.362074,1.234058141708374
1710778146.3621871,1.245268185933431
1710778146.3623004,1.257529126273261
1710778146.3624136,1.268038484785292
1710778146.3625267,1.2785478432973225
1710778146.36264,1.288356648551093
1710778146.3627532,1.2953628434075248
1710778146.3628664,1.3020188278622098
1710778146.3629794,1.3072735733456082
1710778146.3630927,1.3107766045464408
1710778146.363206,1.314630111058553
1710778146.3633192,1.3184834851158989
1710778146.3634322,1.322336991628011
1710778146.3635454,1.3272413942548964
1710778146.3636587,1.3310947683122423
1710778146.363772,1.3349482748243544
1710778146.3638852,1.3381010956234403
1710778146.3639982,1.3398525449964735
1710778146.3641114,1.3409035735660129
1710778146.3642247,1.3391519917382133
1710778146.364338,1.337750752766927
1710778146.364451,1.3359991709391277
1710778146.3645642,1.3342475891113281
1710778146.3646774,1.333547035853068
1710778146.3647907,1.3317954540252686
1710778146.3649037,1.3303942150539823
1710778146.365017,1.3282922903696697
1710778146.3651302,1.3247891267140706
1710778146.3652434,1.3195345136854384
1710778146.3653567,1.3132288720872667
1710778146.3654697,1.3048213058047824
1710778146.365583,1.295713186264038
1710778146.3656962,1.2862547238667805
1710778146.3658094,1.2771466043260362
1710778146.3659225,1.2676881419287787
1710778146.3660357,1.2585800223880343
1710778146.366149,1.2484210067325168
1710778146.3662622,1.2386122014787462
1710778146.3663752,1.2270519468519423
1710778146.3664885,1.2137401103973389
1710778146.3666017,1.2007784843444824
1710778146.366715,1.1846641699473064
1710778146.3668282,1.1696006192101371
1710778146.3669412,1.153486304812961
1710778146.3670545,1.137722200817532
1710778146.3671677,1.1230091253916423
1710778146.367281,1.1075953642527263
1710778146.367394,1.0921816031138103
1710778146.3675072,1.0767678419748943
1710778146.3676205,1.0592522223790486
1710778146.3677337,1.0406856404410467
1710778146.3678467,1.0200172000461154
1710778146.36796,0.9975971778233845
1710778146.3680732,0.9751772218280368
1710778146.3681865,0.9520565801196628
1710778146.3682995,0.9289359384112887
1710778146.3684127,0.9058152967029147
1710778146.368526,0.8816437588797675
1710778146.3686392,0.8581727743148804
1710778146.3687525,0.8340012364917331
1710778146.3688655,0.8084283934699165
1710778146.3689787,0.7818046543333266
1710778146.369092,0.7544802957110934
1710778146.3692052,0.7264552513758341
1710778146.3693182,0.6987805498970879
1710778146.3694315,0.6718064679039849
1710778146.3695447,0.6455330716239082
1710778146.369658,0.6203105714586046
1710778146.369771,0.595088005065918
1710778146.3698843,0.5705661243862575
1710778146.3699975,0.5449933475918239
1710778146.3701108,0.5187198850843642
1710778146.370224,0.49104518360561794
1710778146.370337,0.462319552898407
1710778146.3704503,0.43219268321990967
1710778146.3705635,0.4017155037985908
1710778146.3706768,0.3722892204920451
1710778146.3707898,0.34181204107072616
1710778146.370903,0.3130864103635152
1710778146.3710163,0.2836601601706611
1710778146.3711295,0.2545842031637828
1710778146.3712425,0.22515793641408283
1710778146.3713558,0.1950310667355855
1710778146.371469,0.16350292497211033
1710778146.3715823,0.13232510950830248
1710778146.3716955,0.10079697602325015
1710778146.3718085,0.06996946202384101
1710778146.3719218,0.040543207691775426
1710778146.372035,0.011116951290104125
1710778146.3721483,-0.016204260496629607
1710778146.3722613,-0.04317305154270596
1710778146.3723745,-0.07049208713902368
1710778146.3724878,-0.09746088749832577
1710778146.372601,-0.12688138418727452
1710778146.372714,-0.15630188915464613
1710778146.3728273,-0.18607263763745627
1710778146.3729405,-0.21654387315114337
1710778146.3730538,-0.24666484859254625
1710778146.3731668,-0.27678584059079486
1710778146.37328,-0.306556589073605
1710778146.3733933,-0.3345761034223768
1710778146.3735065,-0.36294589440027875
1710778146.3736198,-0.39131565226448906
1710778146.3737328,-0.4207361406750149
1710778146.373846,-0.4491059316529168
1710778146.3739593,-0.48027763764063514
1710778146.3740726,-0.510748889711168
1710778146.3741856,-0.541570352183448
1710778146.3742988,-0.5716913276248508
1710778146.374412,-0.6007615725199381
1710778146.3745253,-0.6284309095806545
1710778146.3746383,-0.6557499037848579
1710778146.3747516,-0.6820182005564371
1710778146.3748648,-0.7082865635553995
1710778146.374978,-0.7356055577596029
1710778146.3750913,-0.7625743415620592
1710778146.3752043,-0.7902436123953925
1710778146.3753176,-0.8168621857961018
1710778146.3754308,-0.8431304825676812
1710778146.375544,-0.8683480819066365
1710778146.375657,-0.8925149175855849
1710778146.3757703,-0.9142300155427721
1710778146.3758836,-0.9355949030982124
1710778146.3759968,-0.9555588165918986
1710778146.3761098,-0.9755227300855849
1710778146.376223,-0.9954866435792711
1710778146.3763363,-1.0151003466712103
1710778146.3764496,-1.0361149575975206
1710778146.3765628,-1.0560788710912068
1710778146.3766758,-1.0756925741831462
1710778146.376789,-1.0939052369859483
1710778146.3769023,-1.1110672023561265
1710778146.3770156,-1.1271784040662978
1710778146.3771286,-1.141888697942098
1710778146.3772418,-1.156248648961385
1710778146.377355,-1.1702583895789251
1710778146.3774683,-1.1846184730529785
1710778146.3775814,-1.1993287669287787
1710778146.3776946,-1.214389271206326
1710778146.3778079,-1.2287492222256131
1710778146.377921,-1.2427589628431532
1710778146.378034,-1.2553677293989394
1710778146.3781474,-1.2662253114912245
1710778146.3782606,-1.2763824727800157
1710778146.3783739,-1.2854887379540336
1710778146.378487,-1.2931941615210638
1710778146.3786001,-1.302300426695082
1710778146.3787134,-1.3110566139221191
1710778146.3788266,-1.3205132219526503
1710778146.3789399,-1.3303200403849285
1710778146.3790529,-1.3394263055589464
1710778146.3791661,-1.3485327031877306
1710778146.3792794,-1.3555375734965007
1710778146.3793926,-1.3618420230017767
1710778146.3795056,-1.3670955763922796
1710778146.379619,-1.3698975245157878
1710778146.3797321,-1.3730498154958088
1710778146.3798454,-1.3751512103610568
1710778146.3799586,-1.3779531584845648
1710778146.3800716,-1.3811053170098198
1710778146.380185,-1.382856633928087
1710778146.3802981,-1.384607818391588
1710778146.3804114,-1.384607818391588
1710778146.3805244,-1.383206844329834
1710778146.3806376,-1.380054685804579
1710778146.380751,-1.3758517636193168
1710778146.3808641,-1.3702478673723009
1710778146.3809772,-1.3649941815270317
1710778146.3810904,-1.3597404956817627
1710778146.3812037,-1.3551873630947537
1710778146.381317,-1.3506340980529785
1710778146.38143,-1.3460809654659696
1710778146.3815432,-1.3422282536824544
1710778146.3816564,-1.3366243574354384
1710778146.3817697,-1.3299696975284152
1710778146.381883,-1.3222644064161513
1710778146.381996,-1.3128077983856201
1710778146.3821092,-1.303351190355089
1710778146.3822224,-1.2924936082628038
1710778146.3823357,-1.2819863690270317
1710778146.3824487,-1.2714789973364935
1710778146.382562,-1.2609716256459553
1710778146.3826752,-1.2508145968119304
1710778146.3827884,-1.238906251059638
1710778146.3829014,-1.225947274102105
1710778146.3830147,-1.2119375334845648
1710778146.383128,-1.1958262655470107
1710778146.3832412,-1.1783140235477023
1710778146.3833544,-1.1601013607449002
1710778146.3834674,-1.141188144683838
1710778146.3835807,-1.1229754818810356
1710778146.383694,-1.1047628190782335
1710778146.3838072,-1.0861998796463013
1710778146.3839202,-1.067987216843499
1710778146.3840334,-1.0501247644424438
1710778146.3841467,-1.0291100872887504
1710778146.38426,-1.0094964504241943
1710778146.384373,-0.986730588807
1710778146.3844862,-0.9632642401589288
1710778146.3845994,-0.9397978915108575
1710778146.3847127,-0.916331476635403
1710778146.384826,-0.8932154046164619
1710778146.384939,-0.8700992663701375
1710778146.3850522,-0.8480338917838203
1710778146.3851655,-0.825268030166626
1710778146.3852787,-0.8035529322094387
1710778146.3853917,-0.7790358199013604
1710778146.385505,-0.7538182867897881
1710778146.3856182,-0.7282504770490859
1710778146.3857315,-0.7012816270192465
1710778146.3858445,-0.6739626328150431
1710778146.3859577,-0.6473440594143337
1710778146.386071,-0.6200249989827474
1710778146.3861842,-0.594457189242045
1710778146.3862972,-0.5692396561304728
1710778146.3864105,-0.5447225438223945
1710778146.3865237,-0.5191547340816921
1710778146.386637,-0.49323668082555133
1710778146.3867502,-0.4673186275694105
1710778146.3868632,-0.4399995671378242
1710778146.3869765,-0.41338102685080635
1710778146.3870897,-0.38641224304835
1710778146.387203,-0.35944345924589366
1710778146.387316,-0.3338756163914998
1710778146.3874292,-0.30865805016623604
1710778146.3875425,-0.2834404839409722
1710778146.3876557,-0.25787265764342415
1710778146.3877687,-0.23195460438728333
1710778146.387882,-0.20463556051254272
1710778146.3879952,-0.17556531561745536
1710778146.3881085,-0.14544432361920676
1710778146.3882217,-0.11497308810551961
1710778146.3883348,-0.08310087853007846
1710778146.388448,-0.05262964301639133
1710778146.3885612,-0.02215840957230992
1710778146.3886745,0.00831445058186849
1710778146.3887875,0.03668977154625787
1710778146.3889008,0.06576571613550186
1710778146.389014,0.0958925982316335
1710778146.3891273,0.12566916644573212
1710778146.3892403,0.15614637070231968
1710778146.3893535,0.18697387642330593
1710778146.3894668,0.2174510724014706
1710778146.38958,0.24687732259432474
1710778146.3896933,0.2756029533015357
1710778146.3898063,0.30432860056559247
1710778146.3899195,0.33095233970218235
1710778146.3900328,0.3572258022096422
1710778146.390146,0.3841998510890537
1710778146.390259,0.4111739330821567
1710778146.3903723,0.43919894430372447
1710778146.3904855,0.46792457501093543
1710778146.3905988,0.4973508252037896
1710778146.3907118,0.5267770753966438
1710778146.390825,0.5558530489603678
1710778146.3909383,0.583177407582601
1710778146.3910515,0.6108521090613471
1710778146.3911645,0.637125571568807
1710778146.3912778,0.6616474522484673
1710778146.391391,0.6872202290429009
1710778146.3915043,0.7124427292082045
1710778146.3916175,0.7383659150865343
1710778146.3917305,0.7635884152518378
1710778146.3918438,0.7888109154171413
1710778146.391957,0.8143836922115749
1710778146.3920703,0.8385552962621052
1710778146.3921833,0.8609753184848361
1710778146.3922966,0.8826946549945407
1710778146.3924098,0.9023121992746989
1710778146.392523,0.9219296773274739
1710778146.392636,0.9411968787511189
1710778146.3927493,0.9604640801747639
1710778146.3928626,0.9800815582275391
1710778146.3929758,0.9996991025076972
1710778146.393089,1.0189662377039592
1710778146.393202,1.0382334391276042
1710778146.3933153,1.0560994015799627
1710778146.3934286,1.0725641250610352
1710778146.3935418,1.0869269238577948
1710778146.3936548,1.1005891031689115
1710778146.393768,1.114601559109158
1710778146.3938813,1.1275631851620145
1710778146.3939946,1.1405246787601047
1710778146.3941076,1.1545372009277344
1710778146.3942208,1.1689000659518771
1710778146.394334,1.1825622452629936
1710778146.3944473,1.1962244245741103
1710778146.3945606,1.2081350220574272
1710778146.3946736,1.218994723425971
1710778146.3947868,1.2288035286797416
1710778146.3949,1.2379116482204862
1710778146.3950133,1.2459688716464572
1710778146.3951263,1.2540259626176622
1710778146.3952396,1.2627838717566595
1710778146.3953528,1.2711913055843778
1710778146.395466,1.279598871866862
1710778146.395579,1.28800630569458
1710778146.3956923,1.295713186264038
1710778146.3958056,1.3023691707187228
1710778146.3959188,1.3076237837473552
1710778146.3960319,1.310426394144694
1710778146.396145,1.3135792149437797
1710778146.3962584,1.3156810071733263
1710778146.3963716,1.318133274714152
1710778146.3964849,1.3202350669436984
1710778146.3965979,1.3226873344845242
1710778146.396711,1.3254898124270968
1710778146.3968244,1.3279419475131564
1710778146.3969376,1.329693529340956
1710778146.3970506,1.329693529340956
1710778146.3971639,1.3275916046566434
1710778146.397277,1.3240885734558105
1710778146.3973904,1.318833827972412
1710778146.3975034,1.3132288720872667
1710778146.3976166,1.306923230489095
1710778146.3977299,1.3002672460344102
1710778146.3978431,1.2932610511779785
1710778146.3979564,1.2862547238667805
1710778146.3980694,1.2792485290103488
1710778146.3981826,1.2697900666130912
1710778146.3982959,1.260681947072347
1710778146.3984091,1.249822245703803
1710778146.3985221,1.237561305363973
1710778146.3986354,1.2249500221676297
1710778146.3987486,1.2119885285695393
1710778146.398862,1.1990269025166829
1710778146.398975,1.1867659621768527
1710778146.3990881,1.1745050218370225
1710778146.3992014,1.1629447672102187
1710778146.3993146,1.1513843801286485
1710778146.3994277,1.1387732293870714
1710778146.399541,1.1240600215064154
1710778146.3996542,1.1082959837383695
1710778146.3997674,1.0907803641425238
1710778146.3998806,1.0718634393480089
1710778146.3999937,1.0522459612952337
1710778146.400107,1.0326284832424588
1710778146.4002202,1.0130109389623005
1710778146.4003334,0.9933934609095255
1710778146.4004464,0.9741262594858805
1710778146.4005597,0.9527571996053059
1710778146.400673,0.9317384163538615
1710778146.4007862,0.9093184603585137
1710778146.4008992,0.8851468563079834
1710778146.4010124,0.860624975628323
1710778146.4011257,0.8350521326065063
1710778146.401239,0.8091290129555596
1710778146.4013522,0.7849574751324123
1710778146.4014652,0.760785871081882
1710778146.4015784,0.7366143332587348
1710778146.4016917,0.7131433486938477
1710778146.401805,0.6900227732128567
1710778146.401918,0.6662015120188395
1710778146.4020312,0.6402783923678927
1710778146.4021444,0.614004929860433
1710778146.4022577,0.58703084786733
1710778146.4023707,0.5597064892450968
1710778146.402484,0.5327324072519938
1710778146.4025972,0.5057583252588908
1710778146.4027104,0.47983520560794407
1710778146.4028237,0.4542623625861274
1710778146.4029367,0.42868955267800224
1710778146.40305,0.4034670525126987
1710778146.4031632,0.37719359000523883
1710778146.4032764,0.3491686118973626
1710778146.4033895,0.3207932909329732
1710778146.4035027,0.2906663881407844
1710778146.403616,0.2612401379479302
1710778146.4037292,0.23146356145540872
1710778146.4038422,0.201687001519733
1710778146.4039555,0.17331168055534363
1710778146.4040687,0.14423574010531107
1710778146.404182,0.11480947335561116
1710778146.404295,0.08573353290557861
1710778146.4044082,0.05665758831633462
1710778146.4045215,0.025129454831282295
1710778146.4046347,-0.007798403191069761
1710778146.404748,-0.04002085576454798
1710778146.404861,-0.07224331299463908
1710778146.4049742,-0.10516625311639574
1710778146.4050875,-0.1370384626918369
1710778146.4052007,-0.16821018523640102
1710778146.4053137,-0.19903166426552665
1710778146.405427,-0.2288024127483368
1710778146.4055402,-0.2596238917774624
1710778146.4056535,-0.2921965718269348
1710778146.4057665,-0.3240687979592217
1710778146.4058797,-0.3566414780086941
1710778146.405993,-0.3895644346872965
1710778146.4061062,-0.42248739136589897
1710778146.4062195,-0.45435958438449436
1710778146.4063325,-0.4848308033413357
1710778146.4064457,-0.5139010813501146
1710778146.406559,-0.542270839214325
1710778146.4066722,-0.5699401431613498
1710778146.4067852,-0.5972591373655531
1710778146.4068985,-0.6252786848280165
1710778146.4070117,-0.6532982322904799
1710778146.407125,-0.6809675031238132
1710778146.407238,-0.7089870505862765
1710778146.4073513,-0.7352553473578559
1710778146.4074645,-0.7611733675003052
1710778146.4075778,-0.7860406902101305
1710778146.407691,-0.8091568284564548
1710778146.407804,-0.832272900475396
1710778146.4079173,-0.8550388283199734
1710778146.4080305,-0.8778046899371676
1710778146.4081438,-0.9016212489869859
1710778146.4082568,-0.9264885716968112
1710778146.40837,-0.9503051969740126
1710778146.4084833,-0.9755227300855849
1710778146.4085965,-1.0003900527954102
1710778146.4087095,-1.0235061910417345
1710778146.4088228,-1.0448710785971747
1710778146.408936,-1.066586242781745
1710778146.4090493,-1.0858496030171711
1710778146.4091623,-1.1047628190782335
1710778146.4092755,-1.1243764559427898
1710778146.4093888,-1.143289672003852
1710778146.409502,-1.1618525452084012
1710778146.4096153,-1.1807657612694633
1710778146.4097283,-1.1993287669287787
1710778146.4098415,-1.21579024526808
1710778146.4099548,-1.230850617090861
1710778146.410068,-1.2445101473066542
1710778146.410181,-1.2564184930589464
1710778146.4102943,-1.2679764959547255
1710778146.4104075,-1.2777834468417697
1710778146.4105208,-1.2889912393358018
1710778146.4106338,-1.300199031829834
1710778146.410747,-1.3114068243238661
1710778146.4108603,-1.3233151700761583
1710778146.4109735,-1.3345229625701904
1710778146.4110868,-1.3439795706007216
1710778146.4111998,-1.3534360461764865
1710778146.411313,-1.3618420230017767
1710778146.4114263,-1.3677961296505399
1710778146.4115396,-1.3741004467010498
1710778146.4116526,-1.3793541325463188
1710778146.4117658,-1.385658582051595
1710778146.411879,-1.3912624782986112
1710778146.4119923,-1.3979171382056341
1710778146.4121053,-1.4045717981126573
1710778146.4122186,-1.4101756943596733
1710778146.4123318,-1.4143786165449355
1710778146.412445,-1.4175307750701904
1710778146.4125583,-1.4192819595336914
1710778146.4126713,-1.4185815387301974
1710778146.4127846,-1.4178809854719374
1710778146.4128978,-1.4157795906066895
1710778146.413011,-1.4136780632866752
1710778146.413124,-1.4119268788231742
1710778146.4132373,-1.4105259047614203
1710778146.4133506,-1.4080741670396593
1710778146.4134638,-1.4045717981126573
1710778146.4135768,-1.400018533070882
1710778146.41369,-1.3933638731638591
1710778146.4138033,-1.385658582051595
1710778146.4139166,-1.3758517636193168
1710778146.4140296,-1.3667453659905326
1710778146.4141428,-1.3565883371565077
1710778146.414256,-1.3464311758677165
1710778146.4143693,-1.3362741470336914
1710778146.4144826,-1.3275180922614203
1710778146.4145956,-1.316660510169135
1710778146.4147089,-1.30580292807685
1710778146.414822,-1.2942447927263048
1710778146.4149354,-1.2805853949652777
1710778146.4150484,-1.2655248906877306
1710778146.4151616,-1.2483628590901692
1710778146.4152749,-1.230850617090861
1710778146.415388,-1.2126379542880588
1710778146.415501,-1.1951258447435167
1710778146.4156144,-1.1769130494859483
1710778146.4157276,-1.1608019140031602
1710778146.4158409,-1.143289672003852
1710778146.415954,-1.1254272196027968
1710778146.4160671,-1.1061637931399875
1710778146.4161804,-1.0869003666771782
1710778146.4162936,-1.065535479121738
1710778146.4164069,-1.0448710785971747
1710778146.4165199,-1.0228057040108574
1710778146.4166331,-1.0017910930845473
1710778146.4167464,-0.980776415930854
1710778146.4168596,-0.9608125024371676
1710778146.4169726,-0.9415490759743584
1710778146.417086,-0.9215851624806721
1710778146.4171991,-0.9002202749252319
1710778146.4173124,-0.8781549003389146
1710778146.4174254,-0.8546885516908433
1710778146.4175386,-0.828770465321011
1710778146.417652,-0.8028524451785617
1710778146.4177651,-0.7758836613761054
1710778146.4178784,-0.748914877573649
1710778146.4179914,-0.7226465145746866
1710778146.4181046,-0.6967284944322374
1710778146.418218,-0.670810408062405
1710778146.4183311,-0.6448923879199557
1710778146.4184442,-0.6175733274883694
1710778146.4185574,-0.5902542670567831
1710778146.4186707,-0.5625849962234497
1710778146.418784,-0.5338649948438009
1710778146.418897,-0.5051449603504604
1710778146.4190102,-0.4764249589708116
1710778146.4191234,-0.4484054446220398
1710778146.4192367,-0.4207361406750149
1710778146.41935,-0.3951683309343126
1710778146.419463,-0.36854979064729476
1710778146.4195762,-0.342631737391154
1710778146.4196894,-0.3153126769595676
1710778146.4198027,-0.28694291909535724
1710778146.4199157,-0.25787265764342415
1710778146.420029,-0.22705119517114428
1710778146.4201422,-0.19622971614201862
1710778146.4202554,-0.1650579935974545
1710778146.4203684,-0.13458675808376735
1710778146.4204817,-0.10446576608551873
1710778146.420595,-0.0743447740872701
1710778146.4207082,-0.04457402974367142
1710778146.4208214,-0.01550377243094974
1710778146.4209344,0.015320702352457576
1710778146.4210477,0.046848836872312755
1710778146.421161,0.07837697035736507
1710778146.4212742,0.11095604134930505
1710778146.4213872,0.14353510406282213
1710778146.4215004,0.17541355556911892
1710778146.4216137,0.2058907515472836
1710778146.421727,0.2360176377826267
1710778146.42184,0.2650935782326592
1710778146.4219532,0.2934688991970486
1710778146.4220665,0.32219452990425956
1710778146.4221797,0.3512704703542921
1710778146.4222927,0.38104703028996784
1710778146.422406,0.4104733135965135
1710778146.4225192,0.44130080276065403
1710778146.4226325,0.4710773958100213
1710778146.4227457,0.4994526836607191
1710778146.4228587,0.5274776948822869
1710778146.422972,0.5541014671325684
1710778146.4230852,0.5803749296400282
1710778146.4231985,0.6048968103196886
1710778146.4233115,0.629768967628479
1710778146.4234247,0.6549914677937826
1710778146.423538,0.6812649303012424
1710778146.4236512,0.7068377733230591
1710778146.4237642,0.7320602734883627
1710778146.4238775,0.7572827736536661
1710778146.4239907,0.7818046543333266
1710778146.424104,0.8042246765560573
1710778146.4242172,0.8259440130657619
1710778146.4243302,0.8455615573459201
1710778146.4244435,0.8655293782552083
1710778146.4245567,0.8847965796788533
1710778146.42467,0.9044140577316284
1710778146.424783,0.9236812591552734
1710778146.4248962,0.9439993566936916
1710778146.4250095,0.9632665581173366
1710778146.4251227,0.9825337595409817
1710778146.4252357,1.0007499986224704
1710778146.425349,1.0175649987326727
1710778146.4254622,1.0326284832424588
1710778146.4255755,1.048742863867018
1710778146.4256887,1.064156625005934
1710778146.4258018,1.0792200432883368
1710778146.425915,1.095334423912896
1710778146.4260283,1.1124997668796115
1710778146.4261415,1.1293147669898138
1710778146.4262545,1.1461297671000164
1710778146.4263678,1.1622440814971924
1710778146.426481,1.176256603664822
1710778146.4265943,1.1895684401194255
1710778146.4267073,1.2011288272009955
1710778146.4268205,1.210587289598253
1710778146.4269338,1.2196954091389973
1710778146.427047,1.2281028429667156
1710778146.42716,1.2361600663926866
1710778146.4272733,1.2442172898186576
1710778146.4273865,1.2519241703881157
1710778146.4274998,1.2596310509575737
1710778146.427613,1.2659366925557454
1710778146.427726,1.2711913055843778
1710778146.4278393,1.27574536535475
1710778146.4279525,1.2788981861538358
1710778146.4280658,1.2813504536946614
1710778146.4281788,1.2845032744937472
1710778146.428292,1.2876559628380668
1710778146.4284053,1.291159126493666
1710778146.4285185,1.2960635291205511
1710778146.4286315,1.2999169031778972
1710778146.4287448,1.3037704096900091
1710778146.428858,1.3072735733456082
1710778146.4289713,1.3097257084316678
1710778146.4290845,1.3093753655751545
1710778146.4291975,1.3079741266038682
1710778146.4293108,1.3055219915178087
1710778146.429424,1.302719513575236
1710778146.4295373,1.298866007063124
1710778146.4296503,1.2943119472927518
1710778146.4297636,1.2908087836371527
1710778146.4298768,1.2862547238667805
1710778146.42999,1.2817006640964084
1710778146.430103,1.276095708211263
1710778146.4302163,1.268388827641805
1710778146.4303296,1.2589303652445476
1710778146.4304428,1.24877134958903
1710778146.430556,1.2372109625074599
1710778146.430669,1.2253003650241427
1710778146.4307823,1.2137401103973389
1710778146.4308956,1.2018293804592557
1710778146.4310088,1.1913200219472249
1710778146.4311218,1.1790590816073947
1710778146.431235,1.1671484841240776
1710778146.4313483,1.1541869905259874
1710778146.4314616,1.1398241255018446
1710778146.4315746,1.1237096786499023
1710778146.4316878,1.106894744767083
1710778146.431801,1.0893791251712375
1710778146.4319143,1.072213782204522
1710778146.4320273,1.0550484392378066
1710778146.4321406,1.0385837819841173
1710778146.4322538,1.0214184390174017
1710778146.432367,1.0056544012493558
1710778146.4324803,0.9888394011391534
1710778146.4325933,0.9716740581724379
1710778146.4327066,0.9527571996053059
1710778146.4328198,0.9320887592103746
1710778146.432933,0.9107196993298
1710778146.433046,0.8890002965927124
1710778146.4331594,0.8672808938556247
1710778146.4332726,0.8455615573459201
1710778146.4333858,0.8248931169509888
1710778146.4334989,0.8035240570704142
1710778146.433612,0.7825052738189697
1710778146.4337254,0.7611362139383951
1710778146.4338386,0.7397671540578207
1710778146.4339519,0.7155955500072902
1710778146.4340649,0.6914240121841431
1710778146.434178,0.6662015120188395
1710778146.4342914,0.6406286689970229
1710778146.4344046,0.6147055493460761
1710778146.4345176,0.5905339452955458
1710778146.4346309,0.5674133698145548
1710778146.4347441,0.5428914560212029
1710778146.4348574,0.5183695753415426
1710778146.4349704,0.49489862389034694
1710778146.4350836,0.4696761237250434
1710778146.4351969,0.4420014222462972
1710778146.4353101,0.41397644413842094
1710778146.4354231,0.38455016083187527
1710778146.4355364,0.3558245301246643
1710778146.4356496,0.32604797018898857
1710778146.435763,0.2976726492245992
1710778146.4358761,0.26859670877456665
1710778146.4359891,0.24092200729582045
1710778146.4361024,0.2121963765886095
1710778146.4362156,0.18417136536704168
1710778146.436329,0.1540444791316986
1710778146.436442,0.12496853868166605
1710778146.4365551,0.09379072321785821
1710778146.4366684,0.06261290361483891
1710778146.4367816,0.03178539375464121
1710778146.4368947,0.002709448906696505
1710778146.437008,-0.02671158355143335
1710778146.4371212,-0.055431595279110804
1710778146.4372344,-0.08240039149920146
1710778146.4373477,-0.11006967061095767
1710778146.4374607,-0.1377389497227139
1710778146.437574,-0.1671594546900855
1710778146.4376872,-0.19693020317289564
1710778146.4378004,-0.22775168220202127
1710778146.4379134,-0.2592736482620239
1710778146.4380267,-0.29044535424974227
1710778146.43814,-0.3216170933511522
1710778146.4382532,-0.35068733824623954
1710778146.4383662,-0.3801078597704569
1710778146.4384794,-0.4091781046655443
1710778146.4385927,-0.43719761901431614
1710778146.438706,-0.4659176535076565
1710778146.4388192,-0.49568838543362087
1710778146.4389322,-0.5258093608750237
1710778146.4390454,-0.5559303363164266
1710778146.4391587,-0.585701134469774
1710778146.439272,-0.6144211027357314
1710778146.439385,-0.6417401631673177
1710778146.4394982,-0.66765824953715
1710778146.4396114,-0.6935762696795993
1710778146.4397247,-0.7173928949568007
1710778146.4398377,-0.7405089669757419
1710778146.439951,-0.7636251052220662
1710778146.4400642,-0.7881421513027614
1710778146.4401774,-0.8112582895490859
1710778146.4402905,-0.8368260992897881
1710778146.4404037,-0.8602924479378594
1710778146.440517,-0.8830583095550537
1710778146.4406302,-0.904773473739624
1710778146.4407434,-0.9261383612950642
1710778146.4408565,-0.9461022747887505
1710778146.4409697,-0.9657159116533067
1710778146.441083,-0.9849793381161159
1710778146.4411962,-1.0059940152698092
1710778146.4413092,-1.0259579287634955
1710778146.4414225,-1.0476730267206829
1710778146.4415357,-1.068687703874376
1710778146.441649,-1.0900525914298163
1710778146.441762,-1.1089657412634955
1710778146.4418752,-1.1282291677263048
1710778146.4419885,-1.1457414097256131
1710778146.4421017,-1.1615023348066542
1710778146.442215,-1.1772633923424614
1710778146.442328,-1.1923238966200087
1710778146.4424412,-1.2073842684427898
1710778146.4425545,-1.22209456231859
1710778146.4426677,-1.2382058302561443
1710778146.4427807,-1.2532663345336914
1710778146.442894,-1.2686770492129855
1710778146.4430072,-1.2816360261705186
1710778146.4431205,-1.2942447927263048
1710778146.4432335,-1.305452717675103
1710778146.4433467,-1.316310167312622
1710778146.44346,-1.3254165649414062
1710778146.4435732,-1.3355735937754314
1710778146.4436865,-1.3471317291259766
1710778146.4437995,-1.3576389683617485
1710778146.4439127,-1.3677961296505399
1710778146.444026,-1.3783033688863118
1710778146.4441392,-1.387059556113349
1710778146.4442523,-1.3954654004838731
1710778146.4443655,-1.401769717534383
1710778146.4444788,-1.4056224293178983
1710778146.444592,-1.4080741670396593
1710778146.444705,-1.4094751411014133
1710778146.4448183,-1.4101756943596733
1710778146.4449315,-1.4105259047614203
1710778146.4450448,-1.4108761151631672
1710778146.4451578,-1.4115766684214275
1710778146.445271,-1.4108761151631672
1710778146.4453843,-1.4094751411014133
1710778146.4454975,-1.4073737462361653
1710778146.4456108,-1.4038712448543973
1710778146.4457238,-1.398267348607381
1710778146.445837,-1.3933638731638591
1710778146.4459503,-1.387409766515096
1710778146.4460635,-1.38180587026808
1710778146.4461765,-1.3758517636193168
1710778146.4462898,-1.3719990518358018
1710778146.446403,-1.3670955763922796
1710778146.4465163,-1.3621922334035237
1710778146.4466293,-1.3562379942999945
1710778146.4467425,-1.3485327031877306
1710778146.4468558,-1.3387258847554524
1710778146.446969,-1.3282185130649142
1710778146.4470823,-1.315609746509128
1710778146.4471953,-1.303000979953342
1710778146.4473085,-1.2889912393358018
1710778146.4474218,-1.2760321299235027
1710778146.447535,-1.2620223893059623
1710778146.447648,-1.2490634123484294
1710778146.4477613,-1.234353118472629
1710778146.4478745,-1.219292614195082
1710778146.4479878,-1.2028311358557806
1710778146.4481008,-1.1849686834547255
1710778146.448214,-1.1657052569919162
1710778146.4483273,-1.1457414097256131
1710778146.4484406,-1.1261276404062908
1710778146.4485538,-1.1054633061091106
1710778146.4486668,-1.0865501562754314
1710778146.44878,-1.067286729812622
1710778146.4488933,-1.0501247644424438
1710778146.4490066,-1.0308613379796345
1710778146.4491196,-1.0108974244859483
1710778146.4492328,-0.989882747332255
1710778146.449346,-0.9678173727459377
1710778146.4494593,-0.9443510240978664
1710778146.4495723,-0.9205344650480483
1710778146.4496856,-0.897068116399977
1710778146.4497988,-0.8732514911227756
1710778146.449912,-0.8511861165364583
1710778146.450025,-0.828069978290134
1710778146.4501383,-0.8063548803329468
1710778146.4502516,-0.7839392291174995
1710778146.4503648,-0.7590719064076741
1710778146.450478,-0.7349050707287258
1710778146.450591,-0.7089870505862765
1710778146.4507043,-0.6820182005564371
1710778146.4508176,-0.6550494167539809
1710778146.4509308,-0.6263294484880235
1710778146.4510438,-0.5986601114273071
1710778146.451157,-0.5716913276248508
1710778146.4512703,-0.5447225438223945
1710778146.4513836,-0.5177537600199381
1710778146.4514966,-0.4904347327020433
1710778146.4516098,-0.46031372414694893
1710778146.451723,-0.4308932357364231
1710778146.4518363,-0.39937125311957467
1710778146.4519496,-0.36784930361641777
1710778146.4520626,-0.33527659045325386
1710778146.4521759,-0.30340439743465847
1710778146.452289,-0.27188243137465584
1710778146.4524024,-0.2403604653146532
1710778146.4525154,-0.20988922980096605
1710778146.4526286,-0.17976823780271742
1710778146.4527419,-0.14824627174271476
1710778146.452855,-0.11707454919815063
1710778146.4529681,-0.08450185259183247
1710778146.4530814,-0.05122866895463731
1710778146.4531946,-0.017605237662792206
1710778146.4533079,0.016721952706575394
1710778146.4534209,0.04895071188608805
1710778146.4535341,0.08082915511396196
1710778146.4536474,0.1120069788561927
1710778146.4537606,0.14213386509153578
1710778146.4538739,0.17261106106970045
1710778146.453987,0.20238762100537616
1710778146.4541001,0.23251450724071926
1710778146.4542134,0.26299170321888393
1710778146.4543266,0.2934688991970486
1710778146.4544396,0.3246467312177022
1710778146.454553,0.3547736008961995
1710778146.4546661,0.38384954134623206
1710778146.4547794,0.41187455256779987
1710778146.4548924,0.44024987353218925
1710778146.4550056,0.46652330292595756
1710778146.455119,0.49384769466188216
1710778146.4552321,0.5204714669121636
1710778146.4553454,0.5488467878765529
1710778146.4554584,0.5779227283265855
1710778146.4555717,0.606298049290975
1710778146.455685,0.6339727507697211
1710778146.4557981,0.6637493107053969
1710778146.4559112,0.6900227732128567
1710778146.4560244,0.7159458928638034
1710778146.4561377,0.741168393029107
1710778146.456251,0.7653399308522542
1710778146.456364,0.7884605725606282
1710778146.4564772,0.8119315571255153
1710778146.4565904,0.8361030949486626
1710778146.4567037,0.8588733938005235
1710778146.456817,0.8823443783654107
1710778146.45693,0.9058152967029147
1710778146.4570432,0.9278849760691324
1710778146.4571564,0.9478527969784206
1710778146.4572697,0.9681709607442219
1710778146.4573827,0.9860368569691975
1710778146.457496,1.003202199935913
1710778146.4576092,1.0196669234169853
1710778146.4577224,1.0378831624984741
1710778146.4578354,1.0557490587234497
1710778146.4579487,1.0736150211758084
1710778146.458062,1.0925318797429402
1710778146.4581752,1.1100475655661688
1710778146.4582882,1.1275631851620145
1710778146.4584014,1.1440278424157035
1710778146.4585147,1.1590912606981065
1710778146.458628,1.1738044685787625
1710778146.4587412,1.187116305033366
1710778146.4588542,1.2004281414879692
1710778146.4589674,1.2140903207990859
1710778146.4590807,1.2281028429667156
1710778146.459194,1.2428160508473713
1710778146.459307,1.256828573015001
1710778146.4594202,1.2697900666130912
1710778146.4595335,1.2817006640964084
1710778146.4596467,1.2925603654649522
1710778146.4597597,1.3013182746039496
1710778146.459873,1.3083244694603813
1710778146.4599862,1.3149804539150662
1710778146.4600995,1.3191841708289251
1710778146.4602127,1.3247891267140706
1710778146.4603257,1.3293431864844427
1710778146.460439,1.3342475891113281
1710778146.4605522,1.3395023345947266
1710778146.4606655,1.3430053657955594
1710778146.4607785,1.345457633336385
1710778146.4608917,1.3472092151641846
1710778146.461005,1.3472092151641846
1710778146.4611182,1.3461581865946453
1710778146.4612312,1.3444066047668457
1710778146.4613445,1.3419544696807861
1710778146.4614577,1.3409035735660129
1710778146.461571,1.3384513060251872
1710778146.4616842,1.337400409910414
1710778146.4617972,1.3352984852261014
1710778146.4619105,1.3317954540252686
1710778146.4620237,1.3279419475131564
1710778146.462137,1.3212860955132377
1710778146.46225,1.3132288720872667
1710778146.4623632,1.302719513575236
1710778146.4624765,1.2922100226084392
1710778146.4625897,1.2810001108381484
1710778146.4627028,1.2697900666130912
1710778146.462816,1.2589303652445476
1710778146.4629292,1.2473701106177435
1710778146.4630425,1.2372109625074599
1710778146.4631555,1.2253003650241427
1710778146.4632688,1.2130394246843126
1710778146.463382,1.1997275882297092
1710778146.4634953,1.1860654089185927
1710778146.4636085,1.1706516477796767
1710778146.4637215,1.1555882294972737
1710778146.4638348,1.141225364473131
1710778146.463948,1.1265122890472412
1710778146.4640613,1.1132003201378715
1710778146.4641743,1.1002387603123982
1710778146.4642875,1.0862263043721516
1710778146.4644008,1.0711628198623657
1710778146.464514,1.0550484392378066
1710778146.464627,1.0368322001563177
1710778146.4647403,1.0168643792470295
1710778146.4648535,0.9958456622229682
1710778146.4649668,0.9734256400002373
1710778146.46508,0.9513559606340196
1710778146.465193,0.9285855955547756
1710778146.4653063,0.9065159161885579
1710778146.4654195,0.8840958939658271
1710778146.4655328,0.8616759379704793
1710778146.4656458,0.8396061923768785
1710778146.465759,0.8168358935250176
1710778146.4658723,0.7923140128453572
1710778146.4659855,0.7667412360509236
1710778146.4660985,0.7422193553712633
1710778146.4662118,0.7173471318350898
1710778146.466325,0.6928252511554294
1710778146.4664383,0.6690039899614122
1710778146.4665515,0.6462336911095513
1710778146.4666646,0.6234633260303073
1710778146.4667778,0.6003427505493164
1710778146.466891,0.5768717659844292
1710778146.4670043,0.5516492658191257
1710778146.4671173,0.5253758364253573
1710778146.4672306,0.49770113494661117
1710778146.4673438,0.4693258139822218
1710778146.467457,0.44024987353218925
1710778146.46757,0.4111739330821567
1710778146.4676833,0.3831489218605889
1710778146.4677966,0.3551239106390211
1710778146.4679098,0.32709889941745335
1710778146.4680228,0.29907388819588554
1710778146.468136,0.27069858378834194
1710778146.4682493,0.24057169755299884
1710778146.4683626,0.20939388208919102
1710778146.4684758,0.1778657403257158
1710778146.4685888,0.14563697907659742
1710778146.468702,0.11375853584872352
1710778146.4688153,0.08258072038491567
1710778146.4689286,0.051753210524717964
1710778146.4690416,0.021626328428586323
1710778146.4691548,-0.007798403191069761
1710778146.469268,-0.03791939467191696
1710778146.4693813,-0.06769013901551564
1710778146.4694943,-0.09886186156007978
1710778146.4696076,-0.1300335841046439
1710778146.4697208,-0.16155554188622367
1710778146.469834,-0.19307750794622633
1710778146.4699473,-0.22389898697535196
1710778146.4700603,-0.25366973545816207
1710778146.4701736,-0.2820395098792182
1710778146.4702868,-0.30970878071255153
1710778146.4704,-0.33667756451500785
1710778146.470513,-0.36364638143115574
1710778146.4706264,-0.39131565226448906
1710778146.4707396,-0.41898492309782237
1710778146.4708529,-0.44735471407572425
1710778146.4709659,-0.4757244719399346
1710778146.471079,-0.504094229804145
1710778146.4711924,-0.5310630467202928
1710778146.4713056,-0.5580317974090576
1710778146.4714186,-0.582899186346266
1710778146.4715319,-0.6077665090560913
1710778146.471645,-0.6315830681059096
1710778146.4717584,-0.6553996933831109
1710778146.4718716,-0.6799167394638062
1710778146.4719846,-0.7033830881118774
1710778146.4720979,-0.7293011744817098
1710778146.4722111,-0.7541684971915351
1710778146.4723244,-0.7779851224687364
1710778146.4724374,-0.8025021685494317
1710778146.4725506,-0.825268030166626
1710778146.4726639,-0.8466329177220662
1710778146.4727771,-0.8683480819066365
1710778146.4728901,-0.8883119954003228
1710778146.4730034,-0.908976395924886
1710778146.4731166,-0.9306914938820733
1710778146.47323,-0.9527568684683906
1710778146.4733431,-0.9758730067147149
1710778146.4734561,-0.9989890787336562
1710778146.4735694,-1.0214047299491034
1710778146.4736826,-1.0424193408754137
1710778146.473796,-1.0620330439673529
1710778146.473909,-1.0816466808319092
1710778146.4740222,-1.0991589228312175
1710778146.4741354,-1.1163208219740126
1710778146.4742486,-1.133132643169827
1710778146.4743617,-1.149243778652615
1710778146.474475,-1.1660554673936632
1710778146.4745882,-1.1835677093929715
1710778146.4747014,-1.1993287669287787
1710778146.4748147,-1.214739481608073
1710778146.4749277,-1.2287492222256131
1710778146.475041,-1.2413579887813992
1710778146.4751542,-1.2525657812754314
1710778146.4752674,-1.2623725997077093
1710778146.4753804,-1.2721794181399875
1710778146.4754937,-1.2819863690270317
1710778146.475607,-1.2924936082628038
1710778146.4757202,-1.303351190355089
1710778146.4758332,-1.313508219189114
1710778146.4759464,-1.3254165649414062
1710778146.4760597,-1.3355735937754314
1710778146.476173,-1.3436292277442083
1710778146.476286,-1.3516848617129855
1710778146.4763992,-1.3576389683617485
1710778146.4765124,-1.3625424438052707
1710778146.4766257,-1.3670955763922796
1710778146.476739,-1.3709482881757948
1710778146.476852,-1.3755014207628038
1710778146.4769652,-1.378653711742825
1710778146.4770784,-1.383557054731581
1710778146.4771917,-1.385308371649848
1710778146.4773047,-1.387059556113349
1710778146.477418,-1.387409766515096
1710778146.4775312,-1.385658582051595
1710778146.4776444,-1.382156080669827
1710778146.4777575,-1.3779531584845648
1710778146.4778707,-1.3726994726392958
1710778146.477984,-1.3677961296505399
1710778146.4780972,-1.3632429970635307
1710778146.4782104,-1.3583395216200087
1710778146.4783235,-1.3537863890329997
1710778146.4784367,-1.3488829135894775
1710778146.47855,-1.3425785965389676
1710778146.4786632,-1.3348731729719374
1710778146.4787762,-1.3261171181996663
1710778146.4788895,-1.315959956910875
1710778146.4790027,-1.30510237481859
1710778146.479116,-1.2949453459845648
1710778146.479229,-1.2840877638922796
1710778146.4793422,-1.2735803922017415
1710778146.4794555,-1.2637735737694633
1710778146.4795687,-1.2536165449354384
1710778146.479682,-1.2434595161014133
1710778146.479795,-1.231901380750868
1710778146.4799082,-1.218942403793335
1710778146.4800215,-1.2045823203192816
1710778146.4801347,-1.1891716056399875
1710778146.4802477,-1.1727101273006864
1710778146.480361,-1.1569492022196453
1710778146.4804742,-1.140837934282091
1710778146.4805875,-1.1250770092010498
1710778146.4807005,-1.1103667153252494
1710778146.4808137,-1.0949560006459553
1710778146.480927,-1.0798954963684082
1710778146.4810402,-1.0634340180291069
1710778146.4811532,-1.0452213552263048
1710778146.4812665,-1.0270086261961195
1710778146.4813797,-1.0066945023006864
1710778146.481493,-0.987080799208747
1710778146.4816062,-0.9671168857150607
1710778146.4817193,-0.9471529722213745
1710778146.4818325,-0.9271890587276882
1710778146.4819458,-0.908626119295756
1710778146.482059,-0.8883119954003228
1710778146.482172,-0.8676475948757595
1710778146.4822853,-0.8455822202894423
1710778146.4823985,-0.822115871641371
1710778146.4825118,-0.7965480619006686
1710778146.4826248,-0.7706299755308363
1710778146.482738,-0.744361678759257
1710778146.4828513,-0.7177431053585476
1710778146.4829645,-0.6907743215560913
1710778146.4830778,-0.6645060247845119
1710778146.4831908,-0.6392884254455566
1710778146.483304,-0.6126699182722304
1710778146.4834173,-0.586751831902398
1710778146.4835305,-0.5601333247290717
1710778146.4836435,-0.5317635337511698
1710778146.4837568,-0.5037439862887064
1710778146.48387,-0.47397325436274207
1710778146.4839833,-0.44560349649853176
1710778146.4840963,-0.41583273145887584
1710778146.4842095,-0.387813217110104
1710778146.4843228,-0.3604941897922092
1710778146.484436,-0.3335253728760613
1710778146.484549,-0.3055058585272895
1710778146.4846623,-0.27713608410623336
1710778146.4847755,-0.24736533562342325
1710778146.4848888,-0.2168941166665819
1710778146.485002,-0.18607263763745627
1710778146.485115,-0.1534999410311381
1710778146.4852283,-0.12197796669271257
1710778146.4853415,-0.09010575711727142
1710778146.4854548,-0.05893403457270728
1710778146.4855678,-0.029513535814152822
1710778146.485681,0.0009578859640492334
1710778146.4857943,0.030384144435326256
1710778146.4859076,0.060861338343885206
1710778146.4860206,0.09238946768972608
1710778146.4861338,0.12321698168913522
1710778146.486247,0.15474511517418754
1710778146.4863603,0.18662355012363857
1710778146.4864736,0.2174510724014706
1710778146.4865866,0.24792826837963527
1710778146.4866998,0.2759532630443573
1710778146.486813,0.30432860056559247
1710778146.4869263,0.33095233970218235
1710778146.4870393,0.3579264216952854
1710778146.4871526,0.3852507803175184
1710778146.4872658,0.41187455256779987
1710778146.487379,0.4395492540465461
1710778146.487492,0.46827488475375706
1710778146.4876053,0.49665020571814644
1710778146.4877186,0.5239745643403795
1710778146.4878318,0.5505983365906609
1710778146.487945,0.575820869869656
1710778146.488058,0.5999924076928033
1710778146.4881713,0.62556525071462
1710778146.4882846,0.6493865119086372
1710778146.4883978,0.6746090120739406
1710778146.4885108,0.7005321317248874
1710778146.488624,0.7268055942323473
1710778146.4887373,0.753078990512424
1710778146.4888506,0.7790021763907539
1710778146.4889636,0.8049252960417006
1710778146.4890769,0.8290968338648478
1710778146.48919,0.8518671327167087
1710778146.4893034,0.8742871549394395
1710778146.4894164,0.895305938190884
1710778146.4895296,0.9163246552149454
1710778146.4896429,0.9380440579520332
1710778146.489756,0.9587124983469645
1710778146.4898694,0.9804319010840522
1710778146.4899824,1.00250158045027
1710778146.4900956,1.0228196779886882
1710778146.4902089,1.0438384612401326
1710778146.490322,1.0624050431781344
1710778146.4904351,1.0809716251161363
1710778146.4905484,1.0977866252263386
1710778146.4906616,1.114601559109158
1710778146.4907749,1.1314165592193604
1710778146.4908879,1.148932245042589
1710778146.4910011,1.1657472451527913
1710778146.4911144,1.18396348423428
1710778146.4912276,1.2007784843444824
1710778146.4913409,1.2165425883399115
1710778146.491454,1.2319563494788275
1710778146.4915671,1.244567632675171
1710778146.4916804,1.2561278873019748
1710778146.4917936,1.264885663986206
1710778146.4919066,1.2736435731252034
1710778146.49202,1.2810001108381484
1710778146.4921331,1.2894075446658664
1710778146.4922464,1.2971144252353244
1710778146.4923594,1.3041207525465224
1710778146.4924726,1.3114772902594671
1710778146.492586,1.318133274714152
1710778146.4926991,1.3233878877427843
1710778146.4928124,1.3279419475131564
1710778146.4929254,1.3303942150539823
1710778146.4930387,1.3324960072835286
1710778146.493152,1.3352984852261014
1710778146.4932652,1.3366997241973877
1710778146.4933782,1.3395023345947266
1710778146.4934914,1.3426551553938124
1710778146.4936047,1.345107290479872
1710778146.493718,1.3468588723076713
1710778146.493831,1.3482601112789578
1710778146.4939442,1.3486104541354709
1710778146.4940574,1.3447569476233587
1710778146.4941707,1.3412537839677598
1710778146.4942837,1.3352984852261014
1710778146.494397,1.3282922903696697
1710778146.4945102,1.3209357526567247
1710778146.4946234,1.3135792149437797
1710778146.4947367,1.306572887632582
1710778146.4948497,1.2985156642066107
1710778146.494963,1.291159126493666
1710778146.4950762,1.2824013498094347
1710778146.4951894,1.272242334153917
1710778146.4953024,1.2610322899288602
1710778146.4954157,1.2484210067325168
1710778146.495529,1.2351091702779133
1710778146.4956422,1.2224978870815701
1710778146.4957552,1.2091860506269667
1710778146.4958684,1.1972753206888835
1710778146.4959817,1.1836131413777669
1710778146.496095,1.172403229607476
1710778146.4962082,1.1601422892676458
1710778146.4963212,1.1461297671000164
1710778146.4964345,1.1317669020758734
1710778146.4965477,1.1167034837934706
1710778146.496661,1.099538140826755
1710778146.496774,1.0823728640874226
1710778146.4968872,1.0652075211207073
1710778146.4970005,1.0473415586683485
1710778146.4971137,1.0305265585581462
1710778146.4972267,1.0133612818188138
1710778146.49734,0.9979475206798977
1710778146.4974532,0.9800815582275391
1710778146.4975665,0.9625659386316935
1710778146.4976797,0.9432987372080485
1710778146.4977927,0.9219296773274739
1710778146.497906,0.899159378475613
1710778146.4980192,0.876038736767239
1710778146.4981325,0.8511665132310655
1710778146.4982455,0.8273452520370483
1710778146.4983587,0.8028233713573879
1710778146.498472,0.7790021763907539
1710778146.4985852,0.7551809151967366
1710778146.4986982,0.7303086916605631
1710778146.4988115,0.7047358486387465
1710778146.4989247,0.6781121095021566
1710778146.499038,0.6514883703655666
1710778146.499151,0.6224124299155341
1710778146.4992642,0.5936867660946316
1710778146.4993775,0.5649611685011122
1710778146.4994907,0.5365858475367228
1710778146.499604,0.5092614558007982
1710778146.499717,0.4812364445792304
1710778146.4998302,0.4535617431004842
1710778146.4999435,0.42483611239327324
1710778146.5000567,0.3961104816860623
1710778146.5001698,0.3656333022647434
1710778146.500283,0.3337548507584466
1710778146.5003963,0.30082547002368504
1710778146.5005095,0.2682463990317451
1710778146.5006225,0.23531700174013773
1710778146.5007358,0.2037888765335083
1710778146.500849,0.17261106106970045
1710778146.5009623,0.14283448457717896
1710778146.5010755,0.1120069788561927
1710778146.5011885,0.08258072038491567
1710778146.5013018,0.052804148031605616
1710778146.501415,0.021626328428586323
1710778146.5015283,-0.009899867905510796
1710778146.5016413,-0.04002085576454798
1710778146.5017545,-0.07154282596376207
1710778146.5018678,-0.10166380968358782
1710778146.501981,-0.13213504519727495
1710778146.502094,-0.16120529837078518
1710778146.5022073,-0.18887458576096428
1710778146.5023205,-0.2172443601820204
1710778146.5024338,-0.24666484859254625
1710778146.5025468,-0.27678584059079486
1710778146.50266,-0.3069068325890435
1710778146.5027733,-0.3391293022367689
1710778146.5028865,-0.3706512517399258
1710778146.5029998,-0.4025234778722127
1710778146.5031128,-0.4336951838599311
1710778146.503226,-0.4631156722704569
1710778146.5033393,-0.49183570676379734
1710778146.5034525,-0.5198552211125692
1710778146.5035655,-0.5468240049150255
1710778146.5036788,-0.5734425783157349
1710778146.503792,-0.6018123361799452
1710778146.5039053,-0.6294816070132785
1710778146.5040183,-0.6571508778466119
1710778146.5041316,-0.6841196616490682
1710778146.5042448,-0.7107382350497775
1710778146.504358,-0.7366563214196099
1710778146.5044713,-0.7601226700676812
1710778146.5045843,-0.7835890187157525
1710778146.5046976,-0.8070553673638238
1710778146.5048108,-0.8291207419501411
1710778146.504924,-0.8522368139690822
1710778146.505037,-0.8757032288445367
1710778146.5051503,-0.9009207619561089
1710778146.5052636,-0.9254378742641872
1710778146.5053768,-0.9506554073757595
1710778146.5054898,-0.9741217560238308
1710778146.505603,-0.9972378942701552
1710778146.5057163,-1.0193032688564725
1710778146.5058296,-1.0403178797827826
1710778146.5059428,-1.059231095843845
1710778146.5060558,-1.0788447327084012
1710778146.506169,-1.0988086462020874
1710778146.5062823,-1.1184223492940266
1710778146.5063956,-1.138736539416843
1710778146.5065086,-1.1587003866831462
1710778146.5066218,-1.1783140235477023
1710778146.506735,-1.1961764759487576
1710778146.5068483,-1.214389271206326
1710778146.5069613,-1.230500406689114
1710778146.5070746,-1.2441599369049072
1710778146.5071878,-1.2588702307807074
1710778146.507301,-1.2721794181399875
1710778146.507414,-1.2847883171505399
1710778146.5075274,-1.2980975045098198
1710778146.5076406,-1.31210724512736
1710778146.5077538,-1.3243658012813992
1710778146.507867,-1.3366243574354384
1710778146.50798,-1.3478321499294705
1710778146.5080934,-1.3569385475582547
1710778146.5082066,-1.364643971125285
1710778146.5083199,-1.3702478673723009
1710778146.5084329,-1.3758517636193168
1710778146.508546,-1.380054685804579
1710778146.5086594,-1.384958028793335
1710778146.5087726,-1.389160950978597
1710778146.5088856,-1.3947648472256131
1710778146.5089989,-1.398967769410875
1710778146.5091121,-1.4024702707926433
1710778146.5092254,-1.4059727721744113
1710778146.5093386,-1.4063229825761583
1710778146.5094516,-1.4049220085144043
1710778146.5095649,-1.4042214552561443
1710778146.5096781,-1.401069296730889
1710778146.5097914,-1.3968663745456271
1710778146.5099044,-1.3937142160203722
1710778146.5100176,-1.390561925040351
1710778146.510131,-1.387409766515096
1710778146.5102441,-1.384257607989841
1710778146.5103571,-1.380404896206326
1710778146.5104704,-1.3751512103610568
1710778146.5105836,-1.3688468933105469
1710778146.510697,-1.3611414697435167
1710778146.5108101,-1.3523854149712455
1710778146.5109231,-1.3429288069407146
1710778146.5110364,-1.3345229625701904
1710778146.5111496,-1.3257667753431532
1710778146.511263,-1.317010720570882
1710778146.511376,-1.3082546657986112
1710778146.5114892,-1.301249795489841
1710778146.5116024,-1.2917931874593098
1710778146.5117157,-1.2816360261705186
1710778146.5118287,-1.2697278128729925
1710778146.511942,-1.2567687034606934
1710778146.5120552,-1.2420585420396593
1710778146.5121684,-1.2273482481638591
1710778146.5122814,-1.2119375334845648
1710778146.5123947,-1.1972272396087646
1710778146.512508,-1.1825169457329643
1710778146.5126212,-1.1685072051154242
1710778146.5127344,-1.153446700837877
1710778146.5128474,-1.13838619656033
1710778146.5129607,-1.1212242974175346
1710778146.513074,-1.1040623320473564
1710778146.5131872,-1.0844486289554172
1710778146.5133002,-1.064834992090861
1710778146.5134134,-1.0452213552263048
1710778146.5135267,-1.0249071651034884
1710778146.51364,-1.0052935282389324
1710778146.513753,-0.98638031217787
1710778146.5138662,-0.9671168857150607
1710778146.5139794,-0.9478534592522515
1710778146.5140927,-0.9282398223876953
1710778146.514206,-0.906874934832255
1710778146.514319,-0.8848095602459377
1710778146.5144322,-0.8602924479378594
1710778146.5145454,-0.8364758888880411
1710778146.5146587,-0.8109080129199557
1710778146.5147717,-0.7853402031792535
1710778146.514885,-0.7608231570985582
1710778146.5149982,-0.7363060447904799
1710778146.5151114,-0.7117889987097846
1710778146.5152245,-0.6865713993708292
1710778146.5153377,-0.660653313000997
1710778146.515451,-0.6333343187967936
1710778146.5155642,-0.6049645609325832
1710778146.5156775,-0.5758942498101128
1710778146.5157905,-0.5454230308532715
1710778146.5159037,-0.5167030294736227
1710778146.516017,-0.4858815670013428
1710778146.5161302,-0.4571615325080024
1710778146.5162432,-0.42844153112835354
1710778146.5163565,-0.4014727473258972
1710778146.5164697,-0.37345319986343384
1710778146.516583,-0.3443829549683465
1710778146.516696,-0.3160131639904446
1710778146.5168092,-0.28659267557991874
1710778146.5169225,-0.2557711965507931
1710778146.5170357,-0.22459947400622898
1710778146.5171487,-0.19412823849254185
1710778146.517262,-0.16400726305113897
1710778146.5173752,-0.13528724511464438
1710778146.5174885,-0.10551649663183424
1710778146.5176017,-0.07819746103551653
1710778146.5177147,-0.048076469037267894
1710778146.517828,-0.01970670082502895
1710778146.5179412,0.011116951290104125
1710778146.5180545,0.04264508270555072
1710778146.5181675,0.07347259256574842
1710778146.5182807,0.10465041630797915
1710778146.518394,0.1361785415146086
1710778146.5185072,0.16490418050024244
1710778146.5186203,0.19327950146463183
1710778146.5187335,0.22060387664371067
1710778146.5188468,0.24722763233714634
1710778146.51896,0.2731507685449388
1710778146.5190732,0.29907388819588554
1710778146.5191863,0.32604797018898857
1710778146.5192995,0.3523213995827569
1710778146.5194128,0.37999610106150306
1710778146.519526,0.4073204927974277
1710778146.519639,0.433593922191196
1710778146.5197523,0.4588164554701911
1710778146.5198655,0.4836886458926731
1710778146.5199788,0.5092614558007982
1710778146.5200918,0.5337833364804586
1710778146.520205,0.5590058697594537
1710778146.5203183,0.5856296088960435
1710778146.5204315,0.6129539675182766
1710778146.5205445,0.6399280495113796
1710778146.5206578,0.6679530276192559
1710778146.520771,0.6956277290980021
1710778146.5208843,0.7226018110911051
1710778146.5209975,0.7474740346272787
1710778146.5211105,0.7712952958212959
1710778146.5212238,0.7937152518166436
1710778146.521337,0.8154346545537312
1710778146.5214503,0.8368037144343058
1710778146.5215633,0.8574721548292372
1710778146.5216765,0.8781405952241685
1710778146.5217898,0.8998599979612563
1710778146.521903,0.9212290578418307
1710778146.522016,0.941547155380249
1710778146.5221293,0.960814356803894
1710778146.5222425,0.9790306621127658
1710778146.5223558,0.9968965583377414
1710778146.522469,1.0137115584479437
1710778146.522582,1.0305265585581462
1710778146.5226953,1.0476919015248616
1710778146.5228086,1.0648572444915771
1710778146.5229218,1.083774103058709
1710778146.5230348,1.1019903421401978
1710778146.523148,1.1202066474490695
1710778146.5232613,1.137722200817532
1710778146.5233746,1.1538366476694744
1710778146.5234876,1.1681993802388508
1710778146.5236008,1.1811610062917073
1710778146.523714,1.1927212609185112
1710778146.5238273,1.2039313051435683
1710778146.5239406,1.2140903207990859
1710778146.5240536,1.2253003650241427
1710778146.5241668,1.2361600663926866
1710778146.52428,1.2470197677612305
1710778146.5243933,1.256828573015001
1710778146.5245063,1.265236006842719
1710778146.5246196,1.272942887412177
1710778146.5247328,1.2785478432973225
1710778146.524846,1.283802588780721
1710778146.524959,1.2869554095798068
1710778146.5250723,1.2894075446658664
1710778146.5251856,1.2932610511779785
1710778146.5252988,1.2960635291205511
1710778146.5254118,1.298866007063124
1710778146.525525,1.3020188278622098
1710778146.5256383,1.3048213058047824
1710778146.5257516,1.3062225447760687
1710778146.5258648,1.306572887632582
1710778146.5259778,1.3051716486612956
1710778146.526091,1.3023691707187228
1710778146.5262043,1.2999169031778972
1710778146.5263176,1.2967642148335774
1710778146.5264306,1.2932610511779785
1710778146.5265439,1.2904585732354057
1710778146.526657,1.2876559628380668
1710778146.5267704,1.2855541706085205
1710778146.5268834,1.2817006640964084
1710778146.5269966,1.2771466043260362
1710778146.5271099,1.272242334153917
1710778146.527223,1.264185110727946
1710778146.5273364,1.2561278873019748
1710778146.5274494,1.2463190820482042
1710778146.5275626,1.236860752105713
1710778146.5276759,1.2274022897084553
1710778146.527789,1.218294170167711
1710778146.5279021,1.2091860506269667
1710778146.5280154,1.2000779310862224
1710778146.5281286,1.1913200219472249
1710778146.5282419,1.1811610062917073
1710778146.528355,1.1699509620666504
1710778146.5284681,1.1576900217268202
1710778146.5285814,1.1440278424157035
1710778146.5286946,1.129665109846327
1710778146.5288079,1.1160027980804443
1710778146.528921,1.1019903421401978
1710778146.5290341,1.087977819972568
1710778146.5291474,1.0746659835179646
1710778146.5292606,1.060653461350335
1710778146.5293736,1.0452397002114189
1710778146.529487,1.029475662443373
1710778146.5296001,1.0112594233618841
1710778146.5297134,0.9916418790817261
1710778146.5298264,0.9706231620576646
1710778146.5299397,0.9482031398349338
1710778146.530053,0.9264837370978461
1710778146.5301661,0.9040637148751153
1710778146.5302792,0.8826946549945407
1710778146.5303924,0.8609753184848361
1710778146.5305057,0.8392559157477485
1710778146.530619,0.8175365130106608
1710778146.5307322,0.7947662141587999
1710778146.5308452,0.7712952958212959
1710778146.5309584,0.7467734151416354
1710778146.5310717,0.7212005721198188
1710778146.531185,0.6959780719545152
1710778146.531298,0.6704052289326986
1710778146.5314112,0.645182728767395
1710778146.5315244,0.6213614675733778
1710778146.5316377,0.5975402063793606
1710778146.5317507,0.5730183256997002
1710778146.531864,0.5477958255343967
1710778146.5319772,0.5211720863978068
1710778146.5320904,0.493147075176239
1710778146.5322037,0.4630202054977417
1710778146.5323167,0.433593922191196
1710778146.53243,0.40206581354141235
1710778146.5325432,0.3715886010064019
1710778146.5326564,0.34181204107072616
1710778146.5327694,0.31168513827853733
1710778146.5328827,0.2819085783428616
1710778146.532996,0.25318294763565063
1710778146.5331092,0.22410700718561807
1710778146.5332222,0.193980120950275
1710778146.5333354,0.16315261522928873
1710778146.5334487,0.1316244817442364
1710778146.533562,0.10009634825918409
1710778146.5336752,0.06926884253819783
1710778146.5337882,0.03949227018488778
1710778146.5339015,0.010416325595643785
1710778146.5340147,-0.01795548117823071
1710778146.534128,-0.045975007944636874
1710778146.534241,-0.07294380002551608
1710778146.5343542,-0.10131356616814931
1710778146.5344675,-0.1300335841046439
1710778146.5345807,-0.15945408079359266
1710778146.5346937,-0.1895750727918413
1710778146.534807,-0.2196960647900899
1710778146.5349202,-0.24946681327290005
1710778146.5350335,-0.2795878052711487
1710778146.5351465,-0.307957563135359
1710778146.5352597,-0.33562683396869236
1710778146.535373,-0.3625956508848402
1710778146.5354862,-0.3895644346872965
1710778146.5355995,-0.4175839490360684
1710778146.5357125,-0.44595374001397026
1710778146.5358257,-0.4746737413936191
1710778146.535939,-0.504794716835022
1710778146.5360522,-0.5342152383592393
1710778146.5361652,-0.5629352728525797
1710778146.5362785,-0.5920055177476671
1710778146.5363917,-0.6189743015501235
1710778146.536505,-0.6445421112908257
1710778146.536618,-0.6704601976606581
1710778146.5367312,-0.6963782178031074
1710778146.5368445,-0.7222963041729397
1710778146.5369577,-0.748214324315389
1710778146.537071,-0.7755333847469753
1710778146.537184,-0.8035529322094387
1710778146.5372972,-0.8312222030427721
1710778146.5374105,-0.8571402894126045
1710778146.5375237,-0.8834085861841837
1710778146.5376368,-0.907225145234002
1710778146.53775,-0.9310417705112033
1710778146.5378633,-0.9534573554992676
1710778146.5379765,-0.9779744678073459
1710778146.5380895,-1.0000398423936632
1710778146.5382028,-1.0238564676708646
1710778146.538316,-1.0466223292880588
1710778146.5384293,-1.070438888337877
1710778146.5385423,-1.0921540525224473
1710778146.5386555,-1.1131686634487576
1710778146.5387688,-1.1324320899115667
1710778146.538882,-1.150294542312622
1710778146.5389953,-1.1667560206519232
1710778146.5391083,-1.1825169457329643
1710778146.5392215,-1.1979277928670247
1710778146.5393348,-1.2133385075463188
1710778146.539448,-1.2287492222256131
1710778146.539561,-1.2448604901631672
1710778146.5396743,-1.2606214152442083
1710778146.5397875,-1.2760321299235027
1710778146.5399008,-1.2896916601392958
1710778146.5400138,-1.302650769551595
1710778146.540127,-1.314208772447374
1710778146.5402403,-1.3243658012813992
1710778146.5403535,-1.3348731729719374
1710778146.5404668,-1.3450302018059623
1710778146.5405798,-1.3541365994347465
1710778146.540693,-1.3639434178670247
1710778146.5408063,-1.3744507895575628
1710778146.5409195,-1.383907397588094
1710778146.5410326,-1.391962899102105
1710778146.5411458,-1.398967769410875
1710778146.541259,-1.4038712448543973
1710778146.5413723,-1.4073737462361653
1710778146.5414853,-1.4094751411014133
1710778146.5415986,-1.4112263255649142
1710778146.5417118,-1.4115766684214275
1710778146.541825,-1.4129776424831815
1710778146.5419383,-1.4140282736884222
1710778146.5420513,-1.4154292477501762
1710778146.5421646,-1.4157795906066895
1710778146.5422778,-1.4161298010084364
1710778146.542391,-1.4140282736884222
1710778146.542504,-1.4108761151631672
1710778146.5426173,-1.4066731929779053
1710778146.5427306,-1.401069296730889
1710778146.5428438,-1.3954654004838731
1710778146.5429568,-1.3895112938351102
1710778146.54307,-1.383907397588094
1710778146.5431833,-1.379003922144572
1710778146.5432966,-1.3737502362993028
1710778146.5434096,-1.3681463400522869
1710778146.5435228,-1.3621922334035237
1710778146.543636,-1.3541365994347465
1710778146.5437493,-1.3450302018059623
1710778146.5438626,-1.3341726197136772
1710778146.5439756,-1.3229648272196453
1710778146.5440888,-1.3110566139221191
1710778146.544202,-1.299148268169827
1710778146.5443153,-1.2872399224175346
1710778146.5444283,-1.2767326831817627
1710778146.5445416,-1.2648243374294705
1710778146.5446548,-1.2529159916771782
1710778146.544768,-1.2399570147196453
1710778146.544881,-1.224546300040351
1710778146.5449944,-1.2087852425045438
1710778146.5451076,-1.1909227901034884
1710778146.5452209,-1.1723599168989394
1710778146.545334,-1.154147254096137
1710778146.545447,-1.134883827633328
1710778146.5455604,-1.1163208219740126
1710778146.5456736,-1.0981081591712103
1710778146.5457869,-1.0798954963684082
1710778146.5458999,-1.061332556936476
1710778146.546013,-1.0410183668136597
1710778146.5461264,-1.0196534792582195
1710778146.5462396,-0.9972378942701552
1710778146.5463526,-0.9730710585912068
1710778146.5464659,-0.9485539462831285
1710778146.5465791,-0.9243871106041802
1710778146.5466924,-0.899169577492608
1710778146.5468056,-0.8750026755862765
1710778146.5469186,-0.8497851424747043
1710778146.5470319,-0.825268030166626
1710778146.5471451,-0.7997002204259236
1710778146.5472584,-0.7727314366234673
1710778146.5473714,-0.744361678759257
1710778146.5474846,-0.7152914338641696
1710778146.547598,-0.6851704253090752
1710778146.5477111,-0.6546992063522339
1710778146.5478241,-0.6238777107662624
1710778146.5479374,-0.594457189242045
1710778146.5480506,-0.5660874313778347
1710778146.548164,-0.5380679170290629
1710778146.548277,-0.510748889711168
1710778146.5483902,-0.48342982927958167
1710778146.5485034,-0.45646104547712535
1710778146.5486166,-0.42739080058203804
1710778146.54873,-0.3983205225732591
1710778146.548843,-0.36890003416273326
1710778146.5489562,-0.33982978926764595
1710778146.5490694,-0.30935853719711304
1710778146.5491827,-0.2806385358174642
1710778146.5492957,-0.25051754381921554
1710778146.549409,-0.22249801291359794
1710778146.5495222,-0.19307750794622633
1710778146.5496354,-0.1629565159479777
1710778146.5497484,-0.13318577574359045
1710778146.5498617,-0.10096332265271081
1710778146.549975,-0.06839062604639265
1710778146.5500882,-0.034767194754547544
1710778146.5502014,-0.002544741922368606
1710778146.5503144,0.030033830553293228
1710778146.5504277,0.06121165222591824
1710778146.550541,0.09133853018283844
1710778146.5506542,0.12006416916847229
1710778146.5507672,0.14808918039004007
1710778146.5508804,0.17681481109725103
1710778146.5509937,0.20483980576197305
1710778146.551107,0.23426607251167297
1710778146.55122,0.26264139347606236
1710778146.5513332,0.29206766022576225
1710778146.5514464,0.3207932909329732
1710778146.5515597,0.34951892164018417
1710778146.551673,0.37684328026241726
1710778146.551786,0.40241612328423393
1710778146.5518992,0.4290398624208238
1710778146.5520124,0.4553133249282837
1710778146.5521257,0.48228737380769515
1710778146.5522387,0.5096117655436198
1710778146.552352,0.5383373962508308
1710778146.5524652,0.5667126841015285
1710778146.5525784,0.5961389674080743
1710778146.5526915,0.6245142883724636
1710778146.5528047,0.652539332707723
1710778146.552918,0.6781121095021566
1710778146.5530312,0.7047358486387465
1710778146.5531442,0.7299584150314331
1710778146.5532575,0.7544802957110934
1710778146.5533707,0.779702795876397
1710778146.553484,0.8056259155273438
1710778146.5535972,0.8311986923217773
1710778146.5537102,0.8574721548292372
1710778146.5538235,0.8826946549945407
1710778146.5539367,0.9075668785307143
1710778146.55405,0.9310377968682183
1710778146.554163,0.9524068567487929
1710778146.5542762,0.9730752971437242
1710778146.5543895,0.9919922219382392
1710778146.5545027,1.0105587376488578
1710778146.5546157,1.0298259390725029
1710778146.554729,1.0480422443813748
1710778146.5548422,1.0669591029485066
1710778146.5549555,1.0848250654008653
1710778146.5550687,1.1040922005971272
1710778146.5551817,1.1209072007073295
1710778146.555295,1.1370216475592718
1710778146.5554082,1.1513843801286485
1710778146.5555215,1.164696349038018
1710778146.5556345,1.1776578426361084
1710778146.5557477,1.1899187829759386
1710778146.555861,1.202530066172282
1710778146.5559742,1.2151413493686252
1710778146.5560873,1.2277526325649686
1710778146.5562005,1.2400135729047987
1710778146.5563138,1.2519241703881157
1710778146.556427,1.2620831860436332
1710778146.55654,1.2711913055843778
1710778146.5566533,1.2778472900390625
1710778146.5567665,1.2831019030676947
1710778146.5568798,1.288356648551093
1710778146.556993,1.2922100226084392
1710778146.557106,1.295713186264038
1710778146.5572193,1.3006175888909233
1710778146.5573325,1.3051716486612956
1710778146.5574458,1.3093753655751545
1710778146.5575588,1.3125281863742404
1710778146.557672,1.3156810071733263
1710778146.5577853,1.3177829318576388
1710778146.5578985,1.3184834851158989
1710778146.5580115,1.3174325890011258
1710778146.5581248,1.3167319032880995
1710778146.558238,1.3163816928863525
1710778146.5583513,1.3149804539150662
1710778146.5584645,1.314630111058553
1710778146.5585775,1.314630111058553
1710778146.5586908,1.3153306643168132
1710778146.558804,1.31427976820204
1710778146.5589173,1.3114772902594671
1710778146.5590303,1.306572887632582
1710778146.5591435,1.3013182746039496
1710778146.5592568,1.2932610511779785
1710778146.55937,1.2855541706085205
1710778146.559483,1.27574536535475
1710778146.5595963,1.2666372458140056
1710778146.5597095,1.2585800223880343
1710778146.5598228,1.249121692445543
1710778146.559936,1.241064469019572
1710778146.560049,1.2316060066223145
1710778146.5601623,1.2207463052537706
1710778146.5602756,1.2088357077704535
1710778146.5603888,1.1962244245741103
1710778146.5605018,1.1822119024064806
1710778146.560615,1.168549723095364
1710778146.5607283,1.1548875437842474
1710778146.5608416,1.141225364473131
1710778146.5609546,1.1279135280185275
1710778146.5610678,1.114251348707411
1710778146.561181,1.1012897226545546
1710778146.5612943,1.0869269238577948
1710778146.5614073,1.0704622003767226
1710778146.5615206,1.0536472002665203
1710778146.5616338,1.0347303416993883
1710778146.561747,1.014061901304457
1710778146.5618603,0.9930431180530124
1710778146.5619733,0.9716740581724379
1710778146.5620866,0.9513559606340196
1710778146.5621998,0.929986900753445
1710778146.562313,0.9093184603585137
1710778146.562426,0.887599057621426
1710778146.5625393,0.8658796548843384
1710778146.5626526,0.8431093560324775
1710778146.5627658,0.8189377519819472
1710778146.5628788,0.7937152518166436
1710778146.562992,0.76814247502221
1710778146.5631053,0.7422193553712633
1710778146.5632186,0.7166465123494467
1710778146.5633318,0.6914240121841431
1710778146.5634449,0.6669021315044826
1710778146.563558,0.6427305274539523
1710778146.5636714,0.617858370145162
1710778146.5637846,0.5926358699798584
1710778146.5638976,0.5660120646158854
1710778146.5640109,0.5390380157364739
1710778146.564124,0.5106626947720846
1710778146.5642374,0.4826376835505167
1710778146.5643504,0.4532114333576626
1710778146.5644636,0.4251864221360948
1710778146.5645769,0.3978620635138618
1710778146.56469,0.37088798152075875
1710778146.5648034,0.34461451901329887
1710778146.5649164,0.31834108961953056
1710778146.5650296,0.29136700762642753
1710778146.5651429,0.26439295874701607
1710778146.565256,0.2360176377826267
1710778146.5653691,0.2072920070754157
1710778146.5654824,0.17856637636820474
1710778146.5655956,0.149840729104148
1710778146.5657089,0.12181572616100311
1710778146.565822,0.09519197046756744
1710778146.5659351,0.06856821477413177
1710778146.5660484,0.041944459080696106
1710778146.5661616,0.016021327012115054
1710778146.5662746,-0.010600355971190665
1710778146.566388,-0.038269638187355466
1710778146.5665011,-0.06733989550007714
1710778146.5666144,-0.09746088749832577
1710778146.5667276,-0.1261808971563975
1710778146.5668406,-0.15595164563920763
1710778146.566954,-0.18502190709114075
1710778146.5670671,-0.2130414214399126
1710778146.5671804,-0.24071070883009169
1710778146.5672934,-0.26767949263254803
1710778146.5674067,-0.2956990400950114
1710778146.56752,-0.3244190414746602
1710778146.5676332,-0.3531390428543091
1710778146.5677462,-0.38326005140940345
1710778146.5678594,-0.41408151388168335
1710778146.5679727,-0.4431517918904622
1710778146.568086,-0.4725722803009881
1710778146.5681992,-0.5009420381651984
1710778146.5683122,-0.5282610985967848
1710778146.5684254,-0.5545293953683641
1710778146.5685387,-0.5800972382227579
1710778146.568652,-0.6063655349943373
1710778146.568765,-0.6333343187967936
1710778146.5688782,-0.659602615568373
1710778146.5689914,-0.6876221630308363
1710778146.5691047,-0.7145909468332926
1710778146.5692177,-0.741909941037496
1710778146.569331,-0.7674777507781982
1710778146.5694442,-0.7919948630862765
1710778146.5695574,-0.8158114883634779
1710778146.5696707,-0.8385773499806721
1710778146.5697837,-0.8606427245669894
1710778146.569897,-0.8837587965859307
1710778146.5700102,-0.906524658203125
1710778146.5701234,-0.9296407964494493
1710778146.5702364,-0.9538076321283976
1710778146.5703497,-0.9776241911782159
1710778146.570463,-1.001090539826287
1710778146.5705762,-1.0238564676708646
1710778146.5706892,-1.0438203149371676
1710778146.5708025,-1.0637842284308539
1710778146.5709157,-1.0826974444919162
1710778146.571029,-1.1005598968929715
1710778146.571142,-1.1184223492940266
1710778146.5712552,-1.135934591293335
1710778146.5713685,-1.154847674899631
1710778146.5714817,-1.1716594960954454
1710778146.571595,-1.1895218160417345
1710778146.571708,-1.2056330839792888
1710778146.5718212,-1.219642824596829
1710778146.5719345,-1.232601934009128
1710778146.5720477,-1.2441599369049072
1710778146.5721607,-1.2539667553371854
1710778146.572274,-1.2637735737694633
1710778146.5723872,-1.2728799713982475
1710778146.5725005,-1.2823365794287787
1710778146.5726135,-1.2928438186645508
1710778146.5727267,-1.303000979953342
1710778146.57284,-1.3124575879838731
1710778146.5729532,-1.321563853157891
1710778146.5730665,-1.3289190663231742
1710778146.5731795,-1.3359239366319444
1710778146.5732927,-1.3415278328789604
1710778146.573406,-1.3457307550642226
1710778146.5735192,-1.3499336772494845
1710778146.5736322,-1.3548370202382405
1710778146.5737455,-1.3590399424235027
1710778146.5738587,-1.3642936282687717
1710778146.573972,-1.3677961296505399
1710778146.574085,-1.3723492622375488
1710778146.5741982,-1.3755014207628038
1710778146.5743115,-1.3765521844228108
1710778146.5744247,-1.3765521844228108
1710778146.5745378,-1.3751512103610568
1710778146.574651,-1.3726994726392958
1710778146.5747643,-1.3705980777740479
1710778146.5748775,-1.3677961296505399
1710778146.5749907,-1.366044945187039
1710778146.5751038,-1.364643971125285
1710778146.575217,-1.3632429970635307
1710778146.5753303,-1.3621922334035237
1710778146.5754435,-1.3600907060835097
1710778146.5755565,-1.3562379942999945
1710778146.5756698,-1.3516848617129855
1710778146.575783,-1.3453805446624756
1710778146.5758963,-1.3380253314971924
1710778146.5760093,-1.3317210144466824
1710778146.5761225,-1.3236653804779053
1710778146.5762358,-1.316310167312622
1710778146.576349,-1.3086048762003581
1710778146.5764623,-1.300549242231581
1710778146.5765753,-1.2910926342010498
1710778146.5766885,-1.2795346313052707
1710778146.5768018,-1.2665755218929715
1710778146.576915,-1.2518653604719374
1710778146.577028,-1.2364546457926433
1710778146.5771413,-1.219292614195082
1710778146.5772545,-1.2028311358557806
1710778146.5773678,-1.1853188938564725
1710778146.5774808,-1.1706087324354384
1710778146.577594,-1.154147254096137
1710778146.5777073,-1.13838619656033
1710778146.5778205,-1.1240262455410428
1710778146.5779338,-1.1068642801708646
1710778146.5780468,-1.0893521043989394
1710778146.57816,-1.0707891649670072
1710778146.5782733,-1.0515257385041978
1710778146.5783865,-1.0305110613505046
1710778146.5784996,-1.0101969374550712
1710778146.5786128,-0.989882747332255
1710778146.578726,-0.9695686234368218
1710778146.5788393,-0.9482037358813815
1710778146.5789523,-0.9278895457585652
1710778146.5790656,-0.905123684141371
1710778146.5791788,-0.8809568484624226
1710778146.579292,-0.8557393153508503
1710778146.579405,-0.830171439382765
1710778146.5795183,-0.8014514711168077
1710778146.5796316,-0.7734319236543443
1710778146.5797448,-0.7454123761918809
1710778146.579858,-0.7180933819876777
1710778146.579971,-0.6918250852160983
1710778146.5800843,-0.665556788444519
1710778146.5801976,-0.6392884254455566
1710778146.5803108,-0.6126699182722304
1710778146.5804238,-0.585701134469774
1710778146.580537,-0.5573313103781806
1710778146.5806503,-0.5279108550813463
1710778146.5807636,-0.4991908205880059
1710778146.5808766,-0.46906984514660305
1710778146.5809898,-0.4399995671378242
1710778146.581103,-0.4105790787272983
1710778146.5812163,-0.38326005140940345
1710778146.5813296,-0.3559409909778171
1710778146.5814426,-0.32792147662904525
1710778146.5815558,-0.30025220579571194
1710778146.581669,-0.27223267489009434
1710778146.5817823,-0.2417614393764072
1710778146.5818954,-0.21234093440903556
1710778146.5820086,-0.18221994241078696
1710778146.5821218,-0.15174870689709982
1710778146.582235,-0.12302869723902808
1710778146.582348,-0.09500917461183336
1710778146.5824614,-0.06663940432998869
1710778146.5825746,-0.038970125218232475
1710778146.5826879,-0.0102501114209493
1710778146.582801,0.01812320202589035
1710778146.582914,0.047899774379200406
1710778146.5830274,0.07872728010018666
1710778146.5831406,0.11095604134930505
1710778146.5832539,0.14283448457717896
1710778146.5833669,0.17436260978380838
1710778146.5834801,0.2058907515472836
1710778146.5835934,0.2360176377826267
1710778146.5837066,0.2654438879754808
1710778146.5838196,0.29416951868269176
1710778146.5839329,0.32324545913272434
1710778146.5840461,0.35267170932557845
1710778146.5841594,0.38209799263212413
1710778146.5842724,0.4125751720534431
1710778146.5843856,0.4427020748456319
1710778146.584499,0.4728289445241292
1710778146.5846121,0.5026055044598049
1710778146.5847254,0.5313311351670159
1710778146.5848384,0.5600567658742269
1710778146.5849516,0.587381190723843
1710778146.585065,0.614004929860433
1710778146.5851781,0.641329288482666
1710778146.5852911,0.6690039899614122
1710778146.5854044,0.6977296537823147
1710778146.5855176,0.7264552513758341
1710778146.585631,0.7551809151967366
1710778146.585744,0.7828556166754829
1710778146.5858572,0.8105302519268459
1710778146.5859704,0.8354024754630195
1710778146.5860837,0.8595740132861667
1710778146.586197,0.8819940355088975
1710778146.58631,0.9044140577316284
1710778146.5864232,0.9247321552700466
1710778146.5865364,0.9457509385214912
1710778146.5866497,0.9664193789164225
1710778146.5867627,0.987438162167867
1710778146.586876,1.0077562597062852
1710778146.5869892,1.0284247001012166
1710778146.5871024,1.0466409391827054
1710778146.5872154,1.064506901635064
1710778146.5873287,1.0816722446017795
1710778146.587442,1.0977866252263386
1710778146.5875552,1.1135506629943848
1710778146.5876684,1.129665109846327
1710778146.5877814,1.14542908138699
1710778146.5878947,1.1622440814971924
1710778146.588008,1.180460320578681
1710778146.5881212,1.1962244245741103
1710778146.5882342,1.2123388714260526
1710778146.5883474,1.2270519468519423
1710778146.5884607,1.2400135729047987
1710778146.588574,1.249822245703803
1710778146.588687,1.2592807081010606
1710778146.5888002,1.268038484785292
1710778146.5889134,1.2753950224982367
1710778146.5890267,1.2827516926659477
1710778146.5891397,1.2904585732354057
1710778146.589253,1.2974647680918376
1710778146.5893662,1.3041207525465224
1710778146.5894794,1.310426394144694
1710778146.5895927,1.3156810071733263
1710778146.5897057,1.3191841708289251
1710778146.589819,1.321986648771498
1710778146.5899322,1.3237382305992973
1710778146.5900455,1.3261903656853569
1710778146.5901585,1.3272413942548964
1710778146.5902717,1.329693529340956
1710778146.590385,1.3324960072835286
1710778146.5904982,1.3352984852261014
1710778146.5906112,1.337750752766927
1710778146.5907245,1.3402028878529866
1710778146.5908377,1.3402028878529866
1710778146.590951,1.3398525449964735
1710778146.5910642,1.337750752766927
1710778146.5911772,1.3338972462548149
1710778146.5912905,1.3303942150539823
1710778146.5914037,1.3261903656853569
1710778146.591517,1.3216363059149847
1710778146.59163,1.3184834851158989
1710778146.5917432,1.31427976820204
1710778146.5918565,1.310426394144694
1710778146.5919697,1.3044709629482694
1710778146.5920827,1.2967642148335774
1710778146.592196,1.2876559628380668
1710778146.5923092,1.2774969471825492
1710778146.5924225,1.265236006842719
1710778146.5925355,1.252624723646376
1710778146.5926487,1.2403637833065457
1710778146.592762,1.2277526325649686
1710778146.5928752,1.2154916922251384
1710778146.5929885,1.202880409028795
1710778146.5931015,1.1899187829759386
1710778146.5932148,1.176256603664822
1710778146.593328,1.1601422892676458
1710778146.5934412,1.1433272891574435
1710778146.5935543,1.125461260477702
1710778146.5936675,1.1054935057957966
1710778146.5937808,1.0872772004869249
1710778146.593894,1.0676597224341497
1710778146.594007,1.0494434833526611
1710778146.5941203,1.0291253195868597
1710778146.5942335,1.010909080505371
1710778146.5943468,0.9909412595960829
1710778146.59446,0.9709734386867946
1710778146.594573,0.9482031398349338
1710778146.5946863,0.9250824981265597
1710778146.5947995,0.9002102745903863
1710778146.5949128,0.8742871549394395
1710778146.5950258,0.8497652742597792
1710778146.595139,0.8241924974653456
1710778146.5952523,0.8000208934148152
1710778146.5953655,0.7754990127351549
1710778146.5954785,0.7516777515411377
1710778146.5955918,0.7278564903471205
1710778146.595705,0.7040352291531032
1710778146.5958183,0.6784624523586696
1710778146.5959315,0.6535902288224962
1710778146.5960445,0.6252149078581068
1710778146.5961578,0.598591168721517
1710778146.596271,0.5712668100992838
1710778146.5963843,0.5442926949924892
1710778146.5964973,0.5183695753415426
1710778146.5966105,0.49104518360561794
1710778146.5967238,0.4651220639546712
1710778146.596837,0.4381479819615682
1710778146.59695,0.4097726609971788
1710778146.5970633,0.3803464108043247
1710778146.5971766,0.35021954112582737
1710778146.5972898,0.31904170910517377
1710778146.5974028,0.2868129478560554
1710778146.597516,0.25668607817755806
1710778146.5976293,0.22690950168503654
1710778146.5977426,0.1974832514921824
1710778146.5978558,0.1680569847424825
1710778146.5979688,0.14038229982058206
1710778146.598082,0.11165666083494821
1710778146.5981953,0.08258072038491567
1710778146.5983086,0.05350477579567167
1710778146.5984216,0.023027579817507002
1710778146.5985348,-0.006747670575148529
1710778146.598648,-0.03791939467191696
1710778146.5987613,-0.06663940432998869
1710778146.5988743,-0.09641014867358737
1710778146.5989876,-0.12372919254832797
1710778146.5991008,-0.15244919392797682
1710778146.599214,-0.1804687248335944
1710778146.5993273,-0.20883849925465053
1710778146.5994403,-0.23720827367570665
1710778146.5995536,-0.2687302397357093
1710778146.5996668,-0.30025220579571194
1710778146.59978,-0.33247464232974583
1710778146.599893,-0.3625956508848402
1710778146.6000063,-0.3934171133571201
1710778146.6001196,-0.42388836542765296
1710778146.6002328,-0.4529586103227403
1710778146.6003458,-0.4813283681869507
1710778146.600459,-0.5100484026802911
1710778146.6005723,-0.5380679170290629
1710778146.6006856,-0.5671381950378418
1710778146.6007988,-0.5969089269638062
1710778146.6009119,-0.6259791718588935
1710778146.601025,-0.6557499037848579
1710778146.6011384,-0.6848201486799452
1710778146.6012516,-0.7114387220806545
1710778146.6013646,-0.7387577825122409
1710778146.6014779,-0.7629246181911892
1710778146.601591,-0.7870914538701375
1710778146.6017044,-0.8112582895490859
1710778146.6018174,-0.8343744277954102
1710778146.6019306,-0.8581909868452284
1710778146.6020439,-0.8827080991533067
1710778146.602157,-0.906524658203125
1710778146.6022701,-0.9310417705112033
1710778146.6023834,-0.9541578425301446
1710778146.6024966,-0.9758730067147149
1710778146.6026099,-0.9972378942701552
1710778146.6027231,-1.0165013207329643
1710778146.6028361,-1.0350642601648967
1710778146.6029494,-1.0525764359368217
1710778146.6030626,-1.0711393753687541
1710778146.6031759,-1.0893521043989394
1710778146.603289,-1.1075647672017415
1710778146.6034021,-1.1257774300045438
1710778146.6035154,-1.1436398824055989
1710778146.6036286,-1.159050597084893
1710778146.6037416,-1.1741111013624403
1710778146.603855,-1.1863696575164795
1710778146.6039681,-1.1986282136705186
1710778146.6040814,-1.2091355853610568
1710778146.6041946,-1.219993167453342
1710778146.6043077,-1.230850617090861
1710778146.604421,-1.2417081991831462
1710778146.6045341,-1.2536165449354384
1710778146.6046474,-1.2658751010894775
1710778146.6047604,-1.2774331039852567
1710778146.6048737,-1.2886408964792888
1710778146.604987,-1.299848821428087
1710778146.6051002,-1.3082546657986112
1710778146.6052132,-1.316660510169135
1710778146.6053264,-1.3233151700761583
1710778146.6054397,-1.3306702507866752
1710778146.605553,-1.3383755418989394
1710778146.6056662,-1.3464311758677165
1710778146.6057792,-1.3541365994347465
1710778146.6058924,-1.3607912593417697
1710778146.6060057,-1.3670955763922796
1710778146.606119,-1.3709482881757948
1710778146.606232,-1.3737502362993028
1710778146.6063452,-1.3755014207628038
1710778146.6064584,-1.3748009999593098
1710778146.6065717,-1.3730498154958088
1710778146.6066847,-1.3719990518358018
1710778146.606798,-1.3709482881757948
1710778146.6069112,-1.3698975245157878
1710778146.6070244,-1.3691971037122939
1710778146.6071374,-1.3688468933105469
1710778146.6072507,-1.3684965504540336
1710778146.607364,-1.3656946023305256
1710778146.6074772,-1.3618420230017767
1710778146.6075904,-1.3565883371565077
1710778146.6077034,-1.3516848617129855
1710778146.6078167,-1.3450302018059623
1710778146.60793,-1.3383755418989394
1710778146.6080432,-1.3320712248484294
1710778146.6081562,-1.3261171181996663
1710778146.6082695,-1.3205132219526503
1710778146.6083827,-1.313508219189114
1710778146.608496,-1.3068536917368572
1710778146.608609,-1.297747294108073
1710778146.6087222,-1.2868897120157878
1710778146.6088355,-1.2749813662634955
1710778146.6089487,-1.2620223893059623
1710778146.609062,-1.2476624382866752
1710778146.609175,-1.233652565214369
1710778146.6092882,-1.219292614195082
1710778146.6094015,-1.2056330839792888
1710778146.6095147,-1.1912731329600017
1710778146.6096277,-1.1772633923424614
1710778146.609741,-1.1618525452084012
1710778146.6098542,-1.1446906460656059
1710778146.6099675,-1.1257774300045438
1710778146.6100805,-1.1061637931399875
1710778146.6101937,-1.0854993926154242
1710778146.610307,-1.064134505059984
1710778146.6104202,-1.0424193408754137
1710778146.6105332,-1.0217549403508503
1710778146.6106465,-1.001090539826287
1710778146.6107597,-0.980776415930854
1710778146.610873,-0.9601120154062907
1710778146.6109862,-0.9390974044799805
1710778146.6110992,-0.9173822402954102
1710778146.6112125,-0.8939158916473389
1710778146.6113257,-0.8707997534010146
1710778146.611439,-0.8459324306911892
1710778146.611552,-0.8207148975796169
1710778146.6116652,-0.7961977852715386
1710778146.6117785,-0.7720309495925903
1710778146.6118917,-0.749615364604526
1710778146.6120048,-0.7257987393273247
1710778146.612118,-0.7026826010810004
1710778146.6122313,-0.6788660420311822
1710778146.6123445,-0.6529479556613498
1710778146.6124578,-0.6259791718588935
1710778146.6125708,-0.5993605984581841
1710778146.612684,-0.5716913276248508
1710778146.6127973,-0.5436718132760789
1710778146.6129105,-0.5170532729890611
1710778146.6130235,-0.4907849762174818
1710778146.6131368,-0.465567409992218
1710778146.61325,-0.44105029768413967
1710778146.6133633,-0.41513224442799884
1710778146.6134763,-0.3895644346872965
1710778146.6135895,-0.36294589440027875
1710778146.6137028,-0.33632732099956936
1710778146.613816,-0.30830780665079754
1710778146.6139293,-0.2792375617557102
1710778146.6140423,-0.24981705678833854
1710778146.6141555,-0.22179752588272095
1710778146.6142688,-0.19377799497710332
1710778146.614382,-0.16610872414377
1710778146.614495,-0.13808919323815239
1710778146.6146083,-0.10971942709551917
1710778146.6147215,-0.07994867861270905
1710778146.6148348,-0.049127203722794846
1710778146.6149478,-0.017605237662792206
1710778146.615061,0.014269764845569927
1710778146.6151743,0.04509727160135905
1710778146.6152875,0.07627509534358978
1710778146.6154006,0.10605166355768839
1710778146.6155138,0.13547792202896541
1710778146.615627,0.16315261522928873
1710778146.6157403,0.19047699040836757
1710778146.6158535,0.2174510724014706
1710778146.6159666,0.24547606706619263
1710778146.6160798,0.27350107828776044
1710778146.616193,0.30187639925214976
1710778146.6163063,0.3313026494450039
1710778146.6164193,0.3596779704093933
1710778146.6165326,0.3880532913737827
1710778146.6166458,0.41677892208099365
1710778146.616759,0.4430523845884535
1710778146.616872,0.470026433467865
1710778146.6169853,0.4973508252037896
1710778146.6170986,0.5243249071968926
1710778146.6172118,0.5516492658191257
1710778146.617325,0.5810755491256714
1710778146.617438,0.6098011467191908
1710778146.6175513,0.6381764676835802
1710778146.6176646,0.6662015120188395
1710778146.6177778,0.6935258706410726
1710778146.6178908,0.7194489902920193
1710778146.618004,0.7436205943425497
1710778146.6181173,0.7667412360509236
1710778146.6182306,0.7884605725606282
1710778146.6183436,0.8112308714124892
1710778146.6184568,0.8343515131208632
1710778146.61857,0.856771535343594
1710778146.6186833,0.8795418341954548
1710778146.6187966,0.9019618564181857
1710778146.6189096,0.9229806396696303
1710778146.6190228,0.9443496995502048
1710778146.619136,0.9636169009738498
1710778146.6192493,0.9814827971988254
1710778146.6193624,0.9993487596511841
1710778146.6194756,1.0154631402757432
1710778146.6195889,1.0329787598715887
1710778146.619702,1.0494434833526611
1710778146.619815,1.0673093795776367
1710778146.6199284,1.0844747225443523
1710778146.6200416,1.1016400655110676
1710778146.6201549,1.117404169506497
1710778146.6202679,1.1321172449323866
1710778146.620381,1.14542908138699
1710778146.6204944,1.1583907074398465
1710778146.6206076,1.1703013049231634
1710778146.6207209,1.1811610062917073
1710778146.6208339,1.1920207076602511
1710778146.6209471,1.203580962287055
1710778146.6210604,1.2158419026268852
1710778146.6211736,1.2277526325649686
1710778146.6212866,1.2396632300482855
1710778146.6213999,1.2505229314168294
1710778146.6215131,1.259981393814087
1710778146.6216264,1.2687391704983182
1710778146.6217394,1.2753950224982367
1710778146.6218526,1.2810001108381484
1710778146.621966,1.2866050667232938
1710778146.6220791,1.2922100226084392
1710778146.6221924,1.2978151109483507
1710778146.6223054,1.3037704096900091
1710778146.6224186,1.3097257084316678
1710778146.622532,1.3156810071733263
1710778146.6226451,1.3198847240871854
1710778146.6227582,1.3230375448862712
1710778146.6228714,1.3247891267140706
1710778146.6229846,1.3254898124270968
1710778146.623098,1.3247891267140706
1710778146.623211,1.3240885734558105
1710778146.6233242,1.3230375448862712
1710778146.6234374,1.3226873344845242
1710778146.6235507,1.321986648771498
1710778146.623664,1.3205854098002117
1710778146.623777,1.318833827972412
1710778146.6238902,1.3156810071733263
1710778146.6240034,1.3107766045464408
1710778146.6241167,1.3041207525465224
1710778146.6242297,1.2953628434075248
1710778146.624343,1.2862547238667805
1710778146.6244562,1.27574536535475
1710778146.6245694,1.2669875886705186
1710778146.6246824,1.257178783416748
1710778146.6247957,1.2477204534742568
1710778146.624909,1.2382619910769992
1710778146.6250222,1.2281028429667156
1710778146.6251352,1.2168929311964247
1710778146.6252484,1.2056828869713676
1710778146.6253617,1.1923710505167644
1710778146.625475,1.1783585283491347
1710778146.6255882,1.1629447672102187
1710778146.6257012,1.1478813489278157
1710778146.6258144,1.133868826760186
1710778146.6259277,1.1191556188795302
1710778146.626041,1.1044425434536405
1710778146.626154,1.0897294018003676
1710778146.6262672,1.0743156406614516
1710778146.6263804,1.0571503639221191
1710778146.6264937,1.0385837819841173
1710778146.6266067,1.018615961074829
1710778146.62672,0.9965462817086114
1710778146.6268332,0.9737759166293674
1710778146.6269464,0.9510056177775065
1710778146.6270597,0.9282353189256456
1710778146.6271727,0.9054650200737847
1710778146.627286,0.8830449978510538
1710778146.6273992,0.8609753184848361
1710778146.6275125,0.8382049534055922
1710778146.6276255,0.8143836922115749
1710778146.6277387,0.7905624310175577
1710778146.627852,0.7656902737087673
1710778146.6279652,0.7387161917156643
1710778146.6280782,0.7138440344068739
1710778146.6281915,0.6893221537272135
1710778146.6283047,0.66444993019104
1710778146.628418,0.6406286689970229
1710778146.628531,0.617858370145162
1710778146.6286442,0.5940371089511447
1710778146.6287575,0.5698655049006144
1710778146.6288707,0.5456939670774672
1710778146.628984,0.5197708143128289
1710778146.629097,0.49209614594777423
1710778146.6292102,0.46442144446902806
1710778146.6293235,0.43534550401899547
1710778146.6294367,0.4066198733117845
1710778146.6295497,0.3792954815758599
1710778146.629663,0.3509201606114705
1710778146.6297762,0.32324545913272434
1710778146.6298895,0.2955707576539781
1710778146.6300025,0.2671954532464345
1710778146.6301157,0.23741887675391302
1710778146.630229,0.20694168077574834
1710778146.6303422,0.17576386531194052
1710778146.6304555,0.1438854303624895
1710778146.6305685,0.11235728859901428
1710778146.6306818,0.08047884537114038
1710778146.630795,0.050351959135797285
1710778146.6309083,0.020225079109271366
1710778146.6310213,-0.009199378805028068
1710778146.6311345,-0.03861988170279397
1710778146.6312478,-0.06839062604639265
1710778146.631361,-0.09956234859095679
1710778146.631474,-0.13073407113552094
1710778146.6315873,-0.16400726305113897
1710778146.6317005,-0.19728044668833414
1710778146.6318138,-0.2302033868100908
1710778146.631927,-0.26312632693184745
1710778146.63204,-0.29429803291956586
1710778146.6321533,-0.32582001553641426
1710778146.6322665,-0.3562912344932556
1710778146.6323798,-0.3874629735946655
1710778146.6324928,-0.4182844360669454
1710778146.632606,-0.4491059316529168
1710778146.6327193,-0.4809781246715122
1710778146.6328325,-0.512850350803799
1710778146.6329455,-0.5440220567915175
1710778146.6330588,-0.5741430653466119
1710778146.633172,-0.6032133102416992
1710778146.6332853,-0.6305323706732856
1710778146.6333983,-0.6571508778466119
1710778146.6335115,-0.6827186875873141
1710778146.6336248,-0.7075860765245225
1710778146.633738,-0.7331538862652248
1710778146.6338513,-0.7587216960059272
1710778146.6339643,-0.7849899927775065
1710778146.6340775,-0.8119587765799628
1710778146.6341908,-0.8375265863206651
1710778146.634304,-0.8637948830922444
1710778146.634417,-0.8886622058020698
1710778146.6345303,-0.9117783440483941
1710778146.6346436,-0.9352446926964654
1710778146.6347568,-0.9566095802519057
1710778146.6348698,-0.9786749548382229
1710778146.634983,-1.0003900527954102
1710778146.6350963,-1.0238564676708646
1710778146.6352096,-1.0459218422571819
1710778146.6353228,-1.068337427245246
1710778146.6354358,-1.0900525914298163
1710778146.635549,-1.1096662282943726
1710778146.6356623,-1.1285793781280518
1710778146.6357756,-1.14609162012736
1710778146.6358886,-1.1618525452084012
1710778146.6360018,-1.1769130494859483
1710778146.636115,-1.1919735537634955
1710778146.6362283,-1.2066838476392958
1710778146.6363413,-1.22209456231859
1710778146.6364546,-1.237155066596137
1710778146.6365678,-1.2536165449354384
1710778146.636681,-1.2669258647494845
1710778146.6367943,-1.2809356053670247
1710778146.6369073,-1.2928438186645508
1710778146.6370206,-1.303000979953342
1710778146.6371338,-1.3128077983856201
1710778146.637247,-1.3219141960144043
1710778146.63736,-1.3310204611884222
1710778146.6374733,-1.3408272796207004
1710778146.6375866,-1.3513346513112385
1710778146.6376998,-1.3611414697435167
1710778146.6378129,-1.3709482881757948
1710778146.637926,-1.380054685804579
1710778146.6380394,-1.388460530175103
1710778146.6381526,-1.396165821287367
1710778146.6382656,-1.401069296730889
1710778146.6383789,-1.4059727721744113
1710778146.638492,-1.4094751411014133
1710778146.6386054,-1.4136780632866752
1710778146.6387186,-1.4168302218119304
1710778146.6388316,-1.4210331439971924
1710778146.6389449,-1.4248858557807074
1710778146.639058,-1.4276878039042156
1710778146.6391714,-1.4297893312242296
1710778146.6392844,-1.4294391208224826
1710778146.6393976,-1.4269873831007216
1710778146.6395109,-1.4231346713172064
1710778146.639624,-1.4178809854719374
1710778146.6397371,-1.4119268788231742
1710778146.6398504,-1.4063229825761583
1710778146.6399636,-1.3993181122673881
1710778146.6400769,-1.3940644264221191
1710778146.6401901,-1.388460530175103
1710778146.6403031,-1.382856633928087
1710778146.6404164,-1.3755014207628038
1710778146.6405296,-1.3674459192487929
1710778146.640643,-1.3572887579600017
1710778146.640756,-1.3464311758677165
1710778146.6408691,-1.3345229625701904
1710778146.6409824,-1.3226146168178983
1710778146.6410956,-1.3103560606638591
1710778146.6412086,-1.2980975045098198
1710778146.641322,-1.2854887379540336
1710778146.6414351,-1.2732301817999945
1710778146.6415484,-1.2592204411824544
1710778146.6416616,-1.2448604901631672
1710778146.6417747,-1.2276984585656059
1710778146.641888,-1.2091355853610568
1710778146.6420012,-1.1895218160417345
1710778146.6421144,-1.1685072051154242
1710778146.6422274,-1.147842804590861
1710778146.6423407,-1.1271784040662978
1710778146.642454,-1.1068642801708646
1710778146.6425672,-1.0879511303371854
1710778146.6426802,-1.068687703874376
1710778146.6427934,-1.0501247644424438
1710778146.6429067,-1.0301608509487576
1710778146.64302,-1.0098466608259413
1710778146.643133,-0.988832049899631
1710778146.6432462,-0.9667666753133137
1710778146.6433594,-0.9443510240978664
1710778146.6434727,-0.9208846754497951
1710778146.643586,-0.8981188138326008
1710778146.643699,-0.8767539262771606
1710778146.6438122,-0.8543383412890964
1710778146.6439254,-0.831572413444519
1710778146.6440387,-0.8081060647964478
1710778146.6441517,-0.7835890187157525
1710778146.644265,-0.7573207219441731
1710778146.6443782,-0.7293011744817098
1710778146.6444914,-0.7012816270192465
1710778146.6446044,-0.6718611717224121
1710778146.6447177,-0.6427908605999416
1710778146.644831,-0.6151215897666084
1710778146.6449442,-0.587452318933275
1710778146.6450574,-0.5611840221616957
1710778146.6451705,-0.5352659689055549
1710778146.6452837,-0.5093479156494141
1710778146.645397,-0.4827293422487047
1710778146.6455102,-0.45576055844624835
1710778146.6456232,-0.4270405570665995
1710778146.6457365,-0.39937125311957467
1710778146.6458497,-0.3706512517399258
1710778146.645963,-0.34193125036027694
1710778146.646076,-0.3146121899286906
1710778146.6461892,-0.28659267557991874
1710778146.6463025,-0.2596238917774624
1710778146.6464157,-0.23160436087184483
1710778146.6465287,-0.2035848299662272
1710778146.646642,-0.17346383796797857
1710778146.6467552,-0.14299261901113722
1710778146.6468685,-0.1118208881881502
1710778146.6469817,-0.07924819158183204
1710778146.6470947,-0.04702573849095239
1710778146.647208,-0.01550377243094974
1710778146.6473212,0.015320702352457576
1710778146.6474345,0.04544758548339208
1710778146.6475475,0.07557446757952373
1710778146.6476607,0.10500072605080074
1710778146.647774,0.1361785415146086
1710778146.6478872,0.16560479998588562
1710778146.6480002,0.19713294174936083
1710778146.6481135,0.22936168644163343
1710778146.6482267,0.2612401379479302
1710778146.64834,0.2924179699685838
1710778146.6484532,0.3235957688755459
1710778146.6485662,0.3530220521820916
1710778146.6486795,0.381397373146481
1710778146.6487927,0.40907204151153564
1710778146.648906,0.43639643324746025
1710778146.649019,0.46477175421184963
1710778146.6491323,0.49279676543341744
1710778146.6492455,0.5208217766549852
1710778146.6493587,0.5495474073621962
1710778146.6494718,0.5768717659844292
1710778146.649585,0.6045464674631754
1710778146.6496983,0.6315205494562784
1710778146.6498115,0.6563927067650689
1710778146.6499248,0.6802139679590861
1710778146.6500378,0.7036849525239732
1710778146.650151,0.7268055942323473
1710778146.6502643,0.7502765125698513
1710778146.6503775,0.7737474309073554
1710778146.6504905,0.7975686921013726
1710778146.6506038,0.8210396766662598
1710778146.650717,0.845211214489407
1710778146.6508303,0.8672808938556247
1710778146.6509433,0.8882996771070693
1710778146.6510565,0.9072165356742011
1710778146.6511698,0.926133460468716
1710778146.651283,0.9429484605789185
1710778146.651396,0.9604640801747639
1710778146.6515093,0.9772790802849664
1710778146.6516225,0.9954953193664551
1710778146.6517358,1.0137115584479437
1710778146.651849,1.0315775209003024
1710778146.651962,1.0501441028383043
1710778146.6520753,1.0676597224341497
1710778146.6521885,1.0834237602021959
1710778146.6523018,1.0998884836832683
1710778146.6524148,1.114601559109158
1710778146.652528,1.1282637384202745
1710778146.6526413,1.141575707329644
1710778146.6527545,1.156639125612047
1710778146.6528676,1.1706516477796767
1710778146.6529808,1.1853647232055664
1710778146.653094,1.1993772453731961
1710778146.6532073,1.2130394246843126
1710778146.6533206,1.2249500221676297
1710778146.6534336,1.2351091702779133
1710778146.6535468,1.2438669469621446
1710778146.65366,1.2512234846750896
1710778146.6537733,1.257178783416748
1710778146.6538863,1.2627838717566595
1710778146.6539996,1.2690895133548312
1710778146.6541128,1.2739937835269504
1710778146.654226,1.2799490822686088
1710778146.654339,1.2862547238667805
1710778146.6544523,1.291159126493666
1710778146.6545656,1.2960635291205511
1710778146.6546788,1.299216349919637
1710778146.654792,1.3013182746039496
1710778146.654905,1.3023691707187228
1710778146.6550183,1.3023691707187228
1710778146.6551316,1.303420066833496
1710778146.6552448,1.3037704096900091
1710778146.6553578,1.3048213058047824
1710778146.655471,1.3055219915178087
1710778146.6555843,1.306572887632582
1710778146.6556976,1.306572887632582
1710778146.6558106,1.3051716486612956
1710778146.6559238,1.3020188278622098
1710778146.656037,1.2971144252353244
1710778146.6561503,1.2904585732354057
1710778146.6562634,1.283452245924208
1710778146.6563766,1.2753950224982367
1710778146.6564898,1.268038484785292
1710778146.656603,1.259981393814087
1710778146.6567163,1.252624723646376
1710778146.6568294,1.2449178430769179
1710778146.6569426,1.2358097235361736
1710778146.6570559,1.226001050737169
1710778146.657169,1.2147910065121121
1710778146.657282,1.2014791700575087
1710778146.6573954,1.187816990746392
1710778146.6575086,1.1731037828657362
1710778146.6576219,1.1580403645833333
1710778146.6577349,1.1440278424157035
1710778146.6578481,1.130015320248074
1710778146.6579614,1.1163531409369574
1710778146.6580746,1.1023406849967108
1710778146.6581879,1.0886785056855943
1710778146.6583009,1.072213782204522
1710778146.6584141,1.0550484392378066
1710778146.6585274,1.0364819235271878
1710778146.6586406,1.017915341589186
1710778146.6587536,0.998998483022054
1710778146.658867,0.9793809387418959
1710778146.6589801,0.9604640801747639
1710778146.6590934,0.941547155380249
1710778146.6592064,0.9233309162987603
1710778146.6593196,0.9051146772172716
1710778146.659433,0.8858474757936265
1710778146.6595461,0.8655293782552083
1710778146.6596594,0.8441603183746338
1710778146.6597724,0.8217402961519029
1710778146.6598856,0.799320273929172
1710778146.659999,0.7751487361060249
1710778146.6601121,0.7534293333689371
1710778146.6602252,0.7310093111462063
1710778146.6603384,0.7103408707512749
1710778146.6604517,0.6882711913850572
1710778146.660565,0.6672524081336128
1710778146.660678,0.6462336911095513
1710778146.6607912,0.6224124299155341
1710778146.6609044,0.5975402063793606
1710778146.6610177,0.5723177062140571
1710778146.6611307,0.5463945865631104
1710778146.661244,0.5190701948271857
1710778146.6613572,0.49279676543341744
1710778146.6614704,0.46687361266877914
1710778146.6615837,0.4398995637893677
1710778146.6616967,0.4136261012819078
1710778146.66181,0.3870023621453179
1710778146.6619232,0.35932766066657174
1710778146.6620364,0.33095233970218235
1710778146.6621494,0.3011757797665066
1710778146.6622627,0.27069858378834194
1710778146.662376,0.24022138781017727
1710778146.6624892,0.21044481131765577
1710778146.6626022,0.18031792508231267
1710778146.6627154,0.15159229437510172
1710778146.6628287,0.12356729143195681
1710778146.662942,0.09624290797445509
1710778146.6630552,0.06786759114927715
1710778146.6631682,0.04019289794895384
1710778146.6632814,0.010416325595643785
1710778146.6633947,-0.01970670082502895
1710778146.663508,-0.05087842129998737
1710778146.663621,-0.08134965267446306
1710778146.6637342,-0.1121711317035887
1710778146.6638474,-0.14159162839253744
1710778146.6639607,-0.17171262039078605
1710778146.6640737,-0.19973215129640368
1710778146.664187,-0.2284521692328983
1710778146.6643002,-0.25752241412798565
1710778146.6644135,-0.28729316261079574
1710778146.6645265,-0.31811465819676715
1710778146.6646397,-0.34893612066904706
1710778146.664753,-0.3797576162550184
1710778146.6648662,-0.4105790787272983
1710778146.6649795,-0.44140054119957817
1710778146.6650925,-0.47012057569291854
1710778146.6652057,-0.4984903335571289
1710778146.665319,-0.5261596043904623
1710778146.6654322,-0.5520776907602946
1710778146.6655452,-0.5786961979336208
1710778146.6656585,-0.6060152583652072
1710778146.6657717,-0.6333343187967936
1710778146.665885,-0.661003589630127
1710778146.665998,-0.6883226500617133
1710778146.6661112,-0.7145909468332926
1710778146.6662245,-0.7405089669757419
1710778146.6663377,-0.7650260792838203
1710778146.666451,-0.7881421513027614
1710778146.666564,-0.8105578025182087
1710778146.6666772,-0.832272900475396
1710778146.6667905,-0.8536377880308363
1710778146.6669037,-0.8760534392462836
1710778146.6670167,-0.8981188138326008
1710778146.66713,-0.9212349520789253
1710778146.6672432,-0.9447013007269965
1710778146.6673565,-0.9667666753133137
1710778146.6674695,-0.988832049899631
1710778146.6675828,-1.0091461737950642
1710778146.667696,-1.0284096002578735
1710778146.6678092,-1.0469725396898057
1710778146.6679225,-1.065885755750868
1710778146.6680355,-1.0837481419245403
1710778146.6681488,-1.1030115683873494
1710778146.668262,-1.1215745078192816
1710778146.6683753,-1.140837934282091
1710778146.6684883,-1.159050597084893
1710778146.6686015,-1.1776136027442083
1710778146.6687148,-1.1937248706817627
1710778146.668828,-1.2077346112993028
1710778146.668941,-1.221744351916843
1710778146.6690543,-1.234002908070882
1710778146.6691675,-1.2462614642249212
1710778146.6692808,-1.2585200203789604
1710778146.6693938,-1.2714789973364935
1710778146.669507,-1.2840877638922796
1710778146.6696203,-1.2980975045098198
1710778146.6697335,-1.3114068243238661
1710778146.6698468,-1.3233151700761583
1710778146.6699598,-1.3348731729719374
1710778146.670073,-1.3457307550642226
1710778146.6701863,-1.3541365994347465
1710778146.6702995,-1.3632429970635307
1710778146.6704125,-1.3709482881757948
1710778146.6705258,-1.3779531584845648
1710778146.670639,-1.385308371649848
1710778146.6707523,-1.3930136627621121
1710778146.6708653,-1.3993181122673881
1710778146.6709785,-1.4049220085144043
1710778146.6710918,-1.4087747202979193
1710778146.671205,-1.4112263255649142
1710778146.6713183,-1.4115766684214275
1710778146.6714313,-1.4098253515031602
1710778146.6715446,-1.4073737462361653
1710778146.6716578,-1.4038712448543973
1710778146.671771,-1.4007190863291423
1710778146.671884,-1.397566795349121
1710778146.6719973,-1.396165821287367
1710778146.6721106,-1.3944146368238661
1710778146.6722238,-1.3916126887003581
1710778146.6723368,-1.389160950978597
1710778146.67245,-1.384958028793335
1710778146.6725633,-1.380404896206326
1710778146.6726766,-1.3737502362993028
1710778146.6727898,-1.3663951555887859
1710778146.6729028,-1.3597404956817627
1710778146.673016,-1.3516848617129855
1710778146.6731293,-1.3432790173424614
1710778146.6732426,-1.3355735937754314
1710778146.6733556,-1.3271677494049072
1710778146.6734688,-1.317010720570882
1710778146.673582,-1.306153138478597
1710778146.6736953,-1.2928438186645508
1710778146.6738083,-1.2777834468417697
1710778146.6739216,-1.2609716256459553
1710778146.6740348,-1.2438097265031602
1710778146.674148,-1.225947274102105
1710778146.674261,-1.2091355853610568
1710778146.6743743,-1.1912731329600017
1710778146.6744876,-1.1748116546207004
1710778146.6746008,-1.1579999658796523
1710778146.674714,-1.141538487540351
1710778146.674827,-1.1233256922827826
1710778146.6749403,-1.1040623320473564
1710778146.6750536,-1.0844486289554172
1710778146.6751668,-1.0634340180291069
1710778146.6752799,-1.0424193408754137
1710778146.675393,-1.0214047299491034
1710778146.6755064,-1.0007403294245403
1710778146.6756196,-0.981126692559984
1710778146.6757326,-0.9611627790662978
1710778146.6758459,-0.9415490759743584
1710778146.675959,-0.9215851624806721
1710778146.6760724,-0.9002202749252319
1710778146.6761856,-0.8778046899371676
1710778146.6762986,-0.8546885516908433
1710778146.6764119,-0.830171439382765
1710778146.676525,-0.8056543933020698
1710778146.6766384,-0.7800865835613674
1710778146.6767514,-0.7566202349132961
1710778146.6768646,-0.7317529122034708
1710778146.6769779,-0.7079362869262695
1710778146.6770911,-0.6834191746181911
1710778146.6772041,-0.6575011544757419
1710778146.6773174,-0.6308825810750326
1710778146.6774306,-0.6025128232108222
1710778146.6775439,-0.5730923016866049
1710778146.6776571,-0.5436718132760789
1710778146.6777701,-0.5135508378346761
1710778146.6778834,-0.4841303163104587
1710778146.6779966,-0.4536590973536173
1710778146.67811,-0.425289339489407
1710778146.678223,-0.3969195485115051
1710778146.6783361,-0.36819954713185626
1710778146.6784494,-0.3391293022367689
1710778146.6785626,-0.30935853719711304
1710778146.6786757,-0.27748632762167186
1710778146.678789,-0.24561411804623073
1710778146.6789021,-0.2130414214399126
1710778146.6790154,-0.17976823780271742
1710778146.6791284,-0.14789602822727627
1710778146.6792417,-0.11602381865183511
1710778146.679355,-0.08520233962270948
1710778146.6794682,-0.054030621217356786
1710778146.6795814,-0.02250865308774842
1710778146.6796944,0.00866476291169723
1710778146.6798077,0.040543207691775426
1710778146.679921,0.07417322032981448
1710778146.6800342,0.10710260106457604
1710778146.6801472,0.13968166377809313
1710778146.6802604,0.17296137081252203
1710778146.6803737,0.20413918627632988
1710778146.680487,0.23496669199731615
1710778146.6806,0.26299170321888393
1710778146.6807132,0.2924179699685838
1710778146.6808264,0.3197423285908169
1710778146.6809397,0.348818302154541
1710778146.681053,0.37719359000523883
1710778146.681166,0.4073204927974277
1710778146.6812792,0.43639643324746025
1710778146.6813924,0.4658226834403144
1710778146.6815057,0.4952489336331685
1710778146.6816187,0.5232739448547363
1710778146.681732,0.5509486463334825
1710778146.6818452,0.5775723854700724
1710778146.6819584,0.6041961908340454
1710778146.6820714,0.6304695871141222
1710778146.6821847,0.6574436691072252
1710778146.682298,0.6847680277294582
1710778146.6824112,0.7124427292082045
1710778146.6825242,0.7401174306869507
1710778146.6826375,0.7656902737087673
1710778146.6827507,0.7923140128453572
1710778146.682864,0.8171862363815308
1710778146.6829772,0.8399565352333916
1710778146.6830902,0.8623765574561225
1710778146.6832035,0.8826946549945407
1710778146.6833167,0.9033630953894721
1710778146.68343,0.9240315357844034
1710778146.683543,0.945400595664978
1710778146.6836562,0.9664193789164225
1710778146.6837695,0.9870878193113539
1710778146.6838827,1.0077562597062852
1710778146.6839957,1.0277240806155734
1710778146.684109,1.0455900430679321
1710778146.6842222,1.0627553198072646
1710778146.6843355,1.0795703199174669
1710778146.6844487,1.094984081056383
1710778146.6845617,1.1114487383100722
1710778146.684675,1.1275631851620145
1710778146.6847882,1.1447285281287298
1710778146.6849015,1.1615435282389324
1710778146.6850145,1.1776578426361084
1710778146.6851277,1.1941224998897977
1710778146.685241,1.2091860506269667
1710778146.6853542,1.2217972013685439
1710778146.6854672,1.2351091702779133
1710778146.6855805,1.245268185933431
1710778146.6856937,1.2557775444454617
1710778146.685807,1.2662869029574924
1710778146.6859202,1.2764460510677762
1710778146.6860332,1.2876559628380668
1710778146.6861465,1.2978151109483507
1710778146.6862597,1.3076237837473552
1710778146.686373,1.3167319032880995
1710778146.686486,1.3240885734558105
1710778146.6865993,1.330043872197469
1710778146.6867125,1.3345979319678412
1710778146.6868258,1.3370500670539007
1710778146.6869388,1.3395023345947266
1710778146.687052,1.3419544696807861
1710778146.6871653,1.3440563943650987
1710778146.6872785,1.3458079761928983
1710778146.6873915,1.3475594255659316
1710778146.6875048,1.3486104541354709
1710778146.687618,1.3493110073937309
1710778146.6877313,1.3479097684224446
1710778146.6878445,1.3461581865946453
1710778146.6879575,1.3416041268242729
1710778146.6880708,1.3359991709391277
1710778146.688184,1.3310947683122423
1710778146.6882973,1.3237382305992973
1710778146.6884103,1.318133274714152
1710778146.6885235,1.3114772902594671
1710778146.6886368,1.3058723343743217
1710778146.68875,1.2985156642066107
1710778146.688863,1.291159126493666
1710778146.6889763,1.2820510069529216
1710778146.6890895,1.2708409627278645
1710778146.6892028,1.2592807081010606
1710778146.689316,1.2463190820482042
1710778146.689429,1.2330072455936008
1710778146.6895423,1.2203959623972576
1710778146.6896555,1.2077848116556804
1710778146.6897688,1.1962244245741103
1710778146.6898818,1.1846641699473064
1710778146.689995,1.1734541257222493
1710778146.6901083,1.1604924996693928
1710778146.6902215,1.1468303203582764
1710778146.6903346,1.1314165592193604
1710778146.6904478,1.1156525876786973
1710778146.690561,1.0984872447119818
1710778146.6906743,1.0813219017452664
1710778146.6907876,1.0634559392929077
1710778146.6909006,1.0466409391827054
1710778146.6910138,1.0291253195868597
1710778146.691127,1.010909080505371
1710778146.6912403,0.9937437375386555
1710778146.6913533,0.9748268789715236
1710778146.6914666,0.9541584385765923
1710778146.6915798,0.9313881397247314
1710778146.691693,0.9089681175020006
1710778146.691806,0.8858474757936265
1710778146.6919193,0.8623765574561225
1710778146.6920326,0.8392559157477485
1710778146.6921458,0.8168358935250176
1710778146.6922588,0.7944158713022867
1710778146.692372,0.7726965347925822
1710778146.6924853,0.7509771320554945
1710778146.6925986,0.7275062137179904
1710778146.6927118,0.7043855720096164
1710778146.6928248,0.6791630718443129
1710778146.692938,0.652889609336853
1710778146.6930513,0.6262658702002631
1710778146.6931646,0.5999924076928033
1710778146.6932776,0.5740692880418565
1710778146.6933908,0.5481461352772182
1710778146.693504,0.5218727058834499
1710778146.6936173,0.49665020571814644
1710778146.6937304,0.47072705295350814
1710778146.6938436,0.4430523845884535
1710778146.6939569,0.41572799285252887
1710778146.69407,0.3852507803175184
1710778146.6941833,0.35547422038184273
1710778146.6942964,0.32429642147488064
1710778146.6944096,0.2938192089398702
1710778146.6945229,0.26439295874701607
1710778146.694636,0.23426607251167297
1710778146.694749,0.20554044180446202
1710778146.6948624,0.17646448479758367
1710778146.6949756,0.14703823460472953
1710778146.6950889,0.11621072888374329
1710778146.6952019,0.08538322316275702
1710778146.6953151,0.053154461913638644
1710778146.6954284,0.020925702734125983
1710778146.6955416,-0.011300844036870532
1710778146.6956549,-0.04317305154270596
1710778146.6957679,-0.07329404354095459
1710778146.6958811,-0.1027145485083262
1710778146.6959944,-0.13178480168183646
1710778146.6961076,-0.15910383727815416
1710778146.6962206,-0.18782385521464878
1710778146.696334,-0.2172443601820204
1710778146.6964471,-0.24596436156166923
1710778146.6965604,-0.27748632762167186
1710778146.6966734,-0.3069068325890435
1710778146.6967866,-0.3373780846595764
1710778146.6969,-0.3660980860392253
1710778146.6970131,-0.3937673568725586
1710778146.6971262,-0.421786904335022
1710778146.6972394,-0.4484054446220398
1710778146.6973526,-0.4750239849090576
1710778146.697466,-0.5016425251960754
1710778146.6975791,-0.5282610985967848
1710778146.6976922,-0.5559303363164266
1710778146.6978054,-0.58430016040802
1710778146.6979187,-0.6105684571795993
1710778146.698032,-0.6382377280129327
1710778146.698145,-0.6627547740936279
1710778146.6982582,-0.6865713993708292
1710778146.6983714,-0.7089870505862765
1710778146.6984847,-0.7307021485434638
1710778146.6985977,-0.752767523129781
1710778146.698711,-0.7748328977160983
1710778146.6988242,-0.7968982723024156
1710778146.6989374,-0.8203646209504869
1710778146.6990507,-0.8441812462276882
1710778146.6991637,-0.8683480819066365
1710778146.699277,-0.8921646409564548
1710778146.6993902,-0.914930502573649
1710778146.6995034,-0.9366456667582194
1710778146.6996164,-0.9573100672827827
1710778146.6997297,-0.9786749548382229
1710778146.699843,-0.9989890787336562
1710778146.6999562,-1.0193032688564725
1710778146.7000692,-1.0406681564119127
1710778146.7001824,-1.0609822803073459
1710778146.7002957,-1.0816466808319092
1710778146.700409,-1.1012603839238484
1710778146.700522,-1.1201735337575276
1710778146.7006352,-1.136635012096829
1710778146.7007484,-1.152045726776123
1710778146.7008617,-1.1657052569919162
1710778146.700975,-1.1797149976094563
1710778146.701088,-1.1916233433617485
1710778146.7012012,-1.2056330839792888
1710778146.7013144,-1.218241850535075
1710778146.7014277,-1.232601934009128
1710778146.7015407,-1.2469618850284152
1710778146.701654,-1.2616721789042156
1710778146.7017672,-1.2742809454600017
1710778146.7018805,-1.2858389483557806
1710778146.7019935,-1.297397083706326
1710778146.7021067,-1.306503348880344
1710778146.70222,-1.316310167312622
1710778146.7023332,-1.3257667753431532
1710778146.7024465,-1.3338224093119304
1710778146.7025595,-1.3436292277442083
1710778146.7026727,-1.3527356253729925
1710778146.702786,-1.3611414697435167
1710778146.7028992,-1.3684965504540336
1710778146.7030122,-1.3741004467010498
1710778146.7031255,-1.378653711742825
1710778146.7032387,-1.381455659866333
1710778146.703352,-1.382156080669827
1710778146.703465,-1.383557054731581
1710778146.7035782,-1.382856633928087
1710778146.7036915,-1.382856633928087
1710778146.7038047,-1.382856633928087
1710778146.703918,-1.383206844329834
1710778146.704031,-1.382856633928087
1710778146.7041442,-1.382156080669827
1710778146.7042575,-1.378653711742825
1710778146.7043707,-1.3748009999593098
1710778146.7044837,-1.3684965504540336
1710778146.704597,-1.3611414697435167
1710778146.7047102,-1.3534360461764865
1710778146.7048235,-1.3453805446624756
1710778146.7049365,-1.3376751210954454
1710778146.7050498,-1.3303200403849285
1710778146.705163,-1.3229648272196453
1710778146.7052763,-1.315259536107381
1710778146.7053893,-1.307554112540351
1710778146.7055025,-1.29879805776808
1710778146.7056158,-1.2879404756757948
1710778146.705729,-1.2763824727800157
1710778146.7058423,-1.2651745478312175
1710778146.7059553,-1.2522155708736844
1710778146.7060685,-1.2399570147196453
1710778146.7061818,-1.2273482481638591
1710778146.706295,-1.2154399024115667
1710778146.706408,-1.2038818995157878
1710778146.7065213,-1.1909227901034884
1710778146.7066345,-1.1783140235477023
1710778146.7067478,-1.1643042829301622
1710778146.7068608,-1.147842804590861
1710778146.706974,-1.1313813262515597
1710778146.7070873,-1.1135188738505046
1710778146.7072005,-1.0953062110477023
1710778146.7073138,-1.077794035275777
1710778146.7074268,-1.060281793276469
1710778146.70754,-1.0431198279062908
1710778146.7076533,-1.0266584157943726
1710778146.7077665,-1.0098466608259413
1710778146.7078795,-0.991984208424886
1710778146.7079928,-0.9734212689929538
1710778146.708106,-0.9527568684683906
1710778146.7082193,-0.9310417705112033
1710778146.7083323,-0.908626119295756
1710778146.7084455,-0.8862105343076918
1710778146.7085588,-0.8634446726904975
1710778146.708672,-0.8403285344441731
1710778146.7087853,-0.8172124624252319
1710778146.7088983,-0.7940963241789076
1710778146.7090116,-0.7699294884999592
1710778146.7091248,-0.7461128632227579
1710778146.709238,-0.7191440794203017
1710778146.709351,-0.6918250852160983
1710778146.7094643,-0.6634552611245049
1710778146.7095776,-0.6347352928585476
1710778146.7096908,-0.6060152583652072
1710778146.7098038,-0.5783459875318739
1710778146.709917,-0.5510269602139791
1710778146.7100303,-0.5251088738441467
1710778146.7101436,-0.4991908205880059
1710778146.7102566,-0.47362301084730357
1710778146.7103698,-0.44700447056028575
1710778146.710483,-0.41933516661326087
1710778146.7105963,-0.39131565226448906
1710778146.7107096,-0.3622454073694017
1710778146.7108226,-0.33247464232974583
1710778146.7109358,-0.3027039104037815
1710778146.711049,-0.27363364895184833
1710778146.7111623,-0.24421314398447672
1710778146.7112753,-0.2154931260479821
1710778146.7113886,-0.18642288115289476
1710778146.7115018,-0.15630188915464613
1710778146.711615,-0.126531140671836
1710778146.711728,-0.09500917461183336
1710778146.7118413,-0.061735990974638194
1710778146.7119546,-0.028813046713670094
1710778146.7120678,0.004461011849343777
1710778146.712181,0.036339457664224833
1710778146.712294,0.06786759114927715
1710778146.7124074,0.0979944732454088
1710778146.7125206,0.12742073171668583
1710778146.7126338,0.15579604440265232
1710778146.7127469,0.18522231115235221
1710778146.71286,0.21394794185956317
1710778146.7129734,0.24337419205241734
1710778146.7130866,0.273851388030582
1710778146.7131996,0.30292732848061454
1710778146.7133129,0.3330542312728034
1710778146.713426,0.3628307912084791
1710778146.7135394,0.39050549268722534
1710778146.7136526,0.4174795415666368
1710778146.7137656,0.4434026943312751
1710778146.7138789,0.4696761237250434
1710778146.713992,0.49594958623250324
1710778146.7141054,0.5225733253690932
1710778146.7142184,0.5488467878765529
1710778146.7143316,0.5765214893552992
1710778146.7144449,0.6038458479775323
1710778146.7145581,0.6304695871141222
1710778146.7146711,0.6563927067650689
1710778146.7147844,0.6816152731577555
1710778146.7148976,0.7054365343517727
1710778146.715011,0.7292577293184068
1710778146.715124,0.7523783710267808
1710778146.7152371,0.776199632220798
1710778146.7153504,0.8003712362713283
1710778146.7154636,0.8248931169509888
1710778146.715577,0.8494149976306491
1710778146.71569,0.8746374977959527
1710778146.7158031,0.8984587589899699
1710778146.7159164,0.9212290578418307
1710778146.7160296,0.9439993566936916
1710778146.7161427,0.964667797088623
1710778146.716256,0.9846356179979112
1710778146.7163692,1.003202199935913
1710778146.7164824,1.0231700208452013
1710778146.7165954,1.0434881183836195
1710778146.7167087,1.0634559392929077
1710778146.716822,1.083774103058709
1710778146.7169352,1.103391581111484
1710778146.7170484,1.122658782535129
1710778146.7171614,1.1405246787601047
1710778146.7172747,1.157339678870307
1710778146.717388,1.172403229607476
1710778146.7175012,1.1864157517751057
1710778146.7176142,1.2000779310862224
1710778146.7177274,1.2133897675408256
1710778146.7178407,1.226351261138916
1710778146.717954,1.2396632300482855
1710778146.718067,1.252975066502889
1710778146.7181802,1.2655863496992323
1710778146.7182934,1.2774969471825492
1710778146.7184067,1.2859045134650335
1710778146.7185197,1.2936113940344915
1710778146.718633,1.3013182746039496
1710778146.7187462,1.3062225447760687
1710778146.7188594,1.3114772902594671
1710778146.7189727,1.3163816928863525
1710778146.7190857,1.321986648771498
1710778146.719199,1.3272413942548964
1710778146.7193122,1.3328463501400418
1710778146.7194254,1.337750752766927
1710778146.7195385,1.3416041268242729
1710778146.7196517,1.3433557086520724
1710778146.719765,1.345107290479872
1710778146.7198782,1.345107290479872
1710778146.7199912,1.3440563943650987
1710778146.7201045,1.3419544696807861
1710778146.7202177,1.3416041268242729
1710778146.720331,1.3395023345947266
1710778146.7204442,1.337750752766927
1710778146.7205572,1.3366997241973877
1710778146.7206705,1.3338972462548149
1710778146.7207837,1.330043872197469
1710778146.720897,1.3240885734558105
1710778146.72101,1.318133274714152
1710778146.7211232,1.3086748123168945
1710778146.7212365,1.2999169031778972
1710778146.7213497,1.2894075446658664
1710778146.7214627,1.280649767981635
1710778146.721576,1.2704907523261175
1710778146.7216892,1.2617328431871202
1710778146.7218025,1.2519241703881157
1710778146.7219157,1.242115365134345
1710778146.7220287,1.2309053209092882
1710778146.722142,1.218644380569458
1710778146.7222552,1.2049822012583415
1710778146.7223685,1.1906194686889648
1710778146.7224815,1.1759062608083088
1710778146.7225947,1.1604924996693928
1710778146.722708,1.1461297671000164
1710778146.7228212,1.1317669020758734
1710778146.7229342,1.117754379908244
1710778146.7230475,1.1040922005971272
1710778146.7231607,1.0893791251712375
1710778146.723274,1.0743156406614516
1710778146.723387,1.0571503639221191
1710778146.7235003,1.0385837819841173
1710778146.7236135,1.018615961074829
1710778146.7237267,0.9982977973090278
1710778146.72384,0.9779796997706095
1710778146.723953,0.956960916519165
1710778146.7240663,0.9366428189807467
1710778146.7241795,0.9163246552149454
1710778146.7242928,0.895305938190884
1710778146.7244058,0.8739368783103095
1710778146.724519,0.8511665132310655
1710778146.7246323,0.8273452520370483
1710778146.7247455,0.8021227518717448
1710778146.7248585,0.776199632220798
1710778146.7249718,0.7495758930842081
1710778146.725085,0.7240030500623915
1710778146.7251983,0.6980799304114448
1710778146.7253115,0.6732077731026543
1710778146.7254245,0.649036169052124
1710778146.7255378,0.6238136688868204
1710778146.725651,0.5978905492358737
1710778146.7257643,0.5709164672427707
1710778146.7258773,0.5428914560212029
1710778146.7259905,0.5134652058283488
1710778146.7261038,0.48333833614985144
1710778146.726217,0.4525108138720194
1710778146.72633,0.4216832915941874
1710778146.7264433,0.3908558024300469
1710778146.7265565,0.3614295522371928
1710778146.7266698,0.33095233970218235
1710778146.726783,0.3015260895093282
1710778146.726896,0.27069858378834194
1710778146.7270093,0.23952075176768833
1710778146.7271225,0.2072920070754157
1710778146.7272358,0.17506324582629734
1710778146.7273488,0.14178353879186842
1710778146.727462,0.11095604134930505
1710778146.7275753,0.0797782176070743
1710778146.7276886,0.04930102162890964
1710778146.7278016,0.020925702734125983
1710778146.7279148,-0.007798403191069761
1710778146.728028,-0.036518416470951505
1710778146.7281413,-0.06523843026823467
1710778146.7282543,-0.09535941812727186
1710778146.7283676,-0.1261808971563975
1710778146.7284808,-0.15945408079359266
1710778146.728594,-0.19097604685359532
1710778146.7287073,-0.22319849994447497
1710778146.7288203,-0.2550707095199161
1710778146.7289336,-0.28624243206448025
1710778146.7290468,-0.31671368413501316
1710778146.72916,-0.3457839290301005
1710778146.729273,-0.3755546609560648
1710778146.7293863,-0.40567566951115924
1710778146.7294996,-0.4354464014371236
1710778146.7296128,-0.465567409992218
1710778146.7297258,-0.49603862894905937
1710778146.729839,-0.5258093608750237
1710778146.7299523,-0.5541791518529257
1710778146.7300656,-0.5814982122845119
1710778146.7301788,-0.6074162324269613
1710778146.7302918,-0.6322835551367866
1710778146.730405,-0.6564503908157349
1710778146.7305183,-0.6802670160929362
1710778146.7306316,-0.7051343388027614
1710778146.7307446,-0.7307021485434638
1710778146.7308578,-0.7559197478824191
1710778146.730971,-0.7825382550557454
1710778146.7310843,-0.8084563414255778
1710778146.7311974,-0.8336739407645332
1710778146.7313106,-0.8585412634743584
1710778146.7314239,-0.8816573354932997
1710778146.731537,-0.9044231971104939
1710778146.7316504,-0.9261383612950642
1710778146.7317634,-0.9485539462831285
1710778146.7318766,-0.9709695974985758
1710778146.7319899,-0.9940856695175171
1710778146.732103,-1.0168515311347113
1710778146.7322161,-1.0399676693810356
1710778146.7323294,-1.0620330439673529
1710778146.7324426,-1.0840984185536702
1710778146.7325559,-1.1033618450164795
1710778146.7326689,-1.1226252714792888
1710778146.7327821,-1.141188144683838
1710778146.7328954,-1.1583501762813992
1710778146.7330086,-1.1755120754241943
1710778146.7331216,-1.1926741070217557
1710778146.733235,-1.2105365594228108
1710778146.7333481,-1.2280486689673529
1710778146.7334614,-1.2448604901631672
1710778146.7335746,-1.2623725997077093
1710778146.7336876,-1.2770828935835097
1710778146.733801,-1.2900418705410428
1710778146.7339141,-1.301600005891588
1710778146.7340274,-1.3117570347256131
1710778146.7341404,-1.3205132219526503
1710778146.7342536,-1.3296194871266682
1710778146.734367,-1.3380253314971924
1710778146.7344801,-1.3481824927859836
1710778146.7345932,-1.3572887579600017
1710778146.7347064,-1.3663951555887859
1710778146.7348197,-1.3737502362993028
1710778146.734933,-1.380755106608073
1710778146.7350461,-1.386008792453342
1710778146.7351592,-1.3898615042368572
1710778146.7352724,-1.3926634523603652
1710778146.7353857,-1.3944146368238661
1710778146.735499,-1.396165821287367
1710778146.735612,-1.3979171382056341
1710778146.7357252,-1.3993181122673881
1710778146.7358384,-1.401069296730889
1710778146.7359517,-1.401769717534383
1710778146.7360647,-1.401769717534383
1710778146.736178,-1.400368743472629
1710778146.7362912,-1.396165821287367
1710778146.7364044,-1.391962899102105
1710778146.7365174,-1.385308371649848
1710778146.7366307,-1.3797043429480658
1710778146.736744,-1.3726994726392958
1710778146.7368572,-1.3677961296505399
1710778146.7369704,-1.3625424438052707
1710778146.7370834,-1.3572887579600017
1710778146.7371967,-1.3530858357747395
1710778146.73731,-1.3471317291259766
1710778146.7374232,-1.3401268588172064
1710778146.7375362,-1.3320712248484294
1710778146.7376494,-1.3226146168178983
1710778146.7377627,-1.3124575879838731
1710778146.737876,-1.301600005891588
1710778146.737989,-1.2914428446027968
1710778146.7381022,-1.2805853949652777
1710778146.7382154,-1.2693774700164795
1710778146.7383287,-1.2588702307807074
1710778146.738442,-1.2469618850284152
1710778146.738555,-1.233302354812622
1710778146.7386682,-1.218592193391588
1710778146.7387815,-1.2021307150522869
1710778146.7388947,-1.1846184730529785
1710778146.7390077,-1.1664058102501762
1710778146.739121,-1.147492594189114
1710778146.7392342,-1.1292799313863118
1710778146.7393475,-1.1117676893870037
1710778146.7394605,-1.0942555136150784
1710778146.7395737,-1.078144245677524
1710778146.739687,-1.0609822803073459
1710778146.7398002,-1.0434701045354207
1710778146.7399135,-1.0245569547017415
1710778146.7400265,-1.0063442256715562
1710778146.7401397,-0.9842788510852389
1710778146.740253,-0.9636144505606757
1710778146.7403662,-0.9425998396343654
1710778146.7404792,-0.9215851624806721
1710778146.7405925,-0.9005705515543619
1710778146.7407057,-0.8799061510297987
1710778146.740819,-0.8588914738761054
1710778146.740932,-0.8368260992897881
1710778146.7410452,-0.8140602376725938
1710778146.7411585,-0.7895431253645155
1710778146.7412717,-0.7639753156238132
1710778146.7413847,-0.7359558343887329
1710778146.741498,-0.7093372609880235
1710778146.7416112,-0.6809675031238132
1710778146.7417245,-0.6536484426922268
1710778146.7418377,-0.6263294484880235
1710778146.7419508,-0.6000610854890611
1710778146.742064,-0.5730923016866049
1710778146.7421772,-0.5457732743687099
1710778146.7422905,-0.5181040035353767
1710778146.7424035,-0.4890337586402893
1710778146.7425168,-0.4582122630543179
1710778146.74263,-0.42809128761291504
1710778146.7427433,-0.39656930499606663
1710778146.7428563,-0.36714881658554077
1710778146.7429695,-0.33702780803044635
1710778146.7430828,-0.30830780665079754
1710778146.743196,-0.2802882923020257
1710778146.7433093,-0.2515682743655311
1710778146.7434223,-0.22284825642903644
1710778146.7435355,-0.19377799497710332
1710778146.7436488,-0.16365701953570047
1710778146.743762,-0.13318577574359045
1710778146.743875,-0.10236429671446481
1710778146.7439883,-0.07084233065446217
1710778146.7441015,-0.040721346934636436
1710778146.7442148,-0.011651087552309036
1710778146.7443278,0.016721952706575394
1710778146.744441,0.04474695771932602
1710778146.7445543,0.07207134531603919
1710778146.7446675,0.0997460385163625
1710778146.7447808,0.12812135948075187
1710778146.7448938,0.15684699018796286
1710778146.745007,0.18557262089517382
1710778146.7451203,0.21464856134520635
1710778146.7452335,0.24232326282395256
1710778146.7453465,0.26964763800303143
1710778146.7454598,0.29592110051049125
1710778146.745573,0.32219452990425956
1710778146.7456863,0.34671641058391994
1710778146.7457993,0.3719389107492235
1710778146.7459126,0.3985626829995049
1710778146.7460258,0.42483611239327324
1710778146.746139,0.45286112361484104
1710778146.746252,0.4812364445792304
1710778146.7463653,0.5096117655436198
1710778146.7464786,0.5379870865080092
1710778146.7465918,0.5660120646158854
1710778146.746705,0.5926358699798584
1710778146.746818,0.618208646774292
1710778146.7469313,0.6430808703104655
1710778146.7470446,0.6679530276192559
1710778146.7471578,0.6921246316697862
1710778146.7472708,0.7176974746916029
1710778146.747384,0.7425696320003933
1710778146.7474973,0.76814247502221
1710778146.7476106,0.7926643557018703
1710778146.7477236,0.8164856168958876
1710778146.7478368,0.8385552962621052
1710778146.74795,0.8599243561426798
1710778146.7480633,0.879892177051968
1710778146.7481766,0.8995096551047431
1710778146.7482896,0.9180762370427449
1710778146.7484028,0.9380440579520332
1710778146.748516,0.9580118788613213
1710778146.7486293,0.9790306621127658
1710778146.7487423,0.9996991025076972
1710778146.7488556,1.0200172000461154
1710778146.7489688,1.0392844014697604
1710778146.749082,1.0578509834077623
1710778146.749195,1.0753666030036078
1710778146.7493083,1.0907803641425238
1710778146.7494216,1.10654440191057
1710778146.7495348,1.122308439678616
1710778146.749648,1.137722200817532
1710778146.749761,1.153135961956448
1710778146.7498744,1.1699509620666504
1710778146.7499876,1.18396348423428
1710778146.7501009,1.1986766921149359
1710778146.7502139,1.2119885285695393
1710778146.750327,1.2231985727945964
1710778146.7504404,1.233707931306627
1710778146.7505536,1.2424657079908583
1710778146.7506666,1.2505229314168294
1710778146.7507799,1.2578794691297743
1710778146.750893,1.2655863496992323
1710778146.7510064,1.272942887412177
1710778146.7511194,1.280299425125122
1710778146.7512326,1.2869554095798068
1710778146.7513459,1.2932610511779785
1710778146.7514591,1.298866007063124
1710778146.7515724,1.3016684850056965
1710778146.7516854,1.3030697239769828
1710778146.7517986,1.3037704096900091
1710778146.7519119,1.303420066833496
1710778146.7520251,1.303420066833496
1710778146.7521381,1.3037704096900091
1710778146.7522514,1.3037704096900091
1710778146.7523646,1.3041207525465224
1710778146.752478,1.3044709629482694
1710778146.752591,1.3041207525465224
1710778146.7527041,1.3030697239769828
1710778146.7528174,1.2995666927761502
1710778146.7529306,1.295012633005778
1710778146.753044,1.2897578875223796
1710778146.753157,1.2841529316372342
1710778146.7532701,1.2778472900390625
1710778146.7533834,1.2711913055843778
1710778146.7534966,1.2659366925557454
1710778146.7536097,1.259981393814087
1710778146.753723,1.2543763054741752
1710778146.7538362,1.2473701106177435
1710778146.7539494,1.2403637833065457
1710778146.7540624,1.2312556637658012
1710778146.7541757,1.2207463052537706
1710778146.754289,1.21023694674174
1710778146.7544022,1.1990269025166829
1710778146.7545152,1.188167201148139
1710778146.7546284,1.1783585283491347
1710778146.7547417,1.168549723095364
1710778146.754855,1.1594416035546196
1710778146.7549682,1.149632798300849
1710778146.7550812,1.1391234397888184
1710778146.7551944,1.1265122890472412
1710778146.7553077,1.1128499772813585
1710778146.755421,1.0974362823698256
1710778146.755534,1.0816722446017795
1710778146.7556472,1.064156625005934
1710778146.7557604,1.0459403196970622
1710778146.7558737,1.0284247001012166
1710778146.7559867,1.0105587376488578
1710778146.7561,0.9919922219382392
1710778146.7562132,0.9730752971437242
1710778146.7563264,0.9534578190909492
1710778146.7564397,0.9324390358395046
1710778146.7565527,0.9107196993298
1710778146.756666,0.8868984381357828
1710778146.7567792,0.8630771769417657
1710778146.7568924,0.8389055728912354
1710778146.7570055,0.8164856168958876
1710778146.7571187,0.7930146323310004
1710778146.757232,0.7702443334791396
1710778146.7573452,0.7481746541129218
1710778146.7574582,0.7264552513758341
1710778146.7575715,0.7033346096674601
1710778146.7576847,0.6784624523586696
1710778146.757798,0.652889609336853
1710778146.7579112,0.62556525071462
1710778146.7580242,0.5978905492358737
1710778146.7581375,0.5695152282714844
1710778146.7582507,0.5421908365355598
1710778146.758364,0.5134652058283488
1710778146.758477,0.485440194606781
1710778146.7585902,0.458466112613678
1710778146.7587035,0.4300907916492886
1710778146.7588167,0.40206581354141235
1710778146.7589297,0.3715886010064019
1710778146.759043,0.3414617313279046
1710778146.7591562,0.3099335895644294
1710778146.7592695,0.27875575754377574
1710778146.7593825,0.24792826837963527
1710778146.7594957,0.21710074610180324
1710778146.759609,0.18802480565177068
1710778146.7597222,0.15859855545891655
1710778146.7598355,0.12952260673046112
1710778146.7599485,0.10149759550889333
1710778146.7600617,0.07172102729479472
1710778146.760175,0.04159414519866308
1710778146.7602882,0.011467264137334293
1710778146.7604012,-0.021107676956388686
1710778146.7605145,-0.05087842129998737
1710778146.7606277,-0.08169990446832445
1710778146.760741,-0.10936918358008066
1710778146.760854,-0.1384394367535909
1710778146.7609673,-0.1650579935974545
1710778146.7610805,-0.1920267773999108
1710778146.7611938,-0.21864533424377441
1710778146.761307,-0.24666484859254625
1710778146.76142,-0.27608535355991787
1710778146.7615333,-0.30445512798097396
1710778146.7616465,-0.3345761034223768
1710778146.7617598,-0.36399662494659424
1710778146.7618728,-0.3941176003879971
1710778146.761986,-0.421786904335022
1710778146.7620993,-0.45120739274554783
1710778146.7622125,-0.47922690709431964
1710778146.7623255,-0.5072464545567831
1710778146.7624388,-0.5345654818746779
1710778146.762552,-0.5636357598834567
1710778146.7626653,-0.5927060047785441
1710778146.7627785,-0.6228270133336385
1710778146.7628915,-0.6518972582287258
1710778146.7630048,-0.6806172264946831
1710778146.763118,-0.7089870505862765
1710778146.7632313,-0.7356055577596029
1710778146.7633443,-0.7615236441294352
1710778146.7634575,-0.7856904798083835
1710778146.7635708,-0.8098573154873318
1710778146.763684,-0.8343744277954102
1710778146.763797,-0.8592417505052354
1710778146.7639103,-0.8844592836168077
1710778146.7640235,-0.910727580388387
1710778146.7641368,-0.9369958771599664
1710778146.7642498,-0.9615129894680446
1710778146.764363,-0.987431075837877
1710778146.7644763,-1.0108974244859483
1710778146.7645895,-1.0326125224431355
1710778146.7647028,-1.053627199596829
1710778146.7648158,-1.074641810523139
1710778146.764929,-1.0949560006459553
1710778146.7650423,-1.1152701907687717
1710778146.7651556,-1.135934591293335
1710778146.7652686,-1.155898438559638
1710778146.7653818,-1.1744614442189534
1710778146.765495,-1.1930243174235027
1710778146.7656083,-1.2094857957628038
1710778146.7657213,-1.224546300040351
1710778146.7658346,-1.237505276997884
1710778146.7659478,-1.2508145968119304
1710778146.766061,-1.2627229425642226
1710778146.7661743,-1.2753317091200087
1710778146.7662873,-1.2882906860775418
1710778146.7664006,-1.301950216293335
1710778146.7665138,-1.315609746509128
1710778146.766627,-1.3296194871266682
1710778146.76674,-1.3425785965389676
1710778146.7668533,-1.3534360461764865
1710778146.7669666,-1.3642936282687717
1710778146.7670798,-1.3723492622375488
1710778146.7671928,-1.380054685804579
1710778146.767306,-1.386709345711602
1710778146.7674193,-1.3923132419586182
1710778146.7675326,-1.398267348607381
1710778146.7676458,-1.4042214552561443
1710778146.7677588,-1.4091249306996663
1710778146.767872,-1.4129776424831815
1710778146.7679853,-1.4157795906066895
1710778146.7680986,-1.4161298010084364
1710778146.7682116,-1.4150790373484294
1710778146.7683249,-1.4133278528849285
1710778146.768438,-1.4108761151631672
1710778146.7685513,-1.4077239566379123
1710778146.7686644,-1.4056224293178983
1710778146.7687776,-1.4031708240509033
1710778146.7688909,-1.4024702707926433
1710778146.769004,-1.401069296730889
1710778146.769117,-1.399668322669135
1710778146.7692304,-1.397566795349121
1710778146.7693436,-1.3937142160203722
1710778146.7694569,-1.38881074057685
1710778146.76957,-1.38250642352634
1710778146.7696831,-1.3758517636193168
1710778146.7697964,-1.3674459192487929
1710778146.7699096,-1.3600907060835097
1710778146.7700229,-1.3520350721147325
1710778146.7701359,-1.3443297810024686
1710778146.7702491,-1.3359239366319444
1710778146.7703624,-1.3275180922614203
1710778146.7704756,-1.317711141374376
1710778146.7705886,-1.306153138478597
1710778146.770702,-1.2931941615210638
1710778146.7708151,-1.2788340780470107
1710778146.7709284,-1.2648243374294705
1710778146.7710416,-1.2501140435536702
1710778146.7711546,-1.235754092534383
1710778146.771268,-1.22209456231859
1710778146.7713811,-1.2073842684427898
1710778146.7714944,-1.1930243174235027
1710778146.7716074,-1.1783140235477023
1710778146.7717206,-1.1622028880649142
1710778146.771834,-1.143289672003852
1710778146.7719471,-1.1240262455410428
1710778146.7720602,-1.1030115683873494
1710778146.7721734,-1.0816466808319092
1710778146.7722867,-1.059931582874722
1710778146.7724,-1.0375159316592746
1710778146.772513,-1.0168515311347113
1710778146.7726262,-0.9954866435792711
1710778146.7727394,-0.9734212689929538
1710778146.7728527,-0.9510056840048896
1710778146.772966,-0.9264885716968112
1710778146.773079,-0.9019715256161159
1710778146.7731922,-0.8753529522154067
1710778146.7733054,-0.8476836813820733
1710778146.7734187,-0.8203646209504869
1710778146.7735317,-0.7930456267462836
1710778146.773645,-0.7660767767164443
1710778146.7737582,-0.7394582695431179
1710778146.7738714,-0.7131899727715386
1710778146.7739844,-0.6869216759999593
1710778146.7740977,-0.659602615568373
1710778146.774211,-0.6315830681059096
1710778146.7743242,-0.6025128232108222
1710778146.7744374,-0.5727420912848579
1710778146.7745504,-0.5433215697606405
1710778146.7746637,-0.5132005943192376
1710778146.774777,-0.48307958576414317
1710778146.7748902,-0.45435958438449436
1710778146.7750032,-0.4263400700357225
1710778146.7751164,-0.39937125311957467
1710778146.7752297,-0.3706512517399258
1710778146.775343,-0.342631737391154
1710778146.775456,-0.31356145938237506
1710778146.7755692,-0.2837907274564107
1710778146.7756824,-0.2522687613964081
1710778146.7757957,-0.22144728236728245
1710778146.775909,-0.1906258033381568
1710778146.776022,-0.15945408079359266
1710778146.7761352,-0.12968334058920541
1710778146.7762485,-0.1002628356218338
1710778146.7763617,-0.07014184362358517
1710778146.7764747,-0.040721346934636436
1710778146.776588,-0.010600355971190665
1710778146.7767012,0.01987476522723834
1710778146.7768145,0.05245383828878403
1710778146.7769275,0.0839819676346249
1710778146.7770407,0.11656103862656488
1710778146.777154,0.14843949013286167
1710778146.7772672,0.17821605006853738
1710778146.7773802,0.20799262656105888
1710778146.7774935,0.23636794752544826
1710778146.7776067,0.2633420129617055
1710778146.77772,0.29136700762642753
1710778146.7778332,0.317990779876709
1710778146.7779462,0.3470667203267415
1710778146.7780595,0.3750917315483093
1710778146.7781727,0.4038173622555203
1710778146.778286,0.43219268321990967
1710778146.778399,0.4612686236699422
1710778146.7785122,0.48894332514868843
1710778146.7786255,0.5148664447996352
1710778146.7787387,0.5407895975642734
1710778146.7788517,0.5670630269580417
1710778146.778965,0.5929861466089884
1710778146.7790782,0.6196098857455783
1710778146.7791915,0.6472845872243246
1710778146.7793047,0.6753096315595839
1710778146.7794178,0.7033346096674601
1710778146.779531,0.7313596540027194
1710778146.7796443,0.7583336697684394
1710778146.7797575,0.7846071322758992
1710778146.7798705,0.8098296324412028
1710778146.7799838,0.8333006170060899
1710778146.780097,0.8560709158579508
1710778146.7802103,0.8791915575663248
1710778146.7803233,0.9019618564181857
1710778146.7804365,0.9250824981265597
1710778146.7805498,0.9485534164640639
1710778146.780663,0.9702728192011515
1710778146.7807763,0.9919922219382392
1710778146.7808893,1.0130109389623005
1710778146.7810025,1.0322781403859456
1710778146.7811158,1.0497937599817913
1710778146.781229,1.0662584834628634
1710778146.781342,1.0820225212309096
1710778146.7814553,1.098837521341112
1710778146.7815685,1.114251348707411
1710778146.7816818,1.130365663104587
1710778146.7817948,1.1475310060713027
1710778146.781908,1.1636453204684787
1710778146.7820213,1.1790590816073947
1710778146.7821345,1.1934219466315374
1710778146.7822475,1.2056828869713676
1710778146.7823608,1.2165425883399115
1710778146.782474,1.226001050737169
1710778146.7825873,1.2351091702779133
1710778146.7827005,1.242115365134345
1710778146.7828135,1.2512234846750896
1710778146.7829268,1.2589303652445476
1710778146.78304,1.2666372458140056
1710778146.7831533,1.2736435731252034
1710778146.7832663,1.280299425125122
1710778146.7833796,1.2859045134650335
1710778146.7834928,1.2890573342641194
1710778146.783606,1.2922100226084392
1710778146.783719,1.2943119472927518
1710778146.7838323,1.2964138719770644
1710778146.7839456,1.2985156642066107
1710778146.7840588,1.3016684850056965
1710778146.784172,1.3055219915178087
1710778146.784285,1.3086748123168945
1710778146.7843983,1.3125281863742404
1710778146.7845116,1.3149804539150662
1710778146.7846248,1.3160313500298393
1710778146.7847378,1.3156810071733263
1710778146.784851,1.3139294253455267
1710778146.7849643,1.3114772902594671
1710778146.7850776,1.3072735733456082
1710778146.7851906,1.303420066833496
1710778146.7853038,1.2981654538048637
1710778146.785417,1.2936113940344915
1710778146.7855303,1.288356648551093
1710778146.7856436,1.2831019030676947
1710778146.7857566,1.276095708211263
1710778146.7858698,1.268388827641805
1710778146.785983,1.2596310509575737
1710778146.7860963,1.24877134958903
1710778146.7862093,1.2382619910769992
1710778146.7863226,1.2274022897084553
1710778146.7864358,1.2158419026268852
1710778146.786549,1.2063834402296278
1710778146.786662,1.1965747674306233
1710778146.7867754,1.187116305033366
1710778146.7868886,1.1769572893778484
1710778146.7870018,1.1657472451527913
1710778146.7871149,1.1545372009277344
1710778146.787228,1.1405246787601047
1710778146.7873414,1.1247607072194417
1710778146.7874546,1.1096972227096558
1710778146.7875679,1.0928822225994534
1710778146.7876809,1.0764175653457642
1710778146.787794,1.0596024990081787
1710778146.7879074,1.0441888040966458
1710778146.7880206,1.0277240806155734
1710778146.7881336,1.010909080505371
1710778146.7882469,0.9930431180530124
1710778146.78836,0.9744766023423936
1710778146.7884734,0.9534578190909492
1710778146.7885864,0.9317384163538615
1710778146.7886996,0.9093184603585137
1710778146.7888129,0.8865480952792697
1710778146.7889261,0.8637777964274088
1710778146.7890394,0.8420583936903212
1710778146.7891524,0.8199887143241035
1710778146.7892656,0.7972184154722426
1710778146.789379,0.7751487361060249
1710778146.7894921,0.7513274749120076
1710778146.7896051,0.7264552513758341
1710778146.7897184,0.7005321317248874
1710778146.7898316,0.6739083925882975
1710778146.789945,0.6465839677386813
1710778146.790058,0.6199602286020914
1710778146.7901711,0.5929861466089884
1710778146.7902844,0.5674133698145548
1710778146.7903976,0.5421908365355598
1710778146.7905107,0.5173186461130778
1710778146.790624,0.49209614594777423
1710778146.7907372,0.4654723736974928
1710778146.7908504,0.4381479819615682
1710778146.7909636,0.41012300385369194
1710778146.7910767,0.38104703028996784
1710778146.79119,0.3523213995827569
1710778146.7913032,0.3235957688755459
1710778146.7914164,0.2955707576539781
1710778146.7915294,0.2678960727320777
1710778146.7916427,0.24092200729582045
1710778146.791756,0.2135976321167416
1710778146.7918692,0.186273240380817
1710778146.7919822,0.15894886520173815
1710778146.7920954,0.12952260673046112
1710778146.7922087,0.10079697602325015
1710778146.792322,0.07137071755197313
1710778146.7924352,0.04159414519866308
1710778146.7925482,0.01321882630387942
1710778146.7926614,-0.014453039815028507
1710778146.7927747,-0.04142183396551344
1710778146.792888,-0.06733989550007714
1710778146.793001,-0.09465893109639485
1710778146.7931142,-0.12162772317727406
1710778146.7932274,-0.1485965152581533
1710778146.7933407,-0.1776667767100864
1710778146.7934537,-0.20813801222377354
1710778146.793567,-0.23860924773746067
1710778146.7936802,-0.2697809702820248
1710778146.7937934,-0.30025220579571194
1710778146.7939067,-0.3296726942062378
1710778146.7940197,-0.35874297221501666
1710778146.794133,-0.38676248656378853
1710778146.7942462,-0.41548248794343734
1710778146.7943594,-0.4435020354059007
1710778146.7944725,-0.4722220367855496
1710778146.7945857,-0.5016425251960754
1710778146.794699,-0.5296620726585388
1710778146.7948122,-0.5583820740381876
1710778146.7949252,-0.585701134469774
1710778146.7950385,-0.6123196416431003
1710778146.7951517,-0.6375372409820557
1710778146.795265,-0.661003589630127
1710778146.795378,-0.6841196616490682
1710778146.7954912,-0.7065353128645155
1710778146.7956045,-0.7307021485434638
1710778146.7957177,-0.7548689842224121
1710778146.795831,-0.7797363069322374
1710778146.795944,-0.8056543933020698
1710778146.7960572,-0.8312222030427721
1710778146.7961705,-0.8567900127834743
1710778146.7962837,-0.8813071250915527
1710778146.7963967,-0.905123684141371
1710778146.79651,-0.9278895457585652
1710778146.7966232,-0.9503051969740126
1710778146.7967365,-0.9723705715603298
1710778146.7968495,-0.9947861565483941
1710778146.7969627,-1.0172018077638414
1710778146.797076,-1.0396173927519057
1710778146.7971892,-1.061332556936476
1710778146.7973025,-1.082347167862786
1710778146.7974155,-1.1019608709547255
1710778146.7975287,-1.1201735337575276
1710778146.797642,-1.136635012096829
1710778146.7977552,-1.151345305972629
1710778146.7978683,-1.1657052569919162
1710778146.7979815,-1.1790145768059623
1710778146.7980947,-1.1926741070217557
1710778146.798208,-1.2063336372375488
1710778146.798321,-1.221394141515096
1710778146.7984343,-1.235053671730889
1710778146.7985475,-1.2487130694919162
1710778146.7986608,-1.2616721789042156
1710778146.798774,-1.2721794181399875
1710778146.798887,-1.2823365794287787
1710778146.7990003,-1.2914428446027968
1710778146.7991135,-1.299498478571574
1710778146.7992268,-1.3082546657986112
1710778146.7993398,-1.316660510169135
1710778146.799453,-1.3254165649414062
1710778146.7995663,-1.3348731729719374
1710778146.7996795,-1.3436292277442083
1710778146.7997925,-1.3523854149712455
1710778146.7999058,-1.3593902852800157
1710778146.800019,-1.364643971125285
1710778146.8001323,-1.3691971037122939
1710778146.8002453,-1.3716488414340549
1710778146.8003585,-1.3741004467010498
1710778146.8004718,-1.3755014207628038
1710778146.800585,-1.3776029480828178
1710778146.8006983,-1.380054685804579
1710778146.8008113,-1.38180587026808
1710778146.8009245,-1.383557054731581
1710778146.8010378,-1.384958028793335
1710778146.801151,-1.384958028793335
1710778146.801264,-1.382156080669827
1710778146.8013773,-1.3797043429480658
1710778146.8014905,-1.3755014207628038
1710778146.8016038,-1.3723492622375488
1710778146.8017168,-1.3674459192487929
1710778146.80183,-1.3639434178670247
1710778146.8019433,-1.3611414697435167
1710778146.8020566,-1.3579893112182617
1710778146.8021698,-1.3544868098364935
1710778146.8022828,-1.3506340980529785
1710778146.802396,-1.3450302018059623
1710778146.8025093,-1.3369745678371854
1710778146.8026226,-1.3282185130649142
1710778146.8027356,-1.317010720570882
1710778146.8028488,-1.306503348880344
1710778146.802962,-1.2935443719228108
1710778146.8030753,-1.2823365794287787
1710778146.8031883,-1.2700780232747395
1710778146.8033016,-1.2578194671207004
1710778146.8034148,-1.2448604901631672
1710778146.803528,-1.231200959947374
1710778146.8036413,-1.2154399024115667
1710778146.8037543,-1.1982780032687717
1710778146.8038676,-1.1811159716712103
1710778146.8039808,-1.1622028880649142
1710778146.804094,-1.143289672003852
1710778146.804207,-1.1243764559427898
1710778146.8043203,-1.1065140035417345
1710778146.8044336,-1.0893521043989394
1710778146.8045468,-1.0721901390287611
1710778146.8046598,-1.0546778970294528
1710778146.804773,-1.0364652342266507
1710778146.8048863,-1.0168515311347113
1710778146.8049996,-0.9954866435792711
1710778146.8051126,-0.9737715456220839
1710778146.8052258,-0.9499549203448825
1710778146.805339,-0.9264885716968112
1710778146.8054523,-0.9019715256161159
1710778146.8055656,-0.8785051769680446
1710778146.8056786,-0.8550388283199734
1710778146.8057919,-0.831572413444519
1710778146.805905,-0.8074055777655708
1710778146.8060184,-0.7818377680248684
1710778146.8061314,-0.7559197478824191
1710778146.8062446,-0.7271997133890787
1710778146.8063579,-0.6988299555248684
1710778146.806471,-0.6697597106297811
1710778146.8065841,-0.6406893995073106
1710778146.8066974,-0.6116191546122233
1710778146.8068106,-0.58430016040802
1710778146.8069239,-0.5566308233473036
1710778146.807037,-0.5296620726585388
1710778146.8071501,-0.5030434992578294
1710778146.8072634,-0.4757244719399346
1710778146.8073766,-0.44665422704484725
1710778146.8074899,-0.4179341925515069
1710778146.807603,-0.3874629735946655
1710778146.8077161,-0.3580424520704481
1710778146.8078294,-0.32757123311360675
1710778146.8079426,-0.29920147524939644
1710778146.8080556,-0.2708317008283403
1710778146.808169,-0.2431624134381612
1710778146.8082821,-0.2158433695634206
1710778146.8083954,-0.18747361169921026
1710778146.8085084,-0.15910383727815416
1710778146.8086216,-0.12968334058920541
1710778146.808735,-0.09921210507551828
1710778146.8088481,-0.06839062604639265
1710778146.8089614,-0.037218903501828514
1710778146.8090744,-0.0070979151253898936
1710778146.8091877,0.02372820344236162
1710778146.809301,0.053154461913638644
1710778146.8094141,0.08258072038491567
1710778146.8095272,0.11095604134930505
1710778146.8096404,0.14073260956340367
1710778146.8097537,0.17050918605592516
1710778146.809867,0.201687001519733
1710778146.80998,0.23251450724071926
1710778146.8100932,0.26474326848983765
1710778146.8102064,0.29627141025331283
1710778146.8103197,0.3274492091602749
1710778146.810433,0.3572258022096422
1710778146.810546,0.38630174265967476
1710778146.8106592,0.4153776831097073
1710778146.8107724,0.4437530040740967
1710778146.8108857,0.4728289445241292
1710778146.8109987,0.5029558142026266
1710778146.811112,0.5327324072519938
1710778146.8112252,0.5635599295298258
1710778146.8113384,0.595088005065918
1710778146.8114514,0.6248646312289767
1710778146.8115647,0.6553418106502956
1710778146.811678,0.6833667887581719
1710778146.8117912,0.7106912136077881
1710778146.8119044,0.737314952744378
1710778146.8120174,0.7628877957661946
1710778146.8121307,0.7881102959314982
1710778146.812244,0.8140334155824449
1710778146.8123572,0.8392559157477485
1710778146.8124702,0.8641280730565388
1710778146.8125834,0.8893506394492255
1710778146.8126967,0.9121209383010864
1710778146.81281,0.9345409605238173
1710778146.812923,0.9555596775478786
1710778146.8130362,0.9748268789715236
1710778146.8131495,0.9933934609095255
1710778146.8132627,1.0112594233618841
1710778146.8133757,1.0298259390725029
1710778146.813489,1.0483925210105047
1710778146.8136022,1.0676597224341497
1710778146.8137155,1.0865765810012817
1710778146.8138287,1.1058437824249268
1710778146.8139417,1.1240600215064154
1710778146.814055,1.141575707329644
1710778146.8141682,1.157339678870307
1710778146.8142815,1.17170254389445
1710778146.8143945,1.1853647232055664
1710778146.8145077,1.1979760064019096
1710778146.814621,1.211287842856513
1710778146.8147342,1.2242494689093695
1710778146.8148472,1.2365104092491996
1710778146.8149605,1.249121692445543
1710778146.8150737,1.260331604215834
1710778146.815187,1.2708409627278645
1710778146.8153002,1.2792485290103488
1710778146.8154132,1.2862547238667805
1710778146.8155265,1.2922100226084392
1710778146.8156397,1.2971144252353244
1710778146.815753,1.3023691707187228
1710778146.815866,1.306923230489095
1710778146.8159792,1.3118276331159804
1710778146.8160925,1.3174325890011258
1710778146.8162057,1.3230375448862712
1710778146.8163188,1.3286426332261827
1710778146.816432,1.3328463501400418
1710778146.8165452,1.3363495137956407
1710778146.8166585,1.3384513060251872
1710778146.8167717,1.3384513060251872
1710778146.8168848,1.3388016488817003
1710778146.816998,1.3388016488817003
1710778146.8171113,1.3384513060251872
1710778146.8172245,1.3384513060251872
1710778146.8173375,1.3381010956234403
1710778146.8174508,1.3381010956234403
1710778146.817564,1.337750752766927
1710778146.8176773,1.3356488280826144
1710778146.8177903,1.3314451111687553
1710778146.8179035,1.3268910513983831
1710778146.8180168,1.3198847240871854
1710778146.81813,1.3121778435177274
1710778146.818243,1.303420066833496
1710778146.8183563,1.2960635291205511
1710778146.8184695,1.2876559628380668
1710778146.8185828,1.279598871866862
1710778146.818696,1.2715416484408908
1710778146.818809,1.2624335289001465
1710778146.8189223,1.252274513244629
1710778146.8190355,1.2403637833065457
1710778146.8191488,1.2274022897084553
1710778146.8192618,1.2126890818277996
1710778146.819375,1.1983263492584229
1710778146.8194883,1.18396348423428
1710778146.8196015,1.1678491698371039
1710778146.8197145,1.153486304812961
1710778146.8198278,1.1391234397888184
1710778146.819941,1.1240600215064154
1710778146.8200543,1.1093469460805256
1710778146.8201675,1.091480983628167
1710778146.8202806,1.0736150211758084
1710778146.8203938,1.052596304151747
1710778146.820507,1.0315775209003024
1710778146.8206203,1.0088072220484416
1710778146.8207333,0.9863871998257107
1710778146.8208466,0.9636169009738498
1710778146.8209598,0.941547155380249
1710778146.821073,0.918426579899258
1710778146.821186,0.8963568343056573
1710778146.8212993,0.8735865354537964
1710778146.8214126,0.8487143781450059
1710778146.8215258,0.8234918117523193
1710778146.821639,0.7979190349578857
1710778146.821752,0.7716455724504259
1710778146.8218653,0.7457224527994791
1710778146.8219786,0.7194489902920193
1710778146.8220918,0.6952774524688721
1710778146.8222048,0.672156810760498
1710778146.822318,0.6479852067099677
1710778146.8224313,0.6248646312289767
1710778146.8225446,0.5999924076928033
1710778146.8226576,0.575820869869656
1710778146.8227708,0.5484964781337314
1710778146.822884,0.5204714669121636
1710778146.8229973,0.49104518360561794
1710778146.8231103,0.462319552898407
1710778146.8232236,0.43149206373426646
1710778146.8233368,0.40241612328423393
1710778146.82345,0.3726395302348667
1710778146.8235633,0.3432132800420125
1710778146.8236763,0.31518826882044476
1710778146.8237896,0.285411708884769
1710778146.8239028,0.2545842031637828
1710778146.824016,0.2237566974427965
1710778146.824129,0.1922285556793213
1710778146.8242424,0.16105074021551344
1710778146.8243556,0.13092385398017034
1710778146.8244689,0.10149759550889333
1710778146.8245819,0.07277196480168237
1710778146.824695,0.04474695771932602
1710778146.8248084,0.01812320202589035
1710778146.8249216,-0.009199378805028068
1710778146.8250349,-0.036518416470951505
1710778146.8251479,-0.06453794323735766
1710778146.825261,-0.09395844406551784
1710778146.8253744,-0.12372919254832797
1710778146.8254876,-0.1538501845465766
1710778146.8256006,-0.18432142006026372
1710778146.8257139,-0.21374190847078958
1710778146.8258271,-0.24351265695359972
1710778146.8259404,-0.27223267489009434
1710778146.8260534,-0.3013029363420274
1710778146.8261666,-0.3303731812371148
1710778146.8262799,-0.3597937027613322
1710778146.8263931,-0.3895644346872965
1710778146.8265061,-0.4210863841904534
1710778146.8266194,-0.4526083668073018
1710778146.8267326,-0.4844805598258972
1710778146.826846,-0.5146015683809916
1710778146.8269591,-0.5443723003069559
1710778146.8270721,-0.5723918146557277
1710778146.8271854,-0.6004113621181911
1710778146.8272986,-0.6280806329515245
1710778146.827412,-0.6550494167539809
1710778146.827525,-0.6823684771855673
1710778146.8276381,-0.7096875376171535
1710778146.8277514,-0.7370065318213569
1710778146.8278646,-0.7653762896855671
1710778146.8279777,-0.7923451397154067
1710778146.828091,-0.8182631598578559
1710778146.8282042,-0.8424299955368042
1710778146.8283174,-0.8655461337831285
1710778146.8284307,-0.8879617187711928
1710778146.8285437,-0.909326606326633
1710778146.828657,-0.9303412834803263
1710778146.8287702,-0.9513558944066365
1710778146.8288834,-0.9723705715603298
1710778146.8289964,-0.9951364331775241
1710778146.8291097,-1.0168515311347113
1710778146.829223,-1.0375159316592746
1710778146.8293362,-1.0571296347512138
1710778146.8294492,-1.0749920871522691
1710778146.8295624,-1.0925042629241943
1710778146.8296757,-1.1086155308617485
1710778146.829789,-1.1229754818810356
1710778146.8299022,-1.13838619656033
1710778146.8300152,-1.153446700837877
1710778146.8301284,-1.1685072051154242
1710778146.8302417,-1.1839179197947185
1710778146.830355,-1.1993287669287787
1710778146.830468,-1.2133385075463188
1710778146.8305812,-1.225947274102105
1710778146.8306944,-1.237505276997884
1710778146.8308077,-1.2483628590901692
1710778146.8309207,-1.2585200203789604
1710778146.831034,-1.2672760751512315
1710778146.8311472,-1.2770828935835097
1710778146.8312604,-1.2868897120157878
1710778146.8313735,-1.297397083706326
1710778146.8314867,-1.307904322942098
1710778146.8316,-1.318411694632636
1710778146.8317132,-1.3289190663231742
1710778146.8318264,-1.3373249106936984
1710778146.8319395,-1.3450302018059623
1710778146.8320527,-1.3513346513112385
1710778146.832166,-1.3562379942999945
1710778146.8322792,-1.3607912593417697
1710778146.8323922,-1.3649941815270317
1710778146.8325055,-1.3688468933105469
1710778146.8326187,-1.3730498154958088
1710778146.832732,-1.377252737681071
1710778146.832845,-1.3797043429480658
1710778146.8329582,-1.382156080669827
1710778146.8330715,-1.38250642352634
1710778146.8331847,-1.381455659866333
1710778146.833298,-1.378653711742825
1710778146.833411,-1.3748009999593098
1710778146.8335242,-1.3712984985775418
1710778146.8336375,-1.3670955763922796
1710778146.8337507,-1.3642936282687717
1710778146.8338637,-1.3614916801452637
1710778146.833977,-1.3583395216200087
1710778146.8340902,-1.3558877838982475
1710778146.8342035,-1.3513346513112385
1710778146.8343165,-1.3467815187242296
1710778146.8344297,-1.3404770692189534
1710778146.834543,-1.3324214352501762
1710778146.8346562,-1.3243658012813992
1710778146.8347695,-1.315259536107381
1710778146.8348825,-1.306503348880344
1710778146.8349957,-1.297397083706326
1710778146.835109,-1.2882906860775418
1710778146.8352222,-1.2791844209035237
1710778146.8353353,-1.2693774700164795
1710778146.8354485,-1.2567687034606934
1710778146.8355618,-1.2441599369049072
1710778146.835675,-1.22909943262736
1710778146.835788,-1.212988297144572
1710778146.8359013,-1.1954760551452637
1710778146.8360145,-1.1776136027442083
1710778146.8361278,-1.1604515711466472
1710778146.8362408,-1.142238908343845
1710778146.836354,-1.1261276404062908
1710778146.8364673,-1.1089657412634955
1710778146.8365805,-1.0907530784606934
1710778146.8366938,-1.071839862399631
1710778146.8368068,-1.0518759489059448
1710778146.83692,-1.0305110613505046
1710778146.8370333,-1.0087959633933172
1710778146.8371465,-0.986030101776123
1710778146.8372595,-0.9632642401589288
1710778146.8373728,-0.9408485889434814
1710778146.837486,-0.9198339780171711
1710778146.8375993,-0.898469090461731
1710778146.8377123,-0.8771042029062907
1710778146.8378255,-0.8557393153508503
1710778146.8379388,-0.8336739407645332
1710778146.838052,-0.8098573154873318
1710778146.8381653,-0.7846397161483765
1710778146.8382783,-0.7597723934385512
1710778146.8383915,-0.7335040966669718
1710778146.8385048,-0.7075860765245225
1710778146.838618,-0.6823684771855673
1710778146.838731,-0.6578513648774889
1710778146.8388443,-0.6340348058276706
1710778146.8389575,-0.6088172064887153
1710778146.8390708,-0.583599673377143
1710778146.8391838,-0.5583820740381876
1710778146.839297,-0.5321137772666084
1710778146.8394103,-0.5051449603504604
1710778146.8395236,-0.4767752024862501
1710778146.8396368,-0.4501566621992323
1710778146.8397498,-0.42283763488133747
1710778146.839863,-0.39621906148062813
1710778146.8399763,-0.3699507647090488
1710778146.8400896,-0.3443829549683465
1710778146.8402026,-0.31881514522764415
1710778146.8403158,-0.2914960847960578
1710778146.840429,-0.26277608341640896
1710778146.8405423,-0.23405606547991434
1710778146.8406553,-0.2039350734816657
1710778146.8407686,-0.17276335093710157
1710778146.8408818,-0.14229213198026022
1710778146.840995,-0.11112040115727319
1710778146.841108,-0.08134965267446306
1710778146.8412213,-0.05262964301639133
1710778146.8413346,-0.022858898672792647
1710778146.8414478,0.005511949873632855
1710778146.841561,0.03423758265044954
1710778146.841674,0.06366384112172656
1710778146.8417873,0.0941410329606798
1710778146.8419006,0.12321698168913522
1710778146.8420138,0.15474511517418754
1710778146.8421268,0.18452167510986328
1710778146.84224,0.21429825160238478
1710778146.8423533,0.24127231703864202
1710778146.8424666,0.2692973282602098
1710778146.8425796,0.29627141025331283
1710778146.8426929,0.32324545913272434
1710778146.842806,0.35021954112582737
1710778146.8429193,0.37859486209021675
1710778146.8430326,0.40802111228307086
1710778146.8431456,0.4367467429902818
1710778146.8432589,0.46687361266877914
1710778146.843372,0.49594958623250324
1710778146.8434854,0.5246752169397142
1710778146.8435984,0.5519995755619472
1710778146.8437116,0.579323967297872
1710778146.8438249,0.6045464674631754
1710778146.843938,0.6308199299706353
1710778146.8440511,0.6570933924780952
1710778146.8441644,0.6840674082438151
1710778146.8442776,0.7096402512656318
1710778146.8443909,0.7366143332587348
1710778146.8445039,0.7632380723953247
1710778146.8446171,0.7881102959314982
1710778146.8447304,0.8126321766111586
1710778146.8448436,0.8347018559773762
1710778146.8449569,0.8560709158579508
1710778146.84507,0.8763890133963691
1710778146.8451831,0.8963568343056573
1710778146.8452964,0.9163246552149454
1710778146.8454096,0.9369930956098769
1710778146.8455226,0.956960916519165
1710778146.845636,0.9779796997706095
1710778146.8457491,0.9975971778233845
1710778146.8458624,1.0165141026178997
1710778146.8459754,1.0340297222137451
1710778146.8460886,1.0504943794674344
1710778146.846202,1.0655578639772203
1710778146.8463151,1.0806212822596233
1710778146.8464284,1.095334423912896
1710778146.8465414,1.110397842195299
1710778146.8466547,1.125811603334215
1710778146.846768,1.1419260501861572
1710778146.8468812,1.156639125612047
1710778146.8469942,1.17170254389445
1710778146.8471074,1.1860654089185927
1710778146.8472207,1.1986766921149359
1710778146.847334,1.21023694674174
1710778146.847447,1.2203959623972576
1710778146.8475602,1.2291538715362549
1710778146.8476734,1.2386122014787462
1710778146.8477867,1.2473701106177435
1710778146.8479,1.256478230158488
1710778146.848013,1.2659366925557454
1710778146.8481262,1.2746944692399766
1710778146.8482394,1.2820510069529216
1710778146.8483527,1.2901082303788927
1710778146.8484657,1.295713186264038
1710778146.848579,1.3002672460344102
1710778146.8486922,1.3044709629482694
1710778146.8488054,1.3076237837473552
1710778146.8489184,1.311126947402954
1710778146.8490317,1.3149804539150662
1710778146.849145,1.3202350669436984
1710778146.8492582,1.3240885734558105
1710778146.8493712,1.3282922903696697
1710778146.8494844,1.3317954540252686
1710778146.8495977,1.3338972462548149
1710778146.849711,1.3338972462548149
1710778146.8498242,1.3310947683122423
1710778146.8499372,1.3282922903696697
1710778146.8500504,1.3240885734558105
1710778146.8501637,1.3184834851158989
1710778146.850277,1.3135792149437797
1710778146.85039,1.3079741266038682
1710778146.8505032,1.3023691707187228
1710778146.8506165,1.2967642148335774
1710778146.8507297,1.288356648551093
1710778146.8508427,1.2810001108381484
1710778146.850956,1.2715416484408908
1710778146.8510692,1.260331604215834
1710778146.8511825,1.24947190284729
1710778146.8512957,1.2379116482204862
1710778146.8514087,1.226701603995429
1710778146.851522,1.2161922454833984
1710778146.8516352,1.2063834402296278
1710778146.8517485,1.19552387131585
1710778146.8518615,1.1850143803490532
1710778146.8519747,1.1734541257222493
1710778146.852088,1.1601422892676458
1710778146.8522012,1.145779424243503
1710778146.8523142,1.1289644241333008
1710778146.8524275,1.1114487383100722
1710778146.8525407,1.0925318797429402
1710778146.852654,1.0743156406614516
1710778146.8527672,1.0543478197521634
1710778146.8528802,1.0354309611850314
1710778146.8529935,1.0151127974192302
1710778146.8531067,0.9954953193664551
1710778146.85322,0.9748268789715236
1710778146.853333,0.953107476234436
1710778146.8534462,0.9303371773825752
1710778146.8535595,0.9058152967029147
1710778146.8536727,0.8809431393941243
1710778146.8537858,0.8571218782001071
1710778146.853899,0.8325999975204468
1710778146.8540123,0.8098296324412028
1710778146.8541255,0.787409676445855
1710778146.8542385,0.7653399308522542
1710778146.8543518,0.7422193553712633
1710778146.854465,0.7194489902920193
1710778146.8545783,0.6959780719545152
1710778146.8546915,0.6697046094470553
1710778146.8548045,0.6437814897961086
1710778146.8549178,0.618208646774292
1710778146.855031,0.591234564781189
1710778146.8551443,0.5653114451302422
1710778146.8552573,0.5404392878214518
1710778146.8553705,0.5148664447996352
1710778146.8554838,0.48999425437715316
1710778146.855597,0.46442144446902806
1710778146.85571,0.4377976722187466
1710778146.8558233,0.4115242428249783
1710778146.8559365,0.38174768288930255
1710778146.8560498,0.35337236192491317
1710778146.856163,0.32289514938990277
1710778146.856276,0.29311858945422703
1710778146.8563893,0.26264139347606236
1710778146.8565025,0.23321512672636244
1710778146.8566158,0.2037888765335083
1710778146.8567288,0.17576386531194052
1710778146.856842,0.14528666933377585
1710778146.8569553,0.11480947335561116
1710778146.8570685,0.08328134814898173
1710778146.8571815,0.051753210524717964
1710778146.8572948,0.01812320202589035
1710778146.857408,-0.014102796299590005
1710778146.8575213,-0.04632525146007538
1710778146.8576345,-0.07854770455095503
1710778146.8577476,-0.10901894006464216
1710778146.8578608,-0.1391399237844679
1710778146.857974,-0.16926091578271654
1710778146.8580873,-0.19938190778096515
1710778146.8582003,-0.22985314329465228
1710778146.8583136,-0.26172535287009346
1710778146.8584268,-0.29429803291956586
1710778146.85854,-0.32757123311360675
1710778146.858653,-0.3597937027613322
1710778146.8587663,-0.39271662632624305
1710778146.8588796,-0.42353812191221446
1710778146.8589928,-0.4533088538381788
1710778146.8591058,-0.48342982927958167
1710778146.859219,-0.5117996202574836
1710778146.8593323,-0.5405196216371324
1710778146.8594456,-0.5699401431613498
1710778146.8595588,-0.5993605984581841
1710778146.8596718,-0.6284309095806545
1710778146.859785,-0.6582016415066189
1710778146.8598983,-0.6858709123399522
1710778146.8600116,-0.7128396961424086
1710778146.8601246,-0.7394582695431179
1710778146.8602378,-0.7636251052220662
1710778146.860351,-0.7874416642718844
1710778146.8604643,-0.8109080129199557
1710778146.8605773,-0.8347246381971571
1710778146.8606906,-0.8595919609069824
1710778146.8608038,-0.8848095602459377
1710778146.860917,-0.9103773699866401
1710778146.8610303,-0.9366456667582194
1710778146.8611434,-0.9615129894680446
1710778146.8612566,-0.986730588807
1710778146.8613698,-1.0094964504241943
1710778146.861483,-1.0319120354122586
1710778146.861596,-1.052226225535075
1710778146.8617094,-1.0725403494305081
1710778146.8618226,-1.0925042629241943
1710778146.8619359,-1.1128184530470107
1710778146.8620489,-1.1324320899115667
1710778146.862162,-1.151695516374376
1710778146.8622754,-1.1713091532389324
1710778146.8623886,-1.1884711848364935
1710778146.8625016,-1.2035316891140408
1710778146.8626149,-1.218241850535075
1710778146.862728,-1.232251591152615
1710778146.8628414,-1.2438097265031602
1710778146.8629546,-1.2543169657389324
1710778146.8630676,-1.2669258647494845
1710778146.8631809,-1.2795346313052707
1710778146.8632941,-1.2921433978610568
1710778146.8634074,-1.30510237481859
1710778146.8635204,-1.318411694632636
1710778146.8636336,-1.3296194871266682
1710778146.863747,-1.3401268588172064
1710778146.8638601,-1.3499336772494845
1710778146.8639731,-1.3583395216200087
1710778146.8640864,-1.364643971125285
1710778146.8641996,-1.3723492622375488
1710778146.864313,-1.378653711742825
1710778146.8644261,-1.386359002855089
1710778146.8645391,-1.3937142160203722
1710778146.8646524,-1.4021200603908963
1710778146.8647656,-1.4084243774414062
1710778146.864879,-1.4140282736884222
1710778146.864992,-1.4178809854719374
1710778146.8651052,-1.4206829335954454
1710778146.8652184,-1.4217336972554524
1710778146.8653316,-1.4217336972554524
1710778146.8654447,-1.4213834868537054
1710778146.865558,-1.4213834868537054
1710778146.8656712,-1.4206829335954454
1710778146.8657844,-1.4206829335954454
1710778146.8658977,-1.4199825127919514
1710778146.8660107,-1.4178809854719374
1710778146.866124,-1.4147288269466824
1710778146.8662372,-1.4101756943596733
1710778146.8663504,-1.4035210344526503
1710778146.8664634,-1.3965161641438801
1710778146.8665767,-1.387409766515096
1710778146.86669,-1.379003922144572
1710778146.8668032,-1.3695473141140408
1710778146.8669162,-1.3614916801452637
1710778146.8670294,-1.3534360461764865
1710778146.8671427,-1.3439795706007216
1710778146.867256,-1.3345229625701904
1710778146.867369,-1.3233151700761583
1710778146.8674822,-1.3110566139221191
1710778146.8675954,-1.295996109644572
1710778146.8677087,-1.2805853949652777
1710778146.867822,-1.2637735737694633
1710778146.867935,-1.2466116746266682
1710778146.8680482,-1.230150196287367
1710778146.8681614,-1.212988297144572
1710778146.8682747,-1.1972272396087646
1710778146.8683877,-1.1807657612694633
1710778146.868501,-1.1636038621266682
1710778146.8686142,-1.1453910668690999
1710778146.8687274,-1.1257774300045438
1710778146.8688405,-1.1051130294799805
1710778146.8689537,-1.0844486289554172
1710778146.869067,-1.0634340180291069
1710778146.8691802,-1.0420691304736667
1710778146.8692935,-1.0221052169799805
1710778146.8694065,-1.0031920671463013
1710778146.8695197,-0.9835783640543619
1710778146.869633,-0.9636144505606757
1710778146.8697462,-0.9436505370669894
1710778146.8698592,-0.9226359261406792
1710778146.8699725,-0.899169577492608
1710778146.8700857,-0.8753529522154067
1710778146.870199,-0.8504856295055813
1710778146.870312,-0.824917819764879
1710778146.8704252,-0.8000504970550537
1710778146.8705385,-0.7744826873143513
1710778146.8706517,-0.750315851635403
1710778146.870765,-0.7250982522964478
1710778146.870878,-0.7005811399883694
1710778146.8709912,-0.6746631198459201
1710778146.8711045,-0.6480445464452108
1710778146.8712177,-0.6200249989827474
1710778146.8713307,-0.5916552411185371
1710778146.871444,-0.5625849962234497
1710778146.8715572,-0.5342152383592393
1710778146.8716705,-0.505495203865899
1710778146.8717835,-0.47852642006344265
1710778146.8718967,-0.45120739274554783
1710778146.87201,-0.4249390959739685
1710778146.8721232,-0.3986707660886976
1710778146.8722363,-0.3720522258016798
1710778146.8723495,-0.3436824679374695
1710778146.8724627,-0.3149624334441291
1710778146.872576,-0.28519170151816475
1710778146.8726892,-0.2543702224890391
1710778146.8728023,-0.22389898697535196
1710778146.8729155,-0.19447848200798035
1710778146.8730288,-0.1650579935974545
1710778146.873142,-0.13598773214552137
1710778146.873255,-0.10656722717814975
1710778146.8733683,-0.07784721752007802
1710778146.8734815,-0.04702573849095239
1710778146.8735948,-0.016204260496629607
1710778146.8737078,0.015320702352457576
1710778146.873821,0.047899774379200406
1710778146.8739343,0.08082915511396196
1710778146.8740475,0.11340822610590193
1710778146.8741608,0.14423574010531107
1710778146.8742738,0.17506324582629734
1710778146.874387,0.20448949601915148
1710778146.8745003,0.23426607251167297
1710778146.8746135,0.2636923227045271
1710778146.8747265,0.29276827971140545
1710778146.8748398,0.32324545913272434
1710778146.874953,0.3537226716677348
1710778146.8750663,0.3841998510890537
1710778146.8751793,0.4146770636240641
1710778146.8752925,0.44445362355973983
1710778146.8754058,0.47247863478130764
1710778146.875519,0.4994526836607191
1710778146.8756323,0.5260764559110006
1710778146.8757453,0.5516492658191257
1710778146.8758585,0.5772221088409424
1710778146.8759718,0.6045464674631754
1710778146.876085,0.6301193104849921
1710778146.876198,0.6570933924780952
1710778146.8763113,0.6844177511003282
1710778146.8764246,0.7103408707512749
1710778146.8765378,0.7362639904022217
1710778146.8766508,0.7600852515962389
1710778146.876764,0.7825052738189697
1710778146.8768773,0.8038743336995442
1710778146.8769906,0.8241924974653456
1710778146.8771036,0.845211214489407
1710778146.8772168,0.8651790353986952
1710778146.87733,0.8858474757936265
1710778146.8774433,0.9061656395594279
1710778146.8775566,0.926133460468716
1710778146.8776696,0.9457509385214912
1710778146.8777828,0.964667797088623
1710778146.877896,0.9818331400553385
1710778146.8780093,0.998998483022054
1710778146.8781223,1.014061901304457
1710778146.8782356,1.0301762819290161
1710778146.8783488,1.0469912820392184
1710778146.878462,1.0634559392929077
1710778146.878575,1.0816722446017795
1710778146.8786883,1.0984872447119818
1710778146.8788016,1.1156525876786973
1710778146.8789148,1.13316814104716
1710778146.879028,1.149632798300849
1710778146.879141,1.1629447672102187
1710778146.8792543,1.1752057075500488
1710778146.8793676,1.1867659621768527
1710778146.8794808,1.1972753206888835
1710778146.8795938,1.2063834402296278
1710778146.879707,1.2168929311964247
1710778146.8798203,1.226701603995429
1710778146.8799336,1.2361600663926866
1710778146.8800466,1.2449178430769179
1710778146.8801599,1.2533254093594022
1710778146.880273,1.260331604215834
1710778146.8803864,1.2666372458140056
1710778146.8804994,1.2715416484408908
1710778146.8806126,1.2753950224982367
1710778146.8807259,1.2799490822686088
1710778146.880839,1.2841529316372342
1710778146.8809524,1.2890573342641194
1710778146.8810654,1.2946622901492648
1710778146.8811786,1.2995666927761502
1710778146.8812919,1.3048213058047824
1710778146.881405,1.3093753655751545
1710778146.8815181,1.3125281863742404
1710778146.8816314,1.3128785292307537
1710778146.8817446,1.3125281863742404
1710778146.8818579,1.3107766045464408
1710778146.881971,1.3086748123168945
1710778146.8820841,1.3062225447760687
1710778146.8821974,1.3041207525465224
1710778146.8823106,1.3009679317474365
1710778146.8824239,1.2985156642066107
1710778146.882537,1.295713186264038
1710778146.8826501,1.2897578875223796
1710778146.8827634,1.2841529316372342
1710778146.8828766,1.2771466043260362
1710778146.8829896,1.2676881419287787
1710778146.883103,1.256828573015001
1710778146.8832161,1.2466694249047172
1710778146.8833294,1.2361600663926866
1710778146.8834424,1.2253003650241427
1710778146.8835557,1.2147910065121121
1710778146.883669,1.2039313051435683
1710778146.8837821,1.1930716037750244
1710778146.8838954,1.1808106634351943
1710778146.8840084,1.168549723095364
1710778146.8841217,1.1524354086981878
1710778146.884235,1.1373718579610188
1710778146.8843482,1.1205568578508165
1710778146.8844612,1.1047928200827704
1710778146.8845744,1.0883281628290813
1710778146.8846877,1.0729144016901653
1710778146.884801,1.0589018795225356
1710778146.884914,1.0441888040966458
1710778146.8850272,1.0284247001012166
1710778146.8851404,1.0119600428475273
1710778146.8852537,0.9947946998808119
1710778146.8853667,0.9758778413136799
1710778146.88548,0.9555596775478786
1710778146.8855932,0.9352415800094604
1710778146.8857064,0.9142227967580159
1710778146.8858197,0.8932040797339545
1710778146.8859327,0.8732362588246663
1710778146.886046,0.8536187145445082
1710778146.8861592,0.8322496546639336
1710778146.8862724,0.8119315571255153
1710778146.8863854,0.7902121543884277
1710778146.8864987,0.76814247502221
1710778146.886612,0.7446714904573228
1710778146.8867252,0.7201496097776625
1710778146.8868382,0.6959780719545152
1710778146.8869514,0.6714561912748549
1710778146.8870647,0.6479852067099677
1710778146.887178,0.6248646312289767
1710778146.8872912,0.602444609006246
1710778146.8874042,0.579323967297872
1710778146.8875175,0.5558530489603678
1710778146.8876307,0.5316814449098375
1710778146.887744,0.5057583252588908
1710778146.887857,0.477733314037323
1710778146.8879702,0.4486573735872904
1710778146.8880835,0.4202820526229011
1710778146.8881967,0.39155642191569007
1710778146.8883097,0.3628307912084791
1710778146.888423,0.3344554702440898
1710778146.8885362,0.3060801492797004
1710778146.8886495,0.27875575754377574
1710778146.8887627,0.25038045313623214
1710778146.8888757,0.22130449612935382
1710778146.888989,0.1918782459364997
1710778146.8891022,0.161401049958335
1710778146.8892155,0.13092385398017034
1710778146.8893285,0.10009634825918409
1710778146.8894417,0.07102040780915155
1710778146.889555,0.041944459080696106
1710778146.8896682,0.01391945199833976
1710778146.8897812,-0.014102796299590005
1710778146.8898945,-0.04212232099639045
1710778146.8900077,-0.07084233065446217
1710778146.890121,-0.1002628356218338
1710778146.890234,-0.13038382762008244
1710778146.8903472,-0.1622560289171007
1710778146.8904605,-0.19412823849254185
1710778146.8905737,-0.22600044806798297
1710778146.890687,-0.25822291771570843
1710778146.8908,-0.2890443801879883
1710778146.8909132,-0.3191653887430827
1710778146.8910265,-0.34823563363817
1710778146.8911397,-0.37800636556413436
1710778146.8912528,-0.40672640005747474
1710778146.891366,-0.4357966449525621
1710778146.8914793,-0.4666181405385335
1710778146.8915925,-0.49603862894905937
1710778146.8917055,-0.5265098479059007
1710778146.8918188,-0.5555801259146796
1710778146.891932,-0.582899186346266
1710778146.8920453,-0.6091674831178453
1710778146.8921585,-0.6347352928585476
1710778146.8922715,-0.658902128537496
1710778146.8923848,-0.6830689642164443
1710778146.892498,-0.7082865635553995
1710778146.8926113,-0.7324533992343478
1710778146.8927243,-0.7576709323459201
1710778146.8928375,-0.7839392291174995
1710778146.8929508,-0.8081060647964478
1710778146.893064,-0.832272900475396
1710778146.893177,-0.8550388283199734
1710778146.8932903,-0.8764037158754137
1710778146.8934035,-0.8974183268017238
1710778146.8935168,-0.9180827273262872
1710778146.89363,-0.9383968512217203
1710778146.893743,-0.9590612517462836
1710778146.8938563,-0.9793754418690999
1710778146.8939695,-1.0014408164554172
1710778146.8940828,-1.0231559806399875
1710778146.8941958,-1.0448710785971747
1710778146.894309,-1.065185268719991
1710778146.8944223,-1.0844486289554172
1710778146.8945355,-1.1030115683873494
1710778146.8946486,-1.1201735337575276
1710778146.8947618,-1.136985222498576
1710778146.894875,-1.152746280034383
1710778146.8949883,-1.1692077583736844
1710778146.8951013,-1.1870702107747395
1710778146.8952146,-1.2035316891140408
1710778146.8953278,-1.220343377855089
1710778146.895441,-1.237155066596137
1710778146.8955543,-1.2525657812754314
1710778146.8956673,-1.2665755218929715
1710778146.8957806,-1.2791844209035237
1710778146.8958938,-1.2914428446027968
1710778146.896007,-1.302300426695082
1710778146.89612,-1.314208772447374
1710778146.8962333,-1.3254165649414062
1710778146.8963466,-1.3373249106936984
1710778146.8964598,-1.3495834668477376
1710778146.8965728,-1.3618420230017767
1710778146.896686,-1.3723492622375488
1710778146.8967993,-1.38250642352634
1710778146.8969126,-1.3895112938351102
1710778146.8970258,-1.3958156108856201
1710778146.8971388,-1.400368743472629
1710778146.897252,-1.4035210344526503
1710778146.8973653,-1.4063229825761583
1710778146.8974786,-1.4080741670396593
1710778146.8975916,-1.4112263255649142
1710778146.8977048,-1.4133278528849285
1710778146.897818,-1.4147288269466824
1710778146.8979313,-1.4157795906066895
1710778146.8980443,-1.4150790373484294
1710778146.8981576,-1.4122770892249212
1710778146.8982708,-1.4084243774414062
1710778146.898384,-1.4035210344526503
1710778146.898497,-1.399668322669135
1710778146.8986104,-1.3940644264221191
1710778146.8987236,-1.3898615042368572
1710778146.8988369,-1.386359002855089
1710778146.89895,-1.382856633928087
1710778146.899063,-1.378653711742825
1710778146.8991764,-1.3737502362993028
1710778146.8992896,-1.3663951555887859
1710778146.8994029,-1.3583395216200087
1710778146.8995159,-1.3485327031877306
1710778146.899629,-1.3369745678371854
1710778146.8997424,-1.3257667753431532
1710778146.8998556,-1.313508219189114
1710778146.8999686,-1.301600005891588
1710778146.9000819,-1.2900418705410428
1710778146.9001951,-1.2774331039852567
1710778146.9003084,-1.2651745478312175
1710778146.9004216,-1.2511648072136772
1710778146.9005346,-1.23610430293613
1710778146.9006479,-1.219292614195082
1710778146.9007611,-1.2010799513922796
1710778146.9008744,-1.1828672885894775
1710778146.9009874,-1.1639540725284152
1710778146.9011006,-1.1453910668690999
1710778146.901214,-1.1271784040662978
1710778146.9013271,-1.1100165049235027
1710778146.9014401,-1.0925042629241943
1710778146.9015534,-1.074641810523139
1710778146.9016666,-1.056429147720337
1710778146.90178,-1.0364652342266507
1710778146.9018931,-1.0158008337020874
1710778146.9020061,-0.9944359461466471
1710778146.9021194,-0.9713198079003228
1710778146.9022326,-0.9485539462831285
1710778146.902346,-0.9257880846659342
1710778146.902459,-0.9044231971104939
1710778146.9025722,-0.8827080991533067
1710778146.9026854,-0.8620436986287434
1710778146.9027987,-0.8392778370115492
1710778146.9029117,-0.8165119753943549
1710778146.903025,-0.7926953501171535
1710778146.9031382,-0.7664270533455743
1710778146.9032514,-0.740158756573995
1710778146.9033644,-0.7124894857406616
1710778146.9034777,-0.6848201486799452
1710778146.903591,-0.6571508778466119
1710778146.9037042,-0.6298318836424086
1710778146.9038174,-0.6021626128090752
1710778146.9039304,-0.5755440394083658
1710778146.9040437,-0.5485752556059096
1710778146.904157,-0.5188044905662537
1710778146.9042702,-0.4904347327020433
1710778146.9043832,-0.4592629936006334
1710778146.9044964,-0.42844153112835354
1710778146.9046097,-0.3969195485115051
1710778146.904723,-0.36504735549290973
1710778146.904836,-0.3342258599069383
1710778146.9049492,-0.30445512798097396
1710778146.9050624,-0.2743341359827253
1710778146.9051757,-0.24351265695359972
1710778146.905289,-0.21269117792447406
1710778146.905402,-0.18221994241078696
1710778146.9055152,-0.1489467587735918
1710778146.9056284,-0.11567357513639662
1710778146.9057417,-0.08099940915902455
1710778146.9058547,-0.048076469037267894
1710778146.905968,-0.014453039815028507
1710778146.9060812,0.01882382772035069
1710778146.9061944,0.050351959135797285
1710778146.9063075,0.08117946485678355
1710778146.9064207,0.11095604134930505
1710778146.906534,0.14178353879186842
1710778146.9066472,0.1715601152843899
1710778146.9067605,0.20308825704786512
1710778146.9068735,0.23391576276885137
1710778146.9069867,0.2654438879754808
1710778146.9071,0.2955707576539781
1710778146.9072132,0.325697660446167
1710778146.9073262,0.35442329115337795
1710778146.9074395,0.38174768288930255
1710778146.9075527,0.40872173176871407
1710778146.907666,0.43534550401899547
1710778146.907779,0.4630202054977417
1710778146.9078922,0.49104518360561794
1710778146.9080055,0.5197708143128289
1710778146.9081187,0.5488467878765529
1710778146.9082317,0.5779227283265855
1710778146.908345,0.606648325920105
1710778146.9084582,0.6343230273988512
1710778146.9085715,0.6616474522484673
1710778146.9086847,0.6865196095572578
1710778146.9087977,0.7113918330934312
1710778146.908911,0.7352130942874484
1710778146.9090242,0.7593846321105957
1710778146.9091375,0.7832058933046129
1710778146.9092505,0.8084283934699165
1710778146.9093637,0.8325999975204468
1710778146.909477,0.856771535343594
1710778146.9095902,0.879892177051968
1710778146.9097033,0.9023121992746989
1710778146.9098165,0.9229806396696303
1710778146.9099298,0.9422478410932753
1710778146.910043,0.9618653191460503
1710778146.9101562,0.9800815582275391
1710778146.9102693,0.9993487596511841
1710778146.9103825,1.018615961074829
1710778146.9104958,1.0382334391276042
1710778146.910609,1.0575006405512493
1710778146.910722,1.0767678419748943
1710778146.9108353,1.0963853200276692
1710778146.9109485,1.1139010058508978
1710778146.9110618,1.130015320248074
1710778146.9111748,1.14542908138699
1710778146.911288,1.1594416035546196
1710778146.9114013,1.1745050218370225
1710778146.9115145,1.1885175440046523
1710778146.9116278,1.203230751885308
1710778146.9117408,1.217943827311198
1710778146.911854,1.2326569027370877
1710778146.9119673,1.2463190820482042
1710778146.9120805,1.2596310509575737
1710778146.9121935,1.2711913055843778
1710778146.9123068,1.280299425125122
1710778146.91242,1.288356648551093
1710778146.9125333,1.295713186264038
1710778146.9126463,1.3023691707187228
1710778146.9127595,1.3090251551734076
1710778146.9128728,1.3149804539150662
1710778146.912986,1.3212860955132377
1710778146.913099,1.3272413942548964
1710778146.9132123,1.3328463501400418
1710778146.9133255,1.3366997241973877
1710778146.9134388,1.3391519917382133
1710778146.913552,1.3409035735660129
1710778146.913665,1.3409035735660129
1710778146.9137783,1.3398525449964735
1710778146.9138916,1.3388016488817003
1710778146.9140048,1.3388016488817003
1710778146.9141178,1.337400409910414
1710778146.914231,1.3370500670539007
1710778146.9143443,1.3366997241973877
1710778146.9144576,1.3342475891113281
1710778146.9145706,1.3321456644270155
1710778146.9146838,1.32584015528361
1710778146.914797,1.3198847240871854
1710778146.9149103,1.3114772902594671
1710778146.9150236,1.3020188278622098
1710778146.9151366,1.2918598122066922
1710778146.9152498,1.2827516926659477
1710778146.915363,1.272242334153917
1710778146.9154763,1.2631340821584065
1710778146.9155893,1.2533254093594022
1710778146.9157026,1.2424657079908583
1710778146.9158158,1.2319563494788275
1710778146.915929,1.218994723425971
1710778146.916042,1.2060332298278809
1710778146.9161553,1.1923710505167644
1710778146.9162686,1.1787088712056477
1710778146.9163818,1.164346006181505
1710778146.9164948,1.1503334840138753
1710778146.916608,1.138072543674045
1710778146.9167213,1.125461260477702
1710778146.9168346,1.1124997668796115
1710778146.9169478,1.0984872447119818
1710778146.9170609,1.0834237602021959
1710778146.917174,1.0673093795776367
1710778146.9172873,1.0473415586683485
1710778146.9174006,1.0280744234720867
1710778146.9175136,1.0074059830771551
1710778146.9176269,0.9860368569691975
1710778146.91774,0.9653684165742662
1710778146.9178534,0.9443496995502048
1710778146.9179664,0.9233309162987603
1710778146.9180796,0.9023121992746989
1710778146.9181929,0.8809431393941243
1710778146.918306,0.8595740132861667
1710778146.9184194,0.8364534378051758
1710778146.9185324,0.8122818337546455
1710778146.9186456,0.7867089907328287
1710778146.9187589,0.7625374529096816
1710778146.918872,0.7387161917156643
1710778146.9189851,0.7152452733781602
1710778146.9190984,0.6924749082989162
1710778146.9192116,0.6704052289326986
1710778146.9193249,0.6476349300808376
1710778146.919438,0.6241640117433336
1710778146.9195511,0.5996421310636733
1710778146.9196644,0.5730183256997002
1710778146.9197776,0.5463945865631104
1710778146.9198909,0.5183695753415426
1710778146.920004,0.48929363489151
1710778146.9201171,0.4612686236699422
1710778146.9202304,0.433593922191196
1710778146.9203436,0.40626956356896293
1710778146.9204566,0.37859486209021675
1710778146.92057,0.3516207800971137
1710778146.9206831,0.3239460786183675
1710778146.9207964,0.29416951868269176
1710778146.9209094,0.2650935782326592
1710778146.9210227,0.23321512672636244
1710778146.921136,0.2013366917769114
1710778146.9212492,0.1701588597562578
1710778146.9213622,0.1400319900777605
1710778146.9214754,0.10955478582117292
1710778146.9215887,0.0797782176070743
1710778146.921702,0.050351959135797285
1710778146.9218152,0.020925702734125983
1710778146.9219282,-0.00849889125674963
1710778146.9220414,-0.03967061224910948
1710778146.9221547,-0.07014184362358517
1710778146.922268,-0.10236429671446481
1710778146.922381,-0.13318577574359045
1710778146.9224942,-0.16400726305113897
1710778146.9226074,-0.19342775146166483
1710778146.9227207,-0.22214776939815944
1710778146.9228337,-0.24981705678833854
1710778146.922947,-0.27783658769395614
1710778146.9230602,-0.30445512798097396
1710778146.9231734,-0.33247464232974583
1710778146.9232867,-0.3604941897922092
1710778146.9233997,-0.39061516523361206
1710778146.923513,-0.41933516661326087
1710778146.9236262,-0.4484054446220398
1710778146.9237394,-0.4764249589708116
1710778146.9238524,-0.5044444733195834
1710778146.9239657,-0.5303625596894158
1710778146.924079,-0.5555801259146796
1710778146.9241922,-0.5811479356553819
1710778146.9243052,-0.6060152583652072
1710778146.9244184,-0.6312328577041626
1710778146.9245317,-0.6561001804139879
1710778146.924645,-0.6823684771855673
1710778146.9247582,-0.7075860765245225
1710778146.9248712,-0.7331538862652248
1710778146.9249845,-0.7569704453150431
1710778146.9250977,-0.7807870705922444
1710778146.925211,-0.8021519581476847
1710778146.925324,-0.823867056104872
1710778146.9254372,-0.8455822202894423
1710778146.9255505,-0.8662466208140055
1710778146.9256637,-0.8890124824311998
1710778146.9257767,-0.9117783440483941
1710778146.92589,-0.9348944160673354
1710778146.9260032,-0.9594115283754137
1710778146.9261165,-0.982177389992608
1710778146.9262295,-1.0045930412080553
1710778146.9263427,-1.0256076521343656
1710778146.926456,-1.0452213552263048
1710778146.9265692,-1.0637842284308539
1710778146.9266825,-1.0816466808319092
1710778146.9267955,-1.0991589228312175
1710778146.9269087,-1.1170213752322726
1710778146.927022,-1.1341832743750677
1710778146.9271352,-1.151345305972629
1710778146.9272482,-1.1681569947136772
1710778146.9273615,-1.1842682626512315
1710778146.9274747,-1.1986282136705186
1710778146.927588,-1.2115871906280518
1710778146.927701,-1.223845746782091
1710778146.9278142,-1.234703328874376
1710778146.9279275,-1.2452107005649142
1710778146.9280407,-1.2571190463172064
1710778146.928154,-1.2676262855529785
1710778146.928267,-1.2798848417070177
1710778146.9283803,-1.2924936082628038
1710778146.9284935,-1.30510237481859
1710778146.9286067,-1.317010720570882
1710778146.9287198,-1.3271677494049072
1710778146.928833,-1.3355735937754314
1710778146.9289463,-1.3436292277442083
1710778146.9290595,-1.3502838876512315
1710778146.9291725,-1.3558877838982475
1710778146.9292858,-1.3618420230017767
1710778146.929399,-1.3667453659905326
1710778146.9295123,-1.3719990518358018
1710778146.9296255,-1.377252737681071
1710778146.9297385,-1.38180587026808
1710778146.9298518,-1.384958028793335
1710778146.929965,-1.385308371649848
1710778146.9300783,-1.384958028793335
1710778146.9301913,-1.383557054731581
1710778146.9303045,-1.380404896206326
1710778146.9304178,-1.3776029480828178
1710778146.930531,-1.3730498154958088
1710778146.930644,-1.3702478673723009
1710778146.9307573,-1.3681463400522869
1710778146.9308705,-1.364643971125285
1710778146.9309838,-1.3618420230017767
1710778146.9310968,-1.3565883371565077
1710778146.93121,-1.3506340980529785
1710778146.9313233,-1.3436292277442083
1710778146.9314365,-1.3348731729719374
1710778146.9315498,-1.3257667753431532
1710778146.9316628,-1.316310167312622
1710778146.931776,-1.3068536917368572
1710778146.9318893,-1.297397083706326
1710778146.9320025,-1.2889912393358018
1710778146.9321156,-1.2798848417070177
1710778146.9322288,-1.2711287869347465
1710778146.932342,-1.2595706515842013
1710778146.9324553,-1.2480126486884222
1710778146.9325683,-1.234703328874376
1710778146.9326816,-1.219642824596829
1710778146.9327948,-1.2052828735775418
1710778146.932908,-1.1898721588982475
1710778146.9330213,-1.1751618650224473
1710778146.9331343,-1.1615023348066542
1710778146.9332476,-1.14609162012736
1710778146.9333608,-1.133132643169827
1710778146.933474,-1.1187725596957736
1710778146.933587,-1.1033618450164795
1710778146.9337003,-1.0869003666771782
1710778146.9338136,-1.0693881909052532
1710778146.9339268,-1.0508252514733207
1710778146.9340398,-1.0319120354122586
1710778146.934153,-1.0133490959803264
1710778146.9342663,-0.9940856695175171
1710778146.9343796,-0.9748222430547078
1710778146.9344926,-0.9559090932210286
1710778146.9346058,-0.9373461537890964
1710778146.934719,-0.916331476635403
1710778146.9348323,-0.8949665890799628
1710778146.9349456,-0.8715002404318916
1710778146.9350586,-0.8480338917838203
1710778146.9351718,-0.822115871641371
1710778146.935285,-0.7958475748697916
1710778146.9353983,-0.7692290014690822
1710778146.9355114,-0.74331091509925
1710778146.9356246,-0.7180933819876777
1710778146.9357378,-0.6942767567104763
1710778146.935851,-0.669409434000651
1710778146.935964,-0.6445421112908257
1710778146.9360774,-0.6179235378901163
1710778146.9361906,-0.5913050307167901
1710778146.9363039,-0.5639859702852037
1710778146.936417,-0.5352659689055549
1710778146.93653,-0.5079469415876601
1710778146.9366434,-0.47922690709431964
1710778146.9367566,-0.45120739274554783
1710778146.9368699,-0.42458885245853
1710778146.9369829,-0.3976200355423821
1710778146.937096,-0.36854979064729476
1710778146.9372094,-0.34158100684483844
1710778146.9373226,-0.3118102418051826
1710778146.9374356,-0.28098877933290267
1710778146.9375489,-0.24911656975746155
1710778146.9376621,-0.2158433695634206
1710778146.9377754,-0.18432142006026372
1710778146.9378886,-0.15209895041253832
1710778146.9380016,-0.12092723614639705
1710778146.938115,-0.09115648766358693
1710778146.9382281,-0.061035499804549746
1710778146.9383414,-0.03091451194551256
1710778146.9384544,-0.0018442538566887379
1710778146.9385676,0.02933320485883289
1710778146.938681,0.060861338343885206
1710778146.9387941,0.09238946768972608
1710778146.9389071,0.12461822893884447
1710778146.9390204,0.15544573465983072
1710778146.9391336,0.1859229306379954
1710778146.939247,0.2153491973876953
1710778146.93936,0.2437245017952389
1710778146.9394732,0.2713992032739851
1710778146.9395864,0.29907388819588554
1710778146.9396996,0.32639827993181014
1710778146.939813,0.3547736008961995
1710778146.939926,0.3831489218605889
1710778146.9400392,0.41187455256779987
1710778146.9401524,0.44024987353218925
1710778146.9402657,0.46827488475375706
1710778146.9403787,0.4952489336331685
1710778146.940492,0.5211720863978068
1710778146.9406052,0.5460442768202888
1710778146.9407184,0.5702158477571275
1710778146.9408314,0.594737728436788
1710778146.9409447,0.6206608480877346
1710778146.941058,0.6469343105951945
1710778146.9411712,0.6728574302461412
1710778146.9412844,0.6998315122392442
1710778146.9413974,0.7264552513758341
1710778146.9415107,0.753078990512424
1710778146.941624,0.7776008711920844
1710778146.9417372,0.8021227518717448
1710778146.9418502,0.8252433935801188
1710778146.9419634,0.8469627963172065
1710778146.9420767,0.8690324756834242
1710778146.94219,0.8925033940209283
1710778146.942303,0.9142227967580159
1710778146.9424162,0.9373434384663899
1710778146.9425294,0.9601137373182509
1710778146.9426427,0.9818331400553385
1710778146.942756,1.0035525427924261
1710778146.942869,1.0231700208452013
1710778146.9429822,1.0424372222688463
1710778146.9430954,1.060653461350335
1710778146.9432087,1.0785194238026936
1710778146.9433217,1.0963853200276692
1710778146.943435,1.114601559109158
1710778146.9435482,1.13316814104716
1710778146.9436615,1.1520850658416748
1710778146.9437745,1.1703013049231634
1710778146.9438877,1.1885175440046523
1710778146.944001,1.2056828869713676
1710778146.9441142,1.2196954091389973
1710778146.9442272,1.2323066923353407
1710778146.9443405,1.244567632675171
1710778146.9444537,1.2547266483306885
1710778146.944567,1.2638347678714328
1710778146.9446802,1.2732932302686903
1710778146.9447932,1.2827516926659477
1710778146.9449065,1.2918598122066922
1710778146.9450197,1.2999169031778972
1710778146.945133,1.3079741266038682
1710778146.945246,1.31427976820204
1710778146.9453592,1.3209357526567247
1710778146.9454725,1.3240885734558105
1710778146.9455857,1.3279419475131564
1710778146.9456987,1.3303942150539823
1710778146.945812,1.3342475891113281
1710778146.9459252,1.3381010956234403
1710778146.9460385,1.3419544696807861
1710778146.9461517,1.345457633336385
1710778146.9462647,1.3493110073937309
1710778146.946378,1.3521134853363037
1710778146.9464912,1.353164513905843
1710778146.9466045,1.35281417104933
1710778146.9467175,1.3500116931067572
1710778146.9468307,1.345457633336385
1710778146.946944,1.3409035735660129
1710778146.9470572,1.3345979319678412
1710778146.9471703,1.3282922903696697
1710778146.9472835,1.3226873344845242
1710778146.9473968,1.3160313500298393
1710778146.94751,1.3090251551734076
1710778146.9476233,1.3009679317474365
1710778146.9477363,1.2922100226084392
1710778146.9478495,1.2824013498094347
1710778146.9479628,1.2711913055843778
1710778146.948076,1.2589303652445476
1710778146.948189,1.2466694249047172
1710778146.9483023,1.2347588274214003
1710778146.9484155,1.2238991260528564
1710778146.9485288,1.2126890818277996
1710778146.9486418,1.2021797233157687
1710778146.948755,1.1909698115454779
1710778146.9488683,1.179409424463908
1710778146.9489815,1.1657472451527913
1710778146.9490945,1.1517347229851616
1710778146.9492078,1.1366713047027588
1710778146.949321,1.1209072007073295
1710778146.9494343,1.1044425434536405
1710778146.9495475,1.087627543343438
1710778146.9496605,1.072213782204522
1710778146.9497738,1.0560994015799627
1710778146.949887,1.0406856404410467
1710778146.9500003,1.0242209831873577
1710778146.9501133,1.006355020734999
1710778146.9502265,0.9884890582826402
1710778146.9503398,0.9678206178877089
1710778146.950453,0.9461012813780043
1710778146.950566,0.9229806396696303
1710778146.9506793,0.8995096551047431
1710778146.9507926,0.8767393562528822
1710778146.9509058,0.8532684379153781
1710778146.951019,0.8304980728361342
1710778146.951132,0.8077277739842732
1710778146.9512453,0.7832058933046129
1710778146.9513586,0.7593846321105957
1710778146.9514718,0.7341621319452921
1710778146.9515848,0.7071880499521891
1710778146.951698,0.6795133484734429
1710778146.9518113,0.6514883703655666
1710778146.9519246,0.6238136688868204
1710778146.9520376,0.5954383479224311
1710778146.9521508,0.568113989300198
1710778146.952264,0.5407895975642734
1710778146.9523773,0.5134652058283488
1710778146.9524903,0.4857905043496026
1710778146.9526036,0.4570648736423916
1710778146.9527168,0.42658769422107273
1710778146.95283,0.39540986220041907
1710778146.9529433,0.3628307912084791
1710778146.9530563,0.32990141047371757
1710778146.9531696,0.2973223394817776
1710778146.9532828,0.2650935782326592
1710778146.953396,0.23391576276885137
1710778146.953509,0.2037888765335083
1710778146.9536223,0.1736619902981652
1710778146.9537356,0.14283448457717896
1710778146.9538488,0.11270759834183587
1710778146.9539618,0.08152978287802802
1710778146.954075,0.050351959135797285
1710778146.9541883,0.01847351590792338
1710778146.9543016,-0.012701820168230269
1710778146.9544148,-0.042822808027267456
1710778146.9545279,-0.07329404354095459
1710778146.954641,-0.10166380968358782
1710778146.9547544,-0.13073407113552094
1710778146.9548676,-0.15875359376271567
1710778146.9549806,-0.18712336818377176
1710778146.9550939,-0.2172443601820204
1710778146.955207,-0.24771559569570753
1710778146.9553204,-0.2795878052711487
1710778146.9554334,-0.3111097547743055
1710778146.9555466,-0.3436824679374695
1710778146.9556599,-0.37450393040974933
1710778146.955773,-0.40497518248028225
1710778146.9558864,-0.4336951838599311
1710778146.9559994,-0.4627654287550184
1710778146.9561126,-0.4907849762174818
1710778146.9562259,-0.5191547340816921
1710778146.9563391,-0.547174248430464
1710778146.9564521,-0.5755440394083658
1710778146.9565654,-0.6035635868708292
1710778146.9566786,-0.6322835551367866
1710778146.9567919,-0.6599528259701198
1710778146.956905,-0.6862211889690822
1710778146.9570181,-0.7107382350497775
1710778146.9571314,-0.7349050707287258
1710778146.9572446,-0.7580212089750502
1710778146.9573576,-0.7807870705922444
1710778146.957471,-0.8046036296420627
1710778146.9575841,-0.828069978290134
1710778146.9576974,-0.8529373009999592
1710778146.9578106,-0.8781549003389146
1710778146.9579237,-0.9037227100796169
1710778146.958037,-0.9278895457585652
1710778146.9581501,-0.9517061710357666
1710778146.9582634,-0.9744720326529609
1710778146.9583764,-0.9961871306101481
1710778146.9584897,-1.0165013207329643
1710778146.958603,-1.0368154446283977
1710778146.9587162,-1.0571296347512138
1710778146.9588292,-1.078144245677524
1710778146.9589424,-1.0991589228312175
1710778146.9590557,-1.1194731129540336
1710778146.959169,-1.140487723880344
1710778146.9592822,-1.1597511503431532
1710778146.9593952,-1.1783140235477023
1710778146.9595084,-1.1944252914852567
1710778146.9596217,-1.2098360061645508
1710778146.959735,-1.223845746782091
1710778146.959848,-1.2378556198543973
1710778146.9599612,-1.2515150176154242
1710778146.9600744,-1.2655248906877306
1710778146.9601877,-1.2795346313052707
1710778146.9603007,-1.2935443719228108
1710778146.960414,-1.3068536917368572
1710778146.9605272,-1.3191122478908963
1710778146.9606404,-1.3296194871266682
1710778146.9607537,-1.3383755418989394
1710778146.9608667,-1.3464311758677165
1710778146.96098,-1.3534360461764865
1710778146.9610932,-1.3597404956817627
1710778146.9612064,-1.366044945187039
1710778146.9613194,-1.3723492622375488
1710778146.9614327,-1.378653711742825
1710778146.961546,-1.385308371649848
1710778146.9616592,-1.390211714638604
1710778146.9617722,-1.3940644264221191
1710778146.9618855,-1.3968663745456271
1710778146.9619987,-1.397566795349121
1710778146.962112,-1.396165821287367
1710778146.962225,-1.3940644264221191
1710778146.9623382,-1.391962899102105
1710778146.9624515,-1.3898615042368572
1710778146.9625647,-1.387409766515096
1710778146.962678,-1.385308371649848
1710778146.962791,-1.383557054731581
1710778146.9629042,-1.380755106608073
1710778146.9630175,-1.377252737681071
1710778146.9631307,-1.3716488414340549
1710778146.9632437,-1.3656946023305256
1710778146.963357,-1.3590399424235027
1710778146.9634702,-1.3513346513112385
1710778146.9635835,-1.3429288069407146
1710778146.9636965,-1.3359239366319444
1710778146.9638097,-1.3299696975284152
1710778146.963923,-1.3229648272196453
1710778146.9640362,-1.316310167312622
1710778146.9641495,-1.3086048762003581
1710778146.9642625,-1.299848821428087
1710778146.9643757,-1.2889912393358018
1710778146.964489,-1.2774331039852567
1710778146.9646022,-1.2644741270277235
1710778146.9647152,-1.2501140435536702
1710778146.9648285,-1.235053671730889
1710778146.9649417,-1.22209456231859
1710778146.965055,-1.2077346112993028
1710778146.965168,-1.1944252914852567
1710778146.9652812,-1.1804155508677165
1710778146.9653945,-1.1664058102501762
1710778146.9655077,-1.149594121509128
1710778146.965621,-1.133482853571574
1710778146.965734,-1.1142194271087646
1710778146.9658473,-1.0956564876768324
1710778146.9659605,-1.0763930612140231
1710778146.9660738,-1.0574798451529608
1710778146.9661868,-1.0392671823501587
1710778146.9663,-1.0203539662890964
1710778146.9664133,-1.0021413034862943
1710778146.9665265,-0.9842788510852389
1710778146.9666395,-0.9650154246224297
1710778146.9667528,-0.9447013007269965
1710778146.966866,-0.9233364131715562
1710778146.9669793,-0.9009207619561089
1710778146.9670923,-0.8764037158754137
1710778146.9672055,-0.8525870905982124
1710778146.9673188,-0.828770465321011
1710778146.967432,-0.8035529322094387
1710778146.9675453,-0.7800865835613674
1710778146.9676583,-0.7569704453150431
1710778146.9677715,-0.7324533992343478
1710778146.9678848,-0.7072357998953925
1710778146.967998,-0.6806172264946831
1710778146.968111,-0.6529479556613498
1710778146.9682243,-0.6238777107662624
1710778146.9683375,-0.5941069788402981
1710778146.9684508,-0.5646864573160807
1710778146.9685638,-0.5356162124209933
1710778146.968677,-0.5072464545567831
1710778146.9687903,-0.47817617654800415
1710778146.9689035,-0.45155763626098633
1710778146.9690168,-0.4242386089430915
1710778146.9691298,-0.3958688179651896
1710778146.969243,-0.36714881658554077
1710778146.9693563,-0.3377283281750149
1710778146.9694695,-0.3076073196199205
1710778146.9695826,-0.27713608410623336
1710778146.9696958,-0.24736533562342325
1710778146.969809,-0.2172443601820204
1710778146.9699223,-0.18922482927640277
1710778146.9700353,-0.16120529837078518
1710778146.9701486,-0.13353601925902897
1710778146.9702618,-0.10551649663183424
1710778146.970375,-0.076446243458324
1710778146.970488,-0.047375982006390885
1710778146.9706013,-0.016554505046870973
1710778146.9707146,0.014269764845569927
1710778146.9708278,0.04474695771932602
1710778146.970941,0.07522415783670214
1710778146.971054,0.10570135381486681
1710778146.9711673,0.13302572899394566
1710778146.9712806,0.16070043047269186
1710778146.9713938,0.18697387642330593
1710778146.9715068,0.21324732237392002
1710778146.97162,0.24022138781017727
1710778146.9717333,0.26684514350361294
1710778146.9718466,0.29522044791115654
1710778146.9719596,0.32219452990425956
1710778146.9720728,0.3491686118973626
1710778146.972186,0.37684328026241726
1710778146.9722993,0.4031167427698771
1710778146.9724126,0.42833924293518066
1710778146.9725256,0.4542623625861274
1710778146.9726388,0.47983520560794407
1710778146.972752,0.5050577057732476
1710778146.9728653,0.5323820975091722
1710778146.9729784,0.5607573853598701
1710778146.9730916,0.5891327063242594
1710778146.9732049,0.6171577506595187
1710778146.973318,0.6458833482530382
1710778146.973431,0.6728574302461412
1710778146.9735444,0.6984302732679579
1710778146.9736576,0.7229521539476182
1710778146.9737709,0.7457224527994791
1710778146.973884,0.7674418555365669
1710778146.973997,0.7895115349027846
1710778146.9741104,0.8112308714124892
1710778146.9742236,0.8329502741495768
1710778146.9743369,0.8546696768866645
1710778146.9744499,0.876038736767239
1710778146.9745631,0.8970575200186836
1710778146.9746764,0.9170252747005886
1710778146.9747896,0.9362924761242336
1710778146.9749026,0.9545087814331055
1710778146.9750159,0.9720244010289509
1710778146.9751291,0.9898902972539265
1710778146.9752424,1.0081066025627983
1710778146.9753554,1.0277240806155734
1710778146.9754686,1.0469912820392184
1710778146.975582,1.0659081406063504
1710778146.9756951,1.0855256848865085
1710778146.9758084,1.1040922005971272
1710778146.9759214,1.121958229276869
1710778146.9760346,1.137722200817532
1710778146.976148,1.1524354086981878
1710778146.9762611,1.164346006181505
1710778146.9763741,1.1773074997795951
1710778146.9764874,1.1899187829759386
1710778146.9766006,1.2011288272009955
1710778146.976714,1.2130394246843126
1710778146.976827,1.2249500221676297
1710778146.9769402,1.2365104092491996
1710778146.9770534,1.2463190820482042
1710778146.9771667,1.2547266483306885
1710778146.97728,1.2620831860436332
1710778146.977393,1.2669875886705186
1710778146.9775062,1.271891991297404
1710778146.9776194,1.27574536535475
1710778146.9777327,1.2799490822686088
1710778146.9778457,1.2831019030676947
1710778146.977959,1.2876559628380668
1710778146.9780722,1.291159126493666
1710778146.9781854,1.2946622901492648
1710778146.9782984,1.2971144252353244
1710778146.9784117,1.2981654538048637
1710778146.978525,1.298866007063124
1710778146.9786382,1.2967642148335774
1710778146.9787514,1.2943119472927518
1710778146.9788644,1.2925603654649522
1710778146.9789777,1.2908087836371527
1710778146.979091,1.2897578875223796
1710778146.9792042,1.28800630569458
1710778146.9793172,1.2876559628380668
1710778146.9794304,1.2855541706085205
1710778146.9795437,1.283802588780721
1710778146.979657,1.2799490822686088
1710778146.97977,1.2750448120964897
1710778146.9798832,1.268388827641805
1710778146.9799964,1.2610322899288602
1710778146.9801097,1.2533254093594022
1710778146.9802227,1.2449178430769179
1710778146.980336,1.237561305363973
1710778146.9804492,1.2302047676510282
1710778146.9805624,1.222147544225057
1710778146.9806757,1.2147910065121121
1710778146.9807887,1.2053325441148546
1710778146.980902,1.194823185602824
1710778146.9810152,1.1832629309760199
1710778146.9811285,1.1699509620666504
1710778146.9812415,1.156639125612047
1710778146.9813547,1.1429769463009305
1710778146.981468,1.130015320248074
1710778146.9815812,1.1167034837934706
1710778146.9816942,1.103391581111484
1710778146.9818075,1.0900797446568806
1710778146.9819207,1.0750162601470947
1710778146.982034,1.060303184721205
1710778146.9821472,1.0427874988979764
1710778146.9822602,1.0245712598164876
1710778146.9823735,1.0042531622780693
1710778146.9824867,0.9828841023974948
1710778146.9826,0.9615149762895372
1710778146.982713,0.9411968787511189
1710778146.9828262,0.9201780954996744
1710778146.9829395,0.8995096551047431
1710778146.9830527,0.8781405952241685
1710778146.9831657,0.8581727743148804
1710778146.983279,0.8357527520921495
1710778146.9833922,0.8122818337546455
1710778146.9835055,0.7884605725606282
1710778146.9836187,0.7628877957661946
1710778146.9837317,0.7387161917156643
1710778146.983845,0.7138440344068739
1710778146.9839582,0.6900227732128567
1710778146.9840715,0.6662015120188395
1710778146.9841845,0.6430808703104655
1710778146.9842978,0.6192596091164483
1710778146.984411,0.594737728436788
1710778146.9845243,0.5684642659293281
1710778146.9846373,0.5418405267927382
1710778146.9847505,0.5134652058283488
1710778146.9848638,0.4843892653783162
1710778146.984977,0.45391205284330577
1710778146.98509,0.42378518316480845
1710778146.9852033,0.39435893297195435
1710778146.9853165,0.3652829925219218
1710778146.9854298,0.3362070189581977
1710778146.985543,0.30678076876534355
1710778146.985656,0.277704828315311
1710778146.9857693,0.24687732259432474
1710778146.9858825,0.21780138214429218
1710778146.9859958,0.18557262089517382
1710778146.9861088,0.15509542491700914
1710778146.986222,0.12321698168913522
1710778146.9863353,0.09379072321785821
1710778146.9864485,0.06401415086454815
1710778146.9865615,0.036339457664224833
1710778146.9866748,0.00831445058186849
1710778146.986788,-0.019356457309590444
1710778146.9869013,-0.04772622552182939
1710778146.9870145,-0.07539550463358562
1710778146.9871275,-0.10516625311639574
1710778146.9872408,-0.13493700159920585
1710778146.987354,-0.164707750082016
1710778146.9874673,-0.19447848200798035
1710778146.9875803,-0.22459947400622898
1710778146.9876935,-0.2529692484272851
1710778146.9878068,-0.2806385358174642
1710778146.98792,-0.30900829368167454
1710778146.988033,-0.33562683396869236
1710778146.9881463,-0.36329613791571724
1710778146.9882596,-0.39236638281080455
1710778146.9883728,-0.42213714785046047
1710778146.9884858,-0.4522581232918633
1710778146.988599,-0.4827293422487047
1710778146.9887123,-0.5125001072883606
1710778146.9888256,-0.540869865152571
1710778146.9889388,-0.5685391690995958
1710778146.9890518,-0.5962084399329292
1710778146.989165,-0.6224767367045084
1710778146.9892783,-0.6494455205069648
1710778146.9893916,-0.6760640939076742
1710778146.9895046,-0.7026826010810004
1710778146.9896178,-0.7307021485434638
1710778146.989731,-0.7594221830368042
1710778146.9898443,-0.7874416642718844
1710778146.9899573,-0.8147607247034708
1710778146.9900706,-0.8406788110733032
1710778146.9901838,-0.8658963441848755
1710778146.990297,-0.8900631798638238
1710778146.9904103,-0.9145802921719021
1710778146.9905233,-0.9390974044799805
1710778146.9906366,-0.9632642401589288
1710778146.9907498,-0.988481773270501
1710778146.990863,-1.0129988855785794
1710778146.990976,-1.0378662082884047
1710778146.9910893,-1.061332556936476
1710778146.9912026,-1.0840984185536702
1710778146.9913158,-1.1058135165108574
1710778146.9914289,-1.1240262455410428
1710778146.991542,-1.1425891187455919
1710778146.9916553,-1.1597511503431532
1710778146.9917686,-1.1755120754241943
1710778146.9918818,-1.1916233433617485
1710778146.9919949,-1.2077346112993028
1710778146.992108,-1.224546300040351
1710778146.9922214,-1.240307225121392
1710778146.9923346,-1.2557180722554524
1710778146.9924476,-1.2704282336764865
1710778146.9925609,-1.2830370002322726
1710778146.992674,-1.2949453459845648
1710778146.9927874,-1.306503348880344
1710778146.9929004,-1.317010720570882
1710778146.9930136,-1.3271677494049072
1710778146.9931269,-1.3383755418989394
1710778146.99324,-1.3499336772494845
1710778146.9933531,-1.3604410489400227
1710778146.9934664,-1.3716488414340549
1710778146.9935796,-1.38180587026808
1710778146.9936929,-1.390561925040351
1710778146.9938061,-1.397216584947374
1710778146.9939191,-1.40282048119439
1710778146.9940324,-1.4059727721744113
1710778146.9941456,-1.4091249306996663
1710778146.9942589,-1.4126272996266682
1710778146.994372,-1.4143786165449355
1710778146.9944851,-1.4164800114101834
1710778146.9945984,-1.4192819595336914
1710778146.9947116,-1.4210331439971924
1710778146.9948246,-1.4213834868537054
1710778146.994938,-1.4206829335954454
1710778146.9950511,-1.4189317491319444
1710778146.9951644,-1.4150790373484294
1710778146.9952776,-1.4108761151631672
1710778146.9953907,-1.4063229825761583
1710778146.995504,-1.400368743472629
1710778146.9956172,-1.3958156108856201
1710778146.9957304,-1.3923132419586182
1710778146.9958434,-1.387759976916843
1710778146.9959567,-1.383206844329834
1710778146.99607,-1.378653711742825
1710778146.9961832,-1.3730498154958088
1710778146.9962962,-1.364643971125285
1710778146.9964094,-1.3555375734965007
1710778146.9965227,-1.3464311758677165
1710778146.996636,-1.3355735937754314
1710778146.9967492,-1.3254165649414062
1710778146.9968622,-1.315959956910875
1710778146.9969754,-1.30580292807685
1710778146.9970887,-1.2966965304480658
1710778146.997202,-1.2861892912122939
1710778146.997315,-1.2739307350582547
1710778146.9974282,-1.2609716256459553
1710778146.9975414,-1.2452107005649142
1710778146.9976547,-1.2287492222256131
1710778146.9977677,-1.2115871906280518
1710778146.997881,-1.1937248706817627
1710778146.9979942,-1.1751618650224473
1710778146.9981074,-1.1565989918178983
1710778146.9982204,-1.139787170622084
1710778146.9983337,-1.1215745078192816
1710778146.998447,-1.1030115683873494
1710778146.9985602,-1.0833979315227933
1710778146.9986734,-1.0634340180291069
1710778146.9987864,-1.0417188538445366
1710778146.9988997,-1.0193032688564725
1710778146.999013,-0.9951364331775241
1710778146.9991262,-0.9716700845294528
1710778146.9992392,-0.9485539462831285
1710778146.9993525,-0.9243871106041802
1710778146.9994657,-0.9009207619561089
1710778146.999579,-0.8774544133080376
1710778146.999692,-0.8529373009999592
1710778146.9998052,-0.82701928085751
1710778146.9999185,-0.8004007074568007
1710778147.0000317,-0.7706299755308363
1710778147.000145,-0.742260217666626
1710778147.000258,-0.7117889987097846
1710778147.0003712,-0.6809675031238132
1710778147.0004845,-0.6518972582287258
1710778147.0005977,-0.6224767367045084
1710778147.0007107,-0.5948074658711752
1710778147.000824,-0.5671381950378418
1710778147.0009372,-0.5394688910908169
1710778147.0010505,-0.5117996202574836
1710778147.0011635,-0.4827293422487047
1710778147.0012767,-0.45400934086905587
1710778147.00139,-0.42283763488133747
1710778147.0015032,-0.3934171133571201
1710778147.0016165,-0.36399662494659424
1710778147.0017295,-0.3345761034223768
1710778147.0018427,-0.305856102042728
1710778147.001956,-0.27818683120939464
1710778147.0020692,-0.24806583921114603
1710778147.0021822,-0.21864533424377441
1710778147.0022955,-0.18852434224552578
1710778147.0024087,-0.15700237618552312
1710778147.002522,-0.12407943606376648
1710778147.002635,-0.09185697469446394
1710778147.0027483,-0.05893403457270728
1710778147.0028615,-0.02776231409774886
1710778147.0029747,0.003760386672284868
1710778147.0030878,0.033536956955989204
1710778147.003201,0.0629632133576605
1710778147.0033143,0.0916888482040829
1710778147.0034275,0.12006416916847229
1710778147.0035408,0.14914010961850485
1710778147.0036538,0.17821605006853738
1710778147.003767,0.2072920070754157
1710778147.0038803,0.23706856701109144
1710778147.0039935,0.266144507461124
1710778147.0041065,0.29487013816833496
1710778147.0042198,0.32289514938990277
1710778147.004333,0.34951892164018417
1710778147.0044463,0.3757923510339525
1710778147.0045593,0.40206581354141235
1710778147.0046725,0.429740481906467
1710778147.0047858,0.4574151833852132
1710778147.004899,0.48508988486395943
1710778147.0050123,0.5141658253139919
1710778147.0051253,0.5442926949924892
1710778147.0052385,0.5723177062140571
1710778147.0053518,0.5996421310636733
1710778147.005465,0.6269664896859063
1710778147.005578,0.6532399521933662
1710778147.0056913,0.6777618328730265
1710778147.0058045,0.7036849525239732
1710778147.0059178,0.7299584150314331
1710778147.0060308,0.7558815346823798
1710778147.006144,0.7821549309624566
1710778147.0062573,0.8101799752977159
1710778147.0063705,0.8357527520921495
1710778147.0064836,0.8616759379704793
1710778147.0065968,0.8854971991644965
1710778147.00671,0.9089681175020006
1710778147.0068233,0.9303371773825752
1710778147.0069366,0.9506553411483765
1710778147.0070496,0.9706231620576646
1710778147.0071628,0.9905909167395698
1710778147.007276,1.0098581181632147
1710778147.0073893,1.0298259390725029
1710778147.0075023,1.0494434833526611
1710778147.0076156,1.0676597224341497
1710778147.0077288,1.0858759615156386
1710778147.007842,1.1019903421401978
1710778147.007955,1.117404169506497
1710778147.0080683,1.1307160059611003
1710778147.0081816,1.1443781852722168
1710778147.0082948,1.157339678870307
1710778147.008408,1.1703013049231634
1710778147.008521,1.18396348423428
1710778147.0086343,1.1969251102871366
1710778147.0087476,1.210587289598253
1710778147.0088608,1.2224978870815701
1710778147.0089738,1.234408484564887
1710778147.009087,1.2442172898186576
1710778147.0092003,1.252624723646376
1710778147.0093136,1.2596310509575737
1710778147.0094266,1.264885663986206
1710778147.0095398,1.2697900666130912
1710778147.009653,1.2750448120964897
1710778147.0097663,1.280299425125122
1710778147.0098796,1.2855541706085205
1710778147.0099926,1.291159126493666
1710778147.0101058,1.295713186264038
1710778147.010219,1.2999169031778972
1710778147.0103323,1.3030697239769828
1710778147.0104454,1.3044709629482694
1710778147.0105586,1.3048213058047824
1710778147.0106719,1.3062225447760687
1710778147.010785,1.306572887632582
1710778147.010898,1.306923230489095
1710778147.0110114,1.3086748123168945
1710778147.0111246,1.3093753655751545
1710778147.0112379,1.310426394144694
1710778147.0113509,1.3118276331159804
1710778147.011464,1.3107766045464408
1710778147.0115774,1.3072735733456082
1710778147.0116906,1.3023691707187228
1710778147.0118039,1.2960635291205511
1710778147.0119169,1.288356648551093
1710778147.0120301,1.280299425125122
1710778147.0121434,1.272242334153917
1710778147.0122566,1.264885663986206
1710778147.0123696,1.256478230158488
1710778147.012483,1.249121692445543
1710778147.0125961,1.2407141261630588
1710778147.0127094,1.2312556637658012
1710778147.0128224,1.2210966481102836
1710778147.0129356,1.2098866038852267
1710778147.013049,1.1972753206888835
1710778147.0131621,1.1846641699473064
1710778147.0132754,1.172753440009223
1710778147.0133884,1.160842842525906
1710778147.0135016,1.148932245042589
1710778147.013615,1.138072543674045
1710778147.0137281,1.125811603334215
1710778147.0138412,1.1128499772813585
1710778147.0139544,1.099187864197625
1710778147.0140676,1.0830734835730658
1710778147.014181,1.0655578639772203
1710778147.014294,1.0469912820392184
1710778147.0144072,1.0273737377590604
1710778147.0145204,1.0077562597062852
1710778147.0146337,0.9891896777682834
1710778147.014747,0.9692218568589952
1710778147.01486,0.9499546554353502
1710778147.0149732,0.9306875202390883
1710778147.0150864,0.9100190798441569
1710778147.0151997,0.8897009160783556
1710778147.0153127,0.8665802743699815
1710778147.015426,0.8427590131759644
1710778147.0155392,0.8182371324963039
1710778147.0156524,0.7926643557018703
1710778147.0157654,0.7677921321656969
1710778147.0158787,0.7436205943425497
1710778147.015992,0.7194489902920193
1710778147.0161052,0.6949271096123589
1710778147.0162182,0.6707555717892116
1710778147.0163314,0.6465839677386813
1710778147.0164447,0.6206608480877346
1710778147.016558,0.5936867660946316
1710778147.0166712,0.5660120646158854
1710778147.0167842,0.5379870865080092
1710778147.0168974,0.5096117655436198
1710778147.0170107,0.4819370640648736
1710778147.017124,0.45601394441392684
1710778147.017237,0.4290398624208238
1710778147.0173502,0.4031167427698771
1710778147.0174634,0.3782445523473951
1710778147.0175767,0.3519710898399353
1710778147.0176897,0.3249970409605238
1710778147.017803,0.2973223394817776
1710778147.0179162,0.26859670877456665
1710778147.0180295,0.23917044202486673
1710778147.0181427,0.2114957571029663
1710778147.0182557,0.18312043613857693
1710778147.018369,0.15579604440265232
1710778147.0184822,0.12882197896639505
1710778147.0185955,0.10289885103702545
1710778147.0187085,0.07557446757952373
1710778147.0188217,0.04825008412202199
1710778147.018935,0.020225079109271366
1710778147.0190482,-0.008148647223909697
1710778147.0191612,-0.037218903501828514
1710778147.0192745,-0.06733989550007714
1710778147.0193877,-0.09641014867358737
1710778147.019501,-0.1254804101255205
1710778147.0196142,-0.1534999410311381
1710778147.0197272,-0.18011848131815592
1710778147.0198405,-0.20848825573921204
1710778147.0199537,-0.23545703954166836
1710778147.020067,-0.26347657044728595
1710778147.02018,-0.2928970588578118
1710778147.0202932,-0.3233683109283447
1710778147.0204065,-0.3534892863697476
1710778147.0205197,-0.3839605384402805
1710778147.0206327,-0.4130307833353678
1710778147.020746,-0.44245127174589366
1710778147.0208592,-0.46977033217748004
1710778147.0209725,-0.49673911597993636
1710778147.0210855,-0.5237078997823927
1710778147.0211987,-0.5499762296676636
1710778147.021312,-0.5762445264392428
1710778147.0214252,-0.6032133102416992
1710778147.0215385,-0.6312328577041626
1710778147.0216515,-0.658902128537496
1710778147.0217648,-0.6862211889690822
1710778147.021878,-0.7124894857406616
1710778147.0219913,-0.7366563214196099
1710778147.0221043,-0.7608231570985582
1710778147.0222175,-0.7839392291174995
1710778147.0223308,-0.8070553673638238
1710778147.022444,-0.8298212289810181
1710778147.022557,-0.8532875776290894
1710778147.0226703,-0.8774544133080376
1710778147.0227835,-0.9023217360178629
1710778147.0228968,-0.9264885716968112
1710778147.02301,-0.9503051969740126
1710778147.023123,-0.9737715456220839
1710778147.0232363,-0.9961871306101481
1710778147.0233495,-1.0165013207329643
1710778147.0234628,-1.0368154446283977
1710778147.0235758,-1.0557286606894598
1710778147.023689,-1.074641810523139
1710778147.0238023,-1.0935550265842013
1710778147.0239155,-1.1131686634487576
1710778147.0240285,-1.1320818795098198
1710778147.0241418,-1.150995095570882
1710778147.024255,-1.1678067843119304
1710778147.0243683,-1.1839179197947185
1710778147.0244813,-1.1986282136705186
1710778147.0245945,-1.2108867698245578
1710778147.0247078,-1.223145325978597
1710778147.024821,-1.234703328874376
1710778147.0249343,-1.2448604901631672
1710778147.0250473,-1.2567687034606934
1710778147.0251606,-1.2683268388112385
1710778147.0252738,-1.2805853949652777
1710778147.025387,-1.2917931874593098
1710778147.0255,-1.302300426695082
1710778147.0256133,-1.3117570347256131
1710778147.0257266,-1.3205132219526503
1710778147.0258398,-1.3271677494049072
1710778147.0259528,-1.3331219885084364
1710778147.026066,-1.3390760951571994
1710778147.0261793,-1.3450302018059623
1710778147.0262926,-1.3520350721147325
1710778147.0264058,-1.3583395216200087
1710778147.0265188,-1.364643971125285
1710778147.026632,-1.3702478673723009
1710778147.0267453,-1.3751512103610568
1710778147.0268586,-1.3769023948245578
1710778147.0269716,-1.380054685804579
1710778147.0270848,-1.379003922144572
1710778147.027198,-1.3776029480828178
1710778147.0273113,-1.3762019740210638
1710778147.0274243,-1.3744507895575628
1710778147.0275376,-1.3734000258975558
1710778147.0276508,-1.3737502362993028
1710778147.027764,-1.3730498154958088
1710778147.0278773,-1.3723492622375488
1710778147.0279903,-1.3709482881757948
1710778147.0281036,-1.3681463400522869
1710778147.0282168,-1.364643971125285
1710778147.02833,-1.3600907060835097
1710778147.028443,-1.3544868098364935
1710778147.0285563,-1.3492331239912245
1710778147.0286696,-1.3429288069407146
1710778147.0287828,-1.3369745678371854
1710778147.0288959,-1.3310204611884222
1710778147.029009,-1.3240155908796523
1710778147.0291224,-1.317010720570882
1710778147.0292356,-1.307203902138604
1710778147.0293486,-1.295996109644572
1710778147.0294619,-1.2833873430887859
1710778147.029575,-1.2686770492129855
1710778147.0296884,-1.2532663345336914
1710778147.0298016,-1.237155066596137
1710778147.0299146,-1.221744351916843
1710778147.0300279,-1.2066838476392958
1710778147.030141,-1.1916233433617485
1710778147.0302544,-1.1772633923424614
1710778147.0303674,-1.1618525452084012
1710778147.0304806,-1.14609162012736
1710778147.0305939,-1.1289297209845648
1710778147.0307071,-1.1103667153252494
1710778147.0308201,-1.0914535654915702
1710778147.0309334,-1.0721901390287611
1710778147.0310466,-1.0515257385041978
1710778147.0311599,-1.0319120354122586
1710778147.0312731,-1.0119481219185722
1710778147.0313861,-0.991984208424886
1710778147.0314994,-0.9713198079003228
1710778147.0316126,-0.9499549203448825
1710778147.031726,-0.9275393353568183
1710778147.031839,-0.9023217360178629
1710778147.0319521,-0.8767539262771606
1710778147.0320654,-0.8497851424747043
1710778147.0321786,-0.8224660820431179
1710778147.0322917,-0.7954972982406616
1710778147.032405,-0.7685285144382052
1710778147.0325181,-0.742960704697503
1710778147.0326314,-0.7163421312967936
1710778147.0327446,-0.6914748085869683
1710778147.0328577,-0.664856301413642
1710778147.032971,-0.6385879384146796
1710778147.0330842,-0.6095176935195923
1710778147.0331974,-0.5814982122845119
1710778147.0333104,-0.5520776907602946
1710778147.0334237,-0.5237078997823927
1710778147.033537,-0.4946376548873054
1710778147.0336502,-0.4659176535076565
1710778147.0337632,-0.4392990801069471
1710778147.0338764,-0.4126805398199293
1710778147.0339897,-0.385711756017473
1710778147.034103,-0.35839272869957817
1710778147.034216,-0.3300229377216763
1710778147.0343292,-0.3020034233729045
1710778147.0344424,-0.27188243137465584
1710778147.0345557,-0.2417614393764072
1710778147.034669,-0.21164044737815857
1710778147.034782,-0.18221994241078696
1710778147.0348952,-0.1531496975156996
1710778147.0350084,-0.1254804101255205
1710778147.0351217,-0.09711063570446438
1710778147.0352347,-0.06874086956183116
1710778147.035348,-0.03967061224910948
1710778147.0354612,-0.009549623355269432
1710778147.0355744,0.021626328428586323
1710778147.0356874,0.053154461913638644
1710778147.0358007,0.08538322316275702
1710778147.035914,0.11831260389751858
1710778147.0360272,0.14878979987568325
1710778147.0361404,0.17926699585384792
1710778147.0362535,0.20869324604670206
1710778147.0363667,0.23706856701109144
1710778147.03648,0.2671954532464345
1710778147.0365932,0.29627141025331283
1710778147.0367062,0.325697660446167
1710778147.0368195,0.3561748398674859
1710778147.0369327,0.3870023621453179
1710778147.037046,0.4174795415666368
1710778147.037159,0.4476064443588257
1710778147.0372722,0.4773830042945014
1710778147.0373855,0.5061086350017123
1710778147.0374987,0.5330827169948154
1710778147.037612,0.5618083477020264
1710778147.037725,0.5891327063242594
1710778147.0378382,0.6175080272886488
1710778147.0379515,0.6469343105951945
1710778147.0380647,0.6763605276743571
1710778147.0381777,0.7061371538374159
1710778147.038291,0.7345124748018053
1710778147.0384042,0.7628877957661946
1710778147.0385175,0.7895115349027846
1710778147.0386305,0.8140334155824449
1710778147.0387437,0.8378546767764621
1710778147.038857,0.8602746327718098
1710778147.0389702,0.8823443783654107
1710778147.0390832,0.9037134382459853
1710778147.0391965,0.9254327747556899
1710778147.0393097,0.9475025203492906
1710778147.039423,0.9695721997155083
1710778147.0395362,0.9898902972539265
1710778147.0396492,1.010909080505371
1710778147.0397625,1.0298259390725029
1710778147.0398757,1.0480422443813748
1710778147.039989,1.0655578639772203
1710778147.040102,1.0823728640874226
1710778147.0402153,1.0998884836832683
1710778147.0403285,1.1170538266499836
1710778147.0404418,1.1363209618462455
1710778147.0405548,1.1545372009277344
1710778147.040668,1.172753440009223
1710778147.0407813,1.1906194686889648
1710778147.0408945,1.2063834402296278
1710778147.0410078,1.2200457519955106
1710778147.0411208,1.2326569027370877
1710778147.041234,1.2435166041056316
1710778147.0413473,1.252274513244629
1710778147.0414605,1.2620831860436332
1710778147.0415735,1.2704907523261175
1710778147.0416868,1.2799490822686088
1710778147.0418,1.2876559628380668
1710778147.0419133,1.2967642148335774
1710778147.0420263,1.3041207525465224
1710778147.0421395,1.3093753655751545
1710778147.0422528,1.31427976820204
1710778147.042366,1.3191841708289251
1710778147.042479,1.3216363059149847
1710778147.0425923,1.3240885734558105
1710778147.0427055,1.3268910513983831
1710778147.0428188,1.3303942150539823
1710778147.042932,1.3331966929965549
1710778147.043045,1.3363495137956407
1710778147.0431583,1.3402028878529866
1710778147.0432715,1.3426551553938124
1710778147.0433848,1.3437060515085857
1710778147.0434978,1.3433557086520724
1710778147.043611,1.3412537839677598
1710778147.0437243,1.3388016488817003
1710778147.0438375,1.3352984852261014
1710778147.0439506,1.3317954540252686
1710778147.0440638,1.3286426332261827
1710778147.044177,1.3254898124270968
1710778147.0442903,1.3230375448862712
1710778147.0444036,1.3198847240871854
1710778147.0445166,1.3149804539150662
1710778147.0446298,1.3100760512881808
1710778147.044743,1.3023691707187228
1710778147.0448563,1.2932610511779785
1710778147.0449693,1.283452245924208
1710778147.0450826,1.2715416484408908
1710778147.0451958,1.2617328431871202
1710778147.045309,1.2508731418185763
1710778147.045422,1.2393128871917725
1710778147.0455353,1.2284531858232286
1710778147.0456486,1.2151413493686252
1710778147.0457618,1.202880409028795
1710778147.045875,1.1892182297176785
1710778147.045988,1.1731037828657362
1710778147.0461013,1.1548875437842474
1710778147.0462146,1.1370216475592718
1710778147.0463278,1.1188054084777832
1710778147.0464408,1.0998884836832683
1710778147.046554,1.0813219017452664
1710778147.0466673,1.0627553198072646
1710778147.0467806,1.044889423582289
1710778147.0468936,1.026322841644287
1710778147.0470068,1.0060046778784857
1710778147.04712,0.9842853413687812
1710778147.0472333,0.9618653191460503
1710778147.0473464,0.9373434384663899
1710778147.0474596,0.9135221772723727
1710778147.0475729,0.8882996771070693
1710778147.047686,0.8637777964274088
1710778147.0477993,0.8410074975755479
1710778147.0479124,0.8168358935250176
1710778147.0480256,0.7930146323310004
1710778147.0481389,0.7705946101082696
1710778147.048252,0.7460727294286092
1710778147.048365,0.7215508487489488
1710778147.0484784,0.6956277290980021
1710778147.0485916,0.6697046094470553
1710778147.0487049,0.6423802508248223
1710778147.0488179,0.6161067883173624
1710778147.0489311,0.5898333258099026
1710778147.0490444,0.5649611685011122
1710778147.0491576,0.5393883254792955
1710778147.0492709,0.5141658253139919
1710778147.0493839,0.48894332514868843
1710778147.0494971,0.4612686236699422
1710778147.0496104,0.4328933027055528
1710778147.0497236,0.4038173622555203
1710778147.0498366,0.3726395302348667
1710778147.04995,0.3421623508135478
1710778147.0500631,0.3109845187928941
1710778147.0501764,0.28155826860004
1710778147.0502894,0.2514313823646969
1710778147.0504026,0.22235544191466436
1710778147.050516,0.193980120950275
1710778147.0506291,0.16455387075742087
1710778147.0507424,0.13582823177178702
1710778147.0508554,0.10570135381486681
1710778147.0509686,0.07522415783670214
1710778147.051082,0.04474695771932602
1710778147.0511951,0.014269764845569927
1710778147.0513082,-0.014803284365269873
1710778147.0514214,-0.04387354271279441
1710778147.0515347,-0.07224331299463908
1710778147.051648,-0.09921210507551828
1710778147.051761,-0.1261808971563975
1710778147.0518742,-0.1538501845465766
1710778147.0519874,-0.18292042944166395
1710778147.0521007,-0.21199069089359707
1710778147.0522137,-0.24386290046903822
1710778147.052327,-0.2753848665290409
1710778147.0524402,-0.3069068325890435
1710778147.0525534,-0.3373780846595764
1710778147.0526667,-0.36784930361641777
1710778147.0527797,-0.3976200355423821
1710778147.052893,-0.426690313551161
1710778147.0530062,-0.45541031493080986
1710778147.0531194,-0.4848308033413357
1710778147.0532324,-0.5146015683809916
1710778147.0533457,-0.5447225438223945
1710778147.053459,-0.5755440394083658
1710778147.0535722,-0.6053147713343302
1710778147.0536852,-0.6347352928585476
1710778147.0537984,-0.6624045636918809
1710778147.0539117,-0.6893733474943373
1710778147.054025,-0.7142406702041626
1710778147.0541382,-0.7391079929139879
1710778147.0542512,-0.7632748285929362
1710778147.0543644,-0.7870914538701375
1710778147.0544777,-0.8112582895490859
1710778147.054591,-0.8364758888880411
1710778147.054704,-0.8609929349687364
1710778147.0548172,-0.8862105343076918
1710778147.0549304,-0.910727580388387
1710778147.0550437,-0.9327929549747043
1710778147.0551567,-0.9548583295610216
1710778147.05527,-0.9751725196838379
1710778147.0553832,-0.9947861565483941
1710778147.0554965,-1.0143998596403334
1710778147.0556097,-1.0333130094740126
1710778147.0557227,-1.0532769229676988
1710778147.055836,-1.0725403494305081
1710778147.0559492,-1.0921540525224473
1710778147.0560625,-1.1107169919543796
1710778147.0561755,-1.1278789573245578
1710778147.0562887,-1.1443404356638591
1710778147.056402,-1.1597511503431532
1710778147.0565152,-1.1720097064971924
1710778147.0566282,-1.1846184730529785
1710778147.0567415,-1.1965268188052707
1710778147.0568547,-1.2084350321027968
1710778147.056968,-1.221744351916843
1710778147.057081,-1.234353118472629
1710778147.0571942,-1.2476624382866752
1710778147.0573075,-1.2609716256459553
1710778147.0574207,-1.2732301817999945
1710778147.057534,-1.2840877638922796
1710778147.057647,-1.2945951355828178
1710778147.0577602,-1.303000979953342
1710778147.0578735,-1.3114068243238661
1710778147.0579867,-1.318411694632636
1710778147.0580997,-1.3257667753431532
1710778147.058213,-1.3345229625701904
1710778147.0583262,-1.3415278328789604
1710778147.0584395,-1.3506340980529785
1710778147.0585525,-1.3562379942999945
1710778147.0586658,-1.3621922334035237
1710778147.058779,-1.3653443919287787
1710778147.0588923,-1.3674459192487929
1710778147.0590055,-1.3684965504540336
1710778147.0591185,-1.3684965504540336
1710778147.0592318,-1.3684965504540336
1710778147.059345,-1.3691971037122939
1710778147.0594583,-1.3702478673723009
1710778147.0595713,-1.3716488414340549
1710778147.0596845,-1.3734000258975558
1710778147.0597978,-1.3741004467010498
1710778147.059911,-1.3741004467010498
1710778147.060024,-1.3723492622375488
1710778147.0601373,-1.3698975245157878
1710778147.0602505,-1.3656946023305256
1710778147.0603638,-1.3604410489400227
1710778147.0604768,-1.3562379942999945
1710778147.06059,-1.3502838876512315
1710778147.0607033,-1.3460809654659696
1710778147.0608165,-1.3408272796207004
1710778147.0609298,-1.3352233833736844
1710778147.0610428,-1.3282185130649142
1710778147.061156,-1.320162879096137
1710778147.0612693,-1.3107062710656059
1710778147.0613825,-1.299848821428087
1710778147.0614955,-1.2875902652740479
1710778147.0616088,-1.2742809454600017
1710778147.061722,-1.2620223893059623
1710778147.0618353,-1.2483628590901692
1710778147.0619483,-1.235754092534383
1710778147.0620615,-1.22279511557685
1710778147.0621748,-1.2094857957628038
1710778147.062288,-1.1958262655470107
1710778147.0624013,-1.1797149976094563
1710778147.0625143,-1.1625530984666612
1710778147.0626276,-1.1443404356638591
1710778147.0627408,-1.1243764559427898
1710778147.062854,-1.1040623320473564
1710778147.062967,-1.0833979315227933
1710778147.0630803,-1.0637842284308539
1710778147.0631936,-1.0448710785971747
1710778147.0633068,-1.0252574417326186
1710778147.0634198,-1.0059940152698092
1710778147.063533,-0.98638031217787
1710778147.0636463,-0.9653657012515597
1710778147.0637596,-0.9429500500361124
1710778147.0638728,-0.9208846754497951
1710778147.0639858,-0.8974183268017238
1710778147.064099,-0.8736017015245225
1710778147.0642123,-0.8504856295055813
1710778147.0643256,-0.827719767888387
1710778147.0644386,-0.8053041166729397
1710778147.0645518,-0.7839392291174995
1710778147.064665,-0.7611733675003052
1710778147.0647783,-0.7377070188522339
1710778147.0648913,-0.7124894857406616
1710778147.0650046,-0.6865713993708292
1710778147.0651178,-0.6599528259701198
1710778147.065231,-0.6333343187967936
1710778147.065344,-0.6053147713343302
1710778147.0654573,-0.5786961979336208
1710778147.0655706,-0.5534786648220485
1710778147.0656838,-0.5279108550813463
1710778147.065797,-0.503393742773268
1710778147.06591,-0.47887666357888115
1710778147.0660233,-0.45435958438449436
1710778147.0661366,-0.42739080058203804
1710778147.0662498,-0.40042198366589016
1710778147.0663629,-0.37345319986343384
1710778147.066476,-0.34543368551466197
1710778147.0665894,-0.31741417116589016
1710778147.0667026,-0.2897448672188653
1710778147.0668156,-0.26207559638553196
1710778147.0669289,-0.23545703954166836
1710778147.067042,-0.20813801222377354
1710778147.0671554,-0.1787175072564019
1710778147.0672686,-0.1506979763507843
1710778147.0673816,-0.11917601856920454
1710778147.0674949,-0.0880042960246404
1710778147.067608,-0.055431595279110804
1710778147.0677214,-0.023909629219108157
1710778147.0678344,0.00866476291169723
1710778147.0679476,0.03844133267800013
1710778147.0680609,0.06856821477413177
1710778147.0681741,0.09729384548134273
1710778147.0682871,0.12461822893884447
1710778147.0684004,0.15264324016041225
1710778147.0685136,0.18066825138198003
1710778147.0686269,0.20799262656105888
1710778147.0687401,0.23706856701109144
1710778147.0688531,0.266144507461124
1710778147.0689664,0.29487013816833496
1710778147.0690796,0.3235957688755459
1710778147.069193,0.3509201606114705
1710778147.069306,0.37859486209021675
1710778147.0694191,0.4055689109696282
1710778147.0695324,0.43254299296273124
1710778147.0696456,0.4609183139271206
1710778147.0697587,0.4896439446343316
1710778147.069872,0.5194205045700073
1710778147.0699852,0.5491970976193746
1710778147.0700984,0.5800245867835151
1710778147.0702114,0.610151489575704
1710778147.0703247,0.6381764676835802
1710778147.070438,0.6665517886479696
1710778147.0705512,0.6928252511554294
1710778147.0706644,0.7166465123494467
1710778147.0707774,0.7408180501725938
1710778147.0708907,0.7649896542231241
1710778147.071004,0.7881102959314982
1710778147.0711172,0.8122818337546455
1710778147.0712302,0.8364534378051758
1710778147.0713434,0.8595740132861667
1710778147.0714567,0.8819940355088975
1710778147.07157,0.9033630953894721
1710778147.071683,0.9226302968131171
1710778147.0717962,0.941547155380249
1710778147.0719094,0.9597634606891208
1710778147.0720227,0.9769287374284532
1710778147.072136,0.9937437375386555
1710778147.072249,1.0123103194766574
1710778147.0723622,1.0301762819290161
1710778147.0724754,1.0483925210105047
1710778147.0725887,1.0662584834628634
1710778147.0727017,1.0834237602021959
1710778147.072815,1.099187864197625
1710778147.0729282,1.114251348707411
1710778147.0730414,1.1282637384202745
1710778147.0731544,1.140875021616618
1710778147.0732677,1.1538366476694744
1710778147.073381,1.1664479308658176
1710778147.0734942,1.180460320578681
1710778147.0736074,1.1937722894880507
1710778147.0737205,1.2070841259426541
1710778147.0738337,1.2210966481102836
1710778147.073947,1.233707931306627
1710778147.0740602,1.244567632675171
1710778147.0741732,1.2543763054741752
1710778147.0742865,1.2624335289001465
1710778147.0743997,1.2701404094696045
1710778147.074513,1.2767963939242892
1710778147.074626,1.283802588780721
1710778147.0747392,1.2918598122066922
1710778147.0748525,1.298866007063124
1710778147.0749657,1.3062225447760687
1710778147.0750787,1.3135792149437797
1710778147.075192,1.3191841708289251
1710778147.0753052,1.3237382305992973
1710778147.0754185,1.3275916046566434
1710778147.0755317,1.329693529340956
1710778147.0756447,1.3307444254557292
1710778147.075758,1.3317954540252686
1710778147.0758712,1.3324960072835286
1710778147.0759845,1.3331966929965549
1710778147.0760975,1.3345979319678412
1710778147.0762107,1.3345979319678412
1710778147.076324,1.3342475891113281
1710778147.0764372,1.3317954540252686
1710778147.0765502,1.3282922903696697
1710778147.0766635,1.3233878877427843
1710778147.0767767,1.3163816928863525
1710778147.07689,1.3079741266038682
1710778147.0770032,1.3002672460344102
1710778147.0771163,1.291159126493666
1710778147.0772295,1.283452245924208
1710778147.0773427,1.2750448120964897
1710778147.077456,1.2662869029574924
1710778147.077569,1.2578794691297743
1710778147.0776823,1.2480706638760037
1710778147.0777955,1.236860752105713
1710778147.0779088,1.2238991260528564
1710778147.0780218,1.210587289598253
1710778147.078135,1.1965747674306233
1710778147.0782483,1.1818615595499675
1710778147.0783615,1.1681993802388508
1710778147.0784745,1.153486304812961
1710778147.0785878,1.1401744683583577
1710778147.078701,1.125811603334215
1710778147.0788143,1.1117990811665852
1710778147.0789275,1.095334423912896
1710778147.0790405,1.0771181848314073
1710778147.0791538,1.0578509834077623
1710778147.079267,1.0364819235271878
1710778147.0793803,1.0154631402757432
1710778147.0794933,0.9937437375386555
1710778147.0796065,0.9716740581724379
1710778147.0797198,0.9506553411483765
1710778147.079833,0.929986900753445
1710778147.079946,0.9093184603585137
1710778147.0800593,0.8872487147649128
1710778147.0801725,0.8651790353986952
1710778147.0802858,0.8410074975755479
1710778147.080399,0.8175365130106608
1710778147.080512,0.7919637362162272
1710778147.0806253,0.7663908931944106
1710778147.0807385,0.7418690125147501
1710778147.0808518,0.7173471318350898
1710778147.0809648,0.6942264901267158
1710778147.081078,0.6704052289326986
1710778147.0811913,0.6472845872243246
1710778147.0813046,0.6231130494011773
1710778147.0814176,0.598591168721517
1710778147.0815308,0.5723177062140571
1710778147.081644,0.5456939670774672
1710778147.0817573,0.5173186461130778
1710778147.0818706,0.48929363489151
1710778147.0819836,0.4616189334127638
1710778147.0820968,0.4339442319340176
1710778147.08221,0.4066198733117845
1710778147.0823233,0.37999610106150306
1710778147.0824363,0.35267170932557845
1710778147.0825496,0.325697660446167
1710778147.0826628,0.29697202973895603
1710778147.082776,0.2671954532464345
1710778147.082889,0.23671825726826984
1710778147.0830023,0.2058907515472836
1710778147.0831156,0.17471293608347574
1710778147.0832288,0.14423574010531107
1710778147.0833418,0.11515979137685564
1710778147.083455,0.08503290514151256
1710778147.0835683,0.05525633692741394
1710778147.0836816,0.025479766643709607
1710778147.0837948,-0.003945718312429057
1710778147.0839078,-0.03511743826998605
1710778147.084021,-0.06698965198463863
1710778147.0841343,-0.10096332265271081
1710778147.0842476,-0.13458675808376735
1710778147.0843606,-0.16856042875183952
1710778147.0844738,-0.20078288184271917
1710778147.084587,-0.23440630899535284
1710778147.0847003,-0.2659282750553555
1710778147.0848134,-0.2978005011876424
1710778147.0849266,-0.3289722071753608
1710778147.0850399,-0.3608444333076477
1710778147.085153,-0.39236638281080455
1710778147.0852664,-0.4242386089430915
1710778147.0853794,-0.45646104547712535
1710778147.0854926,-0.4883332716094123
1710778147.0856059,-0.5188044905662537
1710778147.085719,-0.548225012090471
1710778147.085832,-0.5762445264392428
1710778147.0859454,-0.6021626128090752
1710778147.0860586,-0.6284309095806545
1710778147.0861719,-0.6543489297231039
1710778147.0862849,-0.6799167394638062
1710778147.0863981,-0.7068855894936455
1710778147.0865114,-0.7338543732961019
1710778147.0866246,-0.7608231570985582
1710778147.0867379,-0.7877919409010146
1710778147.086851,-0.8151110013326008
1710778147.0869641,-0.8406788110733032
1710778147.0870774,-0.8651958571539985
1710778147.0871906,-0.8893626928329468
1710778147.0873036,-0.9131793181101481
1710778147.087417,-0.9366456667582194
1710778147.0875301,-0.9590612517462836
1710778147.0876434,-0.983928640683492
1710778147.0877564,-1.0063442256715562
1710778147.0878696,-1.0305110613505046
1710778147.087983,-1.0525764359368217
1710778147.0880961,-1.074641810523139
1710778147.0882092,-1.0935550265842013
1710778147.0883224,-1.1117676893870037
1710778147.0884356,-1.1289297209845648
1710778147.088549,-1.1436398824055989
1710778147.0886621,-1.1601013607449002
1710778147.0887752,-1.1762126286824544
1710778147.0888884,-1.1919735537634955
1710778147.0890017,-1.2087852425045438
1710778147.089115,-1.225246720843845
1710778147.089228,-1.2410077783796523
1710778147.0893412,-1.2553677293989394
1710778147.0894544,-1.2686770492129855
1710778147.0895677,-1.2809356053670247
1710778147.0896807,-1.2917931874593098
1710778147.089794,-1.303000979953342
1710778147.0899072,-1.313158008787367
1710778147.0900204,-1.3240155908796523
1710778147.0901337,-1.3348731729719374
1710778147.0902467,-1.3467815187242296
1710778147.09036,-1.3569385475582547
1710778147.0904732,-1.3674459192487929
1710778147.0905864,-1.3769023948245578
1710778147.0906994,-1.384257607989841
1710778147.0908127,-1.3912624782986112
1710778147.090926,-1.396165821287367
1710778147.0910392,-1.401069296730889
1710778147.0911522,-1.4059727721744113
1710778147.0912654,-1.4108761151631672
1710778147.0913787,-1.4157795906066895
1710778147.091492,-1.4203327231936984
1710778147.0916052,-1.4248858557807074
1710778147.0917182,-1.4269873831007216
1710778147.0918314,-1.4280381467607286
1710778147.0919447,-1.4276878039042156
1710778147.092058,-1.4248858557807074
1710778147.092171,-1.4217336972554524
1710778147.0922842,-1.4168302218119304
1710778147.0923975,-1.4115766684214275
1710778147.0925107,-1.4059727721744113
1710778147.0926237,-1.401769717534383
1710778147.092737,-1.3954654004838731
1710778147.0928502,-1.3909122678968642
1710778147.0929635,-1.384257607989841
1710778147.0930765,-1.3762019740210638
1710778147.0931897,-1.3674459192487929
1710778147.093303,-1.3572887579600017
1710778147.0934162,-1.3460809654659696
1710778147.0935295,-1.3341726197136772
1710778147.0936425,-1.3226146168178983
1710778147.0937557,-1.3114068243238661
1710778147.093869,-1.299498478571574
1710778147.0939822,-1.2882906860775418
1710778147.0940952,-1.2763824727800157
1710778147.0942085,-1.2627229425642226
1710778147.0943217,-1.2476624382866752
1710778147.094435,-1.231200959947374
1710778147.094548,-1.2122877438863118
1710778147.0946612,-1.1933745278252494
1710778147.0947745,-1.1741111013624403
1710778147.0948877,-1.154847674899631
1710778147.095001,-1.136284801695082
1710778147.095114,-1.1180721388922796
1710778147.0952272,-1.0998594098620944
1710778147.0953405,-1.0830476548936632
1710778147.0954537,-1.064134505059984
1710778147.0955667,-1.0445208681954277
1710778147.09568,-1.0245569547017415
1710778147.0957932,-1.0031920671463013
1710778147.0959065,-0.981476902961731
1710778147.0960195,-0.9594115283754137
1710778147.0961328,-0.9376963641908433
1710778147.096246,-0.9159812662336562
1710778147.0963593,-0.8953168657090929
1710778147.0964723,-0.8718505170610216
1710778147.0965855,-0.8490846554438273
1710778147.0966988,-0.824567543135749
1710778147.096812,-0.7979490359624226
1710778147.0969253,-0.7706299755308363
1710778147.0970383,-0.742610428068373
1710778147.0971515,-0.7128396961424086
1710778147.0972648,-0.6834191746181911
1710778147.097378,-0.6553996933831109
1710778147.097491,-0.6280806329515245
1710778147.0976043,-0.6011118491490682
1710778147.0977175,-0.5751937627792358
1710778147.0978308,-0.548925499121348
1710778147.0979438,-0.5219566822052002
1710778147.098057,-0.49568838543362087
1710778147.0981703,-0.46836935811572605
1710778147.0982835,-0.4399995671378242
1710778147.0983968,-0.4126805398199293
1710778147.0985098,-0.385011268986596
1710778147.098623,-0.3576922085550096
1710778147.0987363,-0.33177415529886883
1710778147.0988495,-0.305856102042728
1710778147.0989625,-0.27818683120939464
1710778147.0990758,-0.2515682743655311
1710778147.099189,-0.22249801291359794
1710778147.0993023,-0.1923770209153493
1710778147.0994153,-0.16155554188622367
1710778147.0995286,-0.13108431465095943
1710778147.0996418,-0.09921210507551828
1710778147.099755,-0.06769013901551564
1710778147.0998683,-0.03791939467191696
1710778147.0999813,-0.007798403191069761
1710778147.1000946,0.021626328428586323
1710778147.1002078,0.050351959135797285
1710778147.100321,0.0797782176070743
1710778147.100434,0.11060572332806057
1710778147.1005473,0.14143322904904684
1710778147.1006606,0.1722607347700331
1710778147.1007738,0.20448949601915148
1710778147.1008868,0.23461638225449455
1710778147.101,0.26649483376079136
1710778147.1011133,0.2955707576539781
1710778147.1012266,0.3249970409605238
1710778147.1013396,0.35337236192491317
1710778147.1014528,0.381397373146481
1710778147.101566,0.41012300385369194
1710778147.1016793,0.4384983248180813
1710778147.1017926,0.46827488475375706
1710778147.1019056,0.4973508252037896
1710778147.1020188,0.5267770753966438
1710778147.102132,0.5551523963610331
1710778147.1022453,0.5828270647260878
1710778147.1023583,0.6087502506044176
1710778147.1024716,0.6339727507697211
1710778147.1025848,0.6574436691072252
1710778147.102698,0.6816152731577555
1710778147.102811,0.7047358486387465
1710778147.1029243,0.7289074526892768
1710778147.1030376,0.752728713883294
1710778147.1031508,0.776199632220798
1710778147.103264,0.8003712362713283
1710778147.103377,0.8231415351231892
1710778147.1034904,0.8441603183746338
1710778147.1036036,0.864478415913052
1710778147.1037169,0.8833952744801838
1710778147.1038299,0.9016115797890557
1710778147.103943,0.9194774760140313
1710778147.1040564,0.9383944008085463
1710778147.1041696,0.9573112593756782
1710778147.1042826,0.9769287374284532
1710778147.1043959,0.9961959388520982
1710778147.104509,1.0158134831322563
1710778147.1046224,1.0343799988428752
1710778147.1047356,1.0522459612952337
1710778147.1048486,1.0690609614054363
1710778147.1049619,1.083774103058709
1710778147.1050751,1.099538140826755
1710778147.1051884,1.114601559109158
1710778147.1053014,1.1293147669898138
1710778147.1054146,1.1450787385304768
1710778147.1055279,1.1597919464111328
1710778147.1056411,1.1755560504065619
1710778147.1057541,1.1895684401194255
1710778147.1058674,1.2021797233157687
1710778147.1059806,1.2133897675408256
1710778147.106094,1.2231985727945964
1710778147.106207,1.2309053209092882
1710778147.1063201,1.2379116482204862
1710778147.1064334,1.244567632675171
1710778147.1065466,1.2512234846750896
1710778147.10666,1.2582298119862874
1710778147.106773,1.265236006842719
1710778147.1068861,1.272592544555664
1710778147.1069994,1.279598871866862
1710778147.1071126,1.2855541706085205
1710778147.1072257,1.2897578875223796
1710778147.107339,1.2932610511779785
1710778147.1074522,1.2964138719770644
1710778147.1075654,1.2981654538048637
1710778147.1076784,1.3006175888909233
1710778147.1077917,1.3030697239769828
1710778147.107905,1.3058723343743217
1710778147.1080182,1.3086748123168945
1710778147.1081314,1.3118276331159804
1710778147.1082444,1.3135792149437797
1710778147.1083577,1.31427976820204
1710778147.108471,1.3125281863742404
1710778147.1085842,1.3100760512881808
1710778147.1086972,1.3044709629482694
1710778147.1088104,1.298866007063124
1710778147.1089237,1.2932610511779785
1710778147.109037,1.28730575243632
1710778147.10915,1.2799490822686088
1710778147.1092632,1.272942887412177
1710778147.1093764,1.2666372458140056
1710778147.1094897,1.2582298119862874
1710778147.109603,1.249121692445543
1710778147.109716,1.2386122014787462
1710778147.1098292,1.226701603995429
1710778147.1099424,1.2133897675408256
1710778147.1100557,1.1993772453731961
1710778147.1101687,1.1860654089185927
1710778147.110282,1.172052886750963
1710778147.1103952,1.1601422892676458
1710778147.1105084,1.1482315593295627
1710778147.1106215,1.1352700657314725
1710778147.1107347,1.122658782535129
1710778147.110848,1.1082959837383695
1710778147.1109612,1.0939331849416096
1710778147.1110742,1.0774684614605374
1710778147.1111875,1.060653461350335
1710778147.1113007,1.0427874988979764
1710778147.111414,1.0249216026730008
1710778147.1115272,1.0074059830771551
1710778147.1116402,0.9898902972539265
1710778147.1117535,0.9730752971437242
1710778147.1118667,0.9555596775478786
1710778147.11198,0.9373434384663899
1710778147.112093,0.918426579899258
1710778147.1122062,0.8970575200186836
1710778147.1123195,0.8749877744250827
1710778147.1124327,0.852918095058865
1710778147.1125457,0.8297974533504909
1710778147.112659,0.8084283934699165
1710778147.1127722,0.7856580946180556
1710778147.1128855,0.7649896542231241
1710778147.1129987,0.7446714904573228
1710778147.1131117,0.7240030500623915
1710778147.113225,0.7026339901818169
1710778147.1133382,0.6802139679590861
1710778147.1134515,0.656743049621582
1710778147.1135645,0.6315205494562784
1710778147.1136777,0.606298049290975
1710778147.113791,0.5803749296400282
1710778147.1139042,0.5541014671325684
1710778147.1140172,0.5288789669672648
1710778147.1141305,0.5040067765447829
1710778147.1142437,0.477733314037323
1710778147.114357,0.4514598846435547
1710778147.11447,0.4241354929076301
1710778147.1145833,0.39646079142888385
1710778147.1146965,0.36703454123602974
1710778147.1148098,0.3362070189581977
1710778147.114923,0.30678076876534355
1710778147.115036,0.2763035727871789
1710778147.1151493,0.24757794207996792
1710778147.1152625,0.21885231137275696
1710778147.1153758,0.1911776264508565
1710778147.1154888,0.1642035444577535
1710778147.115602,0.13652885953585306
1710778147.1157153,0.10920447607835133
1710778147.1158285,0.0801285273498959
1710778147.1159415,0.04965133551094267
1710778147.1160548,0.019174141602383718
1710778147.116168,-0.010600355971190665
1710778147.1162813,-0.04142183396551344
1710778147.1163945,-0.07154282596376207
1710778147.1165075,-0.10166380968358782
1710778147.1166208,-0.13038382762008244
1710778147.116734,-0.16050481133990818
1710778147.1168473,-0.18922482927640277
1710778147.1169603,-0.2196960647900899
1710778147.1170735,-0.25086778733465404
1710778147.1171868,-0.2827399969100952
1710778147.1173,-0.3149624334441291
1710778147.117413,-0.347535146607293
1710778147.1175263,-0.37870685259501136
1710778147.1176395,-0.4084776176346673
1710778147.1177528,-0.43789810604519314
1710778147.117866,-0.4659176535076565
1710778147.117979,-0.49323668082555133
1710778147.1180923,-0.5212561951743232
1710778147.1182055,-0.5485752556059096
1710778147.1183188,-0.5765947368409898
1710778147.1184318,-0.6049645609325832
1710778147.118545,-0.6333343187967936
1710778147.1186583,-0.660653313000997
1710778147.1187716,-0.6872718864017062
1710778147.1188846,-0.7121392091115316
1710778147.1189978,-0.7359558343887329
1710778147.119111,-0.7594221830368042
1710778147.1192243,-0.7814875576231215
1710778147.1193373,-0.8042534192403157
1710778147.1194506,-0.82666900422838
1710778147.1195638,-0.8501353528764513
1710778147.119677,-0.8743021885553995
1710778147.1197903,-0.897768603430854
1710778147.1199033,-0.9205344650480483
1710778147.1200166,-0.9429500500361124
1710778147.1201298,-0.9646652142206827
1710778147.120243,-0.9856798251469929
1710778147.120356,-1.0059940152698092
1710778147.1204693,-1.0249071651034884
1710778147.1205826,-1.0452213552263048
1710778147.1206958,-1.064834992090861
1710778147.1208088,-1.0854993926154242
1710778147.120922,-1.1065140035417345
1710778147.1210353,-1.1268281936645508
1710778147.1211486,-1.1464418305291069
1710778147.1212618,-1.1643042829301622
1710778147.1213748,-1.1807657612694633
1710778147.121488,-1.1961764759487576
1710778147.1216013,-1.2098360061645508
1710778147.1217146,-1.223495536380344
1710778147.1218276,-1.237155066596137
1710778147.1219409,-1.2508145968119304
1710778147.122054,-1.2651745478312175
1710778147.1221673,-1.2791844209035237
1710778147.1222804,-1.2938945823245578
1710778147.1223936,-1.307554112540351
1710778147.1225069,-1.3205132219526503
1710778147.12262,-1.3310204611884222
1710778147.1227334,-1.3415278328789604
1710778147.1228464,-1.3513346513112385
1710778147.1229596,-1.3597404956817627
1710778147.1230729,-1.3684965504540336
1710778147.123186,-1.377252737681071
1710778147.1232991,-1.386359002855089
1710778147.1234124,-1.3947648472256131
1710778147.1235256,-1.401769717534383
1710778147.1236389,-1.4070234033796523
1710778147.1237519,-1.4105259047614203
1710778147.1238651,-1.4119268788231742
1710778147.1239784,-1.4129776424831815
1710778147.1240916,-1.4119268788231742
1710778147.1242046,-1.4101756943596733
1710778147.124318,-1.4087747202979193
1710778147.1244311,-1.4084243774414062
1710778147.1245444,-1.4070234033796523
1710778147.1246576,-1.4059727721744113
1710778147.1247706,-1.4052722189161513
1710778147.124884,-1.4035210344526503
1710778147.1249971,-1.401069296730889
1710778147.1251104,-1.3968663745456271
1710778147.1252234,-1.3912624782986112
1710778147.1253366,-1.386008792453342
1710778147.12545,-1.3783033688863118
1710778147.1255631,-1.3716488414340549
1710778147.1256762,-1.3656946023305256
1710778147.1257894,-1.3583395216200087
1710778147.1259027,-1.3506340980529785
1710778147.126016,-1.3418780432807074
1710778147.1261292,-1.3313706715901692
1710778147.1262422,-1.318761905034383
1710778147.1263554,-1.30510237481859
1710778147.1264687,-1.2907424237993028
1710778147.126582,-1.2742809454600017
1710778147.126695,-1.2574692567189534
1710778147.1268082,-1.2420585420396593
1710778147.1269214,-1.2266476949055989
1710778147.1270347,-1.2115871906280518
1710778147.1271477,-1.1972272396087646
1710778147.127261,-1.1818165249294705
1710778147.1273742,-1.1646544933319092
1710778147.1274874,-1.147142383787367
1710778147.1276007,-1.1296301417880588
1710778147.1277137,-1.1093160178926256
1710778147.127827,-1.0890018277698092
1710778147.1279402,-1.069738401307
1710778147.1280534,-1.0494242774115667
1710778147.1281664,-1.0305110613505046
1710778147.1282797,-1.0115979115168254
1710778147.128393,-0.9923344850540161
1710778147.1285062,-0.9716700845294528
1710778147.1286192,-0.9506554073757595
1710778147.1287324,-0.9282398223876953
1710778147.1288457,-0.9044231971104939
1710778147.128959,-0.8799061510297987
1710778147.129072,-0.8557393153508503
1710778147.1291852,-0.830171439382765
1710778147.1292984,-0.8056543933020698
1710778147.1294117,-0.7825382550557454
1710778147.129525,-0.7587216960059272
1710778147.129638,-0.7345548603269789
1710778147.1297512,-0.7100377480189005
1710778147.1298645,-0.6837694512473212
1710778147.1299777,-0.6568006674448649
1710778147.1300907,-0.6284309095806545
1710778147.130204,-0.5986601114273071
1710778147.1303172,-0.5699401431613498
1710778147.1304305,-0.5405196216371324
1710778147.1305435,-0.5110991332266066
1710778147.1306567,-0.48307958576414317
1710778147.13077,-0.45400934086905587
1710778147.1308832,-0.425989826520284
1710778147.1309965,-0.39621906148062813
1710778147.1311095,-0.3657478425237867
1710778147.1312227,-0.3345761034223768
1710778147.131336,-0.3027039104037815
1710778147.1314492,-0.2701312137974633
1710778147.1315622,-0.23755851719114515
1710778147.1316755,-0.20498580402798122
1710778147.1317887,-0.17416434155570135
1710778147.131902,-0.14299261901113722
1710778147.132015,-0.1121711317035887
1710778147.1321282,-0.08169990446832445
1710778147.1322415,-0.05087842129998737
1710778147.1323547,-0.01830572469366921
1710778147.1324677,0.014269764845569927
1710778147.132581,0.047199146615134344
1710778147.1326942,0.08047884537114038
1710778147.1328075,0.11375853584872352
1710778147.1329207,0.14493635959095424
1710778147.1330338,0.17576386531194052
1710778147.133147,0.2051901320616404
1710778147.1332603,0.23391576276885137
1710778147.1333735,0.2633420129617055
1710778147.1334865,0.29206766022576225
1710778147.1335998,0.321844220161438
1710778147.133713,0.3512704703542921
1710778147.1338263,0.38069672054714626
1710778147.1339393,0.4104733135965135
1710778147.1340525,0.4395492540465461
1710778147.1341658,0.46792457501093543
1710778147.134279,0.4952489336331685
1710778147.1343923,0.5218727058834499
1710778147.1345053,0.5484964781337314
1710778147.1346185,0.5744195646709865
1710778147.1347318,0.6017439895206027
1710778147.134845,0.6304695871141222
1710778147.134958,0.6577940119637383
1710778147.1350713,0.6861693329281277
1710778147.1351845,0.714194311036004
1710778147.1352978,0.741168393029107
1710778147.1354108,0.7660405503378974
1710778147.135524,0.7905624310175577
1710778147.1356373,0.8133327960968018
1710778147.1357505,0.8347018559773762
1710778147.1358638,0.8571218782001071
1710778147.1359768,0.8784909380806817
1710778147.13609,0.8995096551047431
1710778147.1362033,0.9219296773274739
1710778147.1363165,0.9429484605789185
1710778147.1364295,0.9636169009738498
1710778147.1365428,0.983584721883138
1710778147.136656,1.00250158045027
1710778147.1367693,1.0207178195317586
1710778147.1368823,1.037182543012831
1710778147.1369956,1.0543478197521634
1710778147.1371088,1.0715131627188788
1710778147.137222,1.0890287823147244
1710778147.137335,1.106894744767083
1710778147.1374483,1.125461260477702
1710778147.1375616,1.1436774995591905
1710778147.1376748,1.1615435282389324
1710778147.137788,1.1783585283491347
1710778147.137901,1.1941224998897977
1710778147.1380143,1.2081350220574272
1710778147.1381276,1.2207463052537706
1710778147.1382408,1.2326569027370877
1710778147.1383538,1.2442172898186576
1710778147.138467,1.256828573015001
1710778147.1385803,1.268038484785292
1710778147.1386936,1.2792485290103488
1710778147.1388066,1.2901082303788927
1710778147.1389198,1.3002672460344102
1710778147.139033,1.3086748123168945
1710778147.1391463,1.3156810071733263
1710778147.1392596,1.3202350669436984
1710778147.1393726,1.3240885734558105
1710778147.1394858,1.3268910513983831
1710778147.139599,1.3307444254557292
1710778147.1397123,1.333547035853068
1710778147.1398253,1.3363495137956407
1710778147.1399386,1.3405532307094998
1710778147.1400518,1.3419544696807861
1710778147.140165,1.3444066047668457
1710778147.140278,1.345107290479872
1710778147.1403913,1.3440563943650987
1710778147.1405046,1.3409035735660129
1710778147.1406178,1.3370500670539007
1710778147.140731,1.3321456644270155
1710778147.140844,1.3275916046566434
1710778147.1409574,1.3226873344845242
1710778147.1410706,1.3174325890011258
1710778147.1411839,1.3128785292307537
1710778147.1412969,1.3062225447760687
1710778147.14141,1.2999169031778972
1710778147.1415234,1.2918598122066922
1710778147.1416366,1.2820510069529216
1710778147.1417496,1.2704907523261175
1710778147.1418629,1.2585800223880343
1710778147.141976,1.2470197677612305
1710778147.1420894,1.2347588274214003
1710778147.1422024,1.2238991260528564
1710778147.1423156,1.2133897675408256
1710778147.1424289,1.2021797233157687
1710778147.1425421,1.1916703648037381
1710778147.1426554,1.180460320578681
1710778147.1427684,1.1678491698371039
1710778147.1428816,1.1545372009277344
1710778147.1429949,1.1387732293870714
1710778147.1431081,1.1233594682481554
1710778147.1432211,1.106894744767083
1710778147.1433344,1.091130640771654
1710778147.1434476,1.0746659835179646
1710778147.143561,1.0585516028934054
1710778147.143674,1.0424372222688463
1710778147.1437871,1.025622222158644
1710778147.1439004,1.0081066025627983
1710778147.1440136,0.9891896777682834
1710778147.144127,0.9678206178877089
1710778147.14424,0.9457509385214912
1710778147.1443532,0.9229806396696303
1710778147.1444664,0.9002102745903863
1710778147.1445796,0.8784909380806817
1710778147.1446927,0.856421258714464
1710778147.144806,0.8350521326065063
1710778147.1449192,0.8136830727259318
1710778147.1450324,0.7919637362162272
1710778147.1451454,0.7695437139934963
1710778147.1452587,0.7467734151416354
1710778147.145372,0.7226018110911051
1710778147.1454852,0.6970289680692885
1710778147.1455984,0.6707555717892116
1710778147.1457114,0.645182728767395
1710778147.1458247,0.6199602286020914
1710778147.145938,0.5954383479224311
1710778147.1460512,0.5709164672427707
1710778147.1461642,0.5460442768202888
1710778147.1462774,0.5215223961406283
1710778147.1463907,0.49489862389034694
1710778147.146504,0.46827488475375706
1710778147.146617,0.43919894430372447
1710778147.1467302,0.4094223512543572
1710778147.1468434,0.37999610106150306
1710778147.1469567,0.3498692313830058
1710778147.1470697,0.3214939104186164
1710778147.147183,0.2924179699685838
1710778147.1472962,0.2636923227045271
1710778147.1474094,0.23461638225449455
1710778147.1475227,0.2051901320616404
1710778147.1476357,0.17646448479758367
1710778147.147749,0.14563697907659742
1710778147.1478622,0.11305791636308034
1710778147.1479754,0.08047884537114038
1710778147.1480885,0.04930102162890964
1710778147.1482017,0.01847351590792338
1710778147.148315,-0.012351575617988903
1710778147.1484282,-0.04177207748095194
1710778147.1485412,-0.07084233065446217
1710778147.1486545,-0.09886186156007978
1710778147.1487677,-0.1275818712181515
1710778147.148881,-0.15665213267008463
1710778147.1489942,-0.18677312466833326
1710778147.1491072,-0.21654387315114337
1710778147.1492205,-0.24736533562342325
1710778147.1493337,-0.27748632762167186
1710778147.149447,-0.3069068325890435
1710778147.14956,-0.33597707748413086
1710778147.1496732,-0.36294589440027875
1710778147.1497865,-0.38991467820273507
1710778147.1498997,-0.4168834620051914
1710778147.1500127,-0.4431517918904622
1710778147.150126,-0.47082106272379554
1710778147.1502392,-0.4984903335571289
1710778147.1503525,-0.5254591173595852
1710778147.1504655,-0.5531284213066101
1710778147.1505787,-0.5800972382227579
1710778147.150692,-0.6053147713343302
1710778147.1508052,-0.6301820940441555
1710778147.1509185,-0.6529479556613498
1710778147.1510315,-0.6760640939076742
1710778147.1511447,-0.6977791918648614
1710778147.151258,-0.7201948430803087
1710778147.1513712,-0.74366119172838
1710778147.1514843,-0.7674777507781982
1710778147.1515975,-0.7930456267462836
1710778147.1517107,-0.8172124624252319
1710778147.151824,-0.8424299955368042
1710778147.151937,-0.8658963441848755
1710778147.1520503,-0.8890124824311998
1710778147.1521635,-0.9110778570175171
1710778147.1522768,-0.9334934420055813
1710778147.15239,-0.9545081191592746
1710778147.152503,-0.9762232171164619
1710778147.1526163,-0.9979383813010322
1710778147.1527295,-1.0203539662890964
1710778147.1528428,-1.0424193408754137
1710778147.1529558,-1.06273353099823
1710778147.153069,-1.0830476548936632
1710778147.1531823,-1.1002096202638414
1710778147.1532955,-1.1166711648305256
1710778147.1534085,-1.131731669108073
1710778147.1535218,-1.1453910668690999
1710778147.153635,-1.1597511503431532
1710778147.1537483,-1.1734106805589464
1710778147.1538615,-1.1874204211764865
1710778147.1539745,-1.2024809254540336
1710778147.1540878,-1.218241850535075
1710778147.154201,-1.233302354812622
1710778147.1543143,-1.2473120954301622
1710778147.1544273,-1.2606214152442083
1710778147.1545405,-1.2721794181399875
1710778147.1546538,-1.2833873430887859
1710778147.154767,-1.2938945823245578
1710778147.15488,-1.304051743613349
1710778147.1549933,-1.314208772447374
1710778147.1551065,-1.3247161441379123
1710778147.1552198,-1.3352233833736844
1710778147.1553328,-1.3450302018059623
1710778147.155446,-1.3544868098364935
1710778147.1555593,-1.3618420230017767
1710778147.1556726,-1.3670955763922796
1710778147.1557858,-1.3705980777740479
1710778147.1558988,-1.3730498154958088
1710778147.156012,-1.3744507895575628
1710778147.1561253,-1.3748009999593098
1710778147.1562386,-1.3758517636193168
1710778147.1563516,-1.3769023948245578
1710778147.1564648,-1.377252737681071
1710778147.156578,-1.3779531584845648
1710778147.1566913,-1.377252737681071
1710778147.1568043,-1.3762019740210638
1710778147.1569176,-1.3730498154958088
1710778147.1570308,-1.3684965504540336
1710778147.157144,-1.3639434178670247
1710778147.1572573,-1.3576389683617485
1710778147.1573703,-1.3527356253729925
1710778147.1574836,-1.3474819395277235
1710778147.1575968,-1.3418780432807074
1710778147.15771,-1.3373249106936984
1710778147.157823,-1.3327716456519232
1710778147.1579363,-1.3275180922614203
1710778147.1580496,-1.3205132219526503
1710778147.1581628,-1.31210724512736
1710778147.1582758,-1.302650769551595
1710778147.158389,-1.2917931874593098
1710778147.1585023,-1.2798848417070177
1710778147.1586156,-1.2690272596147325
1710778147.1587288,-1.2564184930589464
1710778147.1588418,-1.2455609109666612
1710778147.158955,-1.234703328874376
1710778147.1590683,-1.22279511557685
1710778147.1591816,-1.2105365594228108
1710778147.1592946,-1.1965268188052707
1710778147.1594079,-1.1811159716712103
1710778147.159521,-1.1653550465901692
1710778147.1596344,-1.147492594189114
1710778147.1597474,-1.1310311158498128
1710778147.1598606,-1.1138692167070177
1710778147.1599739,-1.0977579487694633
1710778147.160087,-1.082347167862786
1710778147.1602,-1.066586242781745
1710778147.1603134,-1.0504749748441908
1710778147.1604266,-1.0343637731340196
1710778147.1605399,-1.0161510441038344
1710778147.160653,-0.9961871306101481
1710778147.1607661,-0.9758730067147149
1710778147.1608794,-0.9541578425301446
1710778147.1609926,-0.9317422575420803
1710778147.1611059,-0.9096768829557631
1710778147.161219,-0.8876115083694458
1710778147.1613321,-0.8648456467522515
1710778147.1614454,-0.8420797851350572
1710778147.1615586,-0.8196641339196099
1710778147.1616716,-0.7951470878389146
1710778147.161785,-0.7699294884999592
1710778147.1618981,-0.74331091509925
1710778147.1620114,-0.7156416442659166
1710778147.1621246,-0.6879723734325832
1710778147.1622376,-0.6599528259701198
1710778147.162351,-0.6326338317659166
1710778147.1624641,-0.6063655349943373
1710778147.1625774,-0.5807977252536349
1710778147.1626904,-0.5559303363164266
1710778147.1628036,-0.5300123161739773
1710778147.162917,-0.5044444733195834
1710778147.1630301,-0.47782593303256565
1710778147.1631432,-0.4491059316529168
1710778147.1632564,-0.4207361406750149
1710778147.1633697,-0.39096540874905056
1710778147.163483,-0.3618951638539632
1710778147.1635962,-0.33247464232974583
1710778147.1637092,-0.30410488446553546
1710778147.1638224,-0.2750346230136024
1710778147.1639357,-0.24561411804623073
1710778147.164049,-0.21619362963570488
1710778147.164162,-0.18607263763745627
1710778147.1642752,-0.1549009150928921
1710778147.1643884,-0.12267845372358957
1710778147.1645017,-0.08975551360183291
1710778147.1646147,-0.05683257348007626
1710778147.164728,-0.02496036183502939
1710778147.1648412,0.006913200227750672
1710778147.1649544,0.037390395171112485
1710778147.1650674,0.06646633976035647
1710778147.1651807,0.0958925982316335
1710778147.165294,0.12496853868166605
1710778147.1654072,0.1540444791316986
1710778147.1655204,0.1838210556242201
1710778147.1656334,0.21429825160238478
1710778147.1657467,0.24407482809490627
1710778147.16586,0.27455202407307094
1710778147.1659732,0.30362794796625775
1710778147.1660862,0.3320032689306471
1710778147.1661994,0.35827673143810695
1710778147.1663127,0.38455016083187527
1710778147.166426,0.4104733135965135
1710778147.166539,0.43639643324746025
1710778147.1666522,0.46266986264122856
1710778147.1667655,0.49069487386279637
1710778147.1668787,0.5173186461130778
1710778147.166992,0.5460442768202888
1710778147.167105,0.5726680490705702
1710778147.1672182,0.598941445350647
1710778147.1673315,0.62556525071462
1710778147.1674447,0.6497367885377672
1710778147.1675577,0.6746090120739406
1710778147.167671,0.6991308927536011
1710778147.1677842,0.7233024305767483
1710778147.1678975,0.7481746541129218
1710778147.1680105,0.7747983932495117
1710778147.1681237,0.8007215129004585
1710778147.168237,0.8269949754079182
1710778147.1683502,0.852567818429735
1710778147.1684632,0.8770896991093953
1710778147.1685765,0.9005606174468994
1710778147.1686897,0.9219296773274739
1710778147.168803,0.9439993566936916
1710778147.1689162,0.9639671776029799
1710778147.1690292,0.9856865803400675
1710778147.1691425,1.0060046778784857
1710778147.1692557,1.0291253195868597
1710778147.169369,1.0501441028383043
1710778147.169482,1.0718634393480089
1710778147.1695952,1.0921816031138103
1710778147.1697085,1.1117990811665852
1710778147.1698217,1.1293147669898138
1710778147.1699347,1.1461297671000164
1710778147.170048,1.1622440814971924
1710778147.1701612,1.176256603664822
1710778147.1702745,1.1909698115454779
1710778147.1703877,1.2049822012583415
1710778147.1705008,1.2193450662824843
1710778147.170614,1.233357588450114
1710778147.1707273,1.2463190820482042
1710778147.1708405,1.257178783416748
1710778147.1709535,1.2676881419287787
1710778147.1710668,1.2750448120964897
1710778147.17118,1.2820510069529216
1710778147.1712933,1.28800630569458
1710778147.1714063,1.2939616044362385
1710778147.1715195,1.2995666927761502
1710778147.1716328,1.3051716486612956
1710778147.171746,1.3118276331159804
1710778147.1718593,1.318833827972412
1710778147.1719723,1.3254898124270968
1710778147.1720855,1.3310947683122423
1710778147.1721988,1.3356488280826144
1710778147.172312,1.3388016488817003
1710778147.172425,1.3402028878529866
1710778147.1725383,1.3416041268242729
1710778147.1726515,1.3416041268242729
1710778147.1727648,1.3423048125372992
1710778147.1728778,1.3430053657955594
1710778147.172991,1.3433557086520724
1710778147.1731043,1.3433557086520724
1710778147.1732175,1.3419544696807861
1710778147.1733305,1.3395023345947266
1710778147.1734438,1.3349482748243544
1710778147.173557,1.3293431864844427
1710778147.1736703,1.3212860955132377
1710778147.1737835,1.3128785292307537
1710778147.1738966,1.3044709629482694
1710778147.1740098,1.2960635291205511
1710778147.174123,1.2866050667232938
1710778147.1742363,1.2792485290103488
1710778147.1743493,1.2704907523261175
1710778147.1744626,1.2631340821584065
1710778147.1745758,1.252975066502889
1710778147.174689,1.2424657079908583
1710778147.174802,1.2305551105075412
1710778147.1749153,1.2175934844546847
1710778147.1750286,1.2042816480000813
1710778147.1751418,1.1909698115454779
1710778147.175255,1.1780081854926214
1710778147.175368,1.165046559439765
1710778147.1754813,1.1520850658416748
1710778147.1755946,1.1391234397888184
1710778147.1757078,1.125811603334215
1710778147.1758208,1.111098461680942
1710778147.175934,1.094984081056383
1710778147.1760473,1.0767678419748943
1710778147.1761606,1.0578509834077623
1710778147.1762736,1.0382334391276042
1710778147.1763868,1.0172147221035428
1710778147.1765,0.9979475206798977
1710778147.1766133,0.9783299763997395
1710778147.1767266,0.9580118788613213
1710778147.1768396,0.9380440579520332
1710778147.1769528,0.9173756175571017
1710778147.177066,0.8956562148200141
1710778147.1771793,0.8728859159681532
1710778147.1772923,0.849064654774136
1710778147.1774056,0.8231415351231892
1710778147.1775188,0.7975686921013726
1710778147.177632,0.771995915306939
1710778147.177745,0.7478243112564087
1710778147.1778584,0.7233024305767483
1710778147.1779716,0.6984302732679579
1710778147.1780849,0.6742586692174276
1710778147.1781979,0.649036169052124
1710778147.178311,0.6224124299155341
1710778147.1784244,0.5954383479224311
1710778147.1785376,0.5660120646158854
1710778147.1786509,0.5362355377939012
1710778147.1787639,0.5054080155160692
1710778147.178877,0.47528114583757186
1710778147.1789904,0.4448039333025614
1710778147.1791036,0.4146770636240641
1710778147.1792166,0.38455016083187527
1710778147.1793299,0.3547736008961995
1710778147.1794431,0.32429642147488064
1710778147.1795564,0.29311858945422703
1710778147.1796694,0.2619407574335734
1710778147.1797826,0.22901137669881183
1710778147.1798959,0.19643230570687187
1710778147.1800091,0.16490418050024244
1710778147.1801224,0.13337604701519012
1710778147.1802354,0.1039497885439131
1710778147.1803486,0.07417322032981448
1710778147.180462,0.0461482091082467
1710778147.1805751,0.01812320202589035
1710778147.1806881,-0.0102501114209493
1710778147.1808014,-0.03932036873367097
1710778147.1809146,-0.07014184362358517
1710778147.181028,-0.10131356616814931
1710778147.181141,-0.13458675808376735
1710778147.1812541,-0.16610872414377
1710778147.1813674,-0.19763069020377264
1710778147.1814806,-0.2284521692328983
1710778147.181594,-0.25892340474658543
1710778147.181707,-0.2900951107343038
1710778147.1818202,-0.3195156322585212
1710778147.1819334,-0.35033709473080105
1710778147.1820467,-0.38115859031677246
1710778147.1821597,-0.4119800527890523
1710778147.182273,-0.4435020354059007
1710778147.1823862,-0.47362301084730357
1710778147.1824994,-0.502693255742391
1710778147.1826124,-0.5303625596894158
1710778147.1827257,-0.5573313103781806
1710778147.182839,-0.5825489097171359
1710778147.1829522,-0.6067157453960842
1710778147.1830652,-0.6312328577041626
1710778147.1831784,-0.6561001804139879
1710778147.1832917,-0.6813177135255601
1710778147.183405,-0.7072357998953925
1710778147.1835182,-0.7328036096360948
1710778147.1836312,-0.7594221830368042
1710778147.1837444,-0.7853402031792535
1710778147.1838577,-0.8098573154873318
1710778147.183971,-0.83402415116628
1710778147.184084,-0.8578407764434814
1710778147.1841972,-0.8799061510297987
1710778147.1843104,-0.9037227100796169
1710778147.1844237,-0.9271890587276882
1710778147.1845367,-0.9513558944066365
1710778147.18465,-0.9751725196838379
1710778147.1847632,-1.0003900527954102
1710778147.1848764,-1.0235061910417345
1710778147.1849897,-1.0466223292880588
1710778147.1851027,-1.067987216843499
1710778147.185216,-1.0872506433063083
1710778147.1853292,-1.1065140035417345
1710778147.1854424,-1.1243764559427898
1710778147.1855555,-1.141538487540351
1710778147.1856687,-1.1601013607449002
1710778147.185782,-1.1783140235477023
1710778147.1858952,-1.1958262655470107
1710778147.1860082,-1.214389271206326
1710778147.1861215,-1.231200959947374
1710778147.1862347,-1.2462614642249212
1710778147.186348,-1.2609716256459553
1710778147.186461,-1.2725297609965007
1710778147.1865742,-1.2844379742940266
1710778147.1866875,-1.2945951355828178
1710778147.1868007,-1.304401954015096
1710778147.186914,-1.314558982849121
1710778147.187027,-1.3261171181996663
1710778147.1871402,-1.3359239366319444
1710778147.1872535,-1.3460809654659696
1710778147.1873667,-1.3551873630947537
1710778147.1874797,-1.3635932074652777
1710778147.187593,-1.3688468933105469
1710778147.1877062,-1.3737502362993028
1710778147.1878195,-1.377252737681071
1710778147.1879325,-1.380404896206326
1710778147.1880457,-1.383557054731581
1710778147.188159,-1.386008792453342
1710778147.1882722,-1.3898615042368572
1710778147.1883855,-1.3923132419586182
1710778147.1884985,-1.3954654004838731
1710778147.1886117,-1.3954654004838731
1710778147.188725,-1.3965161641438801
1710778147.1888382,-1.3951151900821261
1710778147.1889513,-1.3909122678968642
1710778147.1890645,-1.387759976916843
1710778147.1891778,-1.383206844329834
1710778147.189291,-1.3797043429480658
1710778147.189404,-1.3744507895575628
1710778147.1895173,-1.3716488414340549
1710778147.1896305,-1.3677961296505399
1710778147.1897438,-1.3653443919287787
1710778147.189857,-1.3597404956817627
1710778147.18997,-1.3555375734965007
1710778147.1900833,-1.3478321499294705
1710778147.1901965,-1.3394263055589464
1710778147.1903098,-1.3310204611884222
1710778147.1904228,-1.3212136427561443
1710778147.190536,-1.3117570347256131
1710778147.1906493,-1.303000979953342
1710778147.1907625,-1.2924936082628038
1710778147.1908755,-1.2830370002322726
1710778147.1909888,-1.2721794181399875
1710778147.191102,-1.2606214152442083
1710778147.1912153,-1.2462614642249212
1710778147.1913283,-1.231551170349121
1710778147.1914415,-1.2154399024115667
1710778147.1915548,-1.1972272396087646
1710778147.191668,-1.1804155508677165
1710778147.1917813,-1.1629033088684082
1710778147.1918943,-1.1457414097256131
1710778147.1920075,-1.1296301417880588
1710778147.1921208,-1.1135188738505046
1710778147.192234,-1.0974076721403334
1710778147.192347,-1.080595983399285
1710778147.1924603,-1.06273353099823
1710778147.1925735,-1.0434701045354207
1710778147.1926868,-1.0231559806399875
1710778147.1927998,-1.0031920671463013
1710778147.192913,-0.982527666621738
1710778147.1930263,-0.9622134764989216
1710778147.1931396,-0.9425998396343654
1710778147.1932528,-0.9233364131715562
1710778147.1933658,-0.9030222230487399
1710778147.193479,-0.8827080991533067
1710778147.1935923,-0.8599422375361124
1710778147.1937056,-0.8375265863206651
1710778147.1938186,-0.8119587765799628
1710778147.1939318,-0.7856904798083835
1710778147.194045,-0.7594221830368042
1710778147.1941583,-0.7321031226052178
1710778147.1942713,-0.7058348258336385
1710778147.1943846,-0.6795665290620592
1710778147.1944978,-0.6536484426922268
1710778147.194611,-0.6277304225497775
1710778147.1947243,-0.6004113621181911
1710778147.1948373,-0.5730923016866049
1710778147.1949506,-0.5436718132760789
1710778147.1950638,-0.5142513248655531
1710778147.195177,-0.4841303163104587
1710778147.19529,-0.45400934086905587
1710778147.1954033,-0.4242386089430915
1710778147.1955166,-0.3948180874188741
1710778147.1956298,-0.3667985730701023
1710778147.1957428,-0.3384288152058919
1710778147.195856,-0.3118102418051826
1710778147.1959693,-0.2837907274564107
1710778147.1960826,-0.2547204660044776
1710778147.1961956,-0.22459947400622898
1710778147.1963089,-0.19517898559570312
1710778147.196422,-0.165408237112893
1710778147.1965353,-0.13458675808376735
1710778147.1966486,-0.10516625311639574
1710778147.1967616,-0.07574574814902411
1710778147.1968749,-0.04772622552182939
1710778147.196988,-0.01970670082502895
1710778147.1971014,0.007263512557579411
1710778147.1972144,0.03458789446287685
1710778147.1973276,0.06366384112172656
1710778147.1974409,0.0920391579469045
1710778147.197554,0.12181572616100311
1710778147.1976671,0.15019105540381536
1710778147.1977804,0.17961730559666952
1710778147.1978936,0.2072920070754157
1710778147.1980069,0.23391576276885137
1710778147.19812,0.26018920871946544
1710778147.1982331,0.285411708884769
1710778147.1983464,0.31133482853571576
1710778147.1984596,0.337257981300354
1710778147.1985729,0.36423203017976546
1710778147.198686,0.3922570414013333
1710778147.1987991,0.4202820526229011
1710778147.1989124,0.4497083028157552
1710778147.1990256,0.47843393352296615
1710778147.1991386,0.5064589447445339
1710778147.199252,0.5337833364804586
1710778147.1993651,0.5600567658742269
1710778147.1994784,0.5866805050108168
1710778147.1995916,0.6122533480326334
1710778147.1997046,0.6381764676835802
1710778147.199818,0.6648002730475532
1710778147.1999311,0.6914240121841431
1710778147.2000444,0.7176974746916029
1710778147.2001574,0.7432702514860365
1710778147.2002707,0.7688430945078532
1710778147.200384,0.7919637362162272
1710778147.2004972,0.8140334155824449
1710778147.2006102,0.8350521326065063
1710778147.2007234,0.8553702963723077
1710778147.2008367,0.8749877744250827
1710778147.20095,0.8949555953343709
1710778147.201063,0.9156240357293023
1710778147.2011762,0.9359421994951036
1710778147.2012894,0.9573112593756782
1710778147.2014027,0.9779796997706095
1710778147.201516,0.9982977973090278
1710778147.201629,1.017915341589186
1710778147.2017422,1.0354309611850314
1710778147.2018554,1.0529465807808769
1710778147.2019687,1.0697615808910794
1710778147.2020817,1.0858759615156386
1710778147.202195,1.102690961625841
1710778147.2023082,1.1188054084777832
1710778147.2024214,1.1356204085879855
1710778147.2025344,1.1517347229851616
1710778147.2026477,1.1678491698371039
1710778147.202761,1.1818615595499675
1710778147.2028742,1.1944728427463107
1710778147.2029874,1.2049822012583415
1710778147.2031004,1.2147910065121121
1710778147.2032137,1.2228482299380832
1710778147.203327,1.2323066923353407
1710778147.2034402,1.2403637833065457
1710778147.2035532,1.2484210067325168
1710778147.2036664,1.257529126273261
1710778147.2037797,1.264885663986206
1710778147.203893,1.272592544555664
1710778147.204006,1.279598871866862
1710778147.2041192,1.2848534848954942
1710778147.2042325,1.288356648551093
1710778147.2043457,1.2904585732354057
1710778147.2044587,1.2925603654649522
1710778147.204572,1.2946622901492648
1710778147.2046852,1.2964138719770644
1710778147.2047985,1.298866007063124
1710778147.2049117,1.3013182746039496
1710778147.2050247,1.303420066833496
1710778147.205138,1.3044709629482694
1710778147.2052512,1.3044709629482694
1710778147.2053645,1.3041207525465224
1710778147.2054775,1.3016684850056965
1710778147.2055907,1.2967642148335774
1710778147.205704,1.2922100226084392
1710778147.2058172,1.2876559628380668
1710778147.2059302,1.2827516926659477
1710778147.2060435,1.2788981861538358
1710778147.2061567,1.2746944692399766
1710778147.20627,1.2694397237565782
1710778147.2063832,1.264535453584459
1710778147.2064962,1.2582298119862874
1710778147.2066095,1.2501725885603163
1710778147.2067227,1.241414811876085
1710778147.206836,1.2316060066223145
1710778147.206949,1.2214469909667969
1710778147.2070622,1.2116381857130263
1710778147.2071755,1.2018293804592557
1710778147.2072887,1.1923710505167644
1710778147.2074018,1.1843138270907931
1710778147.207515,1.1741546789805095
1710778147.2076283,1.163995663324992
1710778147.2077415,1.1524354086981878
1710778147.2078547,1.1391234397888184
1710778147.2079678,1.125461260477702
1710778147.208081,1.1093469460805256
1710778147.2081943,1.0928822225994534
1710778147.2083075,1.0753666030036078
1710778147.2084205,1.0592522223790486
1710778147.2085338,1.0417366027832031
1710778147.208647,1.0238706403308444
1710778147.2087603,1.0067052973641288
1710778147.2088733,0.9884890582826402
1710778147.2089865,0.9692218568589952
1710778147.2090998,0.9478527969784206
1710778147.209213,0.926133460468716
1710778147.209326,0.9033630953894721
1710778147.2094393,0.8812934160232544
1710778147.2095525,0.8595740132861667
1710778147.2096658,0.8375043339199489
1710778147.209779,0.8168358935250176
1710778147.209892,0.795116557015313
1710778147.2100053,0.7751487361060249
1710778147.2101185,0.7523783710267808
1710778147.2102318,0.7292577293184068
1710778147.2103448,0.7043855720096164
1710778147.210458,0.6784624523586696
1710778147.2105713,0.6497367885377672
1710778147.2106845,0.6231130494011773
1710778147.2107975,0.5954383479224311
1710778147.2109108,0.568113989300198
1710778147.211024,0.5407895975642734
1710778147.2111373,0.5138155155711703
1710778147.2112505,0.48649112383524573
1710778147.2113636,0.4577654931280348
1710778147.2114768,0.4279889331923591
1710778147.21159,0.3978620635138618
1710778147.2117033,0.36598361200756496
1710778147.2118163,0.33515608972973293
1710778147.2119296,0.30467891030841404
1710778147.2120428,0.2742016977734036
1710778147.212156,0.24512575732337102
1710778147.212269,0.21675043635898167
1710778147.2123823,0.18837511539459229
1710778147.2124956,0.15964948468738133
1710778147.2126088,0.13057354423734877
1710778147.212722,0.10114728576607174
1710778147.212835,0.07031978004508548
1710778147.2129483,0.03949227018488778
1710778147.2130616,0.00831445058186849
1710778147.2131748,-0.02215840957230992
1710778147.2132878,-0.05262964301639133
1710778147.213401,-0.08064916564358605
1710778147.2135143,-0.10796820951832665
1710778147.2136276,-0.13598773214552137
1710778147.2137406,-0.16330677602026197
1710778147.2138538,-0.1916765338844723
1710778147.213967,-0.22004630830552843
1710778147.2140803,-0.24981705678833854
1710778147.2141933,-0.2802882923020257
1710778147.2143066,-0.3111097547743055
1710778147.2144198,-0.34053027629852295
1710778147.214533,-0.3696005211936103
1710778147.2146463,-0.3979702790578206
1710778147.2147593,-0.425989826520284
1710778147.2148726,-0.45400934086905587
1710778147.2149858,-0.4820288552178277
1710778147.215099,-0.5103986461957296
1710778147.215212,-0.540169378121694
1710778147.2153254,-0.5702903535630968
1710778147.2154386,-0.6004113621181911
1710778147.2155519,-0.6298318836424086
1710778147.2156649,-0.6582016415066189
1710778147.215778,-0.6855207019382052
1710778147.2158914,-0.7117889987097846
1710778147.2160046,-0.7373568084504869
1710778147.2161179,-0.7625743415620592
1710778147.2162309,-0.7867411772410074
1710778147.216344,-0.8126592636108398
1710778147.2164574,-0.8382270733515421
1710778147.2165706,-0.8644953701231215
1710778147.2166836,-0.8907636668947008
1710778147.2167969,-0.91703196366628
1710778147.2169101,-0.9418993526034884
1710778147.2170234,-0.9660661882824367
1710778147.2171364,-0.989182260301378
1710778147.2172496,-1.0108974244859483
1710778147.2173629,-1.0329627990722656
1710778147.2174761,-1.055028173658583
1710778147.2175894,-1.076042784584893
1710778147.2177024,-1.0977579487694633
1710778147.2178156,-1.1194731129540336
1710778147.217929,-1.140487723880344
1710778147.2180421,-1.1594009399414062
1710778147.2181551,-1.1776136027442083
1710778147.2182684,-1.1923238966200087
1710778147.2183816,-1.2077346112993028
1710778147.218495,-1.220693588256836
1710778147.218608,-1.233652565214369
1710778147.2187212,-1.2469618850284152
1710778147.2188344,-1.2602712048424614
1710778147.2189476,-1.2742809454600017
1710778147.2190607,-1.2889912393358018
1710778147.219174,-1.303000979953342
1710778147.2192872,-1.316660510169135
1710778147.2194004,-1.3289190663231742
1710778147.2195137,-1.3404770692189534
1710778147.2196267,-1.3513346513112385
1710778147.21974,-1.3604410489400227
1710778147.2198532,-1.3698975245157878
1710778147.2199664,-1.378653711742825
1710778147.2200794,-1.387059556113349
1710778147.2201927,-1.3965161641438801
1710778147.220306,-1.4038712448543973
1710778147.2204192,-1.4105259047614203
1710778147.2205322,-1.4154292477501762
1710778147.2206454,-1.4185815387301974
1710778147.2207587,-1.4199825127919514
1710778147.220872,-1.4192819595336914
1710778147.2209852,-1.4175307750701904
1710778147.2210982,-1.4157795906066895
1710778147.2212114,-1.4140282736884222
1710778147.2213247,-1.4115766684214275
1710778147.221438,-1.4108761151631672
1710778147.221551,-1.4094751411014133
1710778147.2216642,-1.4077239566379123
1710778147.2217774,-1.4049220085144043
1710778147.2218907,-1.401419507132636
1710778147.2220037,-1.396165821287367
1710778147.222117,-1.390561925040351
1710778147.2222302,-1.383557054731581
1710778147.2223434,-1.3765521844228108
1710778147.2224565,-1.3705980777740479
1710778147.2225697,-1.3639434178670247
1710778147.222683,-1.3583395216200087
1710778147.2227962,-1.3523854149712455
1710778147.2229095,-1.3446799914042156
1710778147.2230225,-1.3366243574354384
1710778147.2231357,-1.3271677494049072
1710778147.223249,-1.315609746509128
1710778147.2233622,-1.303000979953342
1710778147.2234752,-1.2903922133975558
1710778147.2235885,-1.2763824727800157
1710778147.2237017,-1.2623725997077093
1710778147.223815,-1.2497638331519232
1710778147.223928,-1.23680485619439
1710778147.2240412,-1.223145325978597
1710778147.2241545,-1.2084350321027968
1710778147.2242677,-1.1930243174235027
1710778147.224381,-1.1751618650224473
1710778147.224494,-1.1565989918178983
1710778147.2246072,-1.136635012096829
1710778147.2247205,-1.1170213752322726
1710778147.2248337,-1.0960066980785794
1710778147.2249467,-1.074641810523139
1710778147.22506,-1.055028173658583
1710778147.2251732,-1.0347139835357666
1710778147.2252865,-1.0140495830112033
1710778147.2253995,-0.9930349720848931
1710778147.2255127,-0.9695686234368218
1710778147.225626,-0.9454017877578735
1710778147.2257392,-0.9198339780171711
1710778147.2258525,-0.8935656150182087
1710778147.2259655,-0.8665968312157525
1710778147.2260787,-0.8392778370115492
1710778147.226192,-0.8126592636108398
1710778147.2263052,-0.7856904798083835
1710778147.2264183,-0.7594221830368042
1710778147.2265315,-0.7338543732961019
1710778147.2266448,-0.7068855894936455
1710778147.226758,-0.6795665290620592
1710778147.226871,-0.6511967711978488
1710778147.2269843,-0.6210757626427544
1710778147.2270975,-0.5923557281494141
1710778147.2272108,-0.5629352728525797
1710778147.2273238,-0.5338649948438009
1710778147.227437,-0.506545967525906
1710778147.2275503,-0.47922690709431964
1710778147.2276635,-0.4519078797764248
1710778147.2277768,-0.425989826520284
1710778147.2278898,-0.3983205225732591
1710778147.228003,-0.3692502776781718
1710778147.2281163,-0.33982978926764595
1710778147.2282295,-0.30865805016623604
1710778147.2283425,-0.27748632762167186
1710778147.2284558,-0.24526387453079224
1710778147.228569,-0.2144423955016666
1710778147.2286823,-0.18362091647254095
1710778147.2287953,-0.15420042806201512
1710778147.2289085,-0.12442967957920498
1710778147.2290218,-0.09500917461183336
1710778147.229135,-0.06383745206726922
1710778147.2292483,-0.033015975107749305
1710778147.2293613,-0.0014940098238488038
1710778147.2294745,0.02933320485883289
1710778147.2295878,0.06121165222591824
1710778147.229701,0.09309009545379214
1710778147.229814,0.12251635392506917
1710778147.2299273,0.15159229437510172
1710778147.2300406,0.17856637636820474
1710778147.2301538,0.20659137103292677
1710778147.2302668,0.23251450724071926
1710778147.23038,0.2612401379479302
1710778147.2304933,0.2896154589123196
1710778147.2306066,0.31869139936235213
1710778147.2307198,0.3477673398123847
1710778147.2308328,0.3782445523473951
1710778147.230946,0.40626956356896293
1710778147.2310593,0.4346448845333523
1710778147.2311726,0.4630202054977417
1710778147.2312856,0.48999425437715316
1710778147.2313988,0.5169683363702562
1710778147.231512,0.5435920755068461
1710778147.2316253,0.5716170867284139
1710778147.2317383,0.5996421310636733
1710778147.2318516,0.6283677286571926
1710778147.2319648,0.656743049621582
1710778147.232078,0.6847680277294582
1710778147.232191,0.7131433486938477
1710778147.2323043,0.7390665345721774
1710778147.2324176,0.764289034737481
1710778147.2325308,0.7891611920462714
1710778147.232644,0.8126321766111586
1710778147.232757,0.8357527520921495
1710778147.2328703,0.8595740132861667
1710778147.2329836,0.8840958939658271
1710778147.2330968,0.9072165356742011
1710778147.2332098,0.9313881397247314
1710778147.233323,0.9541584385765923
1710778147.2334363,0.9758778413136799
1710778147.2335496,0.9958456622229682
1710778147.2336626,1.0144121779335868
1710778147.2337759,1.0319278637568157
1710778147.233889,1.0480422443813748
1710778147.2340024,1.0652075211207073
1710778147.2341156,1.0816722446017795
1710778147.2342286,1.0981369018554688
1710778147.2343419,1.1153022448221843
1710778147.234455,1.1314165592193604
1710778147.2345684,1.1471806632147894
1710778147.2346814,1.1618937386406791
1710778147.2347946,1.1755560504065619
1710778147.2349079,1.187816990746392
1710778147.235021,1.1983263492584229
1710778147.2351341,1.2088357077704535
1710778147.2352474,1.218994723425971
1710778147.2353606,1.2288035286797416
1710778147.2354739,1.2386122014787462
1710778147.2355871,1.2480706638760037
1710778147.2357001,1.257529126273261
1710778147.2358134,1.2666372458140056
1710778147.2359266,1.2736435731252034
1710778147.2360399,1.279598871866862
1710778147.236153,1.2841529316372342
1710778147.2362661,1.28730575243632
1710778147.2363794,1.291159126493666
1710778147.2364926,1.2943119472927518
1710778147.2366056,1.2981654538048637
1710778147.236719,1.3023691707187228
1710778147.2368321,1.306923230489095
1710778147.2369454,1.3107766045464408
1710778147.2370584,1.3149804539150662
1710778147.2371716,1.3170822461446126
1710778147.237285,1.318133274714152
1710778147.2373981,1.3167319032880995
1710778147.2375114,1.3149804539150662
1710778147.2376244,1.3121778435177274
1710778147.2377377,1.3093753655751545
1710778147.237851,1.3058723343743217
1710778147.2379642,1.3030697239769828
1710778147.2380772,1.2985156642066107
1710778147.2381904,1.2946622901492648
1710778147.2383037,1.2890573342641194
1710778147.238417,1.2824013498094347
1710778147.23853,1.2736435731252034
1710778147.2386432,1.264185110727946
1710778147.2387564,1.2540259626176622
1710778147.2388697,1.2438669469621446
1710778147.238983,1.234058141708374
1710778147.239096,1.225650707880656
1710778147.2392092,1.2168929311964247
1710778147.2393224,1.2084853649139404
1710778147.2394357,1.2004281414879692
1710778147.2395487,1.1906194686889648
1710778147.239662,1.1811610062917073
1710778147.2397752,1.1689000659518771
1710778147.2398884,1.1552378866407607
1710778147.2400014,1.1422762605879042
1710778147.2401147,1.1275631851620145
1710778147.240228,1.1135506629943848
1710778147.2403412,1.098837521341112
1710778147.2404542,1.0844747225443523
1710778147.2405674,1.0697615808910794
1710778147.2406807,1.0543478197521634
1710778147.240794,1.0378831624984741
1710778147.2409072,1.0196669234169853
1710778147.2410202,0.998998483022054
1710778147.2411335,0.9779796997706095
1710778147.2412467,0.9562602970335219
1710778147.24136,0.9331396553251479
1710778147.241473,0.9107196993298
1710778147.2415862,0.8882996771070693
1710778147.2416995,0.8662299977408515
1710778147.2418127,0.8438099755181206
1710778147.2419257,0.8213899532953898
1710778147.242039,0.7979190349578857
1710778147.2421522,0.771995915306939
1710778147.2422655,0.7474740346272787
1710778147.2423787,0.7204999526341757
1710778147.2424917,0.6942264901267158
1710778147.242605,0.6672524081336128
1710778147.2427182,0.6416796313391792
1710778147.2428315,0.6171577506595187
1710778147.2429445,0.5919352504942152
1710778147.2430577,0.568113989300198
1710778147.243171,0.5432417657640245
1710778147.2432842,0.5176689558558993
1710778147.2433972,0.4913955264621311
1710778147.2435105,0.46372082498338485
1710778147.2436237,0.4346448845333523
1710778147.243737,0.4066198733117845
1710778147.2438502,0.37789424260457355
1710778147.2439632,0.35021954112582737
1710778147.2440765,0.32254483964708114
1710778147.2441897,0.2955707576539781
1710778147.244303,0.2682463990317451
1710778147.244416,0.24232326282395256
1710778147.2445292,0.21429825160238478
1710778147.2446425,0.1859229306379954
1710778147.2447557,0.15684699018796286
1710778147.2448688,0.1277710414595074
1710778147.244982,0.09834478298823038
1710778147.2450953,0.06996946202384101
1710778147.2452085,0.043345710469616786
1710778147.2453215,0.016721952706575394
1710778147.2454348,-0.008849135289589563
1710778147.245548,-0.034767194754547544
1710778147.2456613,-0.061735990974638194
1710778147.2457745,-0.08835453954007891
1710778147.2458875,-0.11637406216727363
1710778147.2460008,-0.14649505416552225
1710778147.246114,-0.17661604616377088
1710778147.2462273,-0.20673703816201952
1710778147.2463403,-0.23650777008798388
1710778147.2464535,-0.265578031539917
1710778147.2465668,-0.29464827643500435
1710778147.24668,-0.32301806741290623
1710778147.246793,-0.35103758176167804
1710778147.2469063,-0.3794073396258884
1710778147.2470195,-0.4084776176346673
1710778147.2471328,-0.43719761901431614
1710778147.247246,-0.4659176535076565
1710778147.247359,-0.4953381419181824
1710778147.2474723,-0.5237078997823927
1710778147.2475855,-0.5506767166985406
1710778147.2476988,-0.5769450134701198
1710778147.2478118,-0.6021626128090752
1710778147.247925,-0.6263294484880235
1710778147.2480383,-0.6508464945687188
1710778147.2481515,-0.6753636068767971
1710778147.2482646,-0.7012816270192465
1710778147.2483778,-0.7271997133890787
1710778147.248491,-0.7545187738206651
1710778147.2486043,-0.7814875576231215
1710778147.2487175,-0.8084563414255778
1710778147.2488306,-0.8343744277954102
1710778147.2489438,-0.8588914738761054
1710778147.249057,-0.8834085861841837
1710778147.2491703,-0.906874934832255
1710778147.2492833,-0.9299910068511963
1710778147.2493966,-0.9534573554992676
1710778147.2495098,-0.9769237041473389
1710778147.249623,-1.0007403294245403
1710778147.249736,-1.0242066780726116
1710778147.2498493,-1.0473228163189359
1710778147.2499626,-1.069037914276123
1710778147.2500758,-1.0886516173680623
1710778147.2501888,-1.1068642801708646
1710778147.250302,-1.1240262455410428
1710778147.2504153,-1.140137513478597
1710778147.2505286,-1.154847674899631
1710778147.2506418,-1.1713091532389324
1710778147.2507548,-1.1853188938564725
1710778147.250868,-1.2010799513922796
1710778147.2509813,-1.216140455669827
1710778147.2510946,-1.230850617090861
1710778147.2512076,-1.2434595161014133
1710778147.2513208,-1.2553677293989394
1710778147.251434,-1.2655248906877306
1710778147.2515473,-1.2742809454600017
1710778147.2516603,-1.2823365794287787
1710778147.2517736,-1.2910926342010498
1710778147.2518868,-1.299848821428087
1710778147.252,-1.308955086602105
1710778147.2521133,-1.317711141374376
1710778147.2522264,-1.3278683026631672
1710778147.2523396,-1.3359239366319444
1710778147.2524529,-1.3446799914042156
1710778147.252566,-1.3509844409094915
1710778147.252679,-1.3555375734965007
1710778147.2527924,-1.3604410489400227
1710778147.2529056,-1.3635932074652777
1710778147.2530189,-1.3667453659905326
1710778147.2531319,-1.3698975245157878
1710778147.253245,-1.3737502362993028
1710778147.2533584,-1.3776029480828178
1710778147.2534716,-1.3811053170098198
1710778147.2535849,-1.383206844329834
1710778147.2536979,-1.384257607989841
1710778147.2538111,-1.383557054731581
1710778147.2539244,-1.381455659866333
1710778147.2540376,-1.379003922144572
1710778147.2541506,-1.3755014207628038
1710778147.2542639,-1.3719990518358018
1710778147.2543771,-1.3688468933105469
1710778147.2544904,-1.3663951555887859
1710778147.2546034,-1.3635932074652777
1710778147.2547166,-1.3607912593417697
1710778147.25483,-1.3576389683617485
1710778147.2549431,-1.3523854149712455
1710778147.2550561,-1.3457307550642226
1710778147.2551694,-1.3376751210954454
1710778147.2552826,-1.3289190663231742
1710778147.255396,-1.3191122478908963
1710778147.2555091,-1.308955086602105
1710778147.2556221,-1.299148268169827
1710778147.2557354,-1.2893414497375488
1710778147.2558486,-1.2788340780470107
1710778147.255962,-1.2686770492129855
1710778147.256075,-1.2567687034606934
1710778147.2561882,-1.2431091732449002
1710778147.2563014,-1.2287492222256131
1710778147.2564147,-1.2119375334845648
1710778147.2565277,-1.1954760551452637
1710778147.256641,-1.1772633923424614
1710778147.2567542,-1.1601013607449002
1710778147.2568674,-1.142939461602105
1710778147.2569807,-1.1264779832628038
1710778147.2570937,-1.1100165049235027
1710778147.257207,-1.0939052369859483
1710778147.2573202,-1.076042784584893
1710778147.2574334,-1.0574798451529608
1710778147.2575464,-1.0375159316592746
1710778147.2576597,-1.0165013207329643
1710778147.257773,-0.9944359461466471
1710778147.2578862,-0.9716700845294528
1710778147.2579992,-0.9492544333140055
1710778147.2581124,-0.9268388483259413
1710778147.2582257,-0.905123684141371
1710778147.258339,-0.8827080991533067
1710778147.258452,-0.8602924479378594
1710778147.2585652,-0.8361256122589111
1710778147.2586784,-0.8102075258890787
1710778147.2587917,-0.7832387420866225
1710778147.258905,-0.7552192608515421
1710778147.259018,-0.7268494367599487
1710778147.2591312,-0.6981294684939914
1710778147.2592444,-0.6697597106297811
1710778147.2593577,-0.6417401631673177
1710778147.2594707,-0.6144211027357314
1710778147.259584,-0.587802595562405
1710778147.2596972,-0.5615342987908257
1710778147.2598104,-0.5342152383592393
1710778147.2599235,-0.5058454473813375
1710778147.2600367,-0.4771254460016886
1710778147.26015,-0.4484054446220398
1710778147.2602632,-0.41898492309782237
1710778147.2603765,-0.39026492171817356
1710778147.2604895,-0.3615449203385247
1710778147.2606027,-0.3342258599069383
1710778147.260716,-0.307957563135359
1710778147.2608292,-0.28098877933290267
1710778147.2609422,-0.2533194919427236
1710778147.2610555,-0.22494971752166748
1710778147.2611687,-0.19552922911114162
1710778147.261282,-0.165408237112893
1710778147.261395,-0.13423651456832886
1710778147.2615082,-0.10306479202376471
1710778147.2616215,-0.07189306947920057
1710778147.2617347,-0.04142183396551344
1710778147.261848,-0.010950599486629168
1710778147.261961,0.01812320202589035
1710778147.2620742,0.04860039800405502
1710778147.2621875,0.07837697035736507
1710778147.2623007,0.10885416633552975
1710778147.2624137,0.14038229982058206
1710778147.262527,0.1722607347700331
1710778147.2626402,0.20448949601915148
1710778147.2627535,0.2360176377826267
1710778147.2628665,0.2675457629892561
1710778147.2629797,0.2976726492245992
1710778147.263093,0.32709889941745335
1710778147.2632062,0.3558245301246643
1710778147.2633193,0.3841998510890537
1710778147.2634325,0.4132757915390862
1710778147.2635458,0.4434026943312751
1710778147.263659,0.473879873752594
1710778147.2637722,0.5050577057732476
1710778147.2638853,0.5358851949373881
1710778147.2639985,0.5667126841015285
1710778147.2641118,0.5968395868937174
1710778147.264225,0.6262658702002631
1710778147.264338,0.6532399521933662
1710778147.2644513,0.679863691329956
1710778147.2645645,0.7061371538374159
1710778147.2646778,0.7324105501174927
1710778147.2647908,0.7579833931393093
1710778147.264904,0.7846071322758992
1710778147.2650173,0.8098296324412028
1710778147.2651305,0.8343515131208632
1710778147.2652438,0.8585231171713935
1710778147.2653568,0.8812934160232544
1710778147.26547,0.9026624759038289
1710778147.2655833,0.9229806396696303
1710778147.2656965,0.9422478410932753
1710778147.2658095,0.9615149762895372
1710778147.2659228,0.9814827971988254
1710778147.266036,1.0011003414789836
1710778147.2661493,1.021768781873915
1710778147.2662623,1.0417366027832031
1710778147.2663755,1.0624050431781344
1710778147.2664888,1.0827231407165527
1710778147.266602,1.1009394460254245
1710778147.2667153,1.118104722764757
1710778147.2668283,1.133868826760186
1710778147.2669415,1.149282587899102
1710778147.2670548,1.163995663324992
1710778147.267168,1.1780081854926214
1710778147.267281,1.1930716037750244
1710778147.2673943,1.2070841259426541
1710778147.2675076,1.2210966481102836
1710778147.2676208,1.234408484564887
1710778147.2677338,1.2466694249047172
1710778147.267847,1.257529126273261
1710778147.2679603,1.2662869029574924
1710778147.2680736,1.2743441263834636
1710778147.2681866,1.2813504536946614
1710778147.2682998,1.2887069914076064
1710778147.268413,1.295713186264038
1710778147.2685263,1.3020188278622098
1710778147.2686396,1.3100760512881808
1710778147.2687526,1.3170822461446126
1710778147.2688658,1.3240885734558105
1710778147.268979,1.3303942150539823
1710778147.2690923,1.3345979319678412
1710778147.2692053,1.337400409910414
1710778147.2693186,1.3384513060251872
1710778147.2694318,1.3395023345947266
1710778147.269545,1.3398525449964735
1710778147.269658,1.3398525449964735
1710778147.2697713,1.3402028878529866
1710778147.2698846,1.3402028878529866
1710778147.2699978,1.3409035735660129
1710778147.270111,1.3409035735660129
1710778147.270224,1.3388016488817003
1710778147.2703373,1.3363495137956407
1710778147.2704506,1.3321456644270155
1710778147.2705638,1.3261903656853569
1710778147.2706769,1.3202350669436984
1710778147.27079,1.3125281863742404
1710778147.2709033,1.3076237837473552
1710778147.2710166,1.3006175888909233
1710778147.2711296,1.2946622901492648
1710778147.2712429,1.28730575243632
1710778147.271356,1.280649767981635
1710778147.2714694,1.2711913055843778
1710778147.2715826,1.2617328431871202
1710778147.2716956,1.249121692445543
1710778147.2718089,1.2358097235361736
1710778147.271922,1.2231985727945964
1710778147.2720354,1.2081350220574272
1710778147.2721484,1.1941224998897977
1710778147.2722616,1.179409424463908
1710778147.2723749,1.1664479308658176
1710778147.272488,1.1520850658416748
1710778147.2726011,1.1366713047027588
1710778147.2727144,1.1209072007073295
1710778147.2728276,1.103391581111484
1710778147.2729409,1.083774103058709
1710778147.273054,1.0634559392929077
1710778147.2731671,1.0420868794123332
1710778147.2732804,1.0207178195317586
1710778147.2733936,0.998998483022054
1710778147.2735069,0.9776293569140964
1710778147.27362,0.956960916519165
1710778147.2737331,0.9355918566385905
1710778147.2738464,0.9135221772723727
1710778147.2739596,0.891452497906155
1710778147.2740726,0.8676312367121378
1710778147.274186,0.8431093560324775
1710778147.2742991,0.8178868558671739
1710778147.2744124,0.7923140128453572
1710778147.2745254,0.7677921321656969
1710778147.2746387,0.7439708709716797
1710778147.274752,0.7212005721198188
1710778147.2748652,0.6977296537823147
1710778147.2749784,0.6746090120739406
1710778147.2750914,0.6507877508799235
1710778147.2752047,0.6266161468293932
1710778147.275318,0.5999924076928033
1710778147.2754312,0.571967429584927
1710778147.2755442,0.5428914560212029
1710778147.2756574,0.5131148960855272
1710778147.2757707,0.48333833614985144
1710778147.275884,0.45391205284330577
1710778147.275997,0.4241354929076301
1710778147.2761102,0.3947092427147759
1710778147.2762234,0.36598361200756496
1710778147.2763367,0.3362070189581977
1710778147.2764497,0.306430459022522
1710778147.276563,0.2759532630443573
1710778147.2766762,0.24442513783772785
1710778147.2767894,0.21394794185956317
1710778147.2769027,0.18347074588139853
1710778147.2770157,0.1540444791316986
1710778147.277129,0.1260194761885537
1710778147.2772422,0.09939572049511804
1710778147.2773554,0.07277196480168237
1710778147.2774684,0.04649852299027973
1710778147.2775817,0.01987476522723834
1710778147.277695,-0.007798403191069761
1710778147.2778082,-0.036518416470951505
1710778147.2779212,-0.06593891729911168
1710778147.2780344,-0.09641014867358737
1710778147.2781477,-0.12688138418727452
1710778147.278261,-0.15665213267008463
1710778147.2783742,-0.18607263763745627
1710778147.2784872,-0.2151428825325436
1710778147.2786005,-0.24421314398447672
1710778147.2787137,-0.27363364895184833
1710778147.278827,-0.30375464095009697
1710778147.27894,-0.3345761034223768
1710778147.2790532,-0.3657478425237867
1710778147.2791665,-0.3983205225732591
1710778147.2792797,-0.42949226167466903
1710778147.2793927,-0.4617146982087029
1710778147.279506,-0.4907849762174818
1710778147.2796192,-0.5198552211125692
1710778147.2797325,-0.547874735461341
1710778147.2798457,-0.5751937627792358
1710778147.2799587,-0.6021626128090752
1710778147.280072,-0.6294816070132785
1710778147.2801852,-0.6571508778466119
1710778147.2802985,-0.6844699382781982
1710778147.2804115,-0.7124894857406616
1710778147.2805247,-0.7394582695431179
1710778147.280638,-0.7657265663146973
1710778147.2807512,-0.7898934019936455
1710778147.2808642,-0.8133597506417168
1710778147.2809775,-0.8361256122589111
1710778147.2810907,-0.8574904998143513
1710778147.281204,-0.8802563614315456
1710778147.281317,-0.9019715256161159
1710778147.2814302,-0.9247373872333102
1710778147.2815435,-0.9478534592522515
1710778147.2816567,-0.9702691104676988
1710778147.28177,-0.9940856695175171
1710778147.281883,-1.0151003466712103
1710778147.2819963,-1.0347139835357666
1710778147.2821095,-1.053627199596829
1710778147.2822227,-1.071489651997884
1710778147.2823358,-1.0879511303371854
1710778147.282449,-1.1051130294799805
1710778147.2825623,-1.1208740870157878
1710778147.2826755,-1.138035986158583
1710778147.2827885,-1.154497464497884
1710778147.2829018,-1.1702583895789251
1710778147.283015,-1.1860194471147325
1710778147.2831283,-1.1996789773305256
1710778147.2832415,-1.2119375334845648
1710778147.2833545,-1.223845746782091
1710778147.2834678,-1.233652565214369
1710778147.283581,-1.2438097265031602
1710778147.2836943,-1.2539667553371854
1710778147.2838073,-1.2648243374294705
1710778147.2839205,-1.2767326831817627
1710778147.2840338,-1.2882906860775418
1710778147.284147,-1.300199031829834
1710778147.28426,-1.3114068243238661
1710778147.2843733,-1.3212136427561443
1710778147.2844865,-1.3306702507866752
1710778147.2845998,-1.3373249106936984
1710778147.284713,-1.3436292277442083
1710778147.284826,-1.3492331239912245
1710778147.2849393,-1.3541365994347465
1710778147.2850525,-1.3597404956817627
1710778147.2851658,-1.3642936282687717
1710778147.2852788,-1.3688468933105469
1710778147.285392,-1.3734000258975558
1710778147.2855053,-1.3758517636193168
1710778147.2856185,-1.377252737681071
1710778147.2857316,-1.3765521844228108
1710778147.2858448,-1.3751512103610568
1710778147.285958,-1.3726994726392958
1710778147.2860713,-1.3695473141140408
1710778147.2861843,-1.3674459192487929
1710778147.2862976,-1.3649941815270317
1710778147.2864108,-1.3635932074652777
1710778147.286524,-1.3625424438052707
1710778147.2866373,-1.3604410489400227
1710778147.2867503,-1.3583395216200087
1710778147.2868636,-1.3544868098364935
1710778147.2869768,-1.3492331239912245
1710778147.28709,-1.3432790173424614
1710778147.287203,-1.3359239366319444
1710778147.2873163,-1.3285687234666612
1710778147.2874296,-1.3205132219526503
1710778147.2875428,-1.31210724512736
1710778147.2876558,-1.304752164416843
1710778147.287769,-1.295996109644572
1710778147.2878823,-1.2875902652740479
1710778147.2879956,-1.2770828935835097
1710778147.2881088,-1.2641239166259766
1710778147.2882218,-1.2508145968119304
1710778147.288335,-1.235754092534383
1710778147.2884483,-1.219642824596829
1710778147.2885616,-1.2038818995157878
1710778147.2886746,-1.1870702107747395
1710778147.2887878,-1.1713091532389324
1710778147.288901,-1.155548228157891
1710778147.2890143,-1.13908674981859
1710778147.2891273,-1.1229754818810356
1710778147.2892406,-1.1054633061091106
1710778147.2893538,-1.0861998796463013
1710778147.289467,-1.066235966152615
1710778147.2895803,-1.0455715656280518
1710778147.2896934,-1.0235061910417345
1710778147.2898066,-1.001090539826287
1710778147.2899199,-0.9793754418690999
1710778147.290033,-0.9594115283754137
1710778147.290146,-0.9397978915108575
1710778147.2902594,-0.9194837013880411
1710778147.2903726,-0.8981188138326008
1710778147.2904859,-0.8767539262771606
1710778147.2905989,-0.8546885516908433
1710778147.290712,-0.830171439382765
1710778147.2908254,-0.8049539062711928
1710778147.2909386,-0.7807870705922444
1710778147.2910516,-0.7555694712532891
1710778147.2911649,-0.7310524251725938
1710778147.2912781,-0.7065353128645155
1710778147.2913914,-0.6834191746181911
1710778147.2915046,-0.6592523389392428
1710778147.2916176,-0.6361362669203017
1710778147.2917309,-0.6102181805504693
1710778147.2918441,-0.585000647438897
1710778147.2919574,-0.5576815870073106
1710778147.2920704,-0.5303625596894158
1710778147.2921836,-0.5037439862887064
1710778147.292297,-0.4757244719399346
1710778147.2924101,-0.4494561751683553
1710778147.2925231,-0.42458885245853
1710778147.2926364,-0.3986707660886976
1710778147.2927496,-0.37275271283255684
1710778147.292863,-0.3464844160609775
1710778147.2929761,-0.31881514522764415
1710778147.2930892,-0.29079559776518077
1710778147.2932024,-0.2606746223237779
1710778147.2933156,-0.2305536303255293
1710778147.293429,-0.19973215129640368
1710778147.293542,-0.16926091578271654
1710778147.2936552,-0.1394901672999064
1710778147.2937684,-0.10971942709551917
1710778147.2938817,-0.08099940915902455
1710778147.2939947,-0.052279399500952825
1710778147.294108,-0.02320914218823115
1710778147.2942212,0.007263512557579411
1710778147.2943344,0.036339457664224833
1710778147.2944474,0.06786759114927715
1710778147.2945607,0.09834478298823038
1710778147.294674,0.12847166922357348
1710778147.2947872,0.1578979194164276
1710778147.2949004,0.1859229306379954
1710778147.2950134,0.21289699607425266
1710778147.2951267,0.24092200729582045
1710778147.29524,0.2671954532464345
1710778147.2953532,0.29416951868269176
1710778147.2954662,0.32289514938990277
1710778147.2955794,0.3516207800971137
1710778147.2956927,0.38069672054714626
1710778147.295806,0.4111739330821567
1710778147.295919,0.44024987353218925
1710778147.2960322,0.47037674321068657
1710778147.2961454,0.49875206417507595
1710778147.2962587,0.5260764559110006
1710778147.296372,0.5537511573897468
1710778147.296485,0.5803749296400282
1710778147.2965982,0.6080496311187744
1710778147.2967114,0.6360746092266506
1710778147.2968247,0.6640995873345269
1710778147.2969377,0.6917742888132731
1710778147.297051,0.7194489902920193
1710778147.2971642,0.745372109942966
1710778147.2972775,0.7705946101082696
1710778147.2973905,0.7937152518166436
1710778147.2975037,0.8154346545537312
1710778147.297617,0.8368037144343058
1710778147.2977302,0.8574721548292372
1710778147.2978435,0.8784909380806817
1710778147.2979565,0.8988090356190999
1710778147.2980697,0.9198278188705444
1710778147.298183,0.9404962592654758
1710778147.2982962,0.9611646996604072
1710778147.2984092,0.9811325205696954
1710778147.2985225,0.9996991025076972
1710778147.2986357,1.0168643792470295
1710778147.298749,1.033329102728102
1710778147.298862,1.0494434833526611
1710778147.2989752,1.0648572444915771
1710778147.2990885,1.0816722446017795
1710778147.2992017,1.0977866252263386
1710778147.2993147,1.114251348707411
1710778147.299428,1.1314165592193604
1710778147.2995412,1.1475310060713027
1710778147.2996545,1.1629447672102187
1710778147.2997677,1.176256603664822
1710778147.2998807,1.1895684401194255
1710778147.299994,1.2004281414879692
1710778147.3001072,1.210587289598253
1710778147.3002205,1.2207463052537706
1710778147.3003335,1.2319563494788275
1710778147.3004467,1.241765022277832
1710778147.30056,1.252624723646376
1710778147.3006732,1.2631340821584065
1710778147.3007863,1.272592544555664
1710778147.3008995,1.2817006640964084
1710778147.3010128,1.2887069914076064
1710778147.301126,1.2946622901492648
1710778147.3012393,1.2999169031778972
1710778147.3013523,1.3048213058047824
1710778147.3014655,1.3093753655751545
1710778147.3015788,1.3149804539150662
1710778147.301692,1.3209357526567247
1710778147.301805,1.32584015528361
1710778147.3019183,1.3310947683122423
1710778147.3020315,1.3352984852261014
1710778147.3021448,1.3384513060251872
1710778147.3022578,1.3395023345947266
1710778147.302371,1.3388016488817003
1710778147.3024843,1.3366997241973877
1710778147.3025975,1.333547035853068
1710778147.3027108,1.330043872197469
1710778147.3028238,1.3265407085418701
1710778147.302937,1.322336991628011
1710778147.3030503,1.318833827972412
1710778147.3031635,1.3135792149437797
1710778147.3032765,1.3090251551734076
1710778147.3033898,1.3016684850056965
1710778147.303503,1.2943119472927518
1710778147.3036163,1.2848534848954942
1710778147.3037293,1.2750448120964897
1710778147.3038425,1.264535453584459
1710778147.3039558,1.2550769911872015
1710778147.304069,1.2449178430769179
1710778147.304182,1.2354595131344266
1710778147.3042953,1.226701603995429
1710778147.3044086,1.2158419026268852
1710778147.3045218,1.2056828869713676
1710778147.304635,1.1930716037750244
1710778147.304748,1.1787088712056477
1710778147.3048613,1.1622440814971924
1710778147.3049746,1.14542908138699
1710778147.3050878,1.1265122890472412
1710778147.3052008,1.1086462603674994
1710778147.305314,1.0900797446568806
1710778147.3054273,1.0711628198623657
1710778147.3055406,1.0529465807808769
1710778147.3056536,1.0340297222137451
1710778147.3057668,1.0144121779335868
1710778147.30588,0.9933934609095255
1710778147.3059933,0.9713237815433078
1710778147.3061066,0.9478527969784206
1710778147.3062196,0.9243818786409166
1710778147.3063328,0.9016115797890557
1710778147.306446,0.8784909380806817
1710778147.3065593,0.856421258714464
1710778147.3066723,0.8350521326065063
1710778147.3067856,0.8129824532402886
1710778147.3068988,0.791613393359714
1710778147.307012,0.76849275165134
1710778147.307125,0.745021833313836
1710778147.3072383,0.7212005721198188
1710778147.3073516,0.6956277290980021
1710778147.3074648,0.6697046094470553
1710778147.307578,0.6437814897961086
1710778147.307691,0.617858370145162
1710778147.3078043,0.5936867660946316
1710778147.3079176,0.5691648854149712
1710778147.3080308,0.5456939670774672
1710778147.3081439,0.5204714669121636
1710778147.308257,0.49489862389034694
1710778147.3083704,0.46792457501093543
1710778147.3084836,0.4398995637893677
1710778147.3085966,0.4111739330821567
1710778147.3087099,0.38104703028996784
1710778147.308823,0.3516207800971137
1710778147.3089364,0.32219452990425956
1710778147.3090494,0.2924179699685838
1710778147.3091626,0.2636923227045271
1710778147.3092759,0.23461638225449455
1710778147.309389,0.20448949601915148
1710778147.3095024,0.17506324582629734
1710778147.3096154,0.14318479432000053
1710778147.3097286,0.11130635109212664
1710778147.3098419,0.07907758984300825
1710778147.3099551,0.0461482091082467
1710778147.3100681,0.01391945199833976
1710778147.3101814,-0.017605237662792206
1710778147.3102946,-0.04772622552182939
1710778147.3104079,-0.07749697400463952
1710778147.310521,-0.10866869654920366
1710778147.3106341,-0.13808919323815239
1710778147.3107474,-0.16891067226727804
1710778147.3108606,-0.2014833688735962
1710778147.310974,-0.23440630899535284
1710778147.311087,-0.26767949263254803
1710778147.3112001,-0.3020034233729045
1710778147.3113134,-0.33492634693781537
1710778147.3114266,-0.3664483295546638
1710778147.3115396,-0.3983205225732591
1710778147.311653,-0.42844153112835354
1710778147.3117661,-0.4585625065697564
1710778147.3118794,-0.48763278457853526
1710778147.3119924,-0.5170532729890611
1710778147.3121057,-0.546473761399587
1710778147.312219,-0.5751937627792358
1710778147.3123322,-0.6046142843034532
1710778147.3124452,-0.6336845291985406
1710778147.3125584,-0.66030310259925
1710778147.3126717,-0.6855207019382052
1710778147.312785,-0.7103880246480306
1710778147.3128982,-0.7349050707287258
1710778147.3130112,-0.7580212089750502
1710778147.3131244,-0.7821880446539985
1710778147.3132377,-0.8070553673638238
1710778147.313351,-0.832623177104526
1710778147.313464,-0.8599422375361124
1710778147.3135772,-0.8869110213385688
1710778147.3136904,-0.9135295285118951
1710778147.3138037,-0.9387471278508503
1710778147.3139167,-0.9639647271898057
1710778147.31403,-0.986730588807
1710778147.3141432,-1.0094964504241943
1710778147.3142564,-1.0312115483813815
1710778147.3143697,-1.0529267125659518
1710778147.3144827,-1.0739413234922621
1710778147.314596,-1.0949560006459553
1710778147.3147092,-1.1152701907687717
1710778147.3148224,-1.1341832743750677
1710778147.3149354,-1.15309649043613
1710778147.3150487,-1.1695579687754314
1710778147.315162,-1.1846184730529785
1710778147.3152752,-1.1979277928670247
1710778147.3153882,-1.2105365594228108
1710778147.3155015,-1.223145325978597
1710778147.3156147,-1.235754092534383
1710778147.315728,-1.2490634123484294
1710778147.3158412,-1.2620223893059623
1710778147.3159542,-1.2760321299235027
1710778147.3160675,-1.2900418705410428
1710778147.3161807,-1.304051743613349
1710778147.316294,-1.315259536107381
1710778147.316407,-1.3261171181996663
1710778147.3165202,-1.3359239366319444
1710778147.3166335,-1.3450302018059623
1710778147.3167467,-1.3541365994347465
1710778147.3168597,-1.3628926542070177
1710778147.316973,-1.3716488414340549
1710778147.3170862,-1.380404896206326
1710778147.3171995,-1.3895112938351102
1710778147.3173125,-1.397216584947374
1710778147.3174257,-1.4042214552561443
1710778147.317539,-1.4101756943596733
1710778147.3176522,-1.4129776424831815
1710778147.3177655,-1.4154292477501762
1710778147.3178785,-1.4164800114101834
1710778147.3179917,-1.4171805646684434
1710778147.318105,-1.4175307750701904
1710778147.3182182,-1.4182311958736844
1710778147.3183312,-1.4189317491319444
1710778147.3184445,-1.4185815387301974
1710778147.3185577,-1.4189317491319444
1710778147.318671,-1.4161298010084364
1710778147.318784,-1.4126272996266682
1710778147.3188972,-1.4077239566379123
1710778147.3190105,-1.4007190863291423
1710778147.3191237,-1.3933638731638591
1710778147.319237,-1.386008792453342
1710778147.31935,-1.379003922144572
1710778147.3194633,-1.3716488414340549
1710778147.3195765,-1.364643971125285
1710778147.3196898,-1.3569385475582547
1710778147.3198028,-1.3492331239912245
1710778147.319916,-1.3397766484154594
1710778147.3200293,-1.3292692767249212
1710778147.3201425,-1.315959956910875
1710778147.3202555,-1.302300426695082
1710778147.3203688,-1.2875902652740479
1710778147.320482,-1.2728799713982475
1710778147.3205953,-1.2571190463172064
1710778147.3207085,-1.2427589628431532
1710778147.3208215,-1.2280486689673529
1710778147.3209348,-1.2126379542880588
1710778147.321048,-1.1965268188052707
1710778147.3211613,-1.1804155508677165
1710778147.3212743,-1.1615023348066542
1710778147.3213875,-1.1425891187455919
1710778147.3215008,-1.1226252714792888
1710778147.321614,-1.1023110813564725
1710778147.321727,-1.0819969574610393
1710778147.3218403,-1.0623832543690999
1710778147.3219535,-1.0438203149371676
1710778147.3220668,-1.0252574417326186
1710778147.3221798,-1.0059940152698092
1710778147.322293,-0.986030101776123
1710778147.3224063,-0.9653657012515597
1710778147.3225195,-0.9433003266652424
1710778147.3226328,-0.9194837013880411
1710778147.3227458,-0.8949665890799628
1710778147.322859,-0.8707997534010146
1710778147.3229723,-0.8455822202894423
1710778147.3230855,-0.8207148975796169
1710778147.3231986,-0.7961977852715386
1710778147.3233118,-0.7730817132525973
1710778147.323425,-0.747864113913642
1710778147.3235383,-0.7229967912038168
1710778147.3236513,-0.6970787048339844
1710778147.3237646,-0.6697597106297811
1710778147.3238778,-0.6417401631673177
1710778147.323991,-0.6133704053031074
1710778147.3241043,-0.585701134469774
1710778147.3242173,-0.5576815870073106
1710778147.3243306,-0.5317635337511698
1710778147.3244438,-0.505495203865899
1710778147.324557,-0.4806278811560737
1710778147.32467,-0.45506007141537136
1710778147.3247833,-0.42879177464379203
1710778147.3248966,-0.4018229908413357
1710778147.3250098,-0.37380344337887234
1710778147.3251228,-0.34543368551466197
1710778147.325236,-0.3156629204750061
1710778147.3253493,-0.28659267557991874
1710778147.3254626,-0.2568219270971086
1710778147.3255758,-0.22705119517114428
1710778147.3256888,-0.19903166426552665
1710778147.325802,-0.17031164632903203
1710778147.3259153,-0.14124138487709892
1710778147.3260286,-0.1118208881881502
1710778147.3261416,-0.07994867861270905
1710778147.3262548,-0.04772622552182939
1710778147.326368,-0.014803284365269873
1710778147.3264813,0.017422578401035733
1710778147.3265944,0.05070227301783032
1710778147.3267076,0.08258072038491567
1710778147.3268209,0.11410885386996798
1710778147.326934,0.14423574010531107
1710778147.327047,0.1736619902981652
1710778147.3271604,0.2034385667906867
1710778147.3272736,0.23391576276885137
1710778147.3273869,0.2633420129617055
1710778147.3275,0.2938192089398702
1710778147.327613,0.3249970409605238
1710778147.3277264,0.3547736008961995
1710778147.3278396,0.3841998510890537
1710778147.3279529,0.4125751720534431
1710778147.3280659,0.4398995637893677
1710778147.3281791,0.46652330292595756
1710778147.3282924,0.4924464556905958
1710778147.3284056,0.5187198850843642
1710778147.3285186,0.5442926949924892
1710778147.3286319,0.5716170867284139
1710778147.3287451,0.5992917882071601
1710778147.3288584,0.6262658702002631
1710778147.3289716,0.652889609336853
1710778147.3290846,0.6795133484734429
1710778147.329198,0.7040352291531032
1710778147.3293111,0.7271558708614773
1710778147.3294244,0.749225550227695
1710778147.3295374,0.7709449529647827
1710778147.3296506,0.791613393359714
1710778147.329764,0.8126321766111586
1710778147.3298771,0.8343515131208632
1710778147.3299901,0.8560709158579508
1710778147.3301034,0.8770896991093953
1710778147.3302166,0.8977581395043267
1710778147.33033,0.9163246552149454
1710778147.330443,0.9348912371529473
1710778147.3305562,0.9534578190909492
1710778147.3306694,0.9699224763446384
1710778147.3307827,0.9867375426822238
1710778147.330896,1.0035525427924261
1710778147.331009,1.0221190585030449
1710778147.3311222,1.0413862599266899
1710778147.3312354,1.060303184721205
1710778147.3313487,1.0785194238026936
1710778147.3314617,1.0970860057406955
1710778147.331575,1.114601559109158
1710778147.3316882,1.130015320248074
1710778147.3318014,1.1433272891574435
1710778147.3319144,1.156288782755534
1710778147.3320277,1.1678491698371039
1710778147.332141,1.1787088712056477
1710778147.3322542,1.1899187829759386
1710778147.3323674,1.2004281414879692
1710778147.3324804,1.2119885285695393
1710778147.3325937,1.2210966481102836
1710778147.332707,1.2312556637658012
1710778147.3328202,1.2393128871917725
1710778147.3329332,1.2459688716464572
1710778147.3330464,1.2519241703881157
1710778147.3331597,1.2582298119862874
1710778147.333273,1.2631340821584065
1710778147.333386,1.2687391704983182
1710778147.3334992,1.27574536535475
1710778147.3336124,1.2820510069529216
1710778147.3337257,1.288356648551093
1710778147.333839,1.2953628434075248
1710778147.333952,1.3009679317474365
1710778147.3340652,1.3044709629482694
1710778147.3341784,1.3079741266038682
1710778147.3342917,1.3083244694603813
1710778147.3344047,1.3079741266038682
1710778147.334518,1.306923230489095
1710778147.3346312,1.3058723343743217
1710778147.3347445,1.3041207525465224
1710778147.3348575,1.3030697239769828
1710778147.3349707,1.3013182746039496
1710778147.335084,1.2981654538048637
1710778147.3351972,1.295012633005778
1710778147.3353102,1.2904585732354057
1710778147.3354235,1.283452245924208
1710778147.3355367,1.2750448120964897
1710778147.33565,1.2662869029574924
1710778147.3357632,1.257529126273261
1710778147.3358762,1.2477204534742568
1710778147.3359895,1.2389625443352592
1710778147.3361027,1.2291538715362549
1710778147.336216,1.2203959623972576
1710778147.336329,1.210937632454766
1710778147.3364422,1.2000779310862224
1710778147.3365555,1.188167201148139
1710778147.3366687,1.1752057075500488
1710778147.3367817,1.1615435282389324
1710778147.336895,1.145779424243503
1710778147.3370082,1.1307160059611003
1710778147.3371215,1.1163531409369574
1710778147.3372347,1.1019903421401978
1710778147.3373477,1.087977819972568
1710778147.337461,1.0743156406614516
1710778147.3375742,1.0592522223790486
1710778147.3376875,1.044889423582289
1710778147.3378005,1.0284247001012166
1710778147.3379138,1.0105587376488578
1710778147.338027,0.9909412595960829
1710778147.3381402,0.9709734386867946
1710778147.3382533,0.9513559606340196
1710778147.3383665,0.9306875202390883
1710778147.3384798,0.9114203188154433
1710778147.338593,0.8921531173917983
1710778147.3387063,0.87218529648251
1710778147.3388193,0.852918095058865
1710778147.3389325,0.8325999975204468
1710778147.3390458,0.8105302519268459
1710778147.339159,0.7867089907328287
1710778147.339272,0.7639386918809679
1710778147.3393853,0.7404677735434638
1710778147.3394985,0.7159458928638034
1710778147.3396118,0.6935258706410726
1710778147.3397248,0.6714561912748549
1710778147.339838,0.6493865119086372
1710778147.3399513,0.6273167663150363
1710778147.3400645,0.6048968103196886
1710778147.3401775,0.5814258257548014
1710778147.3402908,0.5558530489603678
1710778147.340404,0.5288789669672648
1710778147.3405173,0.5015545752313402
1710778147.3406305,0.4731792542669508
1710778147.3407435,0.44410331381691825
1710778147.3408568,0.41572799285252887
1710778147.34097,0.3880532913737827
1710778147.3410833,0.3607288996378581
1710778147.3411963,0.3327039215299818
1710778147.3413095,0.30432860056559247
1710778147.3414228,0.2752526435587141
1710778147.341536,0.24582639336585999
1710778147.341649,0.2156995071305169
1710778147.3417623,0.18522231115235221
1710778147.3418756,0.15474511517418754
1710778147.3419888,0.12461822893884447
1710778147.342102,0.09624290797445509
1710778147.342215,0.06751727726724413
1710778147.3423283,0.04019289794895384
1710778147.3424416,0.012868514491452111
1710778147.3425548,-0.01550377243094974
1710778147.3426678,-0.04387354271279441
1710778147.342781,-0.0743447740872701
1710778147.3428943,-0.10516625311639574
1710778147.3430076,-0.13633797566095987
1710778147.3431206,-0.16785994172096252
1710778147.3432338,-0.19903166426552665
1710778147.343347,-0.22985314329465228
1710778147.3434603,-0.2599741352929009
1710778147.3435736,-0.2893946237034268
1710778147.3436866,-0.31811465819676715
1710778147.3437998,-0.34823563363817
1710778147.343913,-0.37800636556413436
1710778147.3440263,-0.4088278611501058
1710778147.3441393,-0.4399995671378242
1710778147.3442526,-0.47012057569291854
1710778147.3443658,-0.5002415511343214
1710778147.344479,-0.5289615856276618
1710778147.344592,-0.5562806129455566
1710778147.3447053,-0.582899186346266
1710778147.3448186,-0.6084669960869683
1710778147.3449318,-0.6343850162294176
1710778147.3450449,-0.6599528259701198
1710778147.345158,-0.6858709123399522
1710778147.3452713,-0.7124894857406616
1710778147.3453846,-0.7380572954813639
1710778147.3454978,-0.7636251052220662
1710778147.3456109,-0.7895431253645155
1710778147.345724,-0.8126592636108398
1710778147.3458374,-0.8354251252280341
1710778147.3459506,-0.8567900127834743
1710778147.3460636,-0.8774544133080376
1710778147.3461769,-0.898469090461731
1710778147.34629,-0.9198339780171711
1710778147.3464034,-0.9411988655726115
1710778147.3465164,-0.9636144505606757
1710778147.3466296,-0.98638031217787
1710778147.3467429,-1.0091461737950642
1710778147.346856,-1.0305110613505046
1710778147.3469694,-1.052226225535075
1710778147.3470824,-1.0721901390287611
1710778147.3471956,-1.0904028018315632
1710778147.3473089,-1.1086155308617485
1710778147.3474221,-1.1271784040662978
1710778147.3475351,-1.1450408564673529
1710778147.3476484,-1.1636038621266682
1710778147.3477616,-1.1825169457329643
1710778147.3478749,-1.2007297409905326
1710778147.347988,-1.217541429731581
1710778147.3481011,-1.234353118472629
1710778147.3482144,-1.2490634123484294
1710778147.3483276,-1.2627229425642226
1710778147.3484406,-1.2749813662634955
1710778147.348554,-1.2872399224175346
1710778147.3486671,-1.29879805776808
1710778147.3487804,-1.3110566139221191
1710778147.3488936,-1.3233151700761583
1710778147.3490067,-1.3362741470336914
1710778147.34912,-1.3485327031877306
1710778147.3492332,-1.3604410489400227
1710778147.3493464,-1.3705980777740479
1710778147.3494594,-1.3793541325463188
1710778147.3495727,-1.386359002855089
1710778147.349686,-1.3912624782986112
1710778147.3497992,-1.3965161641438801
1710778147.3499122,-1.4007190863291423
1710778147.3500254,-1.4042214552561443
1710778147.3501387,-1.4080741670396593
1710778147.350252,-1.4119268788231742
1710778147.3503652,-1.4147288269466824
1710778147.3504782,-1.4168302218119304
1710778147.3505914,-1.4175307750701904
1710778147.3507047,-1.4168302218119304
1710778147.350818,-1.4154292477501762
1710778147.350931,-1.4112263255649142
1710778147.3510442,-1.4077239566379123
1710778147.3511574,-1.4049220085144043
1710778147.3512707,-1.40282048119439
1710778147.3513837,-1.399668322669135
1710778147.351497,-1.3979171382056341
1710778147.3516102,-1.3958156108856201
1710778147.3517234,-1.3930136627621121
1710778147.3518367,-1.388460530175103
1710778147.3519497,-1.381455659866333
1710778147.352063,-1.3737502362993028
1710778147.3521762,-1.3642936282687717
1710778147.3522894,-1.3537863890329997
1710778147.3524024,-1.3418780432807074
1710778147.3525157,-1.3310204611884222
1710778147.352629,-1.318411694632636
1710778147.3527422,-1.307554112540351
1710778147.3528552,-1.2952955563863118
1710778147.3529685,-1.2816360261705186
1710778147.3530817,-1.2662253114912245
1710778147.353195,-1.2504643864101834
1710778147.353308,-1.231901380750868
1710778147.3534212,-1.2136887179480658
1710778147.3535345,-1.1954760551452637
1710778147.3536477,-1.1779638131459553
1710778147.353761,-1.1608019140031602
1710778147.353874,-1.1443404356638591
1710778147.3539872,-1.1271784040662978
1710778147.3541005,-1.1110672023561265
1710778147.3542137,-1.0935550265842013
1710778147.3543267,-1.0753422975540161
1710778147.35444,-1.0557286606894598
1710778147.3545532,-1.0350642601648967
1710778147.3546665,-1.0129988855785794
1710778147.3547795,-0.9916339980231391
1710778147.3548927,-0.9688681364059448
1710778147.355006,-0.9471529722213745
1710778147.3551192,-0.9257880846659342
1710778147.3552325,-0.9037227100796169
1710778147.3553455,-0.8827080991533067
1710778147.3554587,-0.8588914738761054
1710778147.355572,-0.8350749148262872
1710778147.3556852,-0.8091568284564548
1710778147.3557982,-0.7832387420866225
1710778147.3559115,-0.7562699582841661
1710778147.3560247,-0.7289509640799628
1710778147.356138,-0.7033830881118774
1710778147.356251,-0.6774650679694282
1710778147.3563643,-0.6522474686304728
1710778147.3564775,-0.6259791718588935
1710778147.3565907,-0.6000610854890611
1710778147.356704,-0.5727420912848579
1710778147.356817,-0.5450727873378329
1710778147.3569303,-0.5160025424427456
1710778147.3570435,-0.4855313234859043
1710778147.3571568,-0.45470982789993286
1710778147.3572698,-0.42388836542765296
1710778147.357383,-0.3930668698416816
1710778147.3574963,-0.36399662494659424
1710778147.3576095,-0.3335253728760613
1710778147.3577225,-0.30305415391921997
1710778147.3578358,-0.27188243137465584
1710778147.357949,-0.2403604653146532
1710778147.3580623,-0.207787768708335
1710778147.3581753,-0.17416434155570135
1710778147.3582885,-0.1398404108153449
1710778147.3584018,-0.10586674014727274
1710778147.358515,-0.07154282596376207
1710778147.3586283,-0.04002085576454798
1710778147.3587413,-0.00849889125674963
1710778147.3588545,0.02267726593547397
1710778147.3589678,0.05210352440675099
1710778147.359081,0.08258072038491567
1710778147.359194,0.11410885386996798
1710778147.3593073,0.14458604984813267
1710778147.3594205,0.17576386531194052
1710778147.3595338,0.2076423168182373
1710778147.3596468,0.23882013228204516
1710778147.35976,0.27034827404552036
1710778147.3598733,0.2994241979387071
1710778147.3599865,0.3285001715024312
1710778147.3600998,0.35652514961030746
1710778147.3602128,0.38560112317403156
1710778147.360326,0.4143267538812425
1710778147.3604393,0.44410331381691825
1710778147.3605525,0.47423018349541557
1710778147.3606656,0.5043570862876045
1710778147.3607788,0.5344839559661018
1710778147.360892,0.5646108256445991
1710778147.3610053,0.5922855271233453
1710778147.3611183,0.6192596091164483
1710778147.3612316,0.644832452138265
1710778147.3613448,0.6693543328179253
1710778147.361458,0.6931755940119425
1710778147.3615713,0.7169967889785767
1710778147.3616843,0.741518669658237
1710778147.3617976,0.7660405503378974
1710778147.3619108,0.7891611920462714
1710778147.362024,0.8140334155824449
1710778147.362137,0.8371540572908189
1710778147.3622503,0.8595740132861667
1710778147.3623636,0.8802424536810981
1710778147.3624768,0.9009108940760294
1710778147.3625898,0.9201780954996744
1710778147.362703,0.9394452969233195
1710778147.3628163,0.9583622217178345
1710778147.3629296,0.9790306621127658
1710778147.3630426,0.9993487596511841
1710778147.3631558,1.0193165805604723
1710778147.363269,1.0406856404410467
1710778147.3633823,1.060653461350335
1710778147.3634956,1.0785194238026936
1710778147.3636086,1.095684700542026
1710778147.3637218,1.1117990811665852
1710778147.363835,1.1279135280185275
1710778147.3639483,1.1436774995591905
1710778147.3640614,1.1587410502963595
1710778147.3641746,1.1752057075500488
1710778147.3642879,1.1916703648037381
1710778147.364401,1.2088357077704535
1710778147.364514,1.2238991260528564
1710778147.3646274,1.2386122014787462
1710778147.3647406,1.2515738275316026
1710778147.3648539,1.2631340821584065
1710778147.364967,1.272942887412177
1710778147.36508,1.2813504536946614
1710778147.3651934,1.2894075446658664
1710778147.3653066,1.2974647680918376
1710778147.3654199,1.3044709629482694
1710778147.3655329,1.3121778435177274
1710778147.3656461,1.3191841708289251
1710778147.3657594,1.3254898124270968
1710778147.3658726,1.3303942150539823
1710778147.3659856,1.3342475891113281
1710778147.3660989,1.3366997241973877
1710778147.3662121,1.3381010956234403
1710778147.3663254,1.3384513060251872
1710778147.3664384,1.3391519917382133
1710778147.3665516,1.3409035735660129
1710778147.366665,1.3412537839677598
1710778147.3667781,1.3423048125372992
1710778147.3668914,1.3437060515085857
1710778147.3670044,1.3433557086520724
1710778147.3671176,1.3423048125372992
1710778147.367231,1.3388016488817003
1710778147.3673441,1.3338972462548149
1710778147.3674572,1.3268910513983831
1710778147.3675704,1.318833827972412
1710778147.3676836,1.3100760512881808
1710778147.367797,1.3009679317474365
1710778147.36791,1.2925603654649522
1710778147.3680232,1.283452245924208
1710778147.3681364,1.2743441263834636
1710778147.3682497,1.264885663986206
1710778147.368363,1.2547266483306885
1710778147.368476,1.2431662612491183
1710778147.3685892,1.2309053209092882
1710778147.3687024,1.218294170167711
1710778147.3688157,1.2049822012583415
1710778147.3689287,1.1927212609185112
1710778147.369042,1.1808106634351943
1710778147.3691552,1.1692504088083904
1710778147.3692684,1.157339678870307
1710778147.3693814,1.1461297671000164
1710778147.3694947,1.133868826760186
1710778147.369608,1.1198563045925565
1710778147.3697212,1.1040922005971272
1710778147.3698344,1.0865765810012817
1710778147.3699474,1.0666087600919936
1710778147.3700607,1.0466409391827054
1710778147.370174,1.025622222158644
1710778147.3702872,1.0053040583928425
1710778147.3704002,0.9842853413687812
1710778147.3705134,0.9632665581173366
1710778147.3706267,0.9425981177224053
1710778147.37074,0.9212290578418307
1710778147.370853,0.8995096551047431
1710778147.3709662,0.8777903185950385
1710778147.3710794,0.8539690574010212
1710778147.3711927,0.8304980728361342
1710778147.3713057,0.80702715449863
1710778147.371419,0.7849574751324123
1710778147.3715322,0.7635884152518378
1710778147.3716455,0.741518669658237
1710778147.3717587,0.7215508487489488
1710778147.3718717,0.7012327512105306
1710778147.371985,0.679863691329956
1710778147.3720982,0.6563927067650689
1710778147.3722115,0.6318708260854086
1710778147.3723245,0.6055974298053317
1710778147.3724377,0.5782730049557155
1710778147.372551,0.5505983365906609
1710778147.3726642,0.5229236351119148
1710778147.3727772,0.4952489336331685
1710778147.3728905,0.4672239555252923
1710778147.3730037,0.4406001832750108
1710778147.373117,0.4125751720534431
1710778147.3732302,0.3852507803175184
1710778147.3733432,0.35547422038184273
1710778147.3734565,0.32604797018898857
1710778147.3735697,0.29487013816833496
1710778147.373683,0.2636923227045271
1710778147.373796,0.23321512672636244
1710778147.3739092,0.20308825704786512
1710778147.3740225,0.17261106106970045
1710778147.3741357,0.14423574010531107
1710778147.3742487,0.11480947335561116
1710778147.374362,0.08573353290557861
1710778147.3744752,0.056307274434301585
1710778147.3745885,0.025479766643709607
1710778147.3747017,-0.006397426542308595
1710778147.3748147,-0.03791939467191696
1710778147.374928,-0.07014184362358517
1710778147.3750412,-0.10166380968358782
1710778147.3751545,-0.13178480168183646
1710778147.3752675,-0.16085505485534668
1710778147.3753808,-0.1895750727918413
1710778147.375494,-0.2175946036974589
1710778147.3756073,-0.24561411804623073
1710778147.3757203,-0.2739838924672868
1710778147.3758335,-0.30340439743465847
1710778147.3759468,-0.33247464232974583
1710778147.37606,-0.3618951638539632
1710778147.376173,-0.39096540874905056
1710778147.3762863,-0.4196854101286994
1710778147.3763995,-0.44735471407572425
1710778147.3765128,-0.47397325436274207
1710778147.376626,-0.5002415511343214
1710778147.376739,-0.5247586303287082
1710778147.3768523,-0.5499762296676636
1710778147.3769655,-0.5755440394083658
1710778147.3770788,-0.6011118491490682
1710778147.3771918,-0.6270299355189005
1710778147.377305,-0.6543489297231039
1710778147.3774183,-0.6799167394638062
1710778147.3775315,-0.7051343388027614
1710778147.3776445,-0.7286006874508327
1710778147.3777578,-0.751366549068027
1710778147.377871,-0.7737822002834743
1710778147.3779843,-0.7954972982406616
1710778147.3780975,-0.8175626728269789
1710778147.3782105,-0.8399783240424262
1710778147.3783238,-0.8641451597213745
1710778147.378437,-0.8883119954003228
1710778147.3785503,-0.9124788310792711
1710778147.3786633,-0.9366456667582194
1710778147.3787766,-0.9590612517462836
1710778147.3788898,-0.980776415930854
1710778147.379003,-1.0017910930845473
1710778147.379116,-1.0214047299491034
1710778147.3792293,-1.0403178797827826
1710778147.3793426,-1.059231095843845
1710778147.3794558,-1.0774437586466472
1710778147.379569,-1.0970574617385864
1710778147.379682,-1.1156204011705186
1710778147.3797953,-1.133482853571574
1710778147.3799086,-1.150995095570882
1710778147.3800218,-1.1667560206519232
1710778147.3801348,-1.1814663145277235
1710778147.380248,-1.1944252914852567
1710778147.3803613,-1.2063336372375488
1710778147.3804746,-1.218592193391588
1710778147.3805876,-1.230150196287367
1710778147.3807008,-1.2427589628431532
1710778147.380814,-1.2553677293989394
1710778147.3809273,-1.2690272596147325
1710778147.3810403,-1.2826867898305256
1710778147.3811536,-1.2949453459845648
1710778147.3812668,-1.306503348880344
1710778147.38138,-1.316660510169135
1710778147.3814933,-1.3254165649414062
1710778147.3816063,-1.3331219885084364
1710778147.3817196,-1.3404770692189534
1710778147.3818328,-1.3471317291259766
1710778147.381946,-1.3541365994347465
1710778147.382059,-1.3600907060835097
1710778147.3821723,-1.3674459192487929
1710778147.3822856,-1.3723492622375488
1710778147.3823988,-1.3769023948245578
1710778147.3825119,-1.3797043429480658
1710778147.382625,-1.380755106608073
1710778147.3827384,-1.380404896206326
1710778147.3828516,-1.379003922144572
1710778147.3829648,-1.3765521844228108
1710778147.3830779,-1.3755014207628038
1710778147.383191,-1.3734000258975558
1710778147.3833044,-1.3719990518358018
1710778147.3834176,-1.3698975245157878
1710778147.3835306,-1.3681463400522869
1710778147.3836439,-1.3653443919287787
1710778147.383757,-1.3604410489400227
1710778147.3838704,-1.3551873630947537
1710778147.3839834,-1.3485327031877306
1710778147.3840966,-1.3404770692189534
1710778147.3842099,-1.3313706715901692
1710778147.3843231,-1.3233151700761583
1710778147.3844361,-1.315959956910875
1710778147.3845494,-1.3086048762003581
1710778147.3846626,-1.300549242231581
1710778147.3847759,-1.2917931874593098
1710778147.3848891,-1.2823365794287787
1710778147.3850021,-1.2711287869347465
1710778147.3851154,-1.2595706515842013
1710778147.3852286,-1.2459111213684082
1710778147.385342,-1.231901380750868
1710778147.385455,-1.217891640133328
1710778147.3855681,-1.2042321099175346
1710778147.3856814,-1.1898721588982475
1710778147.3857946,-1.1776136027442083
1710778147.3859076,-1.1643042829301622
1710778147.386021,-1.150995095570882
1710778147.3861341,-1.137335565355089
1710778147.3862474,-1.1226252714792888
1710778147.3863606,-1.1058135165108574
1710778147.3864737,-1.0886516173680623
1710778147.386587,-1.0711393753687541
1710778147.3867002,-1.052226225535075
1710778147.3868134,-1.0350642601648967
1710778147.3869264,-1.0172018077638414
1710778147.3870397,-1.0003900527954102
1710778147.387153,-0.982177389992608
1710778147.3872662,-0.9625637531280518
1710778147.3873792,-0.9425998396343654
1710778147.3874924,-0.9201841884189181
1710778147.3876057,-0.8960173527399699
1710778147.387719,-0.8715002404318916
1710778147.3878322,-0.8469831943511963
1710778147.3879452,-0.8210651079813639
1710778147.3880584,-0.7965480619006686
1710778147.3881717,-0.7716807391908433
1710778147.388285,-0.7475138372845119
1710778147.388398,-0.7236972782346938
1710778147.3885112,-0.6984796788957384
1710778147.3886244,-0.6736123561859131
1710778147.3887377,-0.6469938490125868
1710778147.3888507,-0.6182738145192465
1710778147.388964,-0.5913050307167901
1710778147.3890772,-0.5632854832543267
1710778147.3891904,-0.5352659689055549
1710778147.3893034,-0.5079469415876601
1710778147.3894167,-0.4806278811560737
1710778147.38953,-0.45400934086905587
1710778147.3896432,-0.42739080058203804
1710778147.3897564,-0.39937125311957467
1710778147.3898695,-0.3710014952553643
1710778147.3899827,-0.34053027629852295
1710778147.390096,-0.30935853719711304
1710778147.3902092,-0.27818683120939464
1710778147.3903222,-0.24561411804623073
1710778147.3904355,-0.21409215198622808
1710778147.3905487,-0.18327067295710245
1710778147.390662,-0.1531496975156996
1710778147.390775,-0.12337894075446658
1710778147.3908882,-0.09290771351920234
1710778147.3910015,-0.0624364780055152
1710778147.3911147,-0.031614998976389565
1710778147.391228,0.0006075733755197789
1710778147.391341,0.03318664514356189
1710778147.3914542,0.06576571613550186
1710778147.3915675,0.0979944732454088
1710778147.3916807,0.12952260673046112
1710778147.3917937,0.15859855545891655
1710778147.391907,0.18802480565177068
1710778147.3920202,0.2156995071305169
1710778147.3921335,0.2437245017952389
1710778147.3922465,0.2717495130168067
1710778147.3923597,0.29977450768152875
1710778147.392473,0.3277995189030965
1710778147.3925862,0.35652514961030746
1710778147.3926995,0.38560112317403156
1710778147.3928125,0.4132757915390862
1710778147.3929257,0.4406001832750108
1710778147.393039,0.4658226834403144
1710778147.3931522,0.49209614594777423
1710778147.3932652,0.5169683363702562
1710778147.3933785,0.5428914560212029
1710778147.3934917,0.5688146087858412
1710778147.393605,0.5961389674080743
1710778147.393718,0.6231130494011773
1710778147.3938313,0.6518386469946967
1710778147.3939445,0.6791630718443129
1710778147.3940578,0.7064874304665459
1710778147.3941708,0.733461512459649
1710778147.394284,0.7586840126249526
1710778147.3943973,0.7818046543333266
1710778147.3945105,0.8056259155273438
1710778147.3946238,0.8287465572357178
1710778147.3947368,0.8518671327167087
1710778147.39485,0.8753381172815958
1710778147.3949633,0.8995096551047431
1710778147.3950765,0.9219296773274739
1710778147.3951895,0.9457509385214912
1710778147.3953028,0.9671199984020656
1710778147.395416,0.9884890582826402
1710778147.3955293,1.0088072220484416
1710778147.3956423,1.0284247001012166
1710778147.3957555,1.0466409391827054
1710778147.3958688,1.0659081406063504
1710778147.395982,1.0855256848865085
1710778147.3960953,1.1051431629392836
1710778147.3962083,1.1251109176211886
1710778147.3963215,1.1440278424157035
1710778147.3964348,1.1632951100667317
1710778147.396548,1.180460320578681
1710778147.396661,1.195874081717597
1710778147.3967743,1.2098866038852267
1710778147.3968875,1.2214469909667969
1710778147.3970008,1.2323066923353407
1710778147.3971138,1.2428160508473713
1710778147.397227,1.252624723646376
1710778147.3973403,1.2627838717566595
1710778147.3974535,1.272242334153917
1710778147.3975668,1.2817006640964084
1710778147.3976798,1.2908087836371527
1710778147.397793,1.298866007063124
1710778147.3979063,1.3048213058047824
1710778147.3980196,1.3107766045464408
1710778147.3981326,1.3153306643168132
1710778147.3982458,1.3198847240871854
1710778147.398359,1.3251394695705838
1710778147.3984723,1.3307444254557292
1710778147.3985853,1.3366997241973877
1710778147.3986986,1.3412537839677598
1710778147.3988118,1.3465085294511583
1710778147.398925,1.3514129320780437
1710778147.399038,1.35351472430759
1710778147.3991513,1.3542154100206163
1710778147.3992646,1.3521134853363037
1710778147.3993778,1.3486104541354709
1710778147.399491,1.3461581865946453
1710778147.399604,1.3402028878529866
1710778147.3997173,1.3352984852261014
1710778147.3998306,1.329693529340956
1710778147.3999438,1.3251394695705838
1710778147.4000568,1.3198847240871854
1710778147.40017,1.3128785292307537
1710778147.4002833,1.3062225447760687
1710778147.4003966,1.2971144252353244
1710778147.4005096,1.2869554095798068
1710778147.4006228,1.2771466043260362
1710778147.400736,1.2659366925557454
1710778147.4008493,1.2561278873019748
1710778147.4009626,1.2463190820482042
1710778147.4010756,1.236860752105713
1710778147.4011889,1.2274022897084553
1710778147.401302,1.2172431415981717
1710778147.4014153,1.2067337830861409
1710778147.4015284,1.194823185602824
1710778147.4016416,1.1808106634351943
1710778147.4017549,1.1667981412675645
1710778147.401868,1.1499831411573622
1710778147.401981,1.133868826760186
1710778147.4020944,1.11845506562127
1710778147.4022076,1.1023406849967108
1710778147.4023209,1.0883281628290813
1710778147.4024339,1.0725641250610352
1710778147.4025471,1.0568000210656059
1710778147.4026604,1.0406856404410467
1710778147.4027736,1.0231700208452013
1710778147.4028869,1.0035525427924261
1710778147.4029999,0.983584721883138
1710778147.4031131,0.9618653191460503
1710778147.4032264,0.9394452969233195
1710778147.4033396,0.9166749980714586
1710778147.4034526,0.8946053187052408
1710778147.403566,0.8728859159681532
1710778147.4036791,0.8504658937454224
1710778147.4037924,0.8273452520370483
1710778147.4039054,0.8035240570704142
1710778147.4040186,0.7776008711920844
1710778147.404132,0.7520280943976508
1710778147.4042451,0.7243533929189047
1710778147.4043584,0.6956277290980021
1710778147.4044714,0.668303370475769
1710778147.4045846,0.640979011853536
1710778147.404698,0.6136545870039198
1710778147.4048111,0.5877314673529731
1710778147.4049242,0.5607573853598701
1710778147.4050374,0.5337833364804586
1710778147.4051507,0.5064589447445339
1710778147.405264,0.4770326945516798
1710778147.405377,0.4469058248731825
1710778147.4054902,0.4150273733668857
1710778147.4056034,0.3841998510890537
1710778147.4057167,0.3519710898399353
1710778147.40583,0.3207932909329732
1710778147.405943,0.2899657686551412
1710778147.4060562,0.26018920871946544
1710778147.4061694,0.23041263222694397
1710778147.4062827,0.20063605573442247
1710778147.4063957,0.17085949579874674
1710778147.406509,0.14073260956340367
1710778147.4066222,0.10885416633552975
1710778147.4067354,0.07767634259329902
1710778147.4068484,0.04649852299027973
1710778147.4069617,0.016021327012115054
1710778147.407075,-0.012701820168230269
1710778147.4071882,-0.04212232099639045
1710778147.4073012,-0.06979160010814667
1710778147.4074144,-0.09816137452920277
1710778147.4075277,-0.12688138418727452
1710778147.407641,-0.15700237618552312
1710778147.4077542,-0.18887458576096428
1710778147.4078672,-0.22004630830552843
1710778147.4079804,-0.2533194919427236
1710778147.4080937,-0.28554194503360325
1710778147.408207,-0.31846490171220565
1710778147.40832,-0.34963660769992405
1710778147.4084332,-0.3801078597704569
1710778147.4085464,-0.40987859169642127
1710778147.4086597,-0.4392990801069471
1710778147.4087727,-0.4673186275694105
1710778147.408886,-0.49673911597993636
1710778147.4089992,-0.5254591173595852
1710778147.4091125,-0.5538289083374871
1710778147.4092257,-0.582899186346266
1710778147.4093387,-0.6098679701487223
1710778147.409452,-0.6361362669203017
1710778147.4095652,-0.660653313000997
1710778147.4096785,-0.6848201486799452
1710778147.4097915,-0.7075860765245225
1710778147.4099047,-0.7314026355743408
1710778147.410018,-0.7541684971915351
1710778147.4101312,-0.7779851224687364
1710778147.4102442,-0.8032026555803087
1710778147.4103575,-0.8298212289810181
1710778147.4104707,-0.8553890387217203
1710778147.410584,-0.8820076121224297
1710778147.4106972,-0.906524658203125
1710778147.4108102,-0.9303412834803263
1710778147.4109235,-0.9538076321283976
1710778147.4110367,-0.9765734937455919
1710778147.41115,-0.9989890787336562
1710778147.411263,-1.0214047299491034
1710778147.4113762,-1.0434701045354207
1710778147.4114895,-1.066586242781745
1710778147.4116027,-1.0886516173680623
1710778147.4117157,-1.1103667153252494
1710778147.411829,-1.1306809054480658
1710778147.4119422,-1.149594121509128
1710778147.4120555,-1.1674564414554172
1710778147.4121685,-1.1842682626512315
1710778147.4122818,-1.1989784240722656
1710778147.412395,-1.2140389283498128
1710778147.4125082,-1.22909943262736
1710778147.4126215,-1.2441599369049072
1710778147.4127345,-1.2595706515842013
1710778147.4128478,-1.2749813662634955
1710778147.412961,-1.2889912393358018
1710778147.4130743,-1.302300426695082
1710778147.4131873,-1.314558982849121
1710778147.4133005,-1.3250663545396593
1710778147.4134138,-1.3341726197136772
1710778147.413527,-1.3415278328789604
1710778147.41364,-1.3499336772494845
1710778147.4137533,-1.3562379942999945
1710778147.4138665,-1.3642936282687717
1710778147.4139798,-1.3709482881757948
1710778147.414093,-1.3783033688863118
1710778147.414206,-1.383907397588094
1710778147.4143193,-1.388460530175103
1710778147.4144325,-1.391962899102105
1710778147.4145458,-1.3926634523603652
1710778147.4146588,-1.3933638731638591
1710778147.414772,-1.3923132419586182
1710778147.4148853,-1.3912624782986112
1710778147.4149985,-1.3909122678968642
1710778147.4151115,-1.390211714638604
1710778147.4152248,-1.390211714638604
1710778147.415338,-1.3898615042368572
1710778147.4154513,-1.38881074057685
1710778147.4155645,-1.387059556113349
1710778147.4156775,-1.384257607989841
1710778147.4157908,-1.380054685804579
1710778147.415904,-1.3744507895575628
1710778147.4160173,-1.3681463400522869
1710778147.4161303,-1.3618420230017767
1710778147.4162436,-1.3558877838982475
1710778147.4163568,-1.3506340980529785
1710778147.41647,-1.3443297810024686
1710778147.416583,-1.3387258847554524
1710778147.4166963,-1.3320712248484294
1710778147.4168096,-1.3240155908796523
1710778147.4169228,-1.314208772447374
1710778147.4170358,-1.303351190355089
1710778147.417149,-1.2917931874593098
1710778147.4172623,-1.2788340780470107
1710778147.4173756,-1.2662253114912245
1710778147.4174888,-1.2532663345336914
1710778147.4176018,-1.2406575679779053
1710778147.417715,-1.2283990118238661
1710778147.4178283,-1.216140455669827
1710778147.4179416,-1.2024809254540336
1710778147.4180546,-1.1881208419799805
1710778147.4181678,-1.1727101273006864
1710778147.418281,-1.154847674899631
1710778147.4183943,-1.136635012096829
1710778147.4185073,-1.1180721388922796
1710778147.4186206,-1.0998594098620944
1710778147.4187338,-1.0816466808319092
1710778147.418847,-1.064134505059984
1710778147.4189603,-1.0469725396898057
1710778147.4190733,-1.0294603639178805
1710778147.4191866,-1.0115979115168254
1710778147.4192998,-0.991984208424886
1710778147.419413,-0.9709695974985758
1710778147.419526,-0.9496047099431355
1710778147.4196393,-0.9275393353568183
1710778147.4197526,-0.904072986708747
1710778147.4198658,-0.8820076121224297
1710778147.4199789,-0.8592417505052354
1710778147.420092,-0.8375265863206651
1710778147.4202054,-0.8144105143017238
1710778147.4203186,-0.7916446526845295
1710778147.4204316,-0.7678280274073283
1710778147.4205449,-0.742610428068373
1710778147.420658,-0.7159919208950466
1710778147.4207714,-0.6872718864017062
1710778147.4208846,-0.6585518519083658
1710778147.4209976,-0.6284309095806545
1710778147.4211109,-0.5993605984581841
1710778147.421224,-0.5702903535630968
1710778147.4213374,-0.542270839214325
1710778147.4214504,-0.5146015683809916
1710778147.4215636,-0.48763278457853526
1710778147.4216769,-0.4585625065697564
1710778147.4217901,-0.42914201815923053
1710778147.4219031,-0.40042198366589016
1710778147.4220164,-0.3699507647090488
1710778147.4221296,-0.34018003278308445
1710778147.4222429,-0.30970878071255153
1710778147.4223561,-0.2806385358174642
1710778147.4224691,-0.2519185178809696
1710778147.4225824,-0.22354874345991346
1710778147.4226956,-0.19657995965745714
1710778147.422809,-0.16926091578271654
1710778147.422922,-0.14019065433078343
1710778147.4230351,-0.11147064467271169
1710778147.4231484,-0.08099940915902455
1710778147.4232616,-0.050528177784548864
1710778147.4233747,-0.020056944340467453
1710778147.423488,0.010066013783216476
1710778147.4236012,0.03984258406692081
1710778147.4237144,0.06786759114927715
1710778147.4238276,0.09554228848881191
1710778147.4239407,0.12216604418224758
1710778147.424054,0.14843949013286167
1710778147.4241672,0.17576386531194052
1710778147.4242804,0.20273793074819776
1710778147.4243934,0.23041263222694397
1710778147.4245067,0.25913826293415493
1710778147.42462,0.28646263811323375
1710778147.4247332,0.31413733959198
1710778147.4248462,0.341111421585083
1710778147.4249594,0.3677351607216729
1710778147.4250727,0.39400862322913277
1710778147.425186,0.42063236236572266
1710778147.425299,0.4472561346160041
1710778147.4254122,0.47598176532321507
1710778147.4255254,0.5040067765447829
1710778147.4256387,0.5337833364804586
1710778147.425752,0.5632095866733127
1710778147.425865,0.5926358699798584
1710778147.4259782,0.6213614675733778
1710778147.4260914,0.6483355495664809
1710778147.4262047,0.6735580497317843
1710778147.4263177,0.6973793109258016
1710778147.426431,0.7204999526341757
1710778147.4265442,0.7432702514860365
1710778147.4266574,0.7649896542231241
1710778147.4267704,0.7881102959314982
1710778147.4268837,0.8101799752977159
1710778147.426997,0.8322496546639336
1710778147.4271102,0.8536187145445082
1710778147.4272234,0.8746374977959527
1710778147.4273365,0.8946053187052408
1710778147.4274497,0.9138725201288859
1710778147.427563,0.9327893786960177
1710778147.4276762,0.9517062372631496
1710778147.4277892,0.9713237815433078
1710778147.4279025,0.9919922219382392
1710778147.4280157,1.0123103194766574
1710778147.428129,1.0329787598715887
1710778147.428242,1.0550484392378066
1710778147.4283552,1.0746659835179646
1710778147.4284685,1.0932325654559665
1710778147.4285817,1.1114487383100722
1710778147.428695,1.1265122890472412
1710778147.428808,1.141225364473131
1710778147.4289212,1.1538366476694744
1710778147.4290345,1.1674988269805908
1710778147.4291477,1.180110110176934
1710778147.4292607,1.1930716037750244
1710778147.429374,1.2053325441148546
1710778147.4294872,1.2172431415981717
1710778147.4296005,1.2284531858232286
1710778147.4297135,1.2379116482204862
1710778147.4298267,1.2456185287899442
1710778147.42994,1.252624723646376
1710778147.4300532,1.2582298119862874
1710778147.4301662,1.2631340821584065
1710778147.4302795,1.2690895133548312
1710778147.4303927,1.2746944692399766
1710778147.430506,1.2799490822686088
1710778147.4306192,1.2852038277520073
1710778147.4307323,1.2901082303788927
1710778147.4308455,1.2932610511779785
1710778147.4309587,1.2974647680918376
1710778147.431072,1.2985156642066107
1710778147.431185,1.2981654538048637
1710778147.4312983,1.2981654538048637
1710778147.4314115,1.2974647680918376
1710778147.4315248,1.2964138719770644
1710778147.4316378,1.2964138719770644
1710778147.431751,1.2964138719770644
1710778147.4318643,1.2967642148335774
1710778147.4319775,1.2967642148335774
1710778147.4320908,1.2967642148335774
1710778147.4322038,1.2939616044362385
1710778147.432317,1.2908087836371527
1710778147.4324303,1.2859045134650335
1710778147.4325435,1.2799490822686088
1710778147.4326565,1.2732932302686903
1710778147.4327698,1.2659366925557454
1710778147.432883,1.260331604215834
1710778147.4329963,1.2536757522159152
1710778147.4331093,1.2477204534742568
1710778147.4332225,1.2400135729047987
1710778147.4333358,1.2319563494788275
1710778147.433449,1.2231985727945964
1710778147.4335623,1.2116381857130263
1710778147.4336753,1.2007784843444824
1710778147.4337885,1.187816990746392
1710778147.4339018,1.1766069465213351
1710778147.434015,1.1629447672102187
1710778147.434128,1.1524354086981878
1710778147.4342413,1.1405246787601047
1710778147.4343545,1.1293147669898138
1710778147.4344678,1.1163531409369574
1710778147.4345808,1.1023406849967108
1710778147.434694,1.0869269238577948
1710778147.4348073,1.0694113042619493
1710778147.4349205,1.0508447223239474
1710778147.4350336,1.0308769014146593
1710778147.4351468,1.0095078415340848
1710778147.43526,0.9884890582826402
1710778147.4353733,0.968521237373352
1710778147.4354866,0.9485534164640639
1710778147.4355996,0.9275346994400024
1710778147.4357128,0.9054650200737847
1710778147.435826,0.8840958939658271
1710778147.4359393,0.8616759379704793
1710778147.4360523,0.8371540572908189
1710778147.4361656,0.8133327960968018
1710778147.4362788,0.7884605725606282
1710778147.436392,0.764289034737481
1710778147.436505,0.741168393029107
1710778147.4366183,0.718047751320733
1710778147.4367316,0.6959780719545152
1710778147.4368448,0.6735580497317843
1710778147.436958,0.6500871313942803
1710778147.437071,0.6262658702002631
1710778147.4371843,0.6003427505493164
1710778147.4372976,0.5723177062140571
1710778147.4374108,0.5435920755068461
1710778147.4375238,0.5141658253139919
1710778147.437637,0.4843892653783162
1710778147.4377503,0.4549630151854621
1710778147.4378636,0.425887041621738
1710778147.4379766,0.39751172065734863
1710778147.4380898,0.3684357802073161
1710778147.438203,0.33900953001446194
1710778147.4383163,0.3092329700787862
1710778147.4384294,0.27840544780095416
1710778147.4385426,0.24757794207996792
1710778147.4386559,0.21640012661616007
1710778147.438769,0.18557262089517382
1710778147.4388824,0.15544573465983072
1710778147.4389954,0.12672010395261976
1710778147.4391086,0.09834478298823038
1710778147.4392219,0.07031978004508548
1710778147.439335,0.043345710469616786
1710778147.439448,0.015320702352457576
1710778147.4395614,-0.013402308233910136
1710778147.4396746,-0.04212232099639045
1710778147.4397879,-0.07294380002551608
1710778147.4399009,-0.10376527905464172
1710778147.4400141,-0.13318577574359045
1710778147.4401274,-0.16330677602026197
1710778147.4402406,-0.1920267773999108
1710778147.4403539,-0.22039655182096693
1710778147.440467,-0.24771559569570753
1710778147.4405801,-0.27678584059079486
1710778147.4406934,-0.30480537149641246
1710778147.4408066,-0.3342258599069383
1710778147.4409196,-0.36399662494659424
1710778147.441033,-0.3934171133571201
1710778147.4411461,-0.42388836542765296
1710778147.4412594,-0.45400934086905587
1710778147.4413724,-0.48342982927958167
1710778147.4414856,-0.5117996202574836
1710778147.441599,-0.5394688910908169
1710778147.4417121,-0.5667879184087118
1710778147.4418254,-0.5934064918094211
1710778147.4419384,-0.6207254860136244
1710778147.4420516,-0.6494455205069648
1710778147.442165,-0.6778152783711752
1710778147.4422781,-0.7065353128645155
1710778147.4423912,-0.7356055577596029
1710778147.4425044,-0.7643255922529433
1710778147.4426177,-0.7912943760553995
1710778147.442731,-0.8175626728269789
1710778147.442844,-0.8434807591968112
1710778147.4429572,-0.8679978052775065
1710778147.4430704,-0.8925149175855849
1710778147.4431837,-0.9177325169245402
1710778147.4432967,-0.9425998396343654
1710778147.44341,-0.9685178597768147
1710778147.4435232,-0.9937354591157701
1710778147.4436364,-1.0179022947947185
1710778147.4437497,-1.0417188538445366
1710778147.4438627,-1.063083741399977
1710778147.443976,-1.0833979315227933
1710778147.4440892,-1.1023110813564725
1710778147.4442024,-1.1198233233557806
1710778147.4443154,-1.137335565355089
1710778147.4444287,-1.1551980177561443
1710778147.444542,-1.1723599168989394
1710778147.4446552,-1.1902223692999945
1710778147.4447682,-1.2077346112993028
1710778147.4448814,-1.224546300040351
1710778147.4449947,-1.2392565939161513
1710778147.445108,-1.2543169657389324
1710778147.4452212,-1.2672760751512315
1710778147.4453342,-1.2795346313052707
1710778147.4454474,-1.2917931874593098
1710778147.4455607,-1.304401954015096
1710778147.445674,-1.315959956910875
1710778147.445787,-1.3275180922614203
1710778147.4459002,-1.3408272796207004
1710778147.4460135,-1.3530858357747395
1710778147.4461267,-1.3639434178670247
1710778147.4462397,-1.3744507895575628
1710778147.446353,-1.383206844329834
1710778147.4464662,-1.38881074057685
1710778147.4465795,-1.3937142160203722
1710778147.4466927,-1.398267348607381
1710778147.4468057,-1.401769717534383
1710778147.446919,-1.4052722189161513
1710778147.4470322,-1.4094751411014133
1710778147.4471455,-1.4133278528849285
1710778147.4472585,-1.4157795906066895
1710778147.4473717,-1.4185815387301974
1710778147.447485,-1.4196321699354384
1710778147.4475982,-1.4185815387301974
1710778147.4477112,-1.4164800114101834
1710778147.4478245,-1.4136780632866752
1710778147.4479377,-1.4098253515031602
1710778147.448051,-1.4066731929779053
1710778147.448164,-1.4038712448543973
1710778147.4482772,-1.400368743472629
1710778147.4483905,-1.398617559009128
1710778147.4485037,-1.3954654004838731
1710778147.448617,-1.391962899102105
1710778147.44873,-1.387059556113349
1710778147.4488432,-1.380404896206326
1710778147.4489565,-1.3726994726392958
1710778147.4490697,-1.3639434178670247
1710778147.4491827,-1.3548370202382405
1710778147.449296,-1.3457307550642226
1710778147.4494092,-1.3359239366319444
1710778147.4495225,-1.3271677494049072
1710778147.4496355,-1.318061484230889
1710778147.4497488,-1.307554112540351
1710778147.449862,-1.2966965304480658
1710778147.4499753,-1.2844379742940266
1710778147.4500885,-1.2707784440782335
1710778147.4502015,-1.2553677293989394
1710778147.4503148,-1.238906251059638
1710778147.450428,-1.221394141515096
1710778147.4505413,-1.2049326631757948
1710778147.4506543,-1.1888213952382405
1710778147.4507675,-1.1720097064971924
1710778147.4508808,-1.156248648961385
1710778147.450994,-1.13908674981859
1710778147.451107,-1.1212242974175346
1710778147.4512203,-1.1023110813564725
1710778147.4513335,-1.0830476548936632
1710778147.4514468,-1.0609822803073459
1710778147.45156,-1.0382164186901517
1710778147.451673,-1.0161510441038344
1710778147.4517863,-0.9926846954557631
1710778147.4518995,-0.9699188338385688
1710778147.4520128,-0.9475032488505045
1710778147.4521258,-0.9243871106041802
1710778147.452239,-0.9012710385852389
1710778147.4523523,-0.8757032288445367
1710778147.4524655,-0.8490846554438273
1710778147.4525785,-0.8203646209504869
1710778147.4526918,-0.7919948630862765
1710778147.452805,-0.7622241311603122
1710778147.4529183,-0.7321031226052178
1710778147.4530313,-0.7037333647410074
1710778147.4531446,-0.6764143043094211
1710778147.4532578,-0.6483948230743408
1710778147.453371,-0.6214259730445014
1710778147.4534843,-0.5948074658711752
1710778147.4535973,-0.5674884054395888
1710778147.4537106,-0.5387684040599399
1710778147.4538238,-0.510748889711168
1710778147.453937,-0.4820288552178277
1710778147.45405,-0.45120739274554783
1710778147.4541633,-0.42283763488133747
1710778147.4542766,-0.3937673568725586
1710778147.4543898,-0.36504735549290973
1710778147.4545028,-0.33597707748413086
1710778147.454616,-0.307957563135359
1710778147.4547293,-0.27818683120939464
1710778147.4548426,-0.24806583921114603
1710778147.4549558,-0.2158433695634206
1710778147.4550688,-0.18432142006026372
1710778147.455182,-0.15174870689709982
1710778147.4552953,-0.11882577505376604
1710778147.4554086,-0.08730380899376339
1710778147.4555216,-0.056482329964637756
1710778147.4556348,-0.027061827066871855
1710778147.455748,0.0013081985525786877
1710778147.4558613,0.02898289304640558
1710778147.4559743,0.05735821194118924
1710778147.4560876,0.08538322316275702
1710778147.4562008,0.11375853584872352
1710778147.456314,0.1438854303624895
1710778147.456427,0.17261106106970045
1710778147.4565403,0.2020373112625546
1710778147.4566536,0.23111325171258715
1710778147.4567668,0.25913826293415493
1710778147.45688,0.28646263811323375
1710778147.456993,0.3137870298491584
1710778147.4571064,0.34076111184226143
1710778147.4572196,0.3684357802073161
1710778147.4573328,0.39751172065734863
1710778147.4574459,0.42763862344953746
1710778147.457559,0.4577654931280348
1710778147.4576724,0.48789239592022365
1710778147.4577856,0.5173186461130778
1710778147.4578986,0.5456939670774672
1710778147.4580119,0.5737189451853434
1710778147.458125,0.6006930271784464
1710778147.4582384,0.6262658702002631
1710778147.4583516,0.6521889898512099
1710778147.4584646,0.6781121095021566
1710778147.4585779,0.7047358486387465
1710778147.4586911,0.7317099306318495
1710778147.4588044,0.7593846321105957
1710778147.4589174,0.7860083712471856
1710778147.4590306,0.8122818337546455
1710778147.4591439,0.8385552962621052
1710778147.4592571,0.8623765574561225
1710778147.4593701,0.8851468563079834
1710778147.4594834,0.9072165356742011
1710778147.4595966,0.9285855955547756
1710778147.45971,0.9496043788062202
1710778147.4598231,0.9713237815433078
1710778147.4599361,0.9926928414238824
1710778147.4600494,1.0137115584479437
1710778147.4601626,1.0340297222137451
1710778147.460276,1.0529465807808769
1710778147.460389,1.0704622003767226
1710778147.4605021,1.0872772004869249
1710778147.4606154,1.1016400655110676
1710778147.4607286,1.1163531409369574
1710778147.4608417,1.1307160059611003
1710778147.460955,1.1440278424157035
1710778147.4610682,1.1587410502963595
1710778147.4611814,1.1734541257222493
1710778147.4612944,1.187466647889879
1710778147.4614077,1.2014791700575087
1710778147.461521,1.2133897675408256
1710778147.4616342,1.2245998117658827
1710778147.4617474,1.234058141708374
1710778147.4618604,1.242115365134345
1710778147.4619737,1.2484210067325168
1710778147.462087,1.2554272015889485
1710778147.4622002,1.2613826327853732
1710778147.4623132,1.2673379315270317
1710778147.4624264,1.2750448120964897
1710778147.4625397,1.280299425125122
1710778147.462653,1.2869554095798068
1710778147.462766,1.2918598122066922
1710778147.4628792,1.2960635291205511
1710778147.4629924,1.298866007063124
1710778147.4631057,1.3006175888909233
1710778147.463219,1.3023691707187228
1710778147.463332,1.3044709629482694
1710778147.4634452,1.306923230489095
1710778147.4635584,1.3093753655751545
1710778147.4636717,1.3121778435177274
1710778147.4637847,1.314630111058553
1710778147.463898,1.3163816928863525
1710778147.4640112,1.3170822461446126
1710778147.4641244,1.3160313500298393
1710778147.4642375,1.3128785292307537
1710778147.4643507,1.3072735733456082
1710778147.464464,1.3006175888909233
1710778147.4645772,1.2932610511779785
1710778147.4646904,1.2862547238667805
1710778147.4648035,1.2788981861538358
1710778147.4649167,1.271891991297404
1710778147.46503,1.2638347678714328
1710778147.4651432,1.2557775444454617
1710778147.4652562,1.2473701106177435
1710778147.4653695,1.2372109625074599
1710778147.4654827,1.226351261138916
1710778147.465596,1.2158419026268852
1710778147.465709,1.2039313051435683
1710778147.4658222,1.1934219466315374
1710778147.4659355,1.1829125881195068
1710778147.4660487,1.172753440009223
1710778147.4661617,1.1632951100667317
1710778147.466275,1.1538366476694744
1710778147.4663882,1.1429769463009305
1710778147.4665015,1.1314165592193604
1710778147.4666147,1.1170538266499836
1710778147.4667277,1.1019903421401978
1710778147.466841,1.0858759615156386
1710778147.4669542,1.0666087600919936
1710778147.4670675,1.048742863867018
1710778147.4671805,1.0305265585581462
1710778147.4672937,1.0119600428475273
1710778147.467407,0.9930431180530124
1710778147.4675202,0.9744766023423936
1710778147.4676332,0.9552094009187486
1710778147.4677465,0.9345409605238173
1710778147.4678597,0.9114203188154433
1710778147.467973,0.8882996771070693
1710778147.4680862,0.864478415913052
1710778147.4681993,0.8403068780899048
1710778147.4683125,0.8161352740393745
1710778147.4684258,0.7923140128453572
1710778147.468539,0.7691933711369832
1710778147.468652,0.7464230722851223
1710778147.4687653,0.7222515344619751
1710778147.4688785,0.6991308927536011
1710778147.4689918,0.6739083925882975
1710778147.4691048,0.6483355495664809
1710778147.469218,0.621711810429891
1710778147.4693313,0.5933364894655015
1710778147.4694445,0.5663624074723985
1710778147.4695578,0.5386877059936523
1710778147.4696708,0.512414276599884
1710778147.469784,0.48719174332088894
1710778147.4698973,0.4609183139271206
1710778147.4700105,0.43534550401899547
1710778147.4701235,0.40907204151153564
1710778147.4702368,0.38174768288930255
1710778147.47035,0.3547736008961995
1710778147.4704633,0.325697660446167
1710778147.4705763,0.2973223394817776
1710778147.4706895,0.2689470185173882
1710778147.4708028,0.24092200729582045
1710778147.470916,0.21429825160238478
1710778147.471029,0.1876744959089491
1710778147.4711423,0.161401049958335
1710778147.4712555,0.13582823177178702
1710778147.4713688,0.10850384831428528
1710778147.471482,0.08117946485678355
1710778147.471595,0.05245383828878403
1710778147.4717083,0.02267726593547397
1710778147.4718215,-0.006747670575148529
1710778147.4719348,-0.035817929440074496
1710778147.4720478,-0.06488818675279617
1710778147.472161,-0.09325795703464083
1710778147.4722743,-0.12092723614639705
1710778147.4723876,-0.1485965152581533
1710778147.4725006,-0.17661604616377088
1710778147.4726138,-0.20533604754341972
1710778147.472727,-0.23475655251079136
1710778147.4728403,-0.2652277880244785
1710778147.4729536,-0.2956990400950114
1710778147.4730666,-0.32652050256729126
1710778147.4731798,-0.3573419650395711
1710778147.473293,-0.3853615125020345
1710778147.4734063,-0.41338102685080635
1710778147.4735193,-0.44140054119957817
1710778147.4736326,-0.466968384053972
1710778147.4737458,-0.4942874113718668
1710778147.473859,-0.5216064386897616
1710778147.473972,-0.5485752556059096
1710778147.4740853,-0.5772952238718668
1710778147.4741986,-0.6049645609325832
1710778147.4743118,-0.6340348058276706
1710778147.4744248,-0.66030310259925
1710778147.474538,-0.6869216759999593
1710778147.4746513,-0.7114387220806545
1710778147.4747646,-0.7363060447904799
1710778147.4748778,-0.7590719064076741
1710778147.4749908,-0.7832387420866225
1710778147.475104,-0.8074055777655708
1710778147.4752173,-0.832973387506273
1710778147.4753306,-0.8574904998143513
1710778147.4754436,-0.8830583095550537
1710778147.4755569,-0.908626119295756
1710778147.47567,-0.9320924679438273
1710778147.4757833,-0.9548583295610216
1710778147.4758964,-0.9769237041473389
1710778147.4760096,-0.9972378942701552
1710778147.4761229,-1.0179022947947185
1710778147.476236,-1.0375159316592746
1710778147.4763494,-1.0574798451529608
1710778147.4764624,-1.078144245677524
1710778147.4765756,-1.0977579487694633
1710778147.4766889,-1.1180721388922796
1710778147.476802,-1.136635012096829
1710778147.4769151,-1.154147254096137
1710778147.4770284,-1.1695579687754314
1710778147.4771416,-1.1835677093929715
1710778147.4772549,-1.1961764759487576
1710778147.4773679,-1.2084350321027968
1710778147.4774811,-1.220693588256836
1710778147.4775944,-1.233302354812622
1710778147.4777076,-1.2455609109666612
1710778147.4778209,-1.2585200203789604
1710778147.477934,-1.2707784440782335
1710778147.4780471,-1.2830370002322726
1710778147.4781604,-1.2938945823245578
1710778147.4782736,-1.303000979953342
1710778147.4783866,-1.3117570347256131
1710778147.4785,-1.3191122478908963
1710778147.4786131,-1.3264673286014133
1710778147.4787264,-1.3338224093119304
1710778147.4788394,-1.3415278328789604
1710778147.4789526,-1.3495834668477376
1710778147.479066,-1.3565883371565077
1710778147.4791791,-1.364643971125285
1710778147.4792922,-1.3698975245157878
1710778147.4794054,-1.3744507895575628
1710778147.4795187,-1.377252737681071
1710778147.479632,-1.3776029480828178
1710778147.4797451,-1.3783033688863118
1710778147.4798582,-1.3776029480828178
1710778147.4799714,-1.3776029480828178
1710778147.4800847,-1.3783033688863118
1710778147.480198,-1.378653711742825
1710778147.480311,-1.3797043429480658
1710778147.4804242,-1.380404896206326
1710778147.4805374,-1.380054685804579
1710778147.4806507,-1.379003922144572
1710778147.4807637,-1.3762019740210638
1710778147.480877,-1.3730498154958088
1710778147.4809902,-1.3684965504540336
1710778147.4811034,-1.3635932074652777
1710778147.4812167,-1.3590399424235027
1710778147.4813297,-1.3544868098364935
1710778147.481443,-1.3495834668477376
1710778147.4815562,-1.3439795706007216
1710778147.4816694,-1.3376751210954454
1710778147.4817824,-1.3296194871266682
1710778147.4818957,-1.3194624582926433
1710778147.482009,-1.307554112540351
1710778147.4821222,-1.2945951355828178
1710778147.4822352,-1.2795346313052707
1710778147.4823484,-1.2651745478312175
1710778147.4824617,-1.2508145968119304
1710778147.482575,-1.2364546457926433
1710778147.4826882,-1.223145325978597
1710778147.4828012,-1.2094857957628038
1710778147.4829144,-1.1961764759487576
1710778147.4830277,-1.1818165249294705
1710778147.483141,-1.1664058102501762
1710778147.483254,-1.149594121509128
1710778147.4833672,-1.1320818795098198
1710778147.4834805,-1.1138692167070177
1710778147.4835937,-1.0956564876768324
1710778147.4837067,-1.0770935482449002
1710778147.48382,-1.059231095843845
1710778147.4839332,-1.0406681564119127
1710778147.4840465,-1.0210544533199735
1710778147.4841595,-1.0003900527954102
1710778147.4842727,-0.9783246782090929
1710778147.484386,-0.9552086061901516
1710778147.4844992,-0.9306914938820733
1710778147.4846125,-0.9037227100796169
1710778147.4847255,-0.8778046899371676
1710778147.4848387,-0.8504856295055813
1710778147.484952,-0.824567543135749
1710778147.4850652,-0.7993500100241767
1710778147.4851782,-0.7741324106852213
1710778147.4852915,-0.749965575006273
1710778147.4854047,-0.7247479756673177
1710778147.485518,-0.6984796788957384
1710778147.485631,-0.6722113821241591
1710778147.4857442,-0.6441919008890787
1710778147.4858575,-0.6151215897666084
1710778147.4859707,-0.587452318933275
1710778147.486084,-0.5590825610690646
1710778147.486197,-0.5317635337511698
1710778147.4863102,-0.504794716835022
1710778147.4864235,-0.47817617654800415
1710778147.4865367,-0.45155763626098633
1710778147.4866498,-0.42458885245853
1710778147.486763,-0.39656930499606663
1710778147.4868762,-0.36784930361641777
1710778147.4869895,-0.3380785716904534
1710778147.4871025,-0.30900829368167454
1710778147.4872158,-0.2785370747248332
1710778147.487329,-0.24876632624202305
1710778147.4874423,-0.22004630830552843
1710778147.4875555,-0.1916765338844723
1710778147.4876685,-0.16365701953570047
1710778147.4877818,-0.13598773214552137
1710778147.487895,-0.10691747069358826
1710778147.4880083,-0.07714673048920101
1710778147.4881213,-0.04632525146007538
1710778147.4882345,-0.014453039815028507
1710778147.4883478,0.017772890213463042
1710778147.488461,0.050351959135797285
1710778147.488574,0.08223041064209408
1710778147.4886873,0.11340822610590193
1710778147.4888005,0.14283448457717896
1710778147.4889138,0.17296137081252203
1710778147.4890268,0.20238762100537616
1710778147.48914,0.23251450724071926
1710778147.4892533,0.2640426324473487
1710778147.4893665,0.2945198284255134
1710778147.4894798,0.32639827993181014
1710778147.4895928,0.3575761119524638
1710778147.489706,0.38840360111660427
1710778147.4898193,0.4188808136516147
1710778147.4899325,0.4476064443588257
1710778147.4900455,0.47633207506603664
1710778147.4901588,0.5050577057732476
1710778147.490272,0.5330827169948154
1710778147.4903853,0.5628593100441827
1710778147.4904983,0.5919352504942152
1710778147.4906116,0.6231130494011773
1710778147.4907248,0.6535902288224962
1710778147.490838,0.6826661692725288
1710778147.4909513,0.7124427292082045
1710778147.4910643,0.7404677735434638
1710778147.4911776,0.7663908931944106
1710778147.4912908,0.7909127738740709
1710778147.491404,0.8143836922115749
1710778147.491517,0.8375043339199489
1710778147.4916303,0.8599243561426798
1710778147.4917436,0.8819940355088975
1710778147.4918568,0.9051146772172716
1710778147.4919698,0.926133460468716
1710778147.492083,0.9478527969784206
1710778147.4921963,0.968521237373352
1710778147.4923096,0.9877884387969971
1710778147.4924226,1.0060046778784857
1710778147.4925358,1.0235203637017143
1710778147.492649,1.0413862599266899
1710778147.4927623,1.0596024990081787
1710778147.4928756,1.0774684614605374
1710778147.4929886,1.0960350433985393
1710778147.4931018,1.1156525876786973
1710778147.493215,1.1342191696166992
1710778147.4933283,1.153486304812961
1710778147.4934413,1.1703013049231634
1710778147.4935546,1.1860654089185927
1710778147.4936678,1.1993772453731961
1710778147.493781,1.2116381857130263
1710778147.493894,1.2228482299380832
1710778147.4940073,1.233357588450114
1710778147.4941206,1.2438669469621446
1710778147.4942338,1.2540259626176622
1710778147.494347,1.2631340821584065
1710778147.49446,1.272942887412177
1710778147.4945734,1.2824013498094347
1710778147.4946866,1.2887069914076064
1710778147.4947999,1.2960635291205511
1710778147.4949129,1.2999169031778972
1710778147.495026,1.3044709629482694
1710778147.4951394,1.3079741266038682
1710778147.4952526,1.3128785292307537
1710778147.4953656,1.3170822461446126
1710778147.4954789,1.321986648771498
1710778147.495592,1.3275916046566434
1710778147.4957054,1.3328463501400418
1710778147.4958186,1.3366997241973877
1710778147.4959316,1.3402028878529866
1710778147.4960449,1.3423048125372992
1710778147.4961581,1.3423048125372992
1710778147.4962714,1.3409035735660129
1710778147.4963844,1.3402028878529866
1710778147.4964976,1.3388016488817003
1710778147.4966109,1.337400409910414
1710778147.4967241,1.3359991709391277
1710778147.4968371,1.3345979319678412
1710778147.4969504,1.3321456644270155
1710778147.4970636,1.3293431864844427
1710778147.497177,1.3247891267140706
1710778147.49729,1.3184834851158989
1710778147.4974031,1.3100760512881808
1710778147.4975164,1.3013182746039496
1710778147.4976296,1.2908087836371527
1710778147.497743,1.2810001108381484
1710778147.497856,1.2715416484408908
1710778147.4979692,1.2610322899288602
1710778147.4980824,1.2519241703881157
1710778147.4981956,1.241765022277832
1710778147.4983087,1.2305551105075412
1710778147.498422,1.217943827311198
1710778147.4985352,1.203580962287055
1710778147.4986484,1.188167201148139
1710778147.4987614,1.1713522010379367
1710778147.4988747,1.1545372009277344
1710778147.498988,1.1370216475592718
1710778147.4991012,1.1202066474490695
1710778147.4992144,1.102690961625841
1710778147.4993274,1.0858759615156386
1710778147.4994407,1.0676597224341497
1710778147.499554,1.0483925210105047
1710778147.4996672,1.0284247001012166
1710778147.4997802,1.0060046778784857
1710778147.4998934,0.9825337595409817
1710778147.5000067,0.9587124983469645
1710778147.50012,0.9341906176673042
1710778147.500233,0.9103693564732869
1710778147.5003462,0.8872487147649128
1710778147.5004594,0.864478415913052
1710778147.5005727,0.8424087365468342
1710778147.500686,0.8199887143241035
1710778147.500799,0.7972184154722426
1710778147.5009122,0.7730468114217122
1710778147.5010254,0.7481746541129218
1710778147.5011387,0.7229521539476182
1710778147.5012517,0.6966786914401584
1710778147.501365,0.6707555717892116
1710778147.5014782,0.6458833482530382
1710778147.5015914,0.6210111909442477
1710778147.5017045,0.5954383479224311
1710778147.5018177,0.5712668100992838
1710778147.501931,0.5449933475918239
1710778147.5020442,0.5187198850843642
1710778147.5021572,0.49104518360561794
1710778147.5022705,0.4616189334127638
1710778147.5023837,0.4318423734770881
1710778147.502497,0.40136516094207764
1710778147.5026102,0.37088798152075875
1710778147.5027232,0.341111421585083
1710778147.5028365,0.31168513827853733
1710778147.5029497,0.2829595075713264
1710778147.503063,0.2538835671212938
1710778147.503176,0.22515793641408283
1710778147.5032892,0.19678261544969347
1710778147.5034025,0.16665574577119616
1710778147.5035157,0.1361785415146086
1710778147.5036287,0.10500072605080074
1710778147.503742,0.07417322032981448
1710778147.5038552,0.04544758548339208
1710778147.5039685,0.016021327012115054
1710778147.5040817,-0.012351575617988903
1710778147.5041947,-0.03932036873367097
1710778147.504308,-0.06698965198463863
1710778147.5044212,-0.09395844406551784
1710778147.5045345,-0.12302869723902808
1710778147.5046475,-0.1527994540002611
1710778147.5047607,-0.18292042944166395
1710778147.504874,-0.21339166495535108
1710778147.5049872,-0.2445633874999152
1710778147.5051003,-0.27573511004447937
1710778147.5052135,-0.3055058585272895
1710778147.5053267,-0.33492634693781537
1710778147.50544,-0.36364638143115574
1710778147.5055532,-0.39236638281080455
1710778147.5056663,-0.42213714785046047
1710778147.5057795,-0.45120739274554783
1710778147.5058928,-0.4816786117023892
1710778147.506006,-0.5117996202574836
1710778147.506119,-0.542270839214325
1710778147.5062323,-0.5730923016866049
1710778147.5063455,-0.6011118491490682
1710778147.5064588,-0.6291313966115316
1710778147.5065718,-0.6543489297231039
1710778147.506685,-0.6802670160929362
1710778147.5067983,-0.7058348258336385
1710778147.5069115,-0.7303519381417168
1710778147.5070245,-0.7552192608515421
1710778147.5071378,-0.7807870705922444
1710778147.507251,-0.8070553673638238
1710778147.5073643,-0.832973387506273
1710778147.5074775,-0.8578407764434814
1710778147.5075905,-0.8816573354932997
1710778147.5077038,-0.904773473739624
1710778147.507817,-0.9257880846659342
1710778147.5079303,-0.9475032488505045
1710778147.5080433,-0.9667666753133137
1710778147.5081565,-0.987781286239624
1710778147.5082698,-1.0077451997333102
1710778147.508383,-1.0287598768870037
1710778147.508496,-1.0490740007824368
1710778147.5086093,-1.068687703874376
1710778147.5087225,-1.0872506433063083
1710778147.5088358,-1.1040623320473564
1710778147.508949,-1.1194731129540336
1710778147.509062,-1.133482853571574
1710778147.5091753,-1.1467920409308539
1710778147.5092885,-1.1597511503431532
1710778147.5094018,-1.1734106805589464
1710778147.5095148,-1.1863696575164795
1710778147.509628,-1.2007297409905326
1710778147.5097413,-1.2150896920098198
1710778147.5098546,-1.230150196287367
1710778147.5099676,-1.2445101473066542
1710778147.5100808,-1.2564184930589464
1710778147.510194,-1.2679764959547255
1710778147.5103073,-1.2788340780470107
1710778147.5104203,-1.2889912393358018
1710778147.5105336,-1.29879805776808
1710778147.5106468,-1.3086048762003581
1710778147.51076,-1.318411694632636
1710778147.5108733,-1.3285687234666612
1710778147.5109863,-1.3380253314971924
1710778147.5110996,-1.3467815187242296
1710778147.5112128,-1.3541365994347465
1710778147.511326,-1.3590399424235027
1710778147.511439,-1.3632429970635307
1710778147.5115523,-1.3656946023305256
1710778147.5116656,-1.3667453659905326
1710778147.5117788,-1.3681463400522869
1710778147.5118918,-1.3691971037122939
1710778147.512005,-1.3712984985775418
1710778147.5121183,-1.3730498154958088
1710778147.5122316,-1.3748009999593098
1710778147.5123448,-1.3765521844228108
1710778147.5124578,-1.3765521844228108
1710778147.512571,-1.3758517636193168
1710778147.5126843,-1.3734000258975558
1710778147.5127976,-1.3702478673723009
1710778147.5129106,-1.3667453659905326
1710778147.5130239,-1.3618420230017767
1710778147.513137,-1.3590399424235027
1710778147.5132504,-1.3544868098364935
1710778147.5133634,-1.3506340980529785
1710778147.5134766,-1.3471317291259766
1710778147.5135899,-1.3415278328789604
1710778147.513703,-1.3348731729719374
1710778147.5138164,-1.3264673286014133
1710778147.5139294,-1.316660510169135
1710778147.5140426,-1.30580292807685
1710778147.5141559,-1.2942447927263048
1710778147.514269,-1.2833873430887859
1710778147.5143821,-1.2704282336764865
1710778147.5144954,-1.2588702307807074
1710778147.5146086,-1.2476624382866752
1710778147.5147219,-1.23610430293613
1710778147.514835,-1.223495536380344
1710778147.5149481,-1.2084350321027968
1710778147.5150614,-1.1937248706817627
1710778147.5151746,-1.1755120754241943
1710778147.5152876,-1.1583501762813992
1710778147.515401,-1.13908674981859
1710778147.5155141,-1.1205237441592746
1710778147.5156274,-1.1016105943255954
1710778147.5157406,-1.0844486289554172
1710778147.5158536,-1.065535479121738
1710778147.515967,-1.0480233033498128
1710778147.5160801,-1.0287598768870037
1710778147.5161934,-1.0094964504241943
1710778147.5163064,-0.989182260301378
1710778147.5164196,-0.9664163986841837
1710778147.516533,-0.9440008136961195
1710778147.5166461,-0.9215851624806721
1710778147.5167592,-0.8981188138326008
1710778147.5168724,-0.8771042029062907
1710778147.5169857,-0.8546885516908433
1710778147.517099,-0.8336739407645332
1710778147.5172122,-0.8116084999508327
1710778147.5173252,-0.7888426383336384
1710778147.5174384,-0.7639753156238132
1710778147.5175517,-0.7387577825122409
1710778147.517665,-0.7121392091115316
1710778147.517778,-0.6851704253090752
1710778147.5178912,-0.6575011544757419
1710778147.5180044,-0.6308825810750326
1710778147.5181177,-0.6049645609325832
1710778147.5182307,-0.5797469615936279
1710778147.518344,-0.5548796388838027
1710778147.5184572,-0.5296620726585388
1710778147.5185704,-0.504794716835022
1710778147.5186837,-0.47817617654800415
1710778147.5187967,-0.4519078797764248
1710778147.51891,-0.42388836542765296
1710778147.5190232,-0.3972697920269436
1710778147.5191364,-0.3692502776781718
1710778147.5192494,-0.34228149387571544
1710778147.5193627,-0.3149624334441291
1710778147.519476,-0.2886941366725498
1710778147.5195892,-0.26172535287009346
1710778147.5197022,-0.23300533493359882
1710778147.5198154,-0.20428531699710423
1710778147.5199287,-0.17381409804026285
1710778147.520042,-0.14229213198026022
1710778147.520155,-0.10936918358008066
1710778147.5202682,-0.07714673048920101
1710778147.5203815,-0.04492427325910992
1710778147.5204947,-0.01375255174934864
1710778147.520608,0.016371639859345224
1710778147.520721,0.04439664797650443
1710778147.5208342,0.07277196480168237
1710778147.5209475,0.0997460385163625
1710778147.5210607,0.12812135948075187
1710778147.5211737,0.15544573465983072
1710778147.521287,0.1838210556242201
1710778147.5214002,0.2114957571029663
1710778147.5215135,0.24022138781017727
1710778147.5216265,0.2682463990317451
1710778147.5217397,0.29522044791115654
1710778147.521853,0.3211436006757948
1710778147.5219662,0.3477673398123847
1710778147.5220795,0.3750917315483093
1710778147.5221925,0.40206581354141235
1710778147.5223057,0.43149206373426646
1710778147.522419,0.4609183139271206
1710778147.5225322,0.49209614594777423
1710778147.5226452,0.5232739448547363
1710778147.5227585,0.5537511573897468
1710778147.5228717,0.5838780270682441
1710778147.522985,0.6126036908891466
1710778147.523098,0.6402783923678927
1710778147.5232112,0.6655008925331963
1710778147.5233245,0.6914240121841431
1710778147.5234377,0.7159458928638034
1710778147.523551,0.7408180501725938
1710778147.523664,0.7653399308522542
1710778147.5237772,0.7891611920462714
1710778147.5238905,0.8143836922115749
1710778147.5240037,0.8368037144343058
1710778147.5241168,0.8595740132861667
1710778147.52423,0.879892177051968
1710778147.5243433,0.8988090356190999
1710778147.5244565,0.918426579899258
1710778147.5245695,0.9366428189807467
1710778147.5246828,0.9548590580622355
1710778147.524796,0.9737759166293674
1710778147.5249093,0.9933934609095255
1710778147.5250223,1.0126606623331706
1710778147.5251355,1.0319278637568157
1710778147.5252488,1.0501441028383043
1710778147.525362,1.0673093795776367
1710778147.5254753,1.084124379687839
1710778147.5255883,1.0981369018554688
1710778147.5257015,1.1128499772813585
1710778147.5258148,1.126161946190728
1710778147.525928,1.1401744683583577
1710778147.526041,1.1545372009277344
1710778147.5261543,1.1696006192101371
1710778147.5262675,1.1836131413777669
1710778147.5263808,1.1979760064019096
1710778147.5264938,1.211287842856513
1710778147.526607,1.2242494689093695
1710778147.5267203,1.234058141708374
1710778147.5268335,1.2442172898186576
1710778147.5269468,1.2533254093594022
1710778147.5270598,1.2613826327853732
1710778147.527173,1.2697900666130912
1710778147.5272863,1.2785478432973225
1710778147.5273995,1.2869554095798068
1710778147.5275126,1.295713186264038
1710778147.5276258,1.303420066833496
1710778147.527739,1.310426394144694
1710778147.5278523,1.3156810071733263
1710778147.5279653,1.3198847240871854
1710778147.5280786,1.322336991628011
1710778147.5281918,1.3240885734558105
1710778147.528305,1.3254898124270968
1710778147.528418,1.3272413942548964
1710778147.5285313,1.3282922903696697
1710778147.5286446,1.330043872197469
1710778147.5287578,1.3310947683122423
1710778147.528871,1.3314451111687553
1710778147.528984,1.3314451111687553
1710778147.5290973,1.3293431864844427
1710778147.5292106,1.3254898124270968
1710778147.5293238,1.3202350669436984
1710778147.5294368,1.31427976820204
1710778147.52955,1.3076237837473552
1710778147.5296633,1.3016684850056965
1710778147.5297766,1.295012633005778
1710778147.5298896,1.2887069914076064
1710778147.5300028,1.2820510069529216
1710778147.530116,1.2750448120964897
1710778147.5302293,1.2666372458140056
1710778147.5303426,1.256828573015001
1710778147.5304556,1.2459688716464572
1710778147.5305688,1.2330072455936008
1710778147.530682,1.2193450662824843
1710778147.5307953,1.2067337830861409
1710778147.5309083,1.1927212609185112
1710778147.5310216,1.180110110176934
1710778147.5311348,1.1667981412675645
1710778147.531248,1.1538366476694744
1710778147.531361,1.1401744683583577
1710778147.5314744,1.125461260477702
1710778147.5315876,1.1086462603674994
1710778147.5317008,1.0904300212860107
1710778147.531814,1.0718634393480089
1710778147.531927,1.0515453418095906
1710778147.5320404,1.0305265585581462
1710778147.5321536,1.010909080505371
1710778147.5322669,0.9905909167395698
1710778147.5323799,0.9709734386867946
1710778147.532493,0.9506553411483765
1710778147.5326064,0.9306875202390883
1710778147.5327196,0.9082674980163574
1710778147.5328326,0.8851468563079834
1710778147.5329459,0.8623765574561225
1710778147.5330591,0.8378546767764621
1710778147.5331724,0.8129824532402886
1710778147.5332854,0.7888109154171413
1710778147.5333986,0.764289034737481
1710778147.5335119,0.741168393029107
1710778147.5336251,0.7183980941772461
1710778147.5337384,0.6959780719545152
1710778147.5338514,0.6728574302461412
1710778147.5339646,0.649036169052124
1710778147.534078,0.6241640117433336
1710778147.5341911,0.5978905492358737
1710778147.5343041,0.5709164672427707
1710778147.5344174,0.5435920755068461
1710778147.5345306,0.5159174071417915
1710778147.534644,0.48824270566304523
1710778147.534757,0.4630202054977417
1710778147.5348701,0.4356958137618171
1710778147.5349834,0.40872173176871407
1710778147.5350966,0.381397373146481
1710778147.53521,0.3530220521820916
1710778147.535323,0.3235957688755459
1710778147.5354362,0.29276827971140545
1710778147.5355494,0.2619407574335734
1710778147.5356627,0.23076294196976554
1710778147.5357757,0.20028574599160087
1710778147.535889,0.16910793052779302
1710778147.5360022,0.14143322904904684
1710778147.5361154,0.11130635109212664
1710778147.5362284,0.08258072038491567
1710778147.5363417,0.052804148031605616
1710778147.536455,0.02372820344236162
1710778147.5365682,-0.009199378805028068
1710778147.5366814,-0.04142183396551344
1710778147.5367944,-0.0743447740872701
1710778147.5369077,-0.10726771420902675
1710778147.537021,-0.14054089784622192
1710778147.5371342,-0.17276335093710157
1710778147.5372472,-0.20428531699710423
1710778147.5373604,-0.23615752657254535
1710778147.5374737,-0.2673292491171095
1710778147.537587,-0.29955171876483494
1710778147.5377,-0.33212439881430733
1710778147.5378132,-0.36539759900834823
1710778147.5379264,-0.3983205225732591
1710778147.5380397,-0.430192748705546
1710778147.5381527,-0.4613644546932644
1710778147.538266,-0.49148546324835884
1710778147.5383792,-0.5195049775971307
1710778147.5384924,-0.5468240049150255
1710778147.5386057,-0.5730923016866049
1710778147.5387187,-0.5986601114273071
1710778147.538832,-0.6245781977971395
1710778147.5389452,-0.6511967711978488
1710778147.5390584,-0.6781655550003052
1710778147.5391715,-0.7058348258336385
1710778147.5392847,-0.7331538862652248
1710778147.539398,-0.7601226700676812
1710778147.5395112,-0.7867411772410074
1710778147.5396242,-0.8116084999508327
1710778147.5397375,-0.8368260992897881
1710778147.5398507,-0.8616934219996134
1710778147.539964,-0.8858602576785617
1710778147.5400772,-0.9110778570175171
1710778147.5401902,-0.9366456667582194
1710778147.5403035,-0.9615129894680446
1710778147.5404167,-0.987080799208747
1710778147.54053,-1.0105471478568182
1710778147.540643,-1.0336632861031425
1710778147.5407562,-1.0546778970294528
1710778147.5408695,-1.074291600121392
1710778147.5409827,-1.0928545395533245
1710778147.5410957,-1.1096662282943726
1710778147.541209,-1.1261276404062908
1710778147.5413222,-1.1425891187455919
1710778147.5414355,-1.1601013607449002
1710778147.5415487,-1.1776136027442083
1710778147.5416617,-1.1951258447435167
1710778147.541775,-1.2112369802263048
1710778147.5418882,-1.2276984585656059
1710778147.5420015,-1.2424087524414062
1710778147.5421145,-1.2560682826571994
1710778147.5422277,-1.2686770492129855
1710778147.542341,-1.2805853949652777
1710778147.5424542,-1.2924936082628038
1710778147.5425673,-1.30510237481859
1710778147.5426805,-1.317711141374376
1710778147.5427938,-1.3303200403849285
1710778147.542907,-1.3422282536824544
1710778147.54302,-1.3544868098364935
1710778147.5431333,-1.3649941815270317
1710778147.5432465,-1.3737502362993028
1710778147.5433598,-1.3811053170098198
1710778147.543473,-1.387759976916843
1710778147.543586,-1.3930136627621121
1710778147.5436993,-1.398967769410875
1710778147.5438125,-1.4038712448543973
1710778147.5439258,-1.4091249306996663
1710778147.5440388,-1.4157795906066895
1710778147.544152,-1.4203327231936984
1710778147.5442653,-1.4241854349772136
1710778147.5443785,-1.4266371726989746
1710778147.5444915,-1.4273375935024686
1710778147.5446048,-1.4255864090389676
1710778147.544718,-1.4241854349772136
1710778147.5448313,-1.4203327231936984
1710778147.5449445,-1.4168302218119304
1710778147.5450575,-1.4136780632866752
1710778147.5451708,-1.4105259047614203
1710778147.545284,-1.4070234033796523
1710778147.5453973,-1.4031708240509033
1710778147.5455103,-1.398267348607381
1710778147.5456235,-1.3923132419586182
1710778147.5457368,-1.384958028793335
1710778147.54585,-1.3765521844228108
1710778147.545963,-1.3667453659905326
1710778147.5460763,-1.3569385475582547
1710778147.5461895,-1.3471317291259766
1710778147.5463028,-1.3366243574354384
1710778147.5464158,-1.3268175390031602
1710778147.546529,-1.317711141374376
1710778147.5466423,-1.306503348880344
1710778147.5467556,-1.2945951355828178
1710778147.5468688,-1.2809356053670247
1710778147.5469818,-1.2655248906877306
1710778147.547095,-1.2483628590901692
1710778147.5472083,-1.230150196287367
1710778147.5473216,-1.2122877438863118
1710778147.5474346,-1.1937248706817627
1710778147.5475478,-1.1762126286824544
1710778147.547661,-1.159050597084893
1710778147.5477743,-1.141188144683838
1710778147.5478873,-1.1247266663445366
1710778147.5480006,-1.1068642801708646
1710778147.5481138,-1.0876008537080553
1710778147.548227,-1.068337427245246
1710778147.5483403,-1.0480233033498128
1710778147.5484533,-1.0270086261961195
1710778147.5485666,-1.0049432516098022
1710778147.5486798,-0.983928640683492
1710778147.548793,-0.9625637531280518
1710778147.548906,-0.9429500500361124
1710778147.5490193,-0.9215851624806721
1710778147.5491326,-0.9002202749252319
1710778147.5492458,-0.8771042029062907
1710778147.5493588,-0.8529373009999592
1710778147.549472,-0.82701928085751
1710778147.5495853,-0.8000504970550537
1710778147.5496986,-0.7723812262217203
1710778147.5498118,-0.744361678759257
1710778147.5499249,-0.7184435923894247
1710778147.550038,-0.6921752956178453
1710778147.5501513,-0.66730797290802
1710778147.5502646,-0.6424406501981947
1710778147.5503776,-0.6172230508592393
1710778147.5504909,-0.5920055177476671
1710778147.550604,-0.5660874313778347
1710778147.5507174,-0.5391186475753784
1710778147.5508304,-0.511449376742045
1710778147.5509436,-0.4837800727950202
1710778147.5510569,-0.45646104547712535
1710778147.55117,-0.4298425051901075
1710778147.5512831,-0.4028737213876512
1710778147.5513964,-0.37660539150238037
1710778147.5515096,-0.34928636418448555
1710778147.5516229,-0.32231758038202923
1710778147.551736,-0.2928970588578118
1710778147.5518491,-0.26312632693184745
1710778147.5519624,-0.23160436087184483
1710778147.5520756,-0.20043263832728067
1710778147.5521889,-0.16821018523640102
1710778147.552302,-0.13668821917639837
1710778147.5524151,-0.10586674014727274
1710778147.5525284,-0.07574574814902411
1710778147.5526416,-0.045975007944636874
1710778147.5527546,-0.015854016981191106
1710778147.552868,0.01321882630387942
1710778147.5529811,0.04474695771932602
1710778147.5530944,0.07662540508641137
1710778147.5532076,0.10885416633552975
1710778147.5533206,0.14143322904904684
1710778147.553434,0.17331168055534363
1710778147.5535471,0.2051901320616404
1710778147.5536604,0.23461638225449455
1710778147.5537734,0.26474326848983765
1710778147.5538867,0.2934688991970486
1710778147.554,0.3211436006757948
1710778147.5541131,0.35021954112582737
1710778147.5542262,0.3796457913186815
1710778147.5543394,0.40837142202589244
1710778147.5544527,0.4377976722187466
1710778147.554566,0.4672239555252923
1710778147.5546792,0.49559927648968166
1710778147.5547922,0.5236242545975579
1710778147.5549054,0.5498977171050178
1710778147.5550187,0.5740692880418565
1710778147.555132,0.5982408258650038
1710778147.555245,0.6231130494011773
1710778147.5553582,0.6472845872243246
1710778147.5554714,0.6714561912748549
1710778147.5555847,0.6963283485836452
1710778147.5556977,0.7212005721198188
1710778147.555811,0.745372109942966
1710778147.5559242,0.7691933711369832
1710778147.5560374,0.791613393359714
1710778147.5561504,0.8140334155824449
1710778147.5562637,0.8336508936352199
1710778147.556377,0.852918095058865
1710778147.5564902,0.8714846769968668
1710778147.5566034,0.8918027745352851
1710778147.5567164,0.9107196993298
1710778147.5568297,0.9320887592103746
1710778147.556943,0.9524068567487929
1710778147.5570562,0.972374677658081
1710778147.5571692,0.9919922219382392
1710778147.5572824,1.010909080505371
1710778147.5573957,1.0291253195868597
1710778147.557509,1.0455900430679321
1710778147.557622,1.0620547003216214
1710778147.5577352,1.0788697004318237
1710778147.5578485,1.094984081056383
1710778147.5579617,1.1121494240230985
1710778147.558075,1.129665109846327
1710778147.558188,1.145779424243503
1710778147.5583012,1.1615435282389324
1710778147.5584145,1.1769572893778484
1710778147.5585277,1.1895684401194255
1710778147.5586407,1.2011288272009955
1710778147.558754,1.210587289598253
1710778147.5588672,1.218644380569458
1710778147.5589805,1.226351261138916
1710778147.5590935,1.234408484564887
1710778147.5592067,1.241765022277832
1710778147.55932,1.2501725885603163
1710778147.5594332,1.257178783416748
1710778147.5595465,1.264535453584459
1710778147.5596595,1.2708409627278645
1710778147.5597727,1.2764460510677762
1710778147.559886,1.2810001108381484
1710778147.5599992,1.2848534848954942
1710778147.5601122,1.2876559628380668
1710778147.5602255,1.291159126493666
1710778147.5603387,1.2953628434075248
1710778147.560452,1.298866007063124
1710778147.560565,1.3030697239769828
1710778147.5606782,1.3079741266038682
1710778147.5607915,1.3107766045464408
1710778147.5609047,1.3135792149437797
1710778147.5610178,1.3135792149437797
1710778147.561131,1.3107766045464408
1710778147.5612442,1.3086748123168945
1710778147.5613575,1.3037704096900091
1710778147.5614707,1.2985156642066107
1710778147.5615838,1.2932610511779785
1710778147.561697,1.2887069914076064
1710778147.5618103,1.2827516926659477
1710778147.5619235,1.2767963939242892
1710778147.5620365,1.2704907523261175
1710778147.5621498,1.2620831860436332
1710778147.562263,1.252975066502889
1710778147.5623763,1.242115365134345
1710778147.5624893,1.2302047676510282
1710778147.5626025,1.218294170167711
1710778147.5627158,1.2060332298278809
1710778147.562829,1.1944728427463107
1710778147.5629423,1.1836131413777669
1710778147.5630553,1.17170254389445
1710778147.5631685,1.160842842525906
1710778147.5632818,1.149632798300849
1710778147.563395,1.1366713047027588
1710778147.563508,1.122308439678616
1710778147.5636213,1.106894744767083
1710778147.5637345,1.0907803641425238
1710778147.5638478,1.0739653640323215
1710778147.5639608,1.0575006405512493
1710778147.564074,1.04103598329756
1710778147.5641873,1.0242209831873577
1710778147.5643005,1.0081066025627983
1710778147.5644135,0.9916418790817261
1710778147.5645268,0.9741262594858805
1710778147.56464,0.9552094009187486
1710778147.5647533,0.9355918566385905
1710778147.5648665,0.914573139614529
1710778147.5649796,0.8921531173917983
1710778147.5650928,0.8700834380255805
1710778147.565206,0.849064654774136
1710778147.5653193,0.8273452520370483
1710778147.5654323,0.8066768116421169
1710778147.5655456,0.7870593335893419
1710778147.5656588,0.7667412360509236
1710778147.565772,0.7460727294286092
1710778147.565885,0.7247036695480347
1710778147.5659983,0.7015830940670437
1710778147.5661116,0.6774114900165134
1710778147.5662248,0.6521889898512099
1710778147.566338,0.6269664896859063
1710778147.566451,0.6017439895206027
1710778147.5665643,0.5772221088409424
1710778147.5666776,0.5519995755619472
1710778147.5667908,0.5274776948822869
1710778147.5669038,0.5019048849741617
1710778147.567017,0.47563145558039344
1710778147.5671303,0.4472561346160041
1710778147.5672436,0.4188808136516147
1710778147.5673566,0.38945453034506905
1710778147.5674698,0.35932766066657174
1710778147.567583,0.32990141047371757
1710778147.5676963,0.30187639925214976
1710778147.5678096,0.27350107828776044
1710778147.5679226,0.24652701285150316
1710778147.5680358,0.21885231137275696
1710778147.568149,0.1918782459364997
1710778147.5682623,0.16525449024306402
1710778147.5683753,0.1361785415146086
1710778147.5684886,0.10710260106457604
1710778147.5686018,0.07557446757952373
1710778147.568715,0.04544758548339208
1710778147.568828,0.014269764845569927
1710778147.5689414,-0.016204260496629607
1710778147.5690546,-0.04632525146007538
1710778147.5691679,-0.07574574814902411
1710778147.5692809,-0.10481600960095723
1710778147.569394,-0.13458675808376735
1710778147.5695074,-0.164707750082016
1710778147.5696206,-0.19657995965745714
1710778147.5697339,-0.2284521692328983
1710778147.5698469,-0.2606746223237779
1710778147.56996,-0.2925468153423733
1710778147.5700734,-0.3244190414746602
1710778147.5701866,-0.3538395298851861
1710778147.5702996,-0.38290980789396495
1710778147.5704129,-0.4105790787272983
1710778147.5705261,-0.43789810604519314
1710778147.5706394,-0.465567409992218
1710778147.5707524,-0.49253619379467434
1710778147.5708656,-0.5205557081434462
1710778147.5709789,-0.548925499121348
1710778147.5710921,-0.5772952238718668
1710778147.5712054,-0.6049645609325832
1710778147.5713184,-0.6319333447350396
1710778147.5714316,-0.6575011544757419
1710778147.571545,-0.6823684771855673
1710778147.5716581,-0.7061850362353854
1710778147.5717711,-0.7296514511108398
1710778147.5718844,-0.752767523129781
1710778147.5719976,-0.7758836613761054
1710778147.572111,-0.8007509840859307
1710778147.572224,-0.825268030166626
1710778147.5723372,-0.8494348658455743
1710778147.5724504,-0.8743021885553995
1710778147.5725636,-0.8967178397708468
1710778147.572677,-0.9191334909862942
1710778147.57279,-0.9408485889434814
1710778147.5729032,-0.9611627790662978
1710778147.5730164,-0.981476902961731
1710778147.5731297,-1.0028417905171711
1710778147.5732427,-1.0242066780726116
1710778147.573356,-1.0448710785971747
1710778147.5734692,-1.066586242781745
1710778147.5735824,-1.0879511303371854
1710778147.5736954,-1.1086155308617485
1710778147.5738087,-1.1271784040662978
1710778147.573922,-1.1453910668690999
1710778147.5740352,-1.1618525452084012
1710778147.5741482,-1.1769130494859483
1710778147.5742614,-1.1916233433617485
1710778147.5743747,-1.2066838476392958
1710778147.574488,-1.221744351916843
1710778147.5746012,-1.237155066596137
1710778147.5747142,-1.2536165449354384
1710778147.5748274,-1.2690272596147325
1710778147.5749407,-1.2840877638922796
1710778147.575054,-1.2970467408498128
1710778147.575167,-1.3096556398603652
1710778147.5752802,-1.3212136427561443
1710778147.5753934,-1.3320712248484294
1710778147.5755067,-1.3418780432807074
1710778147.5756197,-1.3516848617129855
1710778147.575733,-1.3614916801452637
1710778147.5758462,-1.3709482881757948
1710778147.5759594,-1.380054685804579
1710778147.5760727,-1.387759976916843
1710778147.5761857,-1.3951151900821261
1710778147.576299,-1.3993181122673881
1710778147.5764122,-1.40282048119439
1710778147.5765254,-1.4031708240509033
1710778147.5766385,-1.4045717981126573
1710778147.5767517,-1.4038712448543973
1710778147.576865,-1.4045717981126573
1710778147.5769782,-1.4049220085144043
1710778147.5770912,-1.4052722189161513
1710778147.5772045,-1.4066731929779053
1710778147.5773177,-1.4070234033796523
1710778147.577431,-1.4070234033796523
1710778147.577544,-1.4059727721744113
1710778147.5776572,-1.4038712448543973
1710778147.5777705,-1.400368743472629
1710778147.5778837,-1.3954654004838731
1710778147.577997,-1.390561925040351
1710778147.57811,-1.385308371649848
1710778147.5782232,-1.3797043429480658
1710778147.5783365,-1.3741004467010498
1710778147.5784497,-1.3684965504540336
1710778147.5785627,-1.3607912593417697
1710778147.578676,-1.3513346513112385
1710778147.5787892,-1.3401268588172064
1710778147.5789025,-1.3271677494049072
1710778147.5790155,-1.313158008787367
1710778147.5791287,-1.297397083706326
1710778147.579242,-1.2819863690270317
1710778147.5793552,-1.2665755218929715
1710778147.5794685,-1.2522155708736844
1710778147.5795815,-1.2378556198543973
1710778147.5796947,-1.224196089638604
1710778147.579808,-1.2091355853610568
1710778147.5799212,-1.1933745278252494
1710778147.5800343,-1.1772633923424614
1710778147.5801475,-1.1587003866831462
1710778147.5802608,-1.140487723880344
1710778147.580374,-1.1208740870157878
1710778147.580487,-1.1019608709547255
1710778147.5806003,-1.0830476548936632
1710778147.5807135,-1.064134505059984
1710778147.5808268,-1.0466223292880588
1710778147.58094,-1.0277091132269964
1710778147.581053,-1.0087959633933172
1710778147.5811663,-0.988832049899631
1710778147.5812795,-0.9671168857150607
1710778147.5813928,-0.9457519981596205
1710778147.5815058,-0.9215851624806721
1710778147.581619,-0.8981188138326008
1710778147.5817323,-0.8750026755862765
1710778147.5818455,-0.8518866035673354
1710778147.5819585,-0.830171439382765
1710778147.5820718,-0.8070553673638238
1710778147.582185,-0.7839392291174995
1710778147.5822983,-0.7608231570985582
1710778147.5824113,-0.7356055577596029
1710778147.5825245,-0.7096875376171535
1710778147.5826378,-0.6823684771855673
1710778147.582751,-0.6539987193213569
1710778147.5828643,-0.6242279873953925
1710778147.5829773,-0.5955079529020522
1710778147.5830905,-0.5667879184087118
1710778147.5832038,-0.5391186475753784
1710778147.583317,-0.5110991332266066
1710778147.58343,-0.4827293422487047
1710778147.5835433,-0.4536590973536173
1710778147.5836565,-0.4242386089430915
1710778147.5837698,-0.3930668698416816
1710778147.5838828,-0.3604941897922092
1710778147.583996,-0.3293224506907993
1710778147.5841093,-0.2967497706413269
1710778147.5842226,-0.2645273009936015
1710778147.5843358,-0.23300533493359882
1710778147.5844488,-0.20253409941991168
1710778147.584562,-0.17206286390622458
1710778147.5846753,-0.14159162839253744
1710778147.5847886,-0.10971942709551917
1710778147.5849016,-0.07854770455095503
1710778147.5850148,-0.04562476028998693
1710778147.585128,-0.012701820168230269
1710778147.5852413,0.020225079109271366
1710778147.5853543,0.052804148031605616
1710778147.5854676,0.08433228565586938
1710778147.5855808,0.11480947335561116
1710778147.585694,0.14493635959095424
1710778147.5858073,0.17436260978380838
1710778147.5859203,0.20238762100537616
1710778147.5860336,0.23146356145540872
1710778147.5861468,0.26053951846228707
1710778147.58626,0.29101669788360596
1710778147.586373,0.3207932909329732
1710778147.5864863,0.35021954112582737
1710778147.5865996,0.3803464108043247
1710778147.5867128,0.40907204151153564
1710778147.5868258,0.4367467429902818
1710778147.586939,0.4651220639546712
1710778147.5870523,0.4924464556905958
1710778147.5871656,0.5194205045700073
1710778147.5872786,0.5481461352772182
1710778147.5873919,0.5765214893552992
1710778147.587505,0.6052470869488186
1710778147.5876184,0.6346733702553643
1710778147.5877316,0.6630486912197536
1710778147.5878446,0.6910736693276299
1710778147.5879579,0.7173471318350898
1710778147.588071,0.7425696320003933
1710778147.5881844,0.7653399308522542
1710778147.5882974,0.7884605725606282
1710778147.5884106,0.810880594783359
1710778147.5885239,0.8333006170060899
1710778147.588637,0.8560709158579508
1710778147.5887501,0.8784909380806817
1710778147.5888634,0.9009108940760294
1710778147.5889766,0.9233309162987603
1710778147.5890899,0.9443496995502048
1710778147.5892031,0.9639671776029799
1710778147.5893161,0.9832343790266249
1710778147.5894294,1.0007499986224704
1710778147.5895426,1.0193165805604723
1710778147.5896559,1.0378831624984741
1710778147.589769,1.0557490587234497
1710778147.5898821,1.0753666030036078
1710778147.5899954,1.094984081056383
1710778147.5901086,1.114251348707411
1710778147.5902216,1.1328177981906467
1710778147.590335,1.1510341697269015
1710778147.5904481,1.1671484841240776
1710778147.5905614,1.1825622452629936
1710778147.5906746,1.195874081717597
1710778147.5907876,1.2095362610287137
1710778147.590901,1.222147544225057
1710778147.5910141,1.2358097235361736
1710778147.5911274,1.2484210067325168
1710778147.5912404,1.2610322899288602
1710778147.5913537,1.2739937835269504
1710778147.591467,1.2852038277520073
1710778147.5915802,1.295012633005778
1710778147.5916932,1.302719513575236
1710778147.5918064,1.3093753655751545
1710778147.5919197,1.31427976820204
1710778147.592033,1.318833827972412
1710778147.592146,1.3226873344845242
1710778147.5922592,1.3268910513983831
1710778147.5923724,1.3310947683122423
1710778147.5924857,1.3352984852261014
1710778147.592599,1.3398525449964735
1710778147.592712,1.3423048125372992
1710778147.5928252,1.3444066047668457
1710778147.5929384,1.345107290479872
1710778147.5930517,1.3437060515085857
1710778147.5931647,1.3416041268242729
1710778147.593278,1.3384513060251872
1710778147.5933912,1.3356488280826144
1710778147.5935044,1.3317954540252686
1710778147.5936174,1.3289928436279297
1710778147.5937307,1.3254898124270968
1710778147.593844,1.3216363059149847
1710778147.5939572,1.3160313500298393
1710778147.5940704,1.3093753655751545
1710778147.5941834,1.3013182746039496
1710778147.5942967,1.291509469350179
1710778147.59441,1.2810001108381484
1710778147.5945232,1.2704907523261175
1710778147.5946362,1.2589303652445476
1710778147.5947495,1.249121692445543
1710778147.5948627,1.2400135729047987
1710778147.594976,1.2309053209092882
1710778147.595089,1.2217972013685439
1710778147.5952022,1.2119885285695393
1710778147.5953155,1.2007784843444824
1710778147.5954287,1.1885175440046523
1710778147.5955417,1.1748553646935356
1710778147.595655,1.1601422892676458
1710778147.5957682,1.1450787385304768
1710778147.5958815,1.129665109846327
1710778147.5959947,1.114951901965671
1710778147.5961077,1.1002387603123982
1710778147.596221,1.084124379687839
1710778147.5963342,1.0680099990632799
1710778147.5964475,1.0508447223239474
1710778147.5965605,1.0315775209003024
1710778147.5966737,1.0112594233618841
1710778147.596787,0.9891896777682834
1710778147.5969002,0.9674703412585788
1710778147.5970132,0.9443496995502048
1710778147.5971265,0.9233309162987603
1710778147.5972397,0.9009108940760294
1710778147.597353,0.8805927965376112
1710778147.5974662,0.8595740132861667
1710778147.5975792,0.8396061923768785
1710778147.5976925,0.8182371324963039
1710778147.5978057,0.795116557015313
1710778147.597919,0.7726965347925822
1710778147.598032,0.7478243112564087
1710778147.5981452,0.7229521539476182
1710778147.5982585,0.6991308927536011
1710778147.5983717,0.6739083925882975
1710778147.5984848,0.6497367885377672
1710778147.598598,0.6262658702002631
1710778147.5987113,0.6017439895206027
1710778147.5988245,0.5768717659844292
1710778147.5989377,0.5512989560763041
1710778147.5990508,0.5239745643403795
1710778147.599164,0.49594958623250324
1710778147.5992773,0.4672239555252923
1710778147.5993905,0.43604612350463867
1710778147.5995035,0.40626956356896293
1710778147.5996168,0.37684328026241726
1710778147.59973,0.348818302154541
1710778147.5998433,0.3200926383336385
1710778147.5999563,0.29101669788360596
1710778147.6000695,0.26264139347606236
1710778147.6001828,0.23286481698354083
1710778147.600296,0.2020373112625546
1710778147.600409,0.17085949579874674
1710778147.6005223,0.13863073454962835
1710778147.6006355,0.10745291080739763
1710778147.6007488,0.07557446757952373
1710778147.600862,0.04544758548339208
1710778147.600975,0.016021327012115054
1710778147.6010883,-0.013052063683668772
1710778147.6012015,-0.041071590450074934
1710778147.6013148,-0.06979160010814667
1710778147.6014278,-0.09886186156007978
1710778147.601541,-0.12898285355832842
1710778147.6016543,-0.15875359376271567
1710778147.6017675,-0.18922482927640277
1710778147.6018806,-0.2196960647900899
1710778147.6019938,-0.24841608272658453
1710778147.602107,-0.27713608410623336
1710778147.6022203,-0.30480537149641246
1710778147.6023335,-0.33247464232974583
1710778147.6024466,-0.35909321573045516
1710778147.6025598,-0.385711756017473
1710778147.602673,-0.41338102685080635
1710778147.6027863,-0.44140054119957817
1710778147.6028993,-0.46977033217748004
1710778147.6030126,-0.4981400900416904
1710778147.6031258,-0.5258093608750237
1710778147.603239,-0.5524279342757331
1710778147.603352,-0.5779957109027438
1710778147.6034653,-0.6025128232108222
1710778147.6035786,-0.6263294484880235
1710778147.6036918,-0.6494455205069648
1710778147.603805,-0.6739626328150431
1710778147.603918,-0.6981294684939914
1710778147.6040313,-0.7222963041729397
1710778147.6041446,-0.748214324315389
1710778147.6042578,-0.7741324106852213
1710778147.6043708,-0.7982992463641696
1710778147.604484,-0.823516845703125
1710778147.6045973,-0.8466329177220662
1710778147.6047106,-0.8690485689375136
1710778147.6048236,-0.8911139435238308
1710778147.6049368,-0.9121285544501411
1710778147.60505,-0.9348944160673354
1710778147.6051633,-0.9566095802519057
1710778147.6052763,-0.9793754418690999
1710778147.6053896,-1.0014408164554172
1710778147.6055028,-1.0235061910417345
1710778147.605616,-1.0441705915662978
1710778147.6057293,-1.0634340180291069
1710778147.6058424,-1.0802457067701552
1710778147.6059556,-1.0970574617385864
1710778147.6060688,-1.1128184530470107
1710778147.606182,-1.1275286144680448
1710778147.606295,-1.143289672003852
1710778147.6064084,-1.1587003866831462
1710778147.6065216,-1.1748116546207004
1710778147.6066349,-1.1916233433617485
1710778147.6067479,-1.2077346112993028
1710778147.606861,-1.22279511557685
1710778147.6069744,-1.237155066596137
1710778147.6070876,-1.2501140435536702
1710778147.6072009,-1.2630731529659696
1710778147.6073139,-1.2739307350582547
1710778147.6074271,-1.2854887379540336
1710778147.6075404,-1.2966965304480658
1710778147.6076536,-1.3086048762003581
1710778147.6077666,-1.320162879096137
1710778147.6078799,-1.3324214352501762
1710778147.6079931,-1.3422282536824544
1710778147.6081064,-1.3516848617129855
1710778147.6082194,-1.3586897320217557
1710778147.6083326,-1.3635932074652777
1710778147.608446,-1.3681463400522869
1710778147.6085591,-1.3709482881757948
1710778147.6086724,-1.3730498154958088
1710778147.6087854,-1.3758517636193168
1710778147.6088986,-1.3779531584845648
1710778147.609012,-1.380054685804579
1710778147.6091251,-1.38250642352634
1710778147.6092381,-1.382856633928087
1710778147.6093514,-1.382856633928087
1710778147.6094646,-1.3811053170098198
1710778147.609578,-1.3776029480828178
1710778147.609691,-1.3737502362993028
1710778147.6098042,-1.3691971037122939
1710778147.6099174,-1.3642936282687717
1710778147.6100307,-1.3597404956817627
1710778147.6101437,-1.3551873630947537
1710778147.610257,-1.3520350721147325
1710778147.6103702,-1.3478321499294705
1710778147.6104834,-1.3425785965389676
1710778147.6105967,-1.3369745678371854
1710778147.6107097,-1.3296194871266682
1710778147.610823,-1.3212136427561443
1710778147.6109362,-1.3114068243238661
1710778147.6110494,-1.301249795489841
1710778147.6111624,-1.2896916601392958
1710778147.6112757,-1.2795346313052707
1710778147.611389,-1.2693774700164795
1710778147.6115022,-1.2595706515842013
1710778147.6116152,-1.2487130694919162
1710778147.6117284,-1.237155066596137
1710778147.6118417,-1.224896510442098
1710778147.611955,-1.2105365594228108
1710778147.6120682,-1.1944252914852567
1710778147.6121812,-1.1793647872077093
1710778147.6122944,-1.1629033088684082
1710778147.6124077,-1.147142383787367
1710778147.612521,-1.131731669108073
1710778147.612634,-1.1166711648305256
1710778147.6127472,-1.1023110813564725
1710778147.6128604,-1.0879511303371854
1710778147.6129737,-1.071489651997884
1710778147.6130867,-1.05537838406033
1710778147.6132,-1.0364652342266507
1710778147.6133132,-1.0172018077638414
1710778147.6134264,-0.9972378942701552
1710778147.6135395,-0.9762232171164619
1710778147.6136527,-0.9541578425301446
1710778147.613766,-0.9338437186347114
1710778147.6138792,-0.9128290414810181
1710778147.6139925,-0.8911139435238308
1710778147.6141055,-0.8697490559683906
1710778147.6142187,-0.8462827073203193
1710778147.614332,-0.822115871641371
1710778147.6144452,-0.7965480619006686
1710778147.6145582,-0.7695792118708292
1710778147.6146715,-0.741909941037496
1710778147.6147847,-0.7142406702041626
1710778147.614898,-0.6872718864017062
1710778147.615011,-0.661704076661004
1710778147.6151242,-0.6357859902911716
1710778147.6152375,-0.6109186675813463
1710778147.6153507,-0.586051344871521
1710778147.615464,-0.5604835351308187
1710778147.615577,-0.5338649948438009
1710778147.6156902,-0.5058454473813375
1710778147.6158035,-0.47782593303256565
1710778147.6159167,-0.4494561751683553
1710778147.6160297,-0.4203858971595764
1710778147.616143,-0.39271662632624305
1710778147.6162562,-0.36399662494659424
1710778147.6163695,-0.33492634693781537
1710778147.6164825,-0.3069068325890435
1710778147.6165957,-0.2785370747248332
1710778147.616709,-0.24806583921114603
1710778147.6168222,-0.21654387315114337
1710778147.6169355,-0.18467166357570225
1710778147.6170485,-0.1510482198662228
1710778147.6171618,-0.11847553153832753
1710778147.617275,-0.08520233962270948
1710778147.6173882,-0.05333013004726834
1710778147.6175013,-0.02215840957230992
1710778147.6176145,0.007263512557579411
1710778147.6177278,0.037390395171112485
1710778147.617841,0.0668166536423895
1710778147.617954,0.09729384548134273
1710778147.6180673,0.12742073171668583
1710778147.6181805,0.15824824571609497
1710778147.6182938,0.18907575143708122
1710778147.6184068,0.2195529474152459
1710778147.61852,0.24862888786527845
1710778147.6186333,0.27665389908684623
1710778147.6187465,0.30362794796625775
1710778147.6188598,0.33025172021653915
1710778147.6189728,0.35547422038184273
1710778147.619086,0.38104703028996784
1710778147.6191993,0.4073204927974277
1710778147.6193125,0.4339442319340176
1710778147.6194255,0.4616189334127638
1710778147.6195388,0.4885930154058668
1710778147.619652,0.5152167545424567
1710778147.6197653,0.5418405267927382
1710778147.6198783,0.568113989300198
1710778147.6199915,0.5929861466089884
1710778147.6201048,0.617858370145162
1710778147.620218,0.6423802508248223
1710778147.6203313,0.6672524081336128
1710778147.6204443,0.6935258706410726
1710778147.6205575,0.7194489902920193
1710778147.6206708,0.7460727294286092
1710778147.620784,0.7733971542782253
1710778147.620897,0.799320273929172
1710778147.6210103,0.8248931169509888
1710778147.6211236,0.8487143781450059
1710778147.6212368,0.8714846769968668
1710778147.6213498,0.8935543563630846
1710778147.621463,0.9149234162436591
1710778147.6215763,0.9362924761242336
1710778147.6216896,0.9594131178326076
1710778147.6218028,0.9811325205696954
1710778147.6219158,1.0035525427924261
1710778147.622029,1.026322841644287
1710778147.6221423,1.0473415586683485
1710778147.6222556,1.0687106847763062
1710778147.6223686,1.0872772004869249
1710778147.6224818,1.1051431629392836
1710778147.622595,1.122658782535129
1710778147.6227083,1.1391234397888184
1710778147.6228213,1.1552378866407607
1710778147.6229346,1.172052886750963
1710778147.6230478,1.187466647889879
1710778147.623161,1.202530066172282
1710778147.623274,1.2175934844546847
1710778147.6233873,1.2312556637658012
1710778147.6235006,1.2428160508473713
1710778147.6236138,1.252975066502889
1710778147.623727,1.2624335289001465
1710778147.62384,1.2697900666130912
1710778147.6239533,1.2767963939242892
1710778147.6240666,1.2841529316372342
1710778147.6241798,1.2922100226084392
1710778147.6242929,1.2999169031778972
1710778147.624406,1.3079741266038682
1710778147.6245193,1.3153306643168132
1710778147.6246326,1.3226873344845242
1710778147.6247456,1.3282922903696697
1710778147.6248589,1.3324960072835286
1710778147.624972,1.3345979319678412
1710778147.6250854,1.3370500670539007
1710778147.6251986,1.3384513060251872
1710778147.6253116,1.3395023345947266
1710778147.6254249,1.3409035735660129
1710778147.625538,1.3419544696807861
1710778147.6256514,1.3423048125372992
1710778147.6257644,1.3423048125372992
1710778147.6258776,1.3409035735660129
1710778147.6259909,1.337750752766927
1710778147.626104,1.3331966929965549
1710778147.6262171,1.3275916046566434
1710778147.6263304,1.3202350669436984
1710778147.6264436,1.3128785292307537
1710778147.6265569,1.3051716486612956
1710778147.6266701,1.298866007063124
1710778147.6267831,1.2918598122066922
1710778147.6268964,1.2855541706085205
1710778147.6270096,1.2778472900390625
1710778147.6271229,1.2697900666130912
1710778147.627236,1.260681947072347
1710778147.6273491,1.249121692445543
1710778147.6274624,1.237561305363973
1710778147.6275756,1.2245998117658827
1710778147.6276886,1.2119885285695393
1710778147.627802,1.1986766921149359
1710778147.6279151,1.187116305033366
1710778147.6280284,1.1748553646935356
1710778147.6281414,1.1625944243537054
1710778147.6282547,1.149282587899102
1710778147.628368,1.1356204085879855
1710778147.6284811,1.1205568578508165
1710778147.6285944,1.1044425434536405
1710778147.6287074,1.0865765810012817
1710778147.6288207,1.0690609614054363
1710778147.628934,1.0504943794674344
1710778147.6290472,1.0326284832424588
1710778147.6291602,1.0154631402757432
1710778147.6292734,0.9975971778233845
1710778147.6293867,0.9807821777131822
1710778147.6295,0.9618653191460503
1710778147.629613,0.9422478410932753
1710778147.6297262,0.9212290578418307
1710778147.6298394,0.8981084161334567
1710778147.6299527,0.8753381172815958
1710778147.630066,0.8504658937454224
1710778147.630179,0.8259440130657619
1710778147.6302922,0.8021227518717448
1710778147.6304054,0.7779512140485976
1710778147.6305187,0.7537796099980671
1710778147.6306317,0.7306590345170763
1710778147.630745,0.7047358486387465
1710778147.6308582,0.679863691329956
1710778147.6309714,0.6518386469946967
1710778147.6310844,0.6234633260303073
1710778147.6311977,0.5936867660946316
1710778147.631311,0.5639102061589559
1710778147.6314242,0.5334330267376369
1710778147.6315372,0.5043570862876045
1710778147.6316504,0.47563145558039344
1710778147.6317637,0.4455045527882046
1710778147.631877,0.4164286123381721
1710778147.6319902,0.3870023621453179
1710778147.6321032,0.3561748398674859
1710778147.6322165,0.3249970409605238
1710778147.6323297,0.2934688991970486
1710778147.632443,0.2612401379479302
1710778147.632556,0.2297120127413008
1710778147.6326692,0.19923481676313612
1710778147.6327825,0.16945824027061462
1710778147.6328957,0.14038229982058206
1710778147.6330087,0.11270759834183587
1710778147.633122,0.08468259539869097
1710778147.6332352,0.056307274434301585
1710778147.6333485,0.027231329845057592
1710778147.6334617,-0.003245230246749189
1710778147.6335747,-0.03511743826998605
1710778147.633688,-0.06593891729911168
1710778147.6338012,-0.09781113101376428
1710778147.6339145,-0.12898285355832842
1710778147.6340275,-0.15980432430903116
1710778147.6341407,-0.1899253163072798
1710778147.634254,-0.2196960647900899
1710778147.6343672,-0.25016730030377704
1710778147.6344802,-0.2806385358174642
1710778147.6345935,-0.3118102418051826
1710778147.6347067,-0.342631737391154
1710778147.63482,-0.37450393040974933
1710778147.6349332,-0.40532542599572075
1710778147.6350462,-0.4357966449525621
1710778147.6351595,-0.464866922961341
1710778147.6352727,-0.49148546324835884
1710778147.635386,-0.5184542470508151
1710778147.635499,-0.5443723003069559
1710778147.6356122,-0.5692396561304728
1710778147.6357255,-0.5941069788402981
1710778147.6358387,-0.6207254860136244
1710778147.6359518,-0.6473440594143337
1710778147.636065,-0.6743128432167901
1710778147.6361783,-0.7005811399883694
1710778147.6362915,-0.7268494367599487
1710778147.6364045,-0.7524173127280341
1710778147.6365178,-0.7765841484069824
1710778147.636631,-0.8004007074568007
1710778147.6367443,-0.823516845703125
1710778147.6368575,-0.8476836813820733
1710778147.6369705,-0.8718505170610216
1710778147.6370838,-0.8963676293690999
1710778147.637197,-0.9212349520789253
1710778147.6373103,-0.9482037358813815
1710778147.6374233,-0.9723705715603298
1710778147.6375365,-0.9972378942701552
1710778147.6376498,-1.0193032688564725
1710778147.637763,-1.0417188538445366
1710778147.637876,-1.061682767338223
1710778147.6379893,-1.0816466808319092
1710778147.6381025,-1.1005598968929715
1710778147.6382158,-1.1205237441592746
1710778147.638329,-1.138736539416843
1710778147.638442,-1.159050597084893
1710778147.6385553,-1.1783140235477023
1710778147.6386685,-1.1968770292070177
1710778147.6387818,-1.212988297144572
1710778147.6388948,-1.2280486689673529
1710778147.639008,-1.2406575679779053
1710778147.6391213,-1.2543169657389324
1710778147.6392345,-1.2658751010894775
1710778147.6393476,-1.2774331039852567
1710778147.6394608,-1.2889912393358018
1710778147.639574,-1.300549242231581
1710778147.6396873,-1.31210724512736
1710778147.6398005,-1.3243658012813992
1710778147.6399136,-1.3341726197136772
1710778147.6400268,-1.3439795706007216
1710778147.64014,-1.3516848617129855
1710778147.6402533,-1.3576389683617485
1710778147.6403663,-1.3625424438052707
1710778147.6404796,-1.3667453659905326
1710778147.6405928,-1.3709482881757948
1710778147.640706,-1.3751512103610568
1710778147.640819,-1.378653711742825
1710778147.6409323,-1.382856633928087
1710778147.6410456,-1.386709345711602
1710778147.6411588,-1.389160950978597
1710778147.6412718,-1.390561925040351
1710778147.641385,-1.390561925040351
1710778147.6414983,-1.388460530175103
1710778147.6416116,-1.386359002855089
1710778147.6417248,-1.382856633928087
1710778147.6418378,-1.380755106608073
1710778147.641951,-1.3783033688863118
1710778147.6420643,-1.3769023948245578
1710778147.6421776,-1.3755014207628038
1710778147.6422906,-1.3737502362993028
1710778147.6424038,-1.3709482881757948
1710778147.642517,-1.3674459192487929
1710778147.6426303,-1.3621922334035237
1710778147.6427433,-1.3558877838982475
1710778147.6428566,-1.3474819395277235
1710778147.6429698,-1.3390760951571994
1710778147.643083,-1.3303200403849285
1710778147.6431963,-1.3212136427561443
1710778147.6433094,-1.3128077983856201
1710778147.6434226,-1.304051743613349
1710778147.6435359,-1.2942447927263048
1710778147.643649,-1.2830370002322726
1710778147.643762,-1.2700780232747395
1710778147.6438754,-1.2560682826571994
1710778147.6439886,-1.240307225121392
1710778147.6441019,-1.224196089638604
1710778147.6442149,-1.2084350321027968
1710778147.644328,-1.1919735537634955
1710778147.6444414,-1.1769130494859483
1710778147.6445546,-1.1632535192701552
1710778147.6446679,-1.148543357849121
1710778147.6447809,-1.133482853571574
1710778147.6448941,-1.1180721388922796
1710778147.6450074,-1.1019608709547255
1710778147.6451206,-1.0844486289554172
1710778147.6452336,-1.064834992090861
1710778147.6453469,-1.0459218422571819
1710778147.6454601,-1.0259579287634955
1710778147.6455734,-1.0063442256715562
1710778147.6456864,-0.987080799208747
1710778147.6457996,-0.9674671623441908
1710778147.645913,-0.9471529722213745
1710778147.6460261,-0.9268388483259413
1710778147.6461391,-0.905123684141371
1710778147.6462524,-0.8823578225241767
1710778147.6463656,-0.8578407764434814
1710778147.646479,-0.831922690073649
1710778147.6465921,-0.8060046037038167
1710778147.6467052,-0.7797363069322374
1710778147.6468184,-0.7531177997589111
1710778147.6469316,-0.7279002004199557
1710778147.647045,-0.7026826010810004
1710778147.647158,-0.6771147913402981
1710778147.6472712,-0.6508464945687188
1710778147.6473844,-0.6238777107662624
1710778147.6474977,-0.5955079529020522
1710778147.6476107,-0.5667879184087118
1710778147.647724,-0.5370171864827474
1710778147.6478372,-0.5072464545567831
1710778147.6479504,-0.47782593303256565
1710778147.6480637,-0.4491059316529168
1710778147.6481767,-0.4210863841904534
1710778147.64829,-0.3930668698416816
1710778147.6484032,-0.3660980860392253
1710778147.6485164,-0.3391293022367689
1710778147.6486294,-0.3111097547743055
1710778147.6487427,-0.2823897533946567
1710778147.648856,-0.2522687613964081
1710778147.6489692,-0.22249801291359794
1710778147.6490822,-0.1913262903690338
1710778147.6491954,-0.1626062724325392
1710778147.6493087,-0.13353601925902897
1710778147.649422,-0.10481600960095723
1710778147.649535,-0.07679648697376251
1710778147.6496482,-0.04877696020735635
1710778147.6497614,-0.020407189925511677
1710778147.6498747,0.009015075241525968
1710778147.649988,0.0380910187959671
1710778147.650101,0.06786759114927715
1710778147.6502142,0.09869510100947486
1710778147.6503274,0.1277710414595074
1710778147.6504407,0.15684699018796286
1710778147.6505537,0.18347074588139853
1710778147.650667,0.21009450157483417
1710778147.6507802,0.23566732803980509
1710778147.6508934,0.26088982820510864
1710778147.6510065,0.28751356734169853
1710778147.6511197,0.31413733959198
1710778147.651233,0.34181204107072616
1710778147.6513462,0.36983705229229397
1710778147.6514595,0.3992633024851481
1710778147.6515725,0.4279889331923591
1710778147.6516857,0.4563642541567484
1710778147.651799,0.4836886458926731
1710778147.6519122,0.5106626947720846
1710778147.6520252,0.5372864670223659
1710778147.6521385,0.5646108256445991
1710778147.6522517,0.5915849076377021
1710778147.652365,0.6192596091164483
1710778147.652478,0.6469343105951945
1710778147.6525912,0.6739083925882975
1710778147.6527045,0.7015830940670437
1710778147.6528177,0.7271558708614773
1710778147.652931,0.7520280943976508
1710778147.653044,0.7751487361060249
1710778147.6531572,0.7961674531300862
1710778147.6532705,0.8175365130106608
1710778147.6533837,0.8382049534055922
1710778147.6534967,0.8585231171713935
1710778147.65361,0.8795418341954548
1710778147.6537232,0.9009108940760294
1710778147.6538365,0.9229806396696303
1710778147.6539495,0.9432987372080485
1710778147.6540627,0.9650181399451362
1710778147.654176,0.9853362374835544
1710778147.6542892,1.003202199935913
1710778147.6544023,1.021768781873915
1710778147.6545155,1.0396346780988905
1710778147.6546288,1.0575006405512493
1710778147.654742,1.0750162601470947
1710778147.6548553,1.0939331849416096
1710778147.6549683,1.111098461680942
1710778147.6550815,1.1293147669898138
1710778147.6551948,1.1468303203582764
1710778147.655308,1.1618937386406791
1710778147.655421,1.1766069465213351
1710778147.6555343,1.1895684401194255
1710778147.6556475,1.1997275882297092
1710778147.6557608,1.2095362610287137
1710778147.6558738,1.218644380569458
1710778147.655987,1.2281028429667156
1710778147.6561003,1.236860752105713
1710778147.6562135,1.2470197677612305
1710778147.6563268,1.256478230158488
1710778147.6564398,1.264185110727946
1710778147.656553,1.2715416484408908
1710778147.6566663,1.2778472900390625
1710778147.6567795,1.2820510069529216
1710778147.6568925,1.2855541706085205
1710778147.6570058,1.2887069914076064
1710778147.657119,1.291159126493666
1710778147.6572323,1.2946622901492648
1710778147.6573453,1.2974647680918376
1710778147.6574585,1.3006175888909233
1710778147.6575718,1.3051716486612956
1710778147.657685,1.306572887632582
1710778147.6577983,1.3079741266038682
1710778147.6579113,1.3072735733456082
1710778147.6580245,1.3058723343743217
1710778147.6581378,1.3030697239769828
1710778147.658251,1.2995666927761502
1710778147.658364,1.2960635291205511
1710778147.6584773,1.2929107083214653
1710778147.6585906,1.2894075446658664
1710778147.6587038,1.2876559628380668
1710778147.6588168,1.2845032744937472
1710778147.65893,1.2799490822686088
1710778147.6590433,1.276095708211263
1710778147.6591566,1.2704907523261175
1710778147.6592696,1.2620831860436332
1710778147.6593828,1.2543763054741752
1710778147.659496,1.2470197677612305
1710778147.6596093,1.2379116482204862
1710778147.6597226,1.2302047676510282
1710778147.6598356,1.2224978870815701
1710778147.6599488,1.2151413493686252
1710778147.660062,1.2070841259426541
1710778147.6601753,1.1983263492584229
1710778147.6602883,1.188167201148139
1710778147.6604016,1.1759062608083088
1710778147.6605148,1.1618937386406791
1710778147.660628,1.1471806632147894
1710778147.660741,1.1307160059611003
1710778147.6608543,1.114601559109158
1710778147.6609676,1.0984872447119818
1710778147.6610808,1.0830734835730658
1710778147.661194,1.0666087600919936
1710778147.661307,1.0501441028383043
1710778147.6614203,1.0326284832424588
1710778147.6615336,1.0130109389623005
1710778147.6616468,0.9933934609095255
1710778147.6617599,0.972374677658081
1710778147.661873,0.9499546554353502
1710778147.6619864,0.9282353189256456
1710778147.6620996,0.9065159161885579
1710778147.6622126,0.8847965796788533
1710778147.6623259,0.864478415913052
1710778147.662439,0.8434596326616075
1710778147.6625524,0.8224409156375461
1710778147.6626656,0.8003712362713283
1710778147.6627786,0.7776008711920844
1710778147.6628919,0.7534293333689371
1710778147.663005,0.7271558708614773
1710778147.6631184,0.7005321317248874
1710778147.6632314,0.6728574302461412
1710778147.6633446,0.6458833482530382
1710778147.6634579,0.6192596091164483
1710778147.6635711,0.5929861466089884
1710778147.6636841,0.5663624074723985
1710778147.6637974,0.5397386352221171
1710778147.6639106,0.512414276599884
1710778147.6640239,0.48333833614985144
1710778147.664137,0.45391205284330577
1710778147.6642501,0.4230845636791653
1710778147.6643634,0.3919067316585117
1710778147.6644766,0.3628307912084791
1710778147.66459,0.3330542312728034
1710778147.664703,0.30397829082277084
1710778147.6648161,0.2759532630443573
1710778147.6649294,0.24862888786527845
1710778147.6650426,0.22095418638653225
1710778147.6651556,0.19257886542214286
1710778147.665269,0.1638532347149319
1710778147.6653821,0.13337604701519012
1710778147.6654954,0.10359947052266863
1710778147.6656084,0.07277196480168237
1710778147.6657217,0.04264508270555072
1710778147.665835,0.01356913915110959
1710778147.6659482,-0.014102796299590005
1710778147.6660614,-0.04212232099639045
1710778147.6661744,-0.07014184362358517
1710778147.6662877,-0.09816137452920277
1710778147.666401,-0.126531140671836
1710778147.6665142,-0.15595164563920763
1710778147.6666272,-0.18642288115289476
1710778147.6667404,-0.2172443601820204
1710778147.6668537,-0.24876632624202305
1710778147.666967,-0.2788873182402717
1710778147.66708,-0.30935853719711304
1710778147.6671932,-0.3387790587213304
1710778147.6673064,-0.3667985730701023
1710778147.6674197,-0.3958688179651896
1710778147.6675327,-0.42388836542765296
1710778147.667646,-0.4529586103227403
1710778147.6677592,-0.4820288552178277
1710778147.6678724,-0.512850350803799
1710778147.6679857,-0.542270839214325
1710778147.6680987,-0.5720416042539809
1710778147.668212,-0.6004113621181911
1710778147.6683252,-0.6284309095806545
1710778147.6684384,-0.6546992063522339
1710778147.6685514,-0.6809675031238132
1710778147.6686647,-0.7068855894936455
1710778147.668778,-0.7321031226052178
1710778147.6688912,-0.7590719064076741
1710778147.6690042,-0.7853402031792535
1710778147.6691175,-0.8140602376725938
1710778147.6692307,-0.8413792981041802
1710778147.669344,-0.8693987793392605
1710778147.6694572,-0.8963676293690999
1710778147.6695702,-0.9226359261406792
1710778147.6696835,-0.9461022747887505
1710778147.6697967,-0.9699188338385688
1710778147.66991,-0.9933851824866401
1710778147.670023,-1.0161510441038344
1710778147.6701362,-1.0389169057210286
1710778147.6702495,-1.0620330439673529
1710778147.6703627,-1.0840984185536702
1710778147.6704757,-1.1054633061091106
1710778147.670589,-1.1257774300045438
1710778147.6707022,-1.1443404356638591
1710778147.6708155,-1.1608019140031602
1710778147.6709287,-1.1762126286824544
1710778147.6710417,-1.1902223692999945
1710778147.671155,-1.2038818995157878
1710778147.6712682,-1.217191219329834
1710778147.6713815,-1.231551170349121
1710778147.6714945,-1.2462614642249212
1710778147.6716077,-1.2620223893059623
1710778147.671721,-1.2770828935835097
1710778147.6718342,-1.2914428446027968
1710778147.6719472,-1.304752164416843
1710778147.6720605,-1.317711141374376
1710778147.6721737,-1.3292692767249212
1710778147.672287,-1.3397766484154594
1710778147.6724,-1.3495834668477376
1710778147.6725132,-1.3600907060835097
1710778147.6726265,-1.3695473141140408
1710778147.6727397,-1.379003922144572
1710778147.672853,-1.3881103197733562
1710778147.672966,-1.396165821287367
1710778147.6730793,-1.40282048119439
1710778147.6731925,-1.4077239566379123
1710778147.6733057,-1.4105259047614203
1710778147.6734188,-1.4115766684214275
1710778147.673532,-1.4115766684214275
1710778147.6736453,-1.4112263255649142
1710778147.6737585,-1.4108761151631672
1710778147.6738715,-1.4105259047614203
1710778147.6739848,-1.4105259047614203
1710778147.674098,-1.4108761151631672
1710778147.6742113,-1.4112263255649142
1710778147.6743245,-1.4105259047614203
1710778147.6744375,-1.4080741670396593
1710778147.6745508,-1.4045717981126573
1710778147.674664,-1.400018533070882
1710778147.6747773,-1.3951151900821261
1710778147.6748903,-1.3895112938351102
1710778147.6750035,-1.384257607989841
1710778147.6751168,-1.3793541325463188
1710778147.67523,-1.3737502362993028
1710778147.675343,-1.3702478673723009
1710778147.6754563,-1.3642936282687717
1710778147.6755695,-1.3569385475582547
1710778147.6756828,-1.3488829135894775
1710778147.675796,-1.3394263055589464
1710778147.675909,-1.3271677494049072
1710778147.6760223,-1.315959956910875
1710778147.6761355,-1.304051743613349
1710778147.6762488,-1.2914428446027968
1710778147.6763618,-1.2791844209035237
1710778147.676475,-1.2672760751512315
1710778147.6765883,-1.2557180722554524
1710778147.6767015,-1.2424087524414062
1710778147.6768146,-1.2280486689673529
1710778147.6769278,-1.2119375334845648
1710778147.677041,-1.1937248706817627
1710778147.6771543,-1.1755120754241943
1710778147.6772673,-1.157299412621392
1710778147.6773806,-1.136284801695082
1710778147.6774938,-1.1173715856340196
1710778147.677607,-1.0981081591712103
1710778147.6777203,-1.0788447327084012
1710778147.6778333,-1.059931582874722
1710778147.6779466,-1.0396173927519057
1710778147.6780598,-1.0182525051964653
1710778147.678173,-0.9947861565483941
1710778147.678286,-0.9706193208694458
1710778147.6783993,-0.9450515111287434
1710778147.6785126,-0.9198339780171711
1710778147.6786258,-0.8925149175855849
1710778147.6787388,-0.8672973182466295
1710778147.678852,-0.8417295085059272
1710778147.6789653,-0.8168621857961018
1710778147.6790786,-0.7909441656536526
1710778147.6791918,-0.7650260792838203
1710778147.6793048,-0.7380572954813639
1710778147.679418,-0.7086367739571465
1710778147.6795313,-0.6799167394638062
1710778147.6796446,-0.6511967711978488
1710778147.6797576,-0.6214259730445014
1710778147.6798708,-0.5920055177476671
1710778147.679984,-0.5639859702852037
1710778147.6800973,-0.5366669429673089
1710778147.6802104,-0.5096981591648525
1710778147.6803236,-0.4837800727950202
1710778147.6804368,-0.45646104547712535
1710778147.68055,-0.42844153112835354
1710778147.6806633,-0.39972149663501316
1710778147.6807764,-0.3696005211936103
1710778147.6808896,-0.3391293022367689
1710778147.6810029,-0.30830780665079754
1710778147.681116,-0.27818683120939464
1710778147.681229,-0.24841608272658453
1710778147.6813424,-0.21864533424377441
1710778147.6814556,-0.1895750727918413
1710778147.6815689,-0.16085505485534668
1710778147.6816819,-0.1300335841046439
1710778147.6817951,-0.09956234859095679
1710778147.6819084,-0.06733989550007714
1710778147.6820216,-0.035817929440074496
1710778147.6821346,-0.003595474279589123
1710778147.6822479,0.02828226735194524
1710778147.6823611,0.05875946333010991
1710778147.6824744,0.08853603568341997
1710778147.6825876,0.11656103862656488
1710778147.6827006,0.14423574010531107
1710778147.682814,0.17191042502721152
1710778147.6829271,0.20028574599160087
1710778147.6830404,0.22831075721316868
1710778147.6831534,0.2573866976632012
1710778147.6832666,0.2861123283704122
1710778147.68338,0.31623923116260105
1710778147.6834931,0.344964861869812
1710778147.6836061,0.3722892204920451
1710778147.6837194,0.40031423171361286
1710778147.6838326,0.4272883137067159
1710778147.683946,0.454612672328949
1710778147.6840591,0.4812364445792304
1710778147.6841722,0.5092614558007982
1710778147.6842854,0.5379870865080092
1710778147.6843987,0.5670630269580417
1710778147.684512,0.5964893102645874
1710778147.684625,0.62591552734375
1710778147.6847382,0.6546411911646525
1710778147.6848514,0.6823158926433986
1710778147.6849647,0.7085892889234755
1710778147.6850777,0.7341621319452921
1710778147.685191,0.7590343554814656
1710778147.6853042,0.7832058933046129
1710778147.6854174,0.8077277739842732
1710778147.6855304,0.8333006170060899
1710778147.6856437,0.8581727743148804
1710778147.685757,0.8826946549945407
1710778147.6858702,0.9065159161885579
1710778147.6859834,0.9285855955547756
1710778147.6860964,0.9499546554353502
1710778147.6862097,0.9692218568589952
1710778147.686323,0.9881387816535102
1710778147.6864362,1.0056544012493558
1710778147.6865492,1.0231700208452013
1710778147.6866624,1.0420868794123332
1710778147.6867757,1.0599528418646917
1710778147.686889,1.0785194238026936
1710778147.687002,1.0967356628841824
1710778147.6871152,1.114601559109158
1710778147.6872284,1.1310663488176134
1710778147.6873417,1.1450787385304768
1710778147.687455,1.1590912606981065
1710778147.687568,1.172052886750963
1710778147.6876812,1.1829125881195068
1710778147.6877944,1.1941224998897977
1710778147.6879077,1.2053325441148546
1710778147.6880207,1.2154916922251384
1710778147.688134,1.226701603995429
1710778147.6882472,1.2372109625074599
1710778147.6883605,1.2456185287899442
1710778147.6884735,1.2536757522159152
1710778147.6885867,1.260681947072347
1710778147.6887,1.2659366925557454
1710778147.6888132,1.2697900666130912
1710778147.6889265,1.2746944692399766
1710778147.6890395,1.2788981861538358
1710778147.6891527,1.283452245924208
1710778147.689266,1.2890573342641194
1710778147.6893792,1.295012633005778
1710778147.6894922,1.3002672460344102
1710778147.6896055,1.3058723343743217
1710778147.6897187,1.3100760512881808
1710778147.689832,1.3118276331159804
1710778147.689945,1.3125281863742404
1710778147.6900582,1.3128785292307537
1710778147.6901715,1.311126947402954
1710778147.6902847,1.3100760512881808
1710778147.6903977,1.3083244694603813
1710778147.690511,1.3072735733456082
1710778147.6906242,1.3051716486612956
1710778147.6907375,1.3037704096900091
1710778147.6908507,1.2981654538048637
1710778147.6909637,1.2936113940344915
1710778147.691077,1.2869554095798068
1710778147.6911902,1.2792485290103488
1710778147.6913035,1.2694397237565782
1710778147.6914165,1.2610322899288602
1710778147.6915298,1.2512234846750896
1710778147.691643,1.2435166041056316
1710778147.6917562,1.2354595131344266
1710778147.6918693,1.2284531858232286
1710778147.6919825,1.2203959623972576
1710778147.6920958,1.2123388714260526
1710778147.692209,1.2018293804592557
1710778147.6923223,1.1909698115454779
1710778147.6924353,1.1780081854926214
1710778147.6925485,1.165046559439765
1710778147.6926618,1.1517347229851616
1710778147.692775,1.138072543674045
1710778147.692888,1.1244103643629286
1710778147.6930013,1.111098461680942
1710778147.6931145,1.0977866252263386
1710778147.6932278,1.0834237602021959
1710778147.6933408,1.0676597224341497
1710778147.693454,1.0508447223239474
1710778147.6935673,1.033329102728102
1710778147.6936805,1.0130109389623005
1710778147.6937938,0.9919922219382392
1710778147.6939068,0.9713237815433078
1710778147.69402,0.9499546554353502
1710778147.6941333,0.9289359384112887
1710778147.6942465,0.9086177746454874
1710778147.6943595,0.887599057621426
1710778147.6944728,0.8658796548843384
1710778147.694586,0.8434596326616075
1710778147.6946993,0.8203390571806166
1710778147.6948123,0.7944158713022867
1710778147.6949255,0.7691933711369832
1710778147.6950388,0.7432702514860365
1710778147.695152,0.7169967889785767
1710778147.695265,0.6914240121841431
1710778147.6953783,0.6672524081336128
1710778147.6954916,0.6434311469395956
1710778147.6956048,0.6192596091164483
1710778147.695718,0.595088005065918
1710778147.695831,0.5702158477571275
1710778147.6959443,0.5442926949924892
1710778147.6960576,0.5169683363702562
1710778147.6961708,0.4896439446343316
1710778147.6962838,0.4616189334127638
1710778147.696397,0.433593922191196
1710778147.6965103,0.40591925382614136
1710778147.6966236,0.37859486209021675
1710778147.6967366,0.35267170932557845
1710778147.6968498,0.32604797018898857
1710778147.696963,0.2994241979387071
1710778147.6970763,0.2717495130168067
1710778147.6971896,0.24442513783772785
1710778147.6973026,0.2156995071305169
1710778147.6974158,0.18662355012363857
1710778147.697529,0.15719729993078443
1710778147.6976423,0.12882197896639505
1710778147.6977553,0.1018479135301378
1710778147.6978686,0.07487383981545766
1710778147.6979818,0.04965133551094267
1710778147.698095,0.023027579817507002
1710778147.698208,-0.002894986213909255
1710778147.6983213,-0.03021402284502983
1710778147.6984346,-0.059284282227357224
1710778147.6985478,-0.0880042960246404
1710778147.698661,-0.11777503622902764
1710778147.698774,-0.14789602822727627
1710778147.6988873,-0.1780170202255249
1710778147.6990006,-0.2060365511311425
1710778147.6991138,-0.23580728305710685
1710778147.6992269,-0.26312632693184745
1710778147.69934,-0.2921965718269348
1710778147.6994534,-0.3195156322585212
1710778147.6995666,-0.34893612066904706
1710778147.6996796,-0.37835660907957286
1710778147.6997929,-0.4081273741192288
1710778147.699906,-0.43754786252975464
1710778147.7000194,-0.4673186275694105
1710778147.7001324,-0.4946376548873054
1710778147.7002456,-0.5219566822052002
1710778147.7003589,-0.5475244919459025
1710778147.700472,-0.5730923016866049
1710778147.7005854,-0.5983099010255601
1710778147.7006984,-0.6242279873953925
1710778147.7008116,-0.6504962841669718
1710778147.7009249,-0.6774650679694282
1710778147.7010381,-0.7047840621736314
1710778147.7011511,-0.7328036096360948
1710778147.7012644,-0.7597723934385512
1710778147.7013776,-0.7860406902101305
1710778147.7014909,-0.8112582895490859
1710778147.701604,-0.8361256122589111
1710778147.7017171,-0.8595919609069824
1710778147.7018304,-0.8834085861841837
1710778147.7019436,-0.907225145234002
1710778147.702057,-0.9310417705112033
1710778147.70217,-0.9559090932210286
1710778147.7022831,-0.9797256522708468
1710778147.7023964,-1.0035422775480483
1710778147.7025096,-1.0256076521343656
1710778147.7026227,-1.0469725396898057
1710778147.702736,-1.065185268719991
1710778147.7028491,-1.0837481419245403
1710778147.7029624,-1.1005598968929715
1710778147.7030754,-1.1166711648305256
1710778147.7031887,-1.133132643169827
1710778147.703302,-1.149594121509128
1710778147.7034152,-1.1657052569919162
1710778147.7035282,-1.1825169457329643
1710778147.7036414,-1.1975774500105116
1710778147.7037547,-1.2126379542880588
1710778147.703868,-1.2255970637003581
1710778147.7039812,-1.237155066596137
1710778147.7040942,-1.2476624382866752
1710778147.7042074,-1.2578194671207004
1710778147.7043207,-1.2679764959547255
1710778147.704434,-1.2777834468417697
1710778147.704547,-1.2882906860775418
1710778147.7046602,-1.299848821428087
1710778147.7047734,-1.3107062710656059
1710778147.7048867,-1.3208634323543973
1710778147.7049997,-1.3310204611884222
1710778147.705113,-1.3390760951571994
1710778147.7052262,-1.3457307550642226
1710778147.7053394,-1.3513346513112385
1710778147.7054527,-1.3562379942999945
1710778147.7055657,-1.3604410489400227
1710778147.705679,-1.364643971125285
1710778147.7057922,-1.3698975245157878
1710778147.7059054,-1.3744507895575628
1710778147.7060184,-1.378653711742825
1710778147.7061317,-1.38180587026808
1710778147.706245,-1.383907397588094
1710778147.7063582,-1.384257607989841
1710778147.7064712,-1.384257607989841
1710778147.7065845,-1.383206844329834
1710778147.7066977,-1.3811053170098198
1710778147.706811,-1.3793541325463188
1710778147.7069242,-1.3776029480828178
1710778147.7070372,-1.3769023948245578
1710778147.7071505,-1.3758517636193168
1710778147.7072637,-1.3751512103610568
1710778147.707377,-1.3734000258975558
1710778147.70749,-1.3702478673723009
1710778147.7076032,-1.3656946023305256
1710778147.7077165,-1.3590399424235027
1710778147.7078297,-1.3509844409094915
1710778147.7079427,-1.3422282536824544
1710778147.708056,-1.3327716456519232
1710778147.7081692,-1.3233151700761583
1710778147.7082825,-1.313508219189114
1710778147.7083955,-1.304401954015096
1710778147.7085087,-1.2935443719228108
1710778147.708622,-1.2812858157687717
1710778147.7087352,-1.2679764959547255
1710778147.7088485,-1.2536165449354384
1710778147.7089615,-1.237155066596137
1710778147.7090747,-1.220693588256836
1710778147.709188,-1.2035316891140408
1710778147.7093012,-1.1867198679182265
1710778147.7094142,-1.1709589428371854
1710778147.7095275,-1.1551980177561443
1710778147.7096407,-1.140487723880344
1710778147.709754,-1.1250770092010498
1710778147.709867,-1.1100165049235027
1710778147.7099802,-1.0921540525224473
1710778147.7100935,-1.074291600121392
1710778147.7102067,-1.055028173658583
1710778147.71032,-1.0347139835357666
1710778147.710433,-1.0133490959803264
1710778147.7105463,-0.991984208424886
1710778147.7106595,-0.9702691104676988
1710778147.7107728,-0.9485539462831285
1710778147.7108858,-0.9264885716968112
1710778147.710999,-0.904773473739624
1710778147.7111123,-0.8809568484624226
1710778147.7112255,-0.8557393153508503
1710778147.7113385,-0.8291207419501411
1710778147.7114518,-0.8014514711168077
1710778147.711565,-0.7734319236543443
1710778147.7116783,-0.744711889161004
1710778147.7117915,-0.7173928949568007
1710778147.7119045,-0.6904241111543443
1710778147.7120178,-0.6645060247845119
1710778147.712131,-0.6389382150438097
1710778147.7122443,-0.6126699182722304
1710778147.7123573,-0.586401621500651
1710778147.7124705,-0.5594328376981947
1710778147.7125838,-0.5310630467202928
1710778147.712697,-0.5023430122269524
1710778147.71281,-0.47362301084730357
1710778147.7129233,-0.44490300946765476
1710778147.7130365,-0.4168834620051914
1710778147.7131498,-0.39026492171817356
1710778147.7132628,-0.3622454073694017
1710778147.713376,-0.33597707748413086
1710778147.7134893,-0.30865805016623604
1710778147.7136025,-0.2802882923020257
1710778147.7137158,-0.2515682743655311
1710778147.7138288,-0.22074679533640543
1710778147.713942,-0.1902755598227183
1710778147.7140553,-0.15910383727815416
1710778147.7141685,-0.12828235824902853
1710778147.7142816,-0.09746088749832577
1710778147.7143948,-0.06804038253095415
1710778147.714508,-0.03791939467191696
1710778147.7146213,-0.009199378805028068
1710778147.7147343,0.020575390921698675
1710778147.7148476,0.05105258689986335
1710778147.7149608,0.08188009262084961
1710778147.715074,0.11480947335561116
1710778147.7151873,0.14633761511908636
1710778147.7153003,0.17856637636820474
1710778147.7154136,0.21009450157483417
1710778147.7155268,0.24057169755299884
1710778147.71564,0.27034827404552036
1710778147.715753,0.29977450768152875
1710778147.7158663,0.3277995189030965
1710778147.7159796,0.3572258022096422
1710778147.7160928,0.3880532913737827
1710778147.7162058,0.4188808136516147
1710778147.716319,0.45005861255857676
1710778147.7164323,0.4819370640648736
1710778147.7165456,0.5134652058283488
1710778147.7166588,0.5435920755068461
1710778147.7167718,0.5730183256997002
1710778147.716885,0.6017439895206027
1710778147.7169983,0.6290683481428359
1710778147.7171116,0.6553418106502956
1710778147.7172246,0.6833667887581719
1710778147.7173378,0.7106912136077881
1710778147.717451,0.7383659150865343
1710778147.7175643,0.764639311366611
1710778147.7176774,0.7905624310175577
1710778147.7177906,0.8171862363815308
1710778147.7179039,0.8413577742046779
1710778147.718017,0.8637777964274088
1710778147.71813,0.8858474757936265
1710778147.7182434,0.906866259045071
1710778147.7183566,0.926133460468716
1710778147.7184699,0.9464515580071343
1710778147.718583,0.9674703412585788
1710778147.718696,0.9891896777682834
1710778147.7188094,1.010208461019728
1710778147.7189226,1.0319278637568157
1710778147.7190359,1.0518956846661038
1710778147.7191489,1.072213782204522
1710778147.7192621,1.0900797446568806
1710778147.7193754,1.106894744767083
1710778147.7194886,1.1230091253916423
1710778147.7196016,1.1391234397888184
1710778147.7197149,1.1545372009277344
1710778147.7198281,1.1710019906361897
1710778147.7199414,1.1857150660620794
1710778147.7200546,1.2018293804592557
1710778147.7201676,1.2154916922251384
1710778147.720281,1.2291538715362549
1710778147.7203941,1.241064469019572
1710778147.7205074,1.2505229314168294
1710778147.7206204,1.2596310509575737
1710778147.7207336,1.2669875886705186
1710778147.720847,1.2736435731252034
1710778147.7209601,1.280649767981635
1710778147.7210732,1.288356648551093
1710778147.7211864,1.2960635291205511
1710778147.7212996,1.3037704096900091
1710778147.721413,1.3100760512881808
1710778147.721526,1.3170822461446126
1710778147.7216392,1.321986648771498
1710778147.7217524,1.32584015528361
1710778147.7218657,1.329693529340956
1710778147.721979,1.3314451111687553
1710778147.722092,1.3338972462548149
1710778147.7222052,1.3363495137956407
1710778147.7223184,1.3395023345947266
1710778147.7224317,1.3426551553938124
1710778147.7225447,1.345107290479872
1710778147.722658,1.3472092151641846
1710778147.7227712,1.3493110073937309
1710778147.7228844,1.3479097684224446
1710778147.7229974,1.345107290479872
1710778147.7231107,1.3419544696807861
1710778147.723224,1.3366997241973877
1710778147.7233372,1.3314451111687553
1710778147.7234504,1.32584015528361
1710778147.7235634,1.3198847240871854
1710778147.7236767,1.3149804539150662
1710778147.72379,1.3083244694603813
1710778147.7239032,1.3020188278622098
1710778147.7240162,1.2936113940344915
1710778147.7241294,1.2848534848954942
1710778147.7242427,1.2739937835269504
1710778147.724356,1.2620831860436332
1710778147.724469,1.24947190284729
1710778147.7245822,1.236860752105713
1710778147.7246954,1.2245998117658827
1710778147.7248087,1.2126890818277996
1710778147.724922,1.2011288272009955
1710778147.725035,1.188167201148139
1710778147.7251482,1.1759062608083088
1710778147.7252614,1.160842842525906
1710778147.7253747,1.1447285281287298
1710778147.7254877,1.1265122890472412
1710778147.725601,1.106894744767083
1710778147.7257142,1.0865765810012817
1710778147.7258275,1.0659081406063504
1710778147.7259405,1.0452397002114189
1710778147.7260537,1.0245712598164876
1710778147.726167,1.0035525427924261
1710778147.7262802,0.983584721883138
1710778147.7263932,0.9625659386316935
1710778147.7265065,0.9408465358946059
1710778147.7266197,0.9177259604136149
1710778147.726733,0.8939046992195977
1710778147.7268462,0.8697330951690674
1710778147.7269592,0.8459118339750502
1710778147.7270725,0.8227911922666762
1710778147.7271857,0.799320273929172
1710778147.727299,0.7776008711920844
1710778147.727412,0.7548305723402235
1710778147.7275252,0.7331111696031358
1710778147.7276385,0.7099905941221449
1710778147.7277517,0.6865196095572578
1710778147.7278647,0.660596489906311
1710778147.727978,0.6339727507697211
1710778147.7280912,0.6052470869488186
1710778147.7282045,0.5761711464987861
1710778147.7283177,0.5470952060487535
1710778147.7284307,0.5183695753415426
1710778147.728544,0.4896439446343316
1710778147.7286572,0.4609183139271206
1710778147.7287705,0.43219268321990967
1710778147.7288835,0.4031167427698771
1710778147.7289968,0.37369049257702297
1710778147.72911,0.34286297029919094
1710778147.7292233,0.3127361006206936
1710778147.7293363,0.28225888808568317
1710778147.7294495,0.25213201840718585
1710778147.7295628,0.22305606140030754
1710778147.729676,0.1950310667355855
1710778147.7297893,0.1680569847424825
1710778147.7299023,0.14073260956340367
1710778147.7300155,0.11410885386996798
1710778147.7301288,0.08678447041246626
1710778147.730242,0.05805883970525529
1710778147.730355,0.02933320485883289
1710778147.7304683,-0.0011437657910088699
1710778147.7305815,-0.03126475546095106
1710778147.7306948,-0.0620862344900767
1710778147.7308078,-0.09255747000376384
1710778147.730921,-0.12162772317727406
1710778147.7310343,-0.1506979763507843
1710778147.7311475,-0.17941799428727892
1710778147.7312605,-0.207787768708335
1710778147.7313738,-0.23825900422202215
1710778147.731487,-0.2687302397357093
1710778147.7316003,-0.29990196228027344
1710778147.7317135,-0.3307234247525533
1710778147.7318265,-0.36329613791571724
1710778147.7319398,-0.3937673568725586
1710778147.732053,-0.42458885245853
1710778147.7321663,-0.4533088538381788
1710778147.7322793,-0.4820288552178277
1710778147.7323925,-0.511449376742045
1710778147.7325058,-0.5387684040599399
1710778147.732619,-0.5674884054395888
1710778147.732732,-0.5962084399329292
1710778147.7328453,-0.6252786848280165
1710778147.7329586,-0.6546992063522339
1710778147.7330718,-0.6827186875873141
1710778147.733185,-0.7096875376171535
1710778147.733298,-0.7352553473578559
1710778147.7334113,-0.7597723934385512
1710778147.7335246,-0.7821880446539985
1710778147.7336378,-0.8046036296420627
1710778147.7337508,-0.82701928085751
1710778147.733864,-0.8487343788146973
1710778147.7339773,-0.8715002404318916
1710778147.7340906,-0.8946163786782159
1710778147.7342036,-0.9177325169245402
1710778147.7343168,-0.9411988655726115
1710778147.73443,-0.9625637531280518
1710778147.7345433,-0.983228153652615
1710778147.7346566,-1.0031920671463013
1710778147.7347696,-1.0217549403508503
1710778147.7348828,-1.0396173927519057
1710778147.734996,-1.0574798451529608
1710778147.7351093,-1.0753422975540161
1710778147.7352223,-1.0935550265842013
1710778147.7353356,-1.1117676893870037
1710778147.7354488,-1.1299803521898057
1710778147.735562,-1.1467920409308539
1710778147.735675,-1.1615023348066542
1710778147.7357883,-1.1755120754241943
1710778147.7359016,-1.1881208419799805
1710778147.7360148,-1.1996789773305256
1710778147.7361279,-1.2112369802263048
1710778147.736241,-1.221394141515096
1710778147.7363544,-1.234002908070882
1710778147.7364676,-1.2462614642249212
1710778147.7365808,-1.2595706515842013
1710778147.7366939,-1.2728799713982475
1710778147.736807,-1.2847883171505399
1710778147.7369204,-1.2963463200463188
1710778147.7370336,-1.3068536917368572
1710778147.7371466,-1.316660510169135
1710778147.7372599,-1.3250663545396593
1710778147.737373,-1.3334721989101834
1710778147.7374864,-1.3394263055589464
1710778147.7375994,-1.3478321499294705
1710778147.7377126,-1.3551873630947537
1710778147.7378259,-1.3625424438052707
1710778147.7379391,-1.3684965504540336
1710778147.7380524,-1.3734000258975558
1710778147.7381654,-1.3765521844228108
1710778147.7382786,-1.3779531584845648
1710778147.7383919,-1.378653711742825
1710778147.7385051,-1.3776029480828178
1710778147.7386181,-1.3758517636193168
1710778147.7387314,-1.3744507895575628
1710778147.7388446,-1.3737502362993028
1710778147.738958,-1.3730498154958088
1710778147.739071,-1.3723492622375488
1710778147.7391841,-1.3726994726392958
1710778147.7392974,-1.3705980777740479
1710778147.7394106,-1.3684965504540336
1710778147.7395236,-1.3639434178670247
1710778147.739637,-1.3593902852800157
1710778147.7397501,-1.3520350721147325
1710778147.7398634,-1.3457307550642226
1710778147.7399766,-1.3380253314971924
1710778147.7400897,-1.3317210144466824
1710778147.740203,-1.3247161441379123
1710778147.7403162,-1.317360930972629
1710778147.7404294,-1.309305297003852
1710778147.7405424,-1.299498478571574
1710778147.7406557,-1.2882906860775418
1710778147.740769,-1.2756819195217557
1710778147.7408822,-1.2623725997077093
1710778147.7409952,-1.2466116746266682
1710778147.7411084,-1.230850617090861
1710778147.7412217,-1.216140455669827
1710778147.741335,-1.2003793981340196
1710778147.7414482,-1.1863696575164795
1710778147.7415612,-1.1713091532389324
1710778147.7416744,-1.1551980177561443
1710778147.7417877,-1.13908674981859
1710778147.741901,-1.1212242974175346
1710778147.742014,-1.1023110813564725
1710778147.7421272,-1.082347167862786
1710778147.7422404,-1.061682767338223
1710778147.7423537,-1.0410183668136597
1710778147.7424667,-1.0210544533199735
1710778147.74258,-1.001090539826287
1710778147.7426932,-0.981827179590861
1710778147.7428064,-0.9625637531280518
1710778147.7429197,-0.9433003266652424
1710778147.7430327,-0.9222856495115492
1710778147.743146,-0.9005705515543619
1710778147.7432592,-0.8781549003389146
1710778147.7433724,-0.8539880646599664
1710778147.7434855,-0.830171439382765
1710778147.7435987,-0.8049539062711928
1710778147.743712,-0.7811372809939914
1710778147.7438252,-0.7580212089750502
1710778147.7439382,-0.7342045836978488
1710778147.7440515,-0.7110885116789076
1710778147.7441647,-0.6879723734325832
1710778147.744278,-0.6624045636918809
1710778147.744391,-0.6371869643529257
1710778147.7445042,-0.6109186675813463
1710778147.7446175,-0.583599673377143
1710778147.7447307,-0.5569810999764336
1710778147.744844,-0.5296620726585388
1710778147.744957,-0.5044444733195834
1710778147.7450702,-0.47992739412519664
1710778147.7451835,-0.45541031493080986
1710778147.7452967,-0.4305429922209846
1710778147.7454097,-0.40602591302659774
1710778147.745523,-0.3794073396258884
1710778147.7456362,-0.3520883123079936
1710778147.7457495,-0.3237185544437832
1710778147.7458625,-0.29499851995044285
1710778147.7459757,-0.2645273009936015
1710778147.746089,-0.23510679602622986
1710778147.7462022,-0.206386794646581
1710778147.7463155,-0.17731653319464788
1710778147.7464285,-0.1485965152581533
1710778147.7465417,-0.11952626208464304
1710778147.746655,-0.08975551360183291
1710778147.7467682,-0.05893403457270728
1710778147.7468812,-0.02846280319823159
1710778147.7469945,0.003760386672284868
1710778147.7471077,0.03493820627530416
1710778147.747221,0.06646633976035647
1710778147.747334,0.0979944732454088
1710778147.7474473,0.1277710414595074
1710778147.7475605,0.15579604440265232
1710778147.7476737,0.18417136536704168
1710778147.747787,0.2114957571029663
1710778147.7479,0.23917044202486673
1710778147.7480133,0.2678960727320777
1710778147.7481265,0.29627141025331283
1710778147.7482398,0.325697660446167
1710778147.7483528,0.3547736008961995
1710778147.748466,0.3841998510890537
1710778147.7485793,0.41222486231062144
1710778147.7486925,0.4395492540465461
1710778147.7488055,0.46687361266877914
1710778147.7489188,0.4934973849190606
1710778147.749032,0.5197708143128289
1710778147.7491453,0.5474455157915751
1710778147.7492583,0.5747699075274997
1710778147.7493715,0.602444609006246
1710778147.7494848,0.6318708260854086
1710778147.749598,0.6595455275641547
1710778147.7497113,0.6868699524137709
1710778147.7498243,0.7131433486938477
1710778147.7499375,0.7383659150865343
1710778147.7500508,0.7614864905675252
1710778147.750164,0.783906512790256
1710778147.750277,0.8059761921564738
1710778147.7503903,0.8283962143792046
1710778147.7505035,0.8504658937454224
1710778147.7506168,0.8725356393390231
1710778147.7507298,0.895305938190884
1710778147.750843,0.9163246552149454
1710778147.7509563,0.9373434384663899
1710778147.7510695,0.956960916519165
1710778147.7511828,0.9755274984571669
1710778147.7512958,0.9930431180530124
1710778147.751409,1.0095078415340848
1710778147.7515223,1.026322841644287
1710778147.7516356,1.0438384612401326
1710778147.7517486,1.0613540808359783
1710778147.7518618,1.07992066277398
1710778147.751975,1.0977866252263386
1710778147.7520883,1.114951901965671
1710778147.7522013,1.1310663488176134
1710778147.7523146,1.1461297671000164
1710778147.7524278,1.1594416035546196
1710778147.752541,1.17170254389445
1710778147.7526543,1.1832629309760199
1710778147.7527673,1.1941224998897977
1710778147.7528806,1.2046319908565946
1710778147.7529938,1.2168929311964247
1710778147.753107,1.2274022897084553
1710778147.75322,1.2382619910769992
1710778147.7533333,1.249822245703803
1710778147.7534466,1.2592807081010606
1710778147.7535598,1.268038484785292
1710778147.7536728,1.2746944692399766
1710778147.753786,1.2813504536946614
1710778147.7538993,1.28800630569458
1710778147.7540126,1.2939616044362385
1710778147.7541256,1.3013182746039496
1710778147.7542388,1.3079741266038682
1710778147.754352,1.3149804539150662
1710778147.7544653,1.3216363059149847
1710778147.7545786,1.3279419475131564
1710778147.7546916,1.3324960072835286
1710778147.7548048,1.3352984852261014
1710778147.754918,1.3356488280826144
1710778147.7550313,1.3342475891113281
1710778147.7551444,1.3324960072835286
1710778147.7552576,1.329693529340956
1710778147.7553709,1.3268910513983831
1710778147.755484,1.3237382305992973
1710778147.755597,1.3212860955132377
1710778147.7557104,1.3170822461446126
1710778147.7558236,1.3132288720872667
1710778147.7559369,1.306923230489095
1710778147.75605,1.3002672460344102
1710778147.7561631,1.2918598122066922
1710778147.7562764,1.283452245924208
1710778147.7563896,1.2750448120964897
1710778147.7565029,1.2662869029574924
1710778147.7566159,1.2582298119862874
1710778147.7567291,1.2508731418185763
1710778147.7568424,1.2435166041056316
1710778147.7569556,1.2351091702779133
1710778147.7570686,1.226701603995429
1710778147.757182,1.2154916922251384
1710778147.7572951,1.203230751885308
1710778147.7574084,1.1895684401194255
1710778147.7575214,1.1734541257222493
1710778147.7576346,1.156639125612047
1710778147.757748,1.1394737826453314
1710778147.7578611,1.122308439678616
1710778147.7579744,1.1051431629392836
1710778147.7580874,1.087977819972568
1710778147.7582006,1.0704622003767226
1710778147.758314,1.0515453418095906
1710778147.7584271,1.0312271780437894
1710778147.7585402,1.0116096999910142
1710778147.7586534,0.9891896777682834
1710778147.7587667,0.9657187594307793
1710778147.75888,0.9429484605789185
1710778147.758993,0.9208787149853176
1710778147.7591062,0.8995096551047431
1710778147.7592194,0.8777903185950385
1710778147.7593327,0.856421258714464
1710778147.759446,0.8357527520921495
1710778147.759559,0.8136830727259318
1710778147.7596722,0.7905624310175577
1710778147.7597854,0.7660405503378974
1710778147.7598987,0.7422193553712633
1710778147.7600117,0.7166465123494467
1710778147.760125,0.6914240121841431
1710778147.7602382,0.6655008925331963
1710778147.7603514,0.6420299079683092
1710778147.7604644,0.617858370145162
1710778147.7605777,0.5943873855802748
1710778147.760691,0.5691648854149712
1710778147.7608042,0.5439423852496676
1710778147.7609174,0.5190701948271857
1710778147.7610304,0.4913955264621311
1710778147.7611437,0.462319552898407
1710778147.761257,0.4332436124483744
1710778147.7613702,0.40451798174116343
1710778147.7614832,0.37474142180548775
1710778147.7615964,0.34636610084109837
1710778147.7617097,0.31834108961953056
1710778147.761823,0.2899657686551412
1710778147.761936,0.26053951846228707
1710778147.7620492,0.23111325171258715
1710778147.7621624,0.20098638203408983
1710778147.7622757,0.16875762078497145
1710778147.7623887,0.1379301067855623
1710778147.762502,0.10535103579362233
1710778147.7626152,0.07382290230857001
1710778147.7627285,0.04264508270555072
1710778147.7628417,0.01321882630387942
1710778147.7629547,-0.016554505046870973
1710778147.763068,-0.045975007944636874
1710778147.7631812,-0.0750452611181471
1710778147.7632945,-0.10586674014727274
1710778147.7634075,-0.1377389497227139
1710778147.7635207,-0.16996140281359354
1710778147.763634,-0.2028843429353502
1710778147.7637472,-0.23650777008798388
1710778147.7638602,-0.2697809702820248
1710778147.7639735,-0.3020034233729045
1710778147.7640867,-0.3342258599069383
1710778147.7642,-0.36504735549290973
1710778147.7643132,-0.3941176003879971
1710778147.7644262,-0.4249390959739685
1710778147.7645395,-0.45506007141537136
1710778147.7646527,-0.4858815670013428
1710778147.764766,-0.5167030294736227
1710778147.764879,-0.5468240049150255
1710778147.7649922,-0.5762445264392428
1710778147.7651055,-0.6039137972725762
1710778147.7652187,-0.6308825810750326
1710778147.7653317,-0.6564503908157349
1710778147.765445,-0.6799167394638062
1710778147.7655582,-0.7047840621736314
1710778147.7656715,-0.7289509640799628
1710778147.7657847,-0.7538182867897881
1710778147.7658978,-0.7797363069322374
1710778147.766011,-0.8070553673638238
1710778147.7661242,-0.8336739407645332
1710778147.7662375,-0.8595919609069824
1710778147.7663505,-0.8862105343076918
1710778147.7664638,-0.910727580388387
1710778147.766577,-0.9348944160673354
1710778147.7666903,-0.9583607647154067
1710778147.7668033,-0.980776415930854
1710778147.7669165,-1.0042427645789251
1710778147.7670298,-1.0266584157943726
1710778147.767143,-1.0494242774115667
1710778147.767256,-1.071839862399631
1710778147.7673693,-1.0928545395533245
1710778147.7674825,-1.1124682426452637
1710778147.7675958,-1.1310311158498128
1710778147.767709,-1.148543357849121
1710778147.767822,-1.1629033088684082
1710778147.7679353,-1.1776136027442083
1710778147.7680485,-1.1916233433617485
1710778147.7681618,-1.2052828735775418
1710778147.7682748,-1.219642824596829
1710778147.768388,-1.235053671730889
1710778147.7685013,-1.2497638331519232
1710778147.7686145,-1.2644741270277235
1710778147.7687275,-1.2795346313052707
1710778147.7688408,-1.2921433978610568
1710778147.768954,-1.303701400756836
1710778147.7690673,-1.315259536107381
1710778147.7691805,-1.3247161441379123
1710778147.7692935,-1.3348731729719374
1710778147.7694068,-1.3450302018059623
1710778147.76952,-1.3555375734965007
1710778147.7696333,-1.3649941815270317
1710778147.7697463,-1.3748009999593098
1710778147.7698596,-1.383907397588094
1710778147.7699728,-1.391962899102105
1710778147.770086,-1.398267348607381
1710778147.770199,-1.4031708240509033
1710778147.7703123,-1.4070234033796523
1710778147.7704256,-1.4094751411014133
1710778147.7705388,-1.4112263255649142
1710778147.770652,-1.4133278528849285
1710778147.770765,-1.4154292477501762
1710778147.7708783,-1.4171805646684434
1710778147.7709916,-1.4189317491319444
1710778147.7711048,-1.4199825127919514
1710778147.7712178,-1.4189317491319444
1710778147.771331,-1.4171805646684434
1710778147.7714443,-1.4140282736884222
1710778147.7715576,-1.4087747202979193
1710778147.7716706,-1.4031708240509033
1710778147.7717838,-1.3968663745456271
1710778147.771897,-1.3912624782986112
1710778147.7720103,-1.384607818391588
1710778147.7721233,-1.3793541325463188
1710778147.7722366,-1.3730498154958088
1710778147.7723498,-1.3663951555887859
1710778147.772463,-1.3579893112182617
1710778147.7725763,-1.3485327031877306
1710778147.7726893,-1.3369745678371854
1710778147.7728026,-1.3243658012813992
1710778147.7729158,-1.3114068243238661
1710778147.773029,-1.297747294108073
1710778147.773142,-1.2837375534905326
1710778147.7732553,-1.2707784440782335
1710778147.7733686,-1.2571190463172064
1710778147.7734818,-1.2434595161014133
1710778147.7735949,-1.2287492222256131
1710778147.773708,-1.2126379542880588
1710778147.7738214,-1.1961764759487576
1710778147.7739346,-1.1776136027442083
1710778147.7740479,-1.1579999658796523
1710778147.7741609,-1.138736539416843
1710778147.774274,-1.1191227700975206
1710778147.7743874,-1.0998594098620944
1710778147.7745006,-1.0816466808319092
1710778147.7746136,-1.0634340180291069
1710778147.7747269,-1.0452213552263048
1710778147.77484,-1.0263081391652424
1710778147.7749534,-1.0056437386406791
1710778147.7750664,-0.9846291277143691
1710778147.7751796,-0.9625637531280518
1710778147.7752929,-0.9387471278508503
1710778147.7754061,-0.9152807792027791
1710778147.7755191,-0.8914641539255778
1710778147.7756324,-0.8679978052775065
1710778147.7757456,-0.8445314566294352
1710778147.7758589,-0.8217655950122409
1710778147.7759721,-0.7986495229932997
1710778147.7760851,-0.7734319236543443
1710778147.7761984,-0.748914877573649
1710778147.7763116,-0.7226465145746866
1710778147.776425,-0.6953275203704834
1710778147.776538,-0.668008459938897
1710778147.7766511,-0.6406893995073106
1710778147.7767644,-0.6133704053031074
1710778147.7768776,-0.586401621500651
1710778147.7769907,-0.5604835351308187
1710778147.777104,-0.5352659689055549
1710778147.7772171,-0.5096981591648525
1710778147.7773304,-0.48342982927958167
1710778147.7774436,-0.45681128899256385
1710778147.7775567,-0.42844153112835354
1710778147.77767,-0.39937125311957467
1710778147.7777832,-0.3706512517399258
1710778147.7778964,-0.34088051981396145
1710778147.7780094,-0.3111097547743055
1710778147.7781227,-0.2823897533946567
1710778147.778236,-0.25366973545816207
1710778147.7783492,-0.22459947400622898
1710778147.7784622,-0.19482874208026463
1710778147.7785754,-0.165408237112893
1710778147.7786887,-0.13458675808376735
1710778147.778802,-0.10201405319902632
1710778147.7789152,-0.06979160010814667
1710778147.7790282,-0.036168172955513
1710778147.7791414,-0.004295962345268991
1710778147.7792547,0.027231329845057592
1710778147.779368,0.05875946333010991
1710778147.779481,0.08853603568341997
1710778147.7795942,0.11831260389751858
1710778147.7797074,0.1477388540903727
1710778147.7798207,0.1778657403257158
1710778147.7799337,0.2076423168182373
1710778147.780047,0.23952075176768833
1710778147.7801602,0.269997947745853
1710778147.7802734,0.30047516028086346
1710778147.7803864,0.3306020299593608
1710778147.7804997,0.36037858989503646
1710778147.780613,0.3870023621453179
1710778147.7807262,0.4143267538812425
1710778147.7808394,0.4406001832750108
1710778147.7809525,0.46652330292595756
1710778147.7810657,0.49279676543341744
1710778147.781179,0.520121157169342
1710778147.7812922,0.5481461352772182
1710778147.7814052,0.5744195646709865
1710778147.7815185,0.6017439895206027
1710778147.7816317,0.6276671091715494
1710778147.781745,0.6521889898512099
1710778147.781858,0.676010251045227
1710778147.7819712,0.6987805498970879
1710778147.7820845,0.7204999526341757
1710778147.7821977,0.7425696320003933
1710778147.782311,0.7649896542231241
1710778147.782424,0.787759953074985
1710778147.7825372,0.810880594783359
1710778147.7826505,0.8333006170060899
1710778147.7827637,0.856421258714464
1710778147.7828767,0.8777903185950385
1710778147.78299,0.8981084161334567
1710778147.7831032,0.9177259604136149
1710778147.7832165,0.9362924761242336
1710778147.7833295,0.9538080957200792
1710778147.7834427,0.972374677658081
1710778147.783556,0.9916418790817261
1710778147.7836692,1.0112594233618841
1710778147.7837825,1.0308769014146593
1710778147.7838955,1.0501441028383043
1710778147.7840087,1.0690609614054363
1710778147.784122,1.0872772004869249
1710778147.7842352,1.103041304482354
1710778147.7843482,1.117754379908244
1710778147.7844615,1.1317669020758734
1710778147.7845747,1.1447285281287298
1710778147.784688,1.1576900217268202
1710778147.784801,1.1706516477796767
1710778147.7849143,1.1836131413777669
1710778147.7850275,1.19552387131585
1710778147.7851408,1.2081350220574272
1710778147.7852538,1.2196954091389973
1710778147.785367,1.2295040819380019
1710778147.7854803,1.2379116482204862
1710778147.7855935,1.2456185287899442
1710778147.7857068,1.252274513244629
1710778147.7858198,1.2582298119862874
1710778147.785933,1.264535453584459
1710778147.7860463,1.2711913055843778
1710778147.7861595,1.2778472900390625
1710778147.7862725,1.2855541706085205
1710778147.7863858,1.2925603654649522
1710778147.786499,1.2985156642066107
1710778147.7866123,1.3030697239769828
1710778147.7867253,1.306572887632582
1710778147.7868385,1.3079741266038682
1710778147.7869518,1.3090251551734076
1710778147.787065,1.3097257084316678
1710778147.7871783,1.3093753655751545
1710778147.7872913,1.3097257084316678
1710778147.7874045,1.3100760512881808
1710778147.7875178,1.310426394144694
1710778147.787631,1.3093753655751545
1710778147.787744,1.3076237837473552
1710778147.7878573,1.3044709629482694
1710778147.7879705,1.298866007063124
1710778147.7880838,1.2922100226084392
1710778147.7881968,1.2848534848954942
1710778147.78831,1.27574536535475
1710778147.7884233,1.2669875886705186
1710778147.7885365,1.2585800223880343
1710778147.7886498,1.249822245703803
1710778147.7887628,1.2407141261630588
1710778147.788876,1.2316060066223145
1710778147.7889893,1.2217972013685439
1710778147.7891026,1.2098866038852267
1710778147.7892156,1.1976256635453966
1710778147.7893288,1.1843138270907931
1710778147.789442,1.1699509620666504
1710778147.7895553,1.156288782755534
1710778147.7896683,1.1426266034444172
1710778147.7897816,1.129665109846327
1710778147.7898948,1.117404169506497
1710778147.790008,1.1054935057957966
1710778147.790121,1.0928822225994534
1710778147.7902343,1.0788697004318237
1710778147.7903476,1.064156625005934
1710778147.7904608,1.0469912820392184
1710778147.790574,1.0291253195868597
1710778147.790687,1.010208461019728
1710778147.7908003,0.9916418790817261
1710778147.7909136,0.9720244010289509
1710778147.7910268,0.9527571996053059
1710778147.7911398,0.9345409605238173
1710778147.791253,0.9149234162436591
1710778147.7913663,0.8956562148200141
1710778147.7914796,0.8756883939107258
1710778147.7915926,0.8543193340301514
1710778147.7917058,0.8315490351782905
1710778147.791819,0.8091290129555596
1710778147.7919323,0.7867089907328287
1710778147.7920456,0.7639386918809679
1710778147.7921586,0.7418690125147501
1710778147.7922719,0.7212005721198188
1710778147.792385,0.7001817888683742
1710778147.7924984,0.6795133484734429
1710778147.7926114,0.6577940119637383
1710778147.7927246,0.6350236468844943
1710778147.7928379,0.6108521090613471
1710778147.792951,0.5859798855251735
1710778147.793064,0.5583051840464274
1710778147.7931774,0.5306305156813728
1710778147.7932906,0.5026055044598049
1710778147.7934039,0.4749308029810587
1710778147.7935169,0.44620517227384776
1710778147.7936301,0.4181801941659715
1710778147.7937434,0.3908558024300469
1710778147.7938566,0.36213017172283596
1710778147.7939699,0.333404541015625
1710778147.7940829,0.30362794796625775
1710778147.7941961,0.27280045880211723
1710778147.7943094,0.24267357256677416
1710778147.7944226,0.2121963765886095
1710778147.7945356,0.18312043613857693
1710778147.794649,0.1540444791316986
1710778147.7947621,0.1260194761885537
1710778147.7948754,0.0997460385163625
1710778147.7949884,0.07207134531603919
1710778147.7951016,0.04544758548339208
1710778147.795215,0.016021327012115054
1710778147.7953281,-0.01375255174934864
1710778147.7954414,-0.04492427325910992
1710778147.7955544,-0.07539550463358562
1710778147.7956676,-0.10761795772446527
1710778147.795781,-0.1384394367535909
1710778147.7958941,-0.16961115929815504
1710778147.7960072,-0.19973215129640368
1710778147.7961204,-0.2291526562637753
1710778147.7962337,-0.25892340474658543
1710778147.796347,-0.2893946237034268
1710778147.79646,-0.3195156322585212
1710778147.7965732,-0.34998685121536255
1710778147.7966864,-0.38080834680133396
1710778147.7967997,-0.4116298092736138
1710778147.796913,-0.44140054119957817
1710778147.797026,-0.46942008866204155
1710778147.7971392,-0.49743960301081336
1710778147.7972524,-0.5240581432978312
1710778147.7973657,-0.5492757426367866
1710778147.7974787,-0.5744932757483588
1710778147.797592,-0.6007615725199381
1710778147.7977052,-0.6263294484880235
1710778147.7978184,-0.6525977452596029
1710778147.7979314,-0.6799167394638062
1710778147.7980447,-0.7065353128645155
1710778147.798158,-0.7314026355743408
1710778147.7982712,-0.7559197478824191
1710778147.7983842,-0.7793860965304904
1710778147.7984974,-0.8014514711168077
1710778147.7986107,-0.823516845703125
1710778147.798724,-0.8452319436603122
1710778147.7988372,-0.8669471078448825
1710778147.7989502,-0.8897129694620768
1710778147.7990634,-0.9128290414810181
1710778147.7991767,-0.9359451797273424
1710778147.79929,-0.9590612517462836
1710778147.799403,-0.982177389992608
1710778147.7995162,-1.0045930412080553
1710778147.7996294,-1.0245569547017415
1710778147.7997427,-1.0448710785971747
1710778147.7998557,-1.0634340180291069
1710778147.799969,-1.0833979315227933
1710778147.8000822,-1.1026613579856024
1710778147.8001955,-1.1226252714792888
1710778147.8003087,-1.142238908343845
1710778147.8004217,-1.1622028880649142
1710778147.800535,-1.1818165249294705
1710778147.8006482,-1.1996789773305256
1710778147.8007615,-1.216490666071574
1710778147.8008745,-1.230850617090861
1710778147.8009877,-1.2452107005649142
1710778147.801101,-1.2581696775224473
1710778147.8012142,-1.2714789973364935
1710778147.8013272,-1.2837375534905326
1710778147.8014405,-1.297397083706326
1710778147.8015537,-1.3114068243238661
1710778147.801667,-1.3243658012813992
1710778147.8017802,-1.3369745678371854
1710778147.8018932,-1.3488829135894775
1710778147.8020065,-1.3586897320217557
1710778147.8021197,-1.3663951555887859
1710778147.802233,-1.3737502362993028
1710778147.802346,-1.380054685804579
1710778147.8024592,-1.384958028793335
1710778147.8025725,-1.390561925040351
1710778147.8026857,-1.3965161641438801
1710778147.8027987,-1.401769717534383
1710778147.802912,-1.4063229825761583
1710778147.8030252,-1.4101756943596733
1710778147.8031385,-1.4119268788231742
1710778147.8032515,-1.4129776424831815
1710778147.8033648,-1.4119268788231742
1710778147.803478,-1.4105259047614203
1710778147.8035913,-1.4077239566379123
1710778147.8037045,-1.4045717981126573
1710778147.8038175,-1.4031708240509033
1710778147.8039308,-1.401769717534383
1710778147.804044,-1.400018533070882
1710778147.8041573,-1.3993181122673881
1710778147.8042703,-1.3968663745456271
1710778147.8043835,-1.3940644264221191
1710778147.8044968,-1.38881074057685
1710778147.80461,-1.382156080669827
1710778147.804723,-1.3744507895575628
1710778147.8048363,-1.3653443919287787
1710778147.8049495,-1.3562379942999945
1710778147.8050628,-1.3471317291259766
1710778147.805176,-1.3376751210954454
1710778147.805289,-1.3282185130649142
1710778147.8054023,-1.317711141374376
1710778147.8055155,-1.306153138478597
1710778147.8056288,-1.2924936082628038
1710778147.8057418,-1.2777834468417697
1710778147.805855,-1.2613219685024686
1710778147.8059683,-1.2445101473066542
1710778147.8060815,-1.226297484503852
1710778147.8061945,-1.2091355853610568
1710778147.8063078,-1.1923238966200087
1710778147.806421,-1.1765628390842013
1710778147.8065343,-1.1615023348066542
1710778147.8066475,-1.1446906460656059
1710778147.8067605,-1.1292799313863118
1710778147.8068738,-1.1121178997887504
1710778147.806987,-1.0928545395533245
1710778147.8071003,-1.0735911130905151
1710778147.8072133,-1.053627199596829
1710778147.8073266,-1.0336632861031425
1710778147.8074398,-1.0129988855785794
1710778147.807553,-0.9926846954557631
1710778147.807666,-0.9727207819620768
1710778147.8077793,-0.9531071450975206
1710778147.8078926,-0.9324427445729573
1710778147.8080058,-0.910727580388387
1710778147.8081188,-0.8879617187711928
1710778147.808232,-0.8630943960613674
1710778147.8083453,-0.8368260992897881
1710778147.8084586,-0.8105578025182087
1710778147.8085718,-0.7832387420866225
1710778147.8086848,-0.7566202349132961
1710778147.808798,-0.7300016615125868
1710778147.8089113,-0.7044338517718844
1710778147.8090246,-0.6781655550003052
1710778147.8091376,-0.6515469815995958
1710778147.8092508,-0.6238777107662624
1710778147.809364,-0.5962084399329292
1710778147.8094773,-0.5660874313778347
1710778147.8095903,-0.5366669429673089
1710778147.8097036,-0.5058454473813375
1710778147.8098168,-0.4760747154553731
1710778147.80993,-0.44595374001397026
1710778147.8100433,-0.4168834620051914
1710778147.8101563,-0.3881634606255425
1710778147.8102696,-0.35944345924589366
1710778147.8103828,-0.3300229377216763
1710778147.810496,-0.29955171876483494
1710778147.810609,-0.2673292491171095
1710778147.8107224,-0.23510679602622986
1710778147.8108356,-0.2021838559044732
1710778147.8109488,-0.16821018523640102
1710778147.8110619,-0.13528724511464438
1710778147.811175,-0.1027145485083262
1710778147.8112884,-0.07154282596376207
1710778147.8114016,-0.04002085576454798
1710778147.8115146,-0.009549623355269432
1710778147.8116279,0.020925702734125983
1710778147.811741,0.051753210524717964
1710778147.8118544,0.08293103012773725
1710778147.8119676,0.11515979137685564
1710778147.8120806,0.14668792486190796
1710778147.8121939,0.17856637636820474
1710778147.8123071,0.20799262656105888
1710778147.8124204,0.23811951279640198
1710778147.8125334,0.26684514350361294
1710778147.8126466,0.29487013816833496
1710778147.8127599,0.3235957688755459
1710778147.8128731,0.3516207800971137
1710778147.8129861,0.3796457913186815
1710778147.8130994,0.4104733135965135
1710778147.8132126,0.44024987353218925
1710778147.813326,0.47072705295350814
1710778147.8134391,0.500853955745697
1710778147.8135521,0.5295795864529079
1710778147.8136654,0.5583051840464274
1710778147.8137786,0.5856296088960435
1710778147.813892,0.610501766204834
1710778147.814005,0.6367752287122939
1710778147.8141181,0.6623480717341105
1710778147.8142314,0.6875705718994141
1710778147.8143446,0.7145446538925171
1710778147.8144577,0.7404677735434638
1710778147.814571,0.7660405503378974
1710778147.8146842,0.7909127738740709
1710778147.8147974,0.8150843116972182
1710778147.8149107,0.8371540572908189
1710778147.8150237,0.8585231171713935
1710778147.815137,0.8784909380806817
1710778147.8152502,0.8995096551047431
1710778147.8153634,0.9191271993849013
1710778147.8154764,0.9397956397798326
1710778147.8155897,0.960814356803894
1710778147.815703,0.9821834166844685
1710778147.8158162,1.0028518570793998
1710778147.8159292,1.0228196779886882
1710778147.8160424,1.0424372222688463
1710778147.8161557,1.060303184721205
1710778147.816269,1.0774684614605374
1710778147.816382,1.0939331849416096
1710778147.8164952,1.111098461680942
1710778147.8166084,1.1282637384202745
1710778147.8167217,1.145779424243503
1710778147.816835,1.1629447672102187
1710778147.816948,1.1808106634351943
1710778147.8170612,1.1972753206888835
1710778147.8171744,1.2144406636555989
1710778147.8172877,1.2281028429667156
1710778147.8174007,1.241414811876085
1710778147.817514,1.2519241703881157
1710778147.8176272,1.2624335289001465
1710778147.8177404,1.271891991297404
1710778147.8178535,1.2813504536946614
1710778147.8179667,1.2901082303788927
1710778147.81808,1.298866007063124
1710778147.8181932,1.3072735733456082
1710778147.8183064,1.314630111058553
1710778147.8184195,1.3216363059149847
1710778147.8185327,1.3254898124270968
1710778147.818646,1.3293431864844427
1710778147.8187592,1.3310947683122423
1710778147.8188722,1.3328463501400418
1710778147.8189855,1.3345979319678412
1710778147.8190987,1.3356488280826144
1710778147.819212,1.337750752766927
1710778147.819325,1.3395023345947266
1710778147.8194382,1.3412537839677598
1710778147.8195515,1.3426551553938124
1710778147.8196647,1.3423048125372992
1710778147.819778,1.3402028878529866
1710778147.819891,1.3366997241973877
1710778147.8200042,1.3317954540252686
1710778147.8201175,1.3251394695705838
1710778147.8202307,1.318833827972412
1710778147.8203437,1.3114772902594671
1710778147.820457,1.3044709629482694
1710778147.8205702,1.2981654538048637
1710778147.8206835,1.2897578875223796
1710778147.8207965,1.2824013498094347
1710778147.8209097,1.2736435731252034
1710778147.821023,1.2634844250149198
1710778147.8211362,1.2515738275316026
1710778147.8212492,1.2403637833065457
1710778147.8213625,1.2270519468519423
1710778147.8214757,1.2161922454833984
1710778147.821589,1.2039313051435683
1710778147.8217022,1.1930716037750244
1710778147.8218153,1.1818615595499675
1710778147.8219285,1.1710019906361897
1710778147.8220417,1.1594416035546196
1710778147.822155,1.1471806632147894
1710778147.822268,1.1317669020758734
1710778147.8223813,1.1156525876786973
1710778147.8224945,1.0977866252263386
1710778147.8226078,1.0792200432883368
1710778147.8227208,1.0596024990081787
1710778147.822834,1.0403353638119168
1710778147.8229473,1.0207178195317586
1710778147.8230605,1.0011003414789836
1710778147.8231738,0.9818331400553385
1710778147.8232868,0.9618653191460503
1710778147.8234,0.941547155380249
1710778147.8235133,0.9191271993849013
1710778147.8236265,0.8967071771621704
1710778147.8237395,0.8735865354537964
1710778147.8238528,0.8508162366019355
1710778147.823966,0.8283962143792046
1710778147.8240793,0.8066768116421169
1710778147.8241923,0.7860083712471856
1710778147.8243055,0.7656902737087673
1710778147.8244188,0.745372109942966
1710778147.824532,0.7243533929189047
1710778147.8246453,0.7026339901818169
1710778147.8247583,0.6781121095021566
1710778147.8248715,0.6546411911646525
1710778147.8249848,0.6276671091715494
1710778147.825098,0.6020942661497328
1710778147.825211,0.5751202503840128
1710778147.8253243,0.5484964781337314
1710778147.8254375,0.5215223961406283
1710778147.8255508,0.49559927648968166
1710778147.8256638,0.4693258139822218
1710778147.825777,0.4409504930178324
1710778147.8258903,0.4132757915390862
1710778147.8260036,0.38244830237494576
1710778147.8261166,0.3523213995827569
1710778147.8262298,0.3207932909329732
1710778147.826343,0.2896154589123196
1710778147.8264563,0.25913826293415493
1710778147.8265696,0.22901137669881183
1710778147.8266826,0.19923481676313612
1710778147.8267958,0.1698085500134362
1710778147.826909,0.14038229982058206
1710778147.8270223,0.11060572332806057
1710778147.8271353,0.0797782176070743
1710778147.8272486,0.04860039800405502
1710778147.8273618,0.017422578401035733
1710778147.827475,-0.014803284365269873
1710778147.827588,-0.04562476028998693
1710778147.8277013,-0.07574574814902411
1710778147.8278146,-0.10481600960095723
1710778147.8279278,-0.13283553222815195
1710778147.828041,-0.16050481133990818
1710778147.828154,-0.18817409873008728
1710778147.8282673,-0.21619362963570488
1710778147.8283806,-0.2445633874999152
1710778147.8284938,-0.2739838924672868
1710778147.8286068,-0.30410488446553546
1710778147.82872,-0.3335253728760613
1710778147.8288333,-0.3625956508848402
1710778147.8289466,-0.39096540874905056
1710778147.8290596,-0.4175839490360684
1710778147.8291728,-0.4442025224367777
1710778147.829286,-0.47047081920835704
1710778147.8293993,-0.49673911597993636
1710778147.8295124,-0.5233576562669542
1710778147.8296256,-0.5499762296676636
1710778147.8297389,-0.5772952238718668
1710778147.829852,-0.6053147713343302
1710778147.8299654,-0.6319333447350396
1710778147.8300784,-0.6585518519083658
1710778147.8301916,-0.6834191746181911
1710778147.8303049,-0.7075860765245225
1710778147.830418,-0.7300016615125868
1710778147.8305311,-0.7531177997589111
1710778147.8306444,-0.7755333847469753
1710778147.8307576,-0.7986495229932997
1710778147.8308709,-0.822115871641371
1710778147.8309839,-0.8469831943511963
1710778147.8310971,-0.8722007274627686
1710778147.8312104,-0.8960173527399699
1710778147.8313236,-0.9198339780171711
1710778147.8314369,-0.9415490759743584
1710778147.83155,-0.9629139635297987
1710778147.8316631,-0.9835783640543619
1710778147.8317764,-1.0042427645789251
1710778147.8318896,-1.0228057040108574
1710778147.8320026,-1.0427696175045438
1710778147.832116,-1.06273353099823
1710778147.8322291,-1.0830476548936632
1710778147.8323424,-1.1012603839238484
1710778147.8324554,-1.1201735337575276
1710778147.8325686,-1.136635012096829
1710778147.832682,-1.152746280034383
1710778147.8327951,-1.1664058102501762
1710778147.8329084,-1.1804155508677165
1710778147.8330214,-1.1923238966200087
1710778147.8331347,-1.2063336372375488
1710778147.833248,-1.219642824596829
1710778147.8333611,-1.233652565214369
1710778147.8334742,-1.2487130694919162
1710778147.8335874,-1.2630731529659696
1710778147.8337007,-1.2774331039852567
1710778147.833814,-1.2903922133975558
1710778147.833927,-1.301950216293335
1710778147.8340402,-1.3128077983856201
1710778147.8341534,-1.3222644064161513
1710778147.8342667,-1.3310204611884222
1710778147.8343797,-1.3387258847554524
1710778147.834493,-1.3478321499294705
1710778147.8346062,-1.3562379942999945
1710778147.8347194,-1.3642936282687717
1710778147.8348327,-1.3702478673723009
1710778147.8349457,-1.3762019740210638
1710778147.835059,-1.3797043429480658
1710778147.8351722,-1.381455659866333
1710778147.8352854,-1.382156080669827
1710778147.8353984,-1.3811053170098198
1710778147.8355117,-1.379003922144572
1710778147.835625,-1.3779531584845648
1710778147.8357382,-1.3758517636193168
1710778147.8358512,-1.3755014207628038
1710778147.8359644,-1.3744507895575628
1710778147.8360777,-1.3726994726392958
1710778147.836191,-1.3712984985775418
1710778147.8363042,-1.3677961296505399
1710778147.8364172,-1.3635932074652777
1710778147.8365304,-1.3579893112182617
1710778147.8366437,-1.3513346513112385
1710778147.836757,-1.3446799914042156
1710778147.83687,-1.3387258847554524
1710778147.8369832,-1.3320712248484294
1710778147.8370965,-1.3261171181996663
1710778147.8372097,-1.320162879096137
1710778147.8373227,-1.3128077983856201
1710778147.837436,-1.30510237481859
1710778147.8375492,-1.295996109644572
1710778147.8376625,-1.2854887379540336
1710778147.8377757,-1.2728799713982475
1710778147.8378887,-1.2595706515842013
1710778147.838002,-1.2473120954301622
1710778147.8381152,-1.234002908070882
1710778147.8382285,-1.221394141515096
1710778147.8383415,-1.2091355853610568
1710778147.8384547,-1.1968770292070177
1710778147.838568,-1.1839179197947185
1710778147.8386812,-1.1706087324354384
1710778147.8387942,-1.155898438559638
1710778147.8389075,-1.140487723880344
1710778147.8390207,-1.1240262455410428
1710778147.839134,-1.1068642801708646
1710778147.839247,-1.0893521043989394
1710778147.8393602,-1.071839862399631
1710778147.8394735,-1.05537838406033
1710778147.8395867,-1.0385666953192816
1710778147.8397,-1.0214047299491034
1710778147.839813,-1.0038925541771782
1710778147.8399262,-0.983928640683492
1710778147.8400395,-0.9625637531280518
1710778147.8401527,-0.9404983785417345
1710778147.8402658,-0.9173822402954102
1710778147.840379,-0.8925149175855849
1710778147.8404922,-0.8676475948757595
1710778147.8406055,-0.8431304825676812
1710778147.8407185,-0.8189636468887329
1710778147.8408318,-0.7951470878389146
1710778147.840945,-0.7709802521599664
1710778147.8410583,-0.7475138372845119
1710778147.8411715,-0.7215958171420627
1710778147.8412845,-0.6963782178031074
1710778147.8413978,-0.668708946969774
1710778147.841511,-0.6420903735690646
1710778147.8416243,-0.6137206157048544
1710778147.8417373,-0.586401621500651
1710778147.8418505,-0.5594328376981947
1710778147.8419638,-0.5342152383592393
1710778147.842077,-0.5079469415876601
1710778147.84219,-0.4816786117023892
1710778147.8423033,-0.45506007141537136
1710778147.8424165,-0.425989826520284
1710778147.8425298,-0.3972697920269436
1710778147.842643,-0.36714881658554077
1710778147.842756,-0.33492634693781537
1710778147.8428693,-0.30375464095009697
1710778147.8429825,-0.27223267489009434
1710778147.8430958,-0.24106095234553018
1710778147.8432088,-0.21129020386272007
1710778147.843322,-0.18081896834903294
1710778147.8434353,-0.1510482198662228
1710778147.8435485,-0.12127747966183557
1710778147.8436615,-0.08940527008639441
1710778147.8437748,-0.05753306051095326
1710778147.843888,-0.025660850935512118
1710778147.8440013,0.006913200227750672
1710778147.8441143,0.03844133267800013
1710778147.8442276,0.06926884253819783
1710778147.8443408,0.10009634825918409
1710778147.844454,0.12812135948075187
1710778147.8445673,0.15579604440265232
1710778147.8446803,0.1838210556242201
1710778147.8447936,0.2114957571029663
1710778147.8449068,0.2398710780673557
1710778147.84502,0.26859670877456665
1710778147.845133,0.2973223394817776
1710778147.8452463,0.32639827993181014
1710778147.8453596,0.3551239106390211
1710778147.8454728,0.38244830237494576
1710778147.8455858,0.4097726609971788
1710778147.845699,0.4349951942761739
1710778147.8458123,0.4612686236699422
1710778147.8459256,0.48649112383524573
1710778147.8460388,0.5134652058283488
1710778147.8461518,0.5407895975642734
1710778147.846265,0.5684642659293281
1710778147.8463783,0.5968395868937174
1710778147.8464916,0.6248646312289767
1710778147.8466046,0.6521889898512099
1710778147.8467178,0.6791630718443129
1710778147.846831,0.7047358486387465
1710778147.8469443,0.7285571098327637
1710778147.8470573,0.752728713883294
1710778147.8471706,0.7765499750773112
1710778147.8472838,0.7996706167856852
1710778147.847397,0.8245427740944756
1710778147.84751,0.8487143781450059
1710778147.8476233,0.8732362588246663
1710778147.8477366,0.8970575200186836
1710778147.8478498,0.9201780954996744
1710778147.847963,0.9429484605789185
1710778147.848076,0.9632665581173366
1710778147.8481894,0.9839349985122681
1710778147.8483026,1.0039028194215562
1710778147.8484159,1.0242209831873577
1710778147.8485289,1.0445390807257757
1710778147.848642,1.0662584834628634
1710778147.8487554,1.0869269238577948
1710778147.8488686,1.1079456408818562
1710778147.8489816,1.1286140812767875
1710778147.8490949,1.1475310060713027
1710778147.849208,1.1653969022962782
1710778147.8493214,1.1811610062917073
1710778147.8494346,1.194823185602824
1710778147.8495476,1.2081350220574272
1710778147.8496609,1.2203959623972576
1710778147.8497741,1.2323066923353407
1710778147.8498874,1.2435166041056316
1710778147.8500004,1.2540259626176622
1710778147.8501136,1.2659366925557454
1710778147.8502269,1.2764460510677762
1710778147.8503401,1.2855541706085205
1710778147.8504531,1.2932610511779785
1710778147.8505664,1.2999169031778972
1710778147.8506796,1.3058723343743217
1710778147.850793,1.3118276331159804
1710778147.8509061,1.3174325890011258
1710778147.8510191,1.3240885734558105
1710778147.8511324,1.330043872197469
1710778147.8512456,1.3370500670539007
1710778147.851359,1.3433557086520724
1710778147.851472,1.3493110073937309
1710778147.8515851,1.3524638281928167
1710778147.8516984,1.3542154100206163
1710778147.8518116,1.3545657528771293
1710778147.8519247,1.35281417104933
1710778147.852038,1.3500116931067572
1710778147.8521512,1.3465085294511583
1710778147.8522644,1.3433557086520724
1710778147.8523774,1.3395023345947266
1710778147.8524907,1.3356488280826144
1710778147.852604,1.3317954540252686
1710778147.8527172,1.3268910513983831
1710778147.8528304,1.3205854098002117
1710778147.8529434,1.3135792149437797
1710778147.8530567,1.3044709629482694
1710778147.85317,1.295713186264038
1710778147.8532832,1.2866050667232938
1710778147.8533962,1.2764460510677762
1710778147.8535094,1.2687391704983182
1710778147.8536227,1.260331604215834
1710778147.853736,1.2515738275316026
1710778147.853849,1.2435166041056316
1710778147.8539622,1.234408484564887
1710778147.8540754,1.2238991260528564
1710778147.8541887,1.2119885285695393
1710778147.854302,1.1983263492584229
1710778147.854415,1.1843138270907931
1710778147.8545282,1.1692504088083904
1710778147.8546414,1.1548875437842474
1710778147.8547547,1.1401744683583577
1710778147.8548677,1.1265122890472412
1710778147.854981,1.1121494240230985
1710778147.8550942,1.0981369018554688
1710778147.8552074,1.0820225212309096
1710778147.8553205,1.0652075211207073
1710778147.8554337,1.0473415586683485
1710778147.855547,1.0277240806155734
1710778147.8556602,1.007055640220642
1710778147.8557734,0.9860368569691975
1710778147.8558865,0.9650181399451362
1710778147.8559997,0.9436490800645616
1710778147.856113,0.9226302968131171
1710778147.8562262,0.9012612369325426
1710778147.8563392,0.8791915575663248
1710778147.8564525,0.8560709158579508
1710778147.8565657,0.8322496546639336
1710778147.856679,0.8063265350129869
1710778147.856792,0.779702795876397
1710778147.8569052,0.7534293333689371
1710778147.8570185,0.725754631890191
1710778147.8571317,0.6991308927536011
1710778147.8572447,0.6732077731026543
1710778147.857358,0.6472845872243246
1710778147.8574712,0.6224124299155341
1710778147.8575845,0.5964893102645874
1710778147.8576977,0.5691648854149712
1710778147.8578107,0.5421908365355598
1710778147.857924,0.512414276599884
1710778147.8580372,0.481586754322052
1710778147.8581505,0.4504089223013984
1710778147.8582635,0.4195814331372579
1710778147.8583767,0.3891042206022474
1710778147.85849,0.35827673143810695
1710778147.8586032,0.329551100730896
1710778147.8587162,0.29907388819588554
1710778147.8588295,0.26964763800303143
1710778147.8589427,0.2398710780673557
1710778147.859056,0.20869324604670206
1710778147.8591692,0.17716512084007263
1710778147.8592823,0.14598730537626478
1710778147.8593955,0.11551010111967722
1710778147.8595088,0.08363165789180331
1710778147.859622,0.05525633692741394
1710778147.859735,0.026530704150597252
1710778147.8598483,-0.0014940098238488038
1710778147.8599615,-0.028813046713670094
1710778147.8600748,-0.05753306051095326
1710778147.8601878,-0.08625307016902499
1710778147.860301,-0.11777503622902764
1710778147.8604143,-0.1489467587735918
1710778147.8605275,-0.18151945537990993
1710778147.8606408,-0.2144423955016666
1710778147.8607538,-0.24666484859254625
1710778147.860867,-0.2788873182402717
1710778147.8609803,-0.310759511258867
1710778147.8610935,-0.34123076332939994
1710778147.8612065,-0.3720522258016798
1710778147.8613198,-0.4021732343567742
1710778147.861433,-0.43264445331361556
1710778147.8615463,-0.4631156722704569
1710778147.8616593,-0.4946376548873054
1710778147.8617725,-0.5240581432978312
1710778147.8618858,-0.5534786648220485
1710778147.861999,-0.5811479356553819
1710778147.862112,-0.6074162324269613
1710778147.8622253,-0.6326338317659166
1710778147.8623385,-0.6571508778466119
1710778147.8624518,-0.6809675031238132
1710778147.862565,-0.7054845492045084
1710778147.862678,-0.7296514511108398
1710778147.8627913,-0.7548689842224121
1710778147.8629045,-0.7814875576231215
1710778147.8630178,-0.8088065518273247
1710778147.8631308,-0.8350749148262872
1710778147.863244,-0.8609929349687364
1710778147.8633573,-0.8865607447094387
1710778147.8634706,-0.9103773699866401
1710778147.8635836,-0.9341939290364583
1710778147.8636968,-0.9576602776845295
1710778147.86381,-0.980776415930854
1710778147.8639233,-1.0038925541771782
1710778147.8640366,-1.0273589028252494
1710778147.8641496,-1.0508252514733207
1710778147.8642628,-1.0735911130905151
1710778147.864376,-1.0946057240168254
1710778147.8644893,-1.1149198479122586
1710778147.8646023,-1.133132643169827
1710778147.8647156,-1.149594121509128
1710778147.8648288,-1.1660554673936632
1710778147.864942,-1.1814663145277235
1710778147.865055,-1.1965268188052707
1710778147.8651683,-1.2115871906280518
1710778147.8652816,-1.2283990118238661
1710778147.8653948,-1.2438097265031602
1710778147.8655078,-1.2592204411824544
1710778147.865621,-1.2739307350582547
1710778147.8657343,-1.2872399224175346
1710778147.8658476,-1.2980975045098198
1710778147.8659608,-1.3086048762003581
1710778147.8660738,-1.318411694632636
1710778147.866187,-1.3268175390031602
1710778147.8663003,-1.3355735937754314
1710778147.8664136,-1.3443297810024686
1710778147.8665266,-1.3534360461764865
1710778147.8666399,-1.3618420230017767
1710778147.866753,-1.3695473141140408
1710778147.8668664,-1.3755014207628038
1710778147.8669794,-1.380054685804579
1710778147.8670926,-1.383557054731581
1710778147.8672059,-1.384257607989841
1710778147.867319,-1.385658582051595
1710778147.8674324,-1.386359002855089
1710778147.8675454,-1.386359002855089
1710778147.8676586,-1.387409766515096
1710778147.8677719,-1.38881074057685
1710778147.867885,-1.3898615042368572
1710778147.8679981,-1.3912624782986112
1710778147.8681114,-1.3909122678968642
1710778147.8682246,-1.389160950978597
1710778147.8683379,-1.387059556113349
1710778147.8684509,-1.382856633928087
1710778147.8685641,-1.378653711742825
1710778147.8686774,-1.3744507895575628
1710778147.8687906,-1.3695473141140408
1710778147.8689039,-1.366044945187039
1710778147.869017,-1.3621922334035237
1710778147.8691301,-1.3576389683617485
1710778147.8692434,-1.3523854149712455
1710778147.8693566,-1.3460809654659696
1710778147.8694696,-1.3380253314971924
1710778147.869583,-1.3275180922614203
1710778147.8696961,-1.317010720570882
1710778147.8698094,-1.305452717675103
1710778147.8699224,-1.2924936082628038
1710778147.8700356,-1.2805853949652777
1710778147.870149,-1.2697278128729925
1710778147.8702621,-1.2578194671207004
1710778147.8703752,-1.2462614642249212
1710778147.8704884,-1.233652565214369
1710778147.8706017,-1.219642824596829
1710778147.870715,-1.2049326631757948
1710778147.8708282,-1.1881208419799805
1710778147.8709412,-1.1716594960954454
1710778147.8710544,-1.154147254096137
1710778147.8711677,-1.135934591293335
1710778147.871281,-1.1187725596957736
1710778147.871394,-1.1019608709547255
1710778147.8715072,-1.0854993926154242
1710778147.8716204,-1.068337427245246
1710778147.8717337,-1.0501247644424438
1710778147.8718467,-1.0322623120413885
1710778147.87196,-1.0115979115168254
1710778147.8720732,-0.990233023961385
1710778147.8721864,-0.9681676493750678
1710778147.8722997,-0.9457519981596205
1710778147.8724127,-0.9229861365424262
1710778147.872526,-0.9005705515543619
1710778147.8726392,-0.8781549003389146
1710778147.8727524,-0.8564398023817275
1710778147.8728654,-0.83402415116628
1710778147.8729787,-0.8109080129199557
1710778147.873092,-0.7856904798083835
1710778147.8732052,-0.7597723934385512
1710778147.8733182,-0.7324533992343478
1710778147.8734314,-0.7044338517718844
1710778147.8735447,-0.6757138172785441
1710778147.873658,-0.6473440594143337
1710778147.8737712,-0.6193245119518703
1710778147.8738842,-0.5927060047785441
1710778147.8739974,-0.5660874313778347
1710778147.8741107,-0.5394688910908169
1710778147.874224,-0.512149863772922
1710778147.874337,-0.4848308033413357
1710778147.8744502,-0.45541031493080986
1710778147.8745635,-0.4263400700357225
1710778147.8746767,-0.3972697920269436
1710778147.8747897,-0.36784930361641777
1710778147.874903,-0.3391293022367689
1710778147.8750162,-0.3118102418051826
1710778147.8751295,-0.2837907274564107
1710778147.8752425,-0.2564716835816701
1710778147.8753557,-0.2284521692328983
1710778147.875469,-0.20078288184271917
1710778147.8755822,-0.17101213335990906
1710778147.8756955,-0.14089114136166042
1710778147.8758085,-0.11006967061095767
1710778147.8759217,-0.07889794806639354
1710778147.876035,-0.0484267125527064
1710778147.8761482,-0.01830572469366921
1710778147.8762612,0.011116951290104125
1710778147.8763745,0.038791646560033165
1710778147.8764877,0.06611602587832345
1710778147.876601,0.09379072321785821
1710778147.876714,0.12146541641818152
1710778147.8768272,0.14914010961850485
1710778147.8769405,0.1778657403257158
1710778147.8770537,0.20659137103292677
1710778147.877167,0.23496669199731615
1710778147.87728,0.26264139347606236
1710778147.8773932,0.29031607839796275
1710778147.8775065,0.31623923116260105
1710778147.8776197,0.3421623508135478
1710778147.8777328,0.36808547046449447
1710778147.877846,0.39400862322913277
1710778147.8779593,0.42098267210854423
1710778147.8780725,0.4497083028157552
1710778147.8781855,0.47843393352296615
1710778147.8782988,0.5071595642301772
1710778147.878412,0.5358851949373881
1710778147.8785253,0.564260549015469
1710778147.8786385,0.5915849076377021
1710778147.8787515,0.6171577506595187
1710778147.8788648,0.6416796313391792
1710778147.878978,0.6662015120188395
1710778147.8790913,0.6896724303563436
1710778147.8792043,0.7134936915503608
1710778147.8793175,0.7387161917156643
1710778147.8794308,0.7628877957661946
1710778147.879544,0.787409676445855
1710778147.879657,0.8112308714124892
1710778147.8797703,0.8343515131208632
1710778147.8798835,0.8560709158579508
1710778147.8799968,0.8770896991093953
1710778147.8801098,0.8974077966478136
1710778147.880223,0.9163246552149454
1710778147.8803363,0.9369930956098769
1710778147.8804495,0.9576615360048082
1710778147.8805628,0.9783299763997395
1710778147.8806758,0.9993487596511841
1710778147.880789,1.0196669234169853
1710778147.8809023,1.0396346780988905
1710778147.8810155,1.0578509834077623
1710778147.8811285,1.0757168796327379
1710778147.8812418,1.091831260257297
1710778147.881355,1.10654440191057
1710778147.8814683,1.1209072007073295
1710778147.8815813,1.1345693800184462
1710778147.8816946,1.148581902186076
1710778147.8818078,1.1625944243537054
1710778147.881921,1.1783585283491347
1710778147.8820343,1.1909698115454779
1710778147.8821473,1.2046319908565946
1710778147.8822606,1.2158419026268852
1710778147.8823738,1.2270519468519423
1710778147.882487,1.2347588274214003
1710778147.8826,1.2424657079908583
1710778147.8827133,1.249121692445543
1710778147.8828266,1.256478230158488
1710778147.8829398,1.2624335289001465
1710778147.8830528,1.268388827641805
1710778147.883166,1.27574536535475
1710778147.8832793,1.2820510069529216
1710778147.8833926,1.2866050667232938
1710778147.8835056,1.2904585732354057
1710778147.8836188,1.2925603654649522
1710778147.883732,1.2939616044362385
1710778147.8838453,1.2943119472927518
1710778147.8839586,1.2943119472927518
1710778147.8840716,1.2960635291205511
1710778147.8841848,1.2974647680918376
1710778147.884298,1.2985156642066107
1710778147.8844113,1.3002672460344102
1710778147.8845243,1.3009679317474365
1710778147.8846376,1.3023691707187228
1710778147.8847508,1.3009679317474365
1710778147.884864,1.298866007063124
1710778147.884977,1.2939616044362385
1710778147.8850904,1.2890573342641194
1710778147.8852036,1.283802588780721
1710778147.8853168,1.2778472900390625
1710778147.88543,1.271891991297404
1710778147.885543,1.2662869029574924
1710778147.8856564,1.260331604215834
1710778147.8857696,1.2543763054741752
1710778147.8858829,1.2466694249047172
1710778147.8859959,1.2382619910769992
1710778147.886109,1.2281028429667156
1710778147.8862224,1.2172431415981717
1710778147.8863356,1.2056828869713676
1710778147.8864486,1.1944728427463107
1710778147.8865619,1.1825622452629936
1710778147.8866751,1.172403229607476
1710778147.8867884,1.1615435282389324
1710778147.8869016,1.1510341697269015
1710778147.8870146,1.1391234397888184
1710778147.8871279,1.1268624994489882
1710778147.8872411,1.1132003201378715
1710778147.8873544,1.0963853200276692
1710778147.8874674,1.0785194238026936
1710778147.8875806,1.060653461350335
1710778147.887694,1.0413862599266899
1710778147.8878071,1.0221190585030449
1710778147.8879201,1.003202199935913
1710778147.8880334,0.9842853413687812
1710778147.8881466,0.9653684165742662
1710778147.88826,0.9461012813780043
1710778147.888373,0.9257831176122029
1710778147.8884861,0.9044140577316284
1710778147.8885994,0.8816437588797675
1710778147.8887126,0.8588733938005235
1710778147.888826,0.8354024754630195
1710778147.888939,0.8126321766111586
1710778147.8890522,0.7902121543884277
1710778147.8891654,0.7677921321656969
1710778147.8892787,0.7471236917707655
1710778147.8893917,0.7250540124045478
1710778147.889505,0.7029843330383301
1710778147.8896182,0.6788127289877998
1710778147.8897314,0.652889609336853
1710778147.8898444,0.6266161468293932
1710778147.8899577,0.5975402063793606
1710778147.890071,0.5688146087858412
1710778147.8901842,0.5407895975642734
1710778147.8902974,0.5110130045149062
1710778147.8904104,0.4826376835505167
1710778147.8905237,0.45391205284330577
1710778147.890637,0.42483611239327324
1710778147.8907502,0.39540986220041907
1710778147.8908632,0.3666842314932081
1710778147.8909764,0.3358567092153761
1710778147.8910897,0.30467891030841404
1710778147.891203,0.27350107828776044
1710778147.891316,0.2437245017952389
1710778147.8914292,0.21289699607425266
1710778147.8915424,0.18347074588139853
1710778147.8916557,0.15544573465983072
1710778147.891769,0.1277710414595074
1710778147.891882,0.10009634825918409
1710778147.8919952,0.07277196480168237
1710778147.8921084,0.0440463340944714
1710778147.8922217,0.014970389505227406
1710778147.8923347,-0.01550377243094974
1710778147.892448,-0.045975007944636874
1710778147.8925612,-0.07609599166446261
1710778147.8926744,-0.10621698366271125
1710778147.8927875,-0.13423651456832886
1710778147.8929007,-0.1626062724325392
1710778147.893014,-0.1906258033381568
1710778147.8931272,-0.21864533424377441
1710778147.8932402,-0.24736533562342325
1710778147.8933535,-0.27713608410623336
1710778147.8934667,-0.306556589073605
1710778147.89358,-0.3377283281750149
1710778147.8936932,-0.36854979064729476
1710778147.8938062,-0.3986707660886976
1710778147.8939195,-0.42809128761291504
1710778147.8940327,-0.45681128899256385
1710778147.894146,-0.4841303163104587
1710778147.894259,-0.512149863772922
1710778147.8943722,-0.5391186475753784
1710778147.8944855,-0.5671381950378418
1710778147.8945987,-0.5955079529020522
1710778147.8947117,-0.6238777107662624
1710778147.894825,-0.6539987193213569
1710778147.8949382,-0.6827186875873141
1710778147.8950515,-0.7110885116789076
1710778147.8951647,-0.7391079929139879
1710778147.8952777,-0.7657265663146973
1710778147.895391,-0.7909441656536526
1710778147.8955042,-0.8168621857961018
1710778147.8956175,-0.8420797851350572
1710778147.8957305,-0.8672973182466295
1710778147.8958437,-0.8935656150182087
1710778147.895957,-0.9198339780171711
1710778147.8960702,-0.9461022747887505
1710778147.8961833,-0.9720202949311998
1710778147.8962965,-0.9972378942701552
1710778147.8964097,-1.0200037558873494
1710778147.896523,-1.0413686434427898
1710778147.8966362,-1.0620330439673529
1710778147.8967493,-1.0816466808319092
1710778147.8968625,-1.0995091332329643
1710778147.8969758,-1.1180721388922796
1710778147.897089,-1.137335565355089
1710778147.897202,-1.155548228157891
1710778147.8973153,-1.1744614442189534
1710778147.8974285,-1.1919735537634955
1710778147.8975418,-1.2080848217010498
1710778147.8976548,-1.223845746782091
1710778147.897768,-1.237505276997884
1710778147.8978813,-1.2508145968119304
1710778147.8979945,-1.2630731529659696
1710778147.8981075,-1.2753317091200087
1710778147.8982208,-1.2882906860775418
1710778147.898334,-1.301249795489841
1710778147.8984473,-1.315259536107381
1710778147.8985605,-1.3289190663231742
1710778147.8986735,-1.3415278328789604
1710778147.8987868,-1.3527356253729925
1710778147.8989,-1.3628926542070177
1710778147.8990133,-1.3709482881757948
1710778147.8991263,-1.378653711742825
1710778147.8992395,-1.384958028793335
1710778147.8993528,-1.390561925040351
1710778147.899466,-1.3965161641438801
1710778147.899579,-1.401769717534383
1710778147.8996923,-1.4080741670396593
1710778147.8998055,-1.4133278528849285
1710778147.8999188,-1.4168302218119304
1710778147.900032,-1.4199825127919514
1710778147.900145,-1.4199825127919514
1710778147.9002583,-1.4192819595336914
1710778147.9003716,-1.4168302218119304
1710778147.9004848,-1.4150790373484294
1710778147.9005978,-1.4115766684214275
1710778147.900711,-1.4084243774414062
1710778147.9008243,-1.4063229825761583
1710778147.9009376,-1.4059727721744113
1710778147.9010506,-1.4031708240509033
1710778147.9011638,-1.400368743472629
1710778147.901277,-1.3965161641438801
1710778147.9013903,-1.3916126887003581
1710778147.9015033,-1.384958028793335
1710778147.9016166,-1.3776029480828178
1710778147.9017298,-1.3702478673723009
1710778147.901843,-1.3621922334035237
1710778147.9019563,-1.3544868098364935
1710778147.9020693,-1.3471317291259766
1710778147.9021826,-1.3397766484154594
1710778147.9022958,-1.3310204611884222
1710778147.902409,-1.3219141960144043
1710778147.902522,-1.3103560606638591
1710778147.9026353,-1.297747294108073
1710778147.9027486,-1.2819863690270317
1710778147.9028618,-1.2669258647494845
1710778147.9029748,-1.2511648072136772
1710778147.903088,-1.234703328874376
1710778147.9032013,-1.217891640133328
1710778147.9033146,-1.2021307150522869
1710778147.9034278,-1.1874204211764865
1710778147.9035408,-1.1706087324354384
1710778147.903654,-1.15309649043613
1710778147.9037673,-1.135934591293335
1710778147.9038806,-1.1163208219740126
1710778147.9039936,-1.0960066980785794
1710778147.9041069,-1.0739413234922621
1710778147.90422,-1.053627199596829
1710778147.9043334,-1.0319120354122586
1710778147.9044464,-1.0108974244859483
1710778147.9045596,-0.989882747332255
1710778147.9046729,-0.9685178597768147
1710778147.904786,-0.9464524851904975
1710778147.9048994,-0.9233364131715562
1710778147.9050124,-0.899169577492608
1710778147.9051256,-0.8722007274627686
1710778147.9052389,-0.8445314566294352
1710778147.905352,-0.8161616987652248
1710778147.9054651,-0.7884924279318916
1710778147.9055784,-0.7601226700676812
1710778147.9056916,-0.7328036096360948
1710778147.9058049,-0.7065353128645155
1710778147.905918,-0.6809675031238132
1710778147.9060311,-0.6539987193213569
1710778147.9061444,-0.6273801459206475
1710778147.9062576,-0.5990103880564371
1710778147.9063706,-0.5716913276248508
1710778147.906484,-0.542270839214325
1710778147.9065971,-0.5135508378346761
1710778147.9067104,-0.4844805598258972
1710778147.9068236,-0.45541031493080986
1710778147.9069366,-0.426690313551161
1710778147.90705,-0.3990210096041361
1710778147.9071631,-0.3703010082244873
1710778147.9072764,-0.34123076332939994
1710778147.9073894,-0.3114599982897441
1710778147.9075027,-0.2795878052711487
1710778147.907616,-0.24701509210798475
1710778147.9077291,-0.2144423955016666
1710778147.9078422,-0.18221994241078696
1710778147.9079554,-0.1489467587735918
1710778147.9080687,-0.11812527974446614
1710778147.908182,-0.0880042960246404
1710778147.9082952,-0.05963452574279573
1710778147.9084082,-0.03126475546095106
1710778147.9085214,-0.002894986213909255
1710778147.9086347,0.025129454831282295
1710778147.908748,0.05525633692741394
1710778147.908861,0.0839819676346249
1710778147.9089742,0.11445916361278957
1710778147.9090874,0.14353510406282213
1710778147.9092007,0.1722607347700331
1710778147.9093137,0.20028574599160087
1710778147.909427,0.22796044747034708
1710778147.9095402,0.25493451290660435
1710778147.9096534,0.28225888808568317
1710778147.9097667,0.310283899307251
1710778147.9098797,0.33865922027164036
1710778147.909993,0.3677351607216729
1710778147.9101062,0.39821237325668335
1710778147.9102194,0.42868955267800224
1710778147.9103324,0.4588164554701911
1710778147.9104457,0.4885930154058668
1710778147.910559,0.5173186461130778
1710778147.9106722,0.5446430378490024
1710778147.9107852,0.5716170867284139
1710778147.9108984,0.5978905492358737
1710778147.9110117,0.62556525071462
1710778147.911125,0.652539332707723
1710778147.911238,0.6812649303012424
1710778147.9113512,0.7099905941221449
1710778147.9114645,0.737665229373508
1710778147.9115777,0.764639311366611
1710778147.911691,0.7919637362162272
1710778147.911804,0.8161352740393745
1710778147.9119172,0.8399565352333916
1710778147.9120305,0.8627268340852525
1710778147.9121437,0.883745617336697
1710778147.9122567,0.9054650200737847
1710778147.91237,0.9271843565834893
1710778147.9124832,0.949254035949707
1710778147.9125965,0.9695721997155083
1710778147.9127095,0.9902406401104397
1710778147.9128227,1.010208461019728
1710778147.912936,1.0284247001012166
1710778147.9130492,1.0445390807257757
1710778147.9131625,1.0610038042068481
1710778147.9132755,1.076067222489251
1710778147.9133887,1.091480983628167
1710778147.913502,1.10654440191057
1710778147.9136152,1.122308439678616
1710778147.9137282,1.1384228865305583
1710778147.9138415,1.1548875437842474
1710778147.9139547,1.1710019906361897
1710778147.914068,1.1857150660620794
1710778147.914181,1.1986766921149359
1710778147.9142942,1.2095362610287137
1710778147.9144075,1.2200457519955106
1710778147.9145207,1.2277526325649686
1710778147.914634,1.2361600663926866
1710778147.914747,1.2442172898186576
1710778147.9148602,1.2512234846750896
1710778147.9149735,1.2589303652445476
1710778147.9150867,1.2673379315270317
1710778147.9151998,1.2743441263834636
1710778147.915313,1.279598871866862
1710778147.9154263,1.2845032744937472
1710778147.9155395,1.288356648551093
1710778147.9156525,1.2918598122066922
1710778147.9157658,1.2943119472927518
1710778147.915879,1.2967642148335774
1710778147.9159923,1.3006175888909233
1710778147.9161053,1.3048213058047824
1710778147.9162185,1.3097257084316678
1710778147.9163318,1.3135792149437797
1710778147.916445,1.3174325890011258
1710778147.9165583,1.3198847240871854
1710778147.9166713,1.3195345136854384
1710778147.9167845,1.3184834851158989
1710778147.9168978,1.3156810071733263
1710778147.917011,1.3114772902594671
1710778147.917124,1.3051716486612956
1710778147.9172373,1.2995666927761502
1710778147.9173505,1.2939616044362385
1710778147.9174638,1.2876559628380668
1710778147.9175768,1.2813504536946614
1710778147.91769,1.2739937835269504
1710778147.9178033,1.2659366925557454
1710778147.9179165,1.256828573015001
1710778147.9180298,1.2470197677612305
1710778147.9181428,1.2354595131344266
1710778147.918256,1.2253003650241427
1710778147.9183693,1.2151413493686252
1710778147.9184825,1.2056828869713676
1710778147.9185956,1.1969251102871366
1710778147.9187088,1.187116305033366
1710778147.918822,1.179759767320421
1710778147.9189353,1.1706516477796767
1710778147.9190483,1.1594416035546196
1710778147.9191616,1.1471806632147894
1710778147.9192748,1.1328177981906467
1710778147.919388,1.117754379908244
1710778147.919501,1.1002387603123982
1710778147.9196143,1.0834237602021959
1710778147.9197276,1.0662584834628634
1710778147.9198408,1.0483925210105047
1710778147.919954,1.0308769014146593
1710778147.920067,1.0130109389623005
1710778147.9201803,0.9940940803951687
1710778147.9202936,0.9741262594858805
1710778147.9204068,0.9527571996053059
1710778147.9205198,0.9296365578969319
1710778147.920633,0.9065159161885579
1710778147.9207463,0.8830449978510538
1710778147.9208596,0.8595740132861667
1710778147.9209726,0.8368037144343058
1710778147.9210858,0.8143836922115749
1710778147.921199,0.7926643557018703
1710778147.9213123,0.7709449529647827
1710778147.9214256,0.7481746541129218
1710778147.9215386,0.7243533929189047
1710778147.9216518,0.6991308927536011
1710778147.921765,0.6728574302461412
1710778147.9218783,0.6469343105951945
1710778147.9219913,0.6199602286020914
1710778147.9221046,0.5940371089511447
1710778147.9222178,0.5684642659293281
1710778147.922331,0.5425411462783813
1710778147.922444,0.5187198850843642
1710778147.9225574,0.4924464556905958
1710778147.9226706,0.46792457501093543
1710778147.9227839,0.4409504930178324
1710778147.922897,0.4136261012819078
1710778147.92301,0.38455016083187527
1710778147.9231234,0.3568754924668206
1710778147.9232366,0.3277995189030965
1710778147.9233499,0.29977450768152875
1710778147.9234629,0.2717495130168067
1710778147.923576,0.24547606706619263
1710778147.9236894,0.21920262111557853
1710778147.9238026,0.1918782459364997
1710778147.9239156,0.16560479998588562
1710778147.9240289,0.1379301067855623
1710778147.9241421,0.10850384831428528
1710778147.9242554,0.07942790786425273
1710778147.9243684,0.04965133551094267
1710778147.9244816,0.020225079109271366
1710778147.9245949,-0.00849889125674963
1710778147.9247081,-0.036168172955513
1710778147.9248214,-0.06418769558270772
1710778147.9249344,-0.09150673117902544
1710778147.9250476,-0.11847553153832753
1710778147.925161,-0.14614481065008375
1710778147.9252741,-0.17521507210201687
1710778147.9253871,-0.20533604754341972
1710778147.9255004,-0.23510679602622986
1710778147.9256136,-0.26487754450904
1710778147.925727,-0.29499851995044285
1710778147.92584,-0.3247692849900987
1710778147.9259531,-0.3520883123079936
1710778147.9260664,-0.3797576162550184
1710778147.9261796,-0.40672640005747474
1710778147.926293,-0.4336951838599311
1710778147.926406,-0.4620649417241414
1710778147.9265192,-0.4900844891866048
1710778147.9266324,-0.5184542470508151
1710778147.9267457,-0.5475244919459025
1710778147.9268587,-0.5758942498101128
1710778147.926972,-0.6046142843034532
1710778147.9270852,-0.6312328577041626
1710778147.9271984,-0.6564503908157349
1710778147.9273114,-0.6816679901546902
1710778147.9274247,-0.7065353128645155
1710778147.927538,-0.7310524251725938
1710778147.9276512,-0.7566202349132961
1710778147.9277644,-0.7814875576231215
1710778147.9278774,-0.8081060647964478
1710778147.9279907,-0.83402415116628
1710778147.928104,-0.8592417505052354
1710778147.9282172,-0.8841090732150607
1710778147.9283302,-0.907225145234002
1710778147.9284434,-0.9299910068511963
1710778147.9285567,-0.9513558944066365
1710778147.92867,-0.9716700845294528
1710778147.928783,-0.9930349720848931
1710778147.9288962,-1.0140495830112033
1710778147.9290094,-1.0357647471957736
1710778147.9291227,-1.056779358122084
1710778147.9292357,-1.077794035275777
1710778147.929349,-1.0974076721403334
1710778147.9294622,-1.1163208219740126
1710778147.9295754,-1.133482853571574
1710778147.9296887,-1.148543357849121
1710778147.9298017,-1.1632535192701552
1710778147.929915,-1.1765628390842013
1710778147.9300282,-1.1902223692999945
1710778147.9301414,-1.2038818995157878
1710778147.9302545,-1.2168408764733207
1710778147.9303677,-1.231551170349121
1710778147.930481,-1.2448604901631672
1710778147.9305942,-1.2574692567189534
1710778147.9307072,-1.2700780232747395
1710778147.9308205,-1.2798848417070177
1710778147.9309337,-1.2893414497375488
1710778147.931047,-1.2980975045098198
1710778147.9311602,-1.30580292807685
1710778147.9312732,-1.315259536107381
1710778147.9313865,-1.3233151700761583
1710778147.9314997,-1.3324214352501762
1710778147.931613,-1.3415278328789604
1710778147.931726,-1.3509844409094915
1710778147.9318392,-1.3583395216200087
1710778147.9319525,-1.3642936282687717
1710778147.9320657,-1.3684965504540336
1710778147.9321787,-1.3716488414340549
1710778147.932292,-1.3737502362993028
1710778147.9324052,-1.3755014207628038
1710778147.9325185,-1.3765521844228108
1710778147.9326317,-1.378653711742825
1710778147.9327447,-1.380755106608073
1710778147.932858,-1.382856633928087
1710778147.9329712,-1.383907397588094
1710778147.9330845,-1.384958028793335
1710778147.9331975,-1.384257607989841
1710778147.9333107,-1.382856633928087
1710778147.933424,-1.3793541325463188
1710778147.9335372,-1.3762019740210638
1710778147.9336503,-1.3723492622375488
1710778147.9337635,-1.3677961296505399
1710778147.9338768,-1.3639434178670247
1710778147.93399,-1.3597404956817627
1710778147.934103,-1.3562379942999945
1710778147.9342163,-1.3506340980529785
1710778147.9343295,-1.3432790173424614
1710778147.9344428,-1.3348731729719374
1710778147.934556,-1.3250663545396593
1710778147.934669,-1.31210724512736
1710778147.9347823,-1.299148268169827
1710778147.9348955,-1.2851385275522869
1710778147.9350088,-1.2728799713982475
1710778147.9351218,-1.2602712048424614
1710778147.935235,-1.2476624382866752
1710778147.9353483,-1.235053671730889
1710778147.9354615,-1.22209456231859
1710778147.9355745,-1.2091355853610568
1710778147.9356878,-1.1944252914852567
1710778147.935801,-1.1783140235477023
1710778147.9359143,-1.1622028880649142
1710778147.9360275,-1.1446906460656059
1710778147.9361405,-1.1282291677263048
1710778147.9362538,-1.1103667153252494
1710778147.936367,-1.0942555136150784
1710778147.9364803,-1.0770935482449002
1710778147.9365933,-1.059231095843845
1710778147.9367065,-1.0410183668136597
1710778147.9368198,-1.0203539662890964
1710778147.936933,-0.9986388683319092
1710778147.937046,-0.9751725196838379
1710778147.9371593,-0.9499549203448825
1710778147.9372725,-0.9236866235733032
1710778147.9373858,-0.897768603430854
1710778147.9374988,-0.8722007274627686
1710778147.937612,-0.8469831943511963
1710778147.9377253,-0.822115871641371
1710778147.9378386,-0.7972485489315456
1710778147.9379518,-0.7727314366234673
1710778147.9380648,-0.745762652821011
1710778147.938178,-0.7194943560494317
1710778147.9382913,-0.6918250852160983
1710778147.9384046,-0.6634552611245049
1710778147.9385176,-0.6357859902911716
1710778147.9386308,-0.6081167194578383
1710778147.938744,-0.5811479356553819
1710778147.9388573,-0.5548796388838027
1710778147.9389703,-0.5296620726585388
1710778147.9390836,-0.5037439862887064
1710778147.9391968,-0.47747568951712716
1710778147.93931,-0.4505069057146708
1710778147.9394233,-0.42318787839677596
1710778147.9395363,-0.3948180874188741
1710778147.9396496,-0.36539759900834823
1710778147.9397628,-0.33667756451500785
1710778147.939876,-0.3069068325890435
1710778147.939989,-0.2792375617557102
1710778147.9401023,-0.25086778733465404
1710778147.9402156,-0.22249801291359794
1710778147.9403288,-0.19482874208026463
1710778147.9404418,-0.1657584806283315
1710778147.940555,-0.13598773214552137
1710778147.9406683,-0.10516625311639574
1710778147.9407816,-0.07294380002551608
1710778147.9408948,-0.040371099279986486
1710778147.9410079,-0.008148647223909697
1710778147.941121,0.02372820344236162
1710778147.9412344,0.054555713302559324
1710778147.9413476,0.08503290514151256
1710778147.9414606,0.11480947335561116
1710778147.9415739,0.14423574010531107
1710778147.941687,0.17506324582629734
1710778147.9418004,0.20483980576197305
1710778147.9419134,0.23531700174013773
1710778147.9420266,0.2671954532464345
1710778147.9421399,0.2976726492245992
1710778147.942253,0.3288504812452528
1710778147.9423661,0.35932766066657174
1710778147.9424794,0.38840360111660427
1710778147.9425926,0.41677892208099365
1710778147.9427059,0.4455045527882046
1710778147.942819,0.47423018349541557
1710778147.9429321,0.5029558142026266
1710778147.9430454,0.5330827169948154
1710778147.9431586,0.5628593100441827
1710778147.9432719,0.5936867660946316
1710778147.943385,0.6238136688868204
1710778147.9434981,0.6535902288224962
1710778147.9436114,0.6809145874447292
1710778147.9437246,0.7082390122943454
1710778147.9438376,0.7331111696031358
1710778147.943951,0.7579833931393093
1710778147.9440641,0.7811040348476833
1710778147.9441774,0.8049252960417006
1710778147.9442906,0.8287465572357178
1710778147.9444036,0.852567818429735
1710778147.944517,0.876038736767239
1710778147.9446301,0.899159378475613
1710778147.9447434,0.9215794006983439
1710778147.9448564,0.9425981177224053
1710778147.9449697,0.9625659386316935
1710778147.945083,0.9821834166844685
1710778147.9451962,1.0014506181081135
1710778147.9453092,1.0207178195317586
1710778147.9454224,1.0406856404410467
1710778147.9455357,1.0610038042068481
1710778147.945649,1.0809716251161363
1710778147.9457622,1.1016400655110676
1710778147.9458752,1.1212575435638428
1710778147.9459884,1.1394737826453314
1710778147.9461017,1.1555882294972737
1710778147.946215,1.1706516477796767
1710778147.946328,1.1836131413777669
1710778147.9464412,1.19552387131585
1710778147.9465544,1.2067337830861409
1710778147.9466677,1.218294170167711
1710778147.9467807,1.2288035286797416
1710778147.946894,1.2400135729047987
1710778147.9470072,1.2508731418185763
1710778147.9471204,1.2610322899288602
1710778147.9472334,1.2694397237565782
1710778147.9473467,1.2771466043260362
1710778147.94746,1.2841529316372342
1710778147.9475732,1.2904585732354057
1710778147.9476864,1.2953628434075248
1710778147.9477994,1.3016684850056965
1710778147.9479127,1.3079741266038682
1710778147.948026,1.3149804539150662
1710778147.9481392,1.3212860955132377
1710778147.9482522,1.3275916046566434
1710778147.9483654,1.3331966929965549
1710778147.9484787,1.337750752766927
1710778147.948592,1.3402028878529866
1710778147.948705,1.3409035735660129
1710778147.9488182,1.3405532307094998
1710778147.9489315,1.3398525449964735
1710778147.9490447,1.3395023345947266
1710778147.949158,1.3388016488817003
1710778147.949271,1.337750752766927
1710778147.9493842,1.337400409910414
1710778147.9494975,1.3356488280826144
1710778147.9496107,1.3342475891113281
1710778147.9497237,1.3303942150539823
1710778147.949837,1.32584015528361
1710778147.9499502,1.3191841708289251
1710778147.9500635,1.3114772902594671
1710778147.9501765,1.3037704096900091
1710778147.9502897,1.295012633005778
1710778147.950403,1.2866050667232938
1710778147.9505162,1.2792485290103488
1710778147.9506295,1.2697900666130912
1710778147.9507425,1.2610322899288602
1710778147.9508557,1.2508731418185763
1710778147.950969,1.2393128871917725
1710778147.9510822,1.226001050737169
1710778147.9511952,1.2116381857130263
1710778147.9513085,1.195173528459337
1710778147.9514217,1.1790590816073947
1710778147.951535,1.1625944243537054
1710778147.951648,1.1461297671000164
1710778147.9517612,1.129665109846327
1710778147.9518745,1.1135506629943848
1710778147.9519877,1.0977866252263386
1710778147.9521008,1.07992066277398
1710778147.952214,1.060303184721205
1710778147.9523273,1.0403353638119168
1710778147.9524405,1.018615961074829
1710778147.9525537,0.9961959388520982
1710778147.9526668,0.9737759166293674
1710778147.95278,0.9513559606340196
1710778147.9528933,0.9296365578969319
1710778147.9530065,0.9086177746454874
1710778147.9531195,0.887599057621426
1710778147.9532328,0.8665802743699815
1710778147.953346,0.8445105950037638
1710778147.9534593,0.8224409156375461
1710778147.9535723,0.7979190349578857
1710778147.9536855,0.7733971542782253
1710778147.9537988,0.7481746541129218
1710778147.953912,0.7222515344619751
1710778147.9540253,0.6977296537823147
1710778147.9541383,0.6728574302461412
1710778147.9542515,0.6479852067099677
1710778147.9543648,0.6238136688868204
1710778147.954478,0.5982408258650038
1710778147.954591,0.5723177062140571
1710778147.9547043,0.5435920755068461
1710778147.9548175,0.5148664447996352
1710778147.9549308,0.48508988486395943
1710778147.9550438,0.4549630151854621
1710778147.955157,0.42448580265045166
1710778147.9552703,0.3950595524575975
1710778147.9553835,0.36633392175038654
1710778147.9554965,0.33865922027164036
1710778147.9556098,0.310283899307251
1710778147.955723,0.28260919782850474
1710778147.9558363,0.25423389342096114
1710778147.9559495,0.22445731692843968
1710778147.9560626,0.1950310667355855
1710778147.9561758,0.16525449024306402
1710778147.956289,0.13442698452207777
1710778147.9564023,0.10570135381486681
1710778147.9565153,0.07557446757952373
1710778147.9566286,0.04754946049716737
1710778147.9567418,0.01987476522723834
1710778147.956855,-0.00849889125674963
1710778147.956968,-0.036168172955513
1710778147.9570813,-0.06593891729911168
1710778147.9571946,-0.09641014867358737
1710778147.9573078,-0.12688138418727452
1710778147.957421,-0.15910383727815416
1710778147.957534,-0.1902755598227183
1710778147.9576473,-0.22144728236728245
1710778147.9577606,-0.2512180308500926
1710778147.9578738,-0.2816892663637797
1710778147.9579868,-0.31040926774342853
1710778147.9581,-0.33982978926764595
1710778147.9582133,-0.36819954713185626
1710778147.9583266,-0.3983205225732591
1710778147.9584396,-0.42844153112835354
1710778147.9585528,-0.4596132371160719
1710778147.958666,-0.4900844891866048
1710778147.9587793,-0.5198552211125692
1710778147.9588926,-0.550326473183102
1710778147.9590056,-0.5786961979336208
1710778147.9591188,-0.6053147713343302
1710778147.959232,-0.6319333447350396
1710778147.9593453,-0.6582016415066189
1710778147.9594584,-0.6841196616490682
1710778147.9595716,-0.7107382350497775
1710778147.9596848,-0.7370065318213569
1710778147.959798,-0.7643255922529433
1710778147.959911,-0.7909441656536526
1710778147.9600244,-0.8165119753943549
1710778147.9601376,-0.8413792981041802
1710778147.9602509,-0.8644953701231215
1710778147.9603639,-0.8865607447094387
1710778147.960477,-0.908275908894009
1710778147.9605904,-0.9285900327894423
1710778147.9607036,-0.9496047099431355
1710778147.9608169,-0.9706193208694458
1710778147.9609299,-0.9923344850540161
1710778147.9610431,-1.0136993726094563
1710778147.9611564,-1.0340134965048895
1710778147.9612696,-1.053627199596829
1710778147.9613826,-1.071839862399631
1710778147.9614959,-1.0879511303371854
1710778147.9616091,-1.1033618450164795
1710778147.9617224,-1.1166711648305256
1710778147.9618354,-1.1306809054480658
1710778147.9619486,-1.1439900928073459
1710778147.962062,-1.159050597084893
1710778147.9621751,-1.1734106805589464
1710778147.9622884,-1.1888213952382405
1710778147.9624014,-1.2035316891140408
1710778147.9625146,-1.218241850535075
1710778147.962628,-1.231200959947374
1710778147.9627411,-1.2431091732449002
1710778147.9628541,-1.2543169657389324
1710778147.9629674,-1.2662253114912245
1710778147.9630806,-1.2767326831817627
1710778147.963194,-1.2872399224175346
1710778147.963307,-1.29879805776808
1710778147.9634202,-1.308955086602105
1710778147.9635334,-1.3205132219526503
1710778147.9636467,-1.3303200403849285
1710778147.96376,-1.3387258847554524
1710778147.963873,-1.3457307550642226
1710778147.9639862,-1.3509844409094915
1710778147.9640994,-1.3544868098364935
1710778147.9642127,-1.3572887579600017
1710778147.9643257,-1.3590399424235027
1710778147.964439,-1.3621922334035237
1710778147.9645522,-1.3653443919287787
1710778147.9646654,-1.3681463400522869
1710778147.9647784,-1.3712984985775418
1710778147.9648917,-1.3741004467010498
1710778147.965005,-1.3758517636193168
1710778147.9651182,-1.3762019740210638
1710778147.9652312,-1.3751512103610568
1710778147.9653444,-1.3737502362993028
1710778147.9654577,-1.3726994726392958
1710778147.965571,-1.3702478673723009
1710778147.9656842,-1.3674459192487929
1710778147.9657972,-1.3649941815270317
1710778147.9659104,-1.3632429970635307
1710778147.9660237,-1.3611414697435167
1710778147.966137,-1.3576389683617485
1710778147.96625,-1.3527356253729925
1710778147.9663632,-1.3464311758677165
1710778147.9664764,-1.3373249106936984
1710778147.9665897,-1.3275180922614203
1710778147.9667027,-1.317711141374376
1710778147.966816,-1.306503348880344
1710778147.9669292,-1.2952955563863118
1710778147.9670424,-1.2851385275522869
1710778147.9671557,-1.2735803922017415
1710778147.9672687,-1.2630731529659696
1710778147.967382,-1.2504643864101834
1710778147.9674952,-1.237155066596137
1710778147.9676085,-1.222444772720337
1710778147.9677215,-1.2052828735775418
1710778147.9678347,-1.1877706315782335
1710778147.967948,-1.1699081791771782
1710778147.9680612,-1.151345305972629
1710778147.9681742,-1.1341832743750677
1710778147.9682875,-1.1166711648305256
1710778147.9684007,-1.0995091332329643
1710778147.968514,-1.0830476548936632
1710778147.9686272,-1.064484715461731
1710778147.9687402,-1.0452213552263048
1710778147.9688535,-1.0256076521343656
1710778147.9689667,-1.0049432516098022
1710778147.96908,-0.983928640683492
1710778147.969193,-0.9618632660971748
1710778147.9693062,-0.9408485889434814
1710778147.9694195,-0.9198339780171711
1710778147.9695327,-0.899870064523485
1710778147.9696457,-0.8792056639989216
1710778147.969759,-0.8588914738761054
1710778147.9698722,-0.8364758888880411
1710778147.9699855,-0.8137100272708468
1710778147.9700985,-0.7891929149627686
1710778147.9702117,-0.7643255922529433
1710778147.970325,-0.7384075058831109
1710778147.9704382,-0.7117889987097846
1710778147.9705515,-0.6865713993708292
1710778147.9706645,-0.661003589630127
1710778147.9707778,-0.6368367539511787
1710778147.970891,-0.6119694312413534
1710778147.9710042,-0.587802595562405
1710778147.9711173,-0.5629352728525797
1710778147.9712305,-0.5363166994518703
1710778147.9713438,-0.5096981591648525
1710778147.971457,-0.4813283681869507
1710778147.97157,-0.4533088538381788
1710778147.9716833,-0.42458885245853
1710778147.9717965,-0.39656930499606663
1710778147.9719098,-0.36854979064729476
1710778147.972023,-0.34123076332939994
1710778147.972136,-0.31286097235149807
1710778147.9722493,-0.2841409709718492
1710778147.9723625,-0.2543702224890391
1710778147.9724758,-0.22319849994447497
1710778147.9725888,-0.1913262903690338
1710778147.972702,-0.15945408079359266
1710778147.9728153,-0.126531140671836
1710778147.9729285,-0.09500917461183336
1710778147.9730415,-0.06453794323735766
1710778147.9731548,-0.03511743826998605
1710778147.973268,-0.0070979151253898936
1710778147.9733813,0.020225079109271366
1710778147.9734943,0.04754946049716737
1710778147.9736075,0.07452353007263607
1710778147.9737208,0.1018479135301378
1710778147.973834,0.13092385398017034
1710778147.9739473,0.15964948468738133
1710778147.9740603,0.1876744959089491
1710778147.9741735,0.21675043635898167
1710778147.9742868,0.24442513783772785
1710778147.9744,0.2717495130168067
1710778147.974513,0.2994241979387071
1710778147.9746263,0.32639827993181014
1710778147.9747396,0.35442329115337795
1710778147.9748528,0.3831489218605889
1710778147.9749658,0.4136261012819078
1710778147.975079,0.44410331381691825
1710778147.9751923,0.47423018349541557
1710778147.9753056,0.5043570862876045
1710778147.9754188,0.5327324072519938
1710778147.9755318,0.56040710873074
1710778147.975645,0.5866805050108168
1710778147.9757583,0.6119030714035034
1710778147.9758716,0.6360746092266506
1710778147.9759846,0.6595455275641547
1710778147.9760978,0.6837171316146851
1710778147.976211,0.7075383928087022
1710778147.9763243,0.7317099306318495
1710778147.9764373,0.7555311918258667
1710778147.9765506,0.7793524530198839
1710778147.9766638,0.8017724752426147
1710778147.976777,0.8241924974653456
1710778147.9768903,0.8448609378602769
1710778147.9770033,0.864478415913052
1710778147.9771166,0.8840958939658271
1710778147.9772298,0.9037134382459853
1710778147.977343,0.9247321552700466
1710778147.977456,0.9446999761793349
1710778147.9775693,0.9657187594307793
1710778147.9776826,0.9863871998257107
1710778147.9777958,1.006355020734999
1710778147.9779088,1.0249216026730008
1710778147.978022,1.0427874988979764
1710778147.9781353,1.0589018795225356
1710778147.9782486,1.0746659835179646
1710778147.9783616,1.0897294018003676
1710778147.9784749,1.1051431629392836
1710778147.978588,1.1209072007073295
1710778147.9787014,1.1366713047027588
1710778147.9788146,1.1517347229851616
1710778147.9789276,1.168549723095364
1710778147.9790409,1.1832629309760199
1710778147.979154,1.1972753206888835
1710778147.9792674,1.2095362610287137
1710778147.9793804,1.2210966481102836
1710778147.9794936,1.2312556637658012
1710778147.9796069,1.241064469019572
1710778147.97972,1.2512234846750896
1710778147.9798331,1.2613826327853732
1710778147.9799464,1.271891991297404
1710778147.9800596,1.2827516926659477
1710778147.9801729,1.2922100226084392
1710778147.9802861,1.3006175888909233
1710778147.9803991,1.3086748123168945
1710778147.9805124,1.31427976820204
1710778147.9806256,1.318833827972412
1710778147.9807389,1.322336991628011
1710778147.980852,1.3254898124270968
1710778147.9809651,1.3282922903696697
1710778147.9810784,1.3307444254557292
1710778147.9811916,1.3331966929965549
1710778147.9813046,1.3359991709391277
1710778147.981418,1.3366997241973877
1710778147.9815311,1.337400409910414
1710778147.9816444,1.3352984852261014
1710778147.9817576,1.3321456644270155
1710778147.9818707,1.3272413942548964
1710778147.981984,1.321986648771498
1710778147.9820971,1.3156810071733263
1710778147.9822104,1.3093753655751545
1710778147.9823234,1.3037704096900091
1710778147.9824367,1.2974647680918376
1710778147.98255,1.2918598122066922
1710778147.9826632,1.2859045134650335
1710778147.9827762,1.2792485290103488
1710778147.9828894,1.2701404094696045
1710778147.9830027,1.260331604215834
1710778147.983116,1.249822245703803
1710778147.983229,1.2379116482204862
1710778147.9833422,1.226001050737169
1710778147.9834554,1.2144406636555989
1710778147.9835687,1.2039313051435683
1710778147.983682,1.1913200219472249
1710778147.983795,1.180460320578681
1710778147.9839082,1.1678491698371039
1710778147.9840214,1.1548875437842474
1710778147.9841347,1.1394737826453314
1710778147.9842477,1.1230091253916423
1710778147.984361,1.1044425434536405
1710778147.9844742,1.0862263043721516
1710778147.9845874,1.0666087600919936
1710778147.9847004,1.0483925210105047
1710778147.9848137,1.0291253195868597
1710778147.984927,1.010208461019728
1710778147.9850402,0.991291602452596
1710778147.9851534,0.9716740581724379
1710778147.9852664,0.9520565801196628
1710778147.9853797,0.929986900753445
1710778147.985493,0.9072165356742011
1710778147.9856062,0.883745617336697
1710778147.9857192,0.8595740132861667
1710778147.9858325,0.8357527520921495
1710778147.9859457,0.8136830727259318
1710778147.986059,0.791263116730584
1710778147.986172,0.7691933711369832
1710778147.9862852,0.7478243112564087
1710778147.9863985,0.725754631890191
1710778147.9865117,0.7029843330383301
1710778147.986625,0.6788127289877998
1710778147.986738,0.6535902288224962
1710778147.9868512,0.6269664896859063
1710778147.9869645,0.6010433700349596
1710778147.9870777,0.5744195646709865
1710778147.9871907,0.5477958255343967
1710778147.987304,0.5222230156262716
1710778147.9874172,0.49594958623250324
1710778147.9875305,0.4696761237250434
1710778147.9876435,0.4420014222462972
1710778147.9877567,0.4136261012819078
1710778147.98787,0.38490047057469684
1710778147.9879832,0.35337236192491317
1710778147.9880962,0.32219452990425956
1710778147.9882095,0.2906663881407844
1710778147.9883227,0.2594885726769765
1710778147.988436,0.22901137669881183
1710778147.9885492,0.1995851265059577
1710778147.9886622,0.1698085500134362
1710778147.9887755,0.14108291930622524
1710778147.9888887,0.11060572332806057
1710778147.989002,0.0801285273498959
1710778147.989115,0.04860039800405502
1710778147.9892282,0.015671015199687745
1710778147.9893415,-0.01725499311255084
1710778147.9894547,-0.050528177784548864
1710778147.9895678,-0.08275063501463996
1710778147.989681,-0.1142726010746426
1710778147.9897943,-0.14579456713464525
1710778147.9899075,-0.1776667767100864
1710778147.9900208,-0.20848825573921204
1710778147.9901338,-0.2403604653146532
1710778147.990247,-0.27328340543640983
1710778147.9903603,-0.3069068325890435
1710778147.9904735,-0.33982978926764595
1710778147.9905865,-0.37240246931711835
1710778147.9906998,-0.40462493896484375
1710778147.990813,-0.4343956708908081
1710778147.9909263,-0.4638161924150255
1710778147.9910393,-0.49148546324835884
1710778147.9911525,-0.5177537600199381
1710778147.9912658,-0.5443723003069559
1710778147.991379,-0.5709908405939738
1710778147.991492,-0.5976094139946831
1710778147.9916053,-0.6245781977971395
1710778147.9917185,-0.6529479556613498
1710778147.9918318,-0.6802670160929362
1710778147.991945,-0.7072357998953925
1710778147.992058,-0.7342045836978488
1710778147.9921713,-0.7604728804694282
1710778147.9922845,-0.7856904798083835
1710778147.9923978,-0.8105578025182087
1710778147.9925108,-0.8357754018571641
1710778147.992624,-0.8613432115978664
1710778147.9927373,-0.8876115083694458
1710778147.9928505,-0.9142300155427721
1710778147.9929636,-0.9404983785417345
1710778147.9930768,-0.9660661882824367
1710778147.99319,-0.990583234363132
1710778147.9933033,-1.0126486089494493
1710778147.9934165,-1.0326125224431355
1710778147.9935296,-1.0525764359368217
1710778147.9936428,-1.0711393753687541
1710778147.993756,-1.0876008537080553
1710778147.9938693,-1.1061637931399875
1710778147.9939823,-1.1236760351392958
1710778147.9940956,-1.141538487540351
1710778147.9942088,-1.1587003866831462
1710778147.994322,-1.1762126286824544
1710778147.994435,-1.1916233433617485
1710778147.9945483,-1.2066838476392958
1710778147.9946616,-1.220693588256836
1710778147.9947748,-1.234353118472629
1710778147.994888,-1.2466116746266682
1710778147.995001,-1.2595706515842013
1710778147.9951143,-1.2725297609965007
1710778147.9952276,-1.2868897120157878
1710778147.9953408,-1.300549242231581
1710778147.9954538,-1.314909193250868
1710778147.995567,-1.3282185130649142
1710778147.9956803,-1.3401268588172064
1710778147.9957936,-1.3502838876512315
1710778147.9959066,-1.3590399424235027
1710778147.9960198,-1.3667453659905326
1710778147.996133,-1.3748009999593098
1710778147.9962463,-1.380404896206326
1710778147.9963593,-1.387759976916843
1710778147.9964726,-1.3940644264221191
1710778147.9965858,-1.401069296730889
1710778147.996699,-1.4073737462361653
1710778147.9968123,-1.4122770892249212
1710778147.9969254,-1.4161298010084364
1710778147.9970386,-1.4178809854719374
1710778147.9971519,-1.4182311958736844
1710778147.997265,-1.4171805646684434
1710778147.997378,-1.4161298010084364
1710778147.9974914,-1.4147288269466824
1710778147.9976046,-1.4122770892249212
1710778147.9977179,-1.4112263255649142
1710778147.9978309,-1.4098253515031602
1710778147.997944,-1.4080741670396593
1710778147.9980574,-1.4049220085144043
1710778147.9981706,-1.401069296730889
1710778147.9982839,-1.3947648472256131
1710778147.9983969,-1.387759976916843
1710778147.9985101,-1.3797043429480658
1710778147.9986234,-1.3709482881757948
1710778147.9987366,-1.3614916801452637
1710778147.9988496,-1.3530858357747395
1710778147.9989629,-1.3443297810024686
1710778147.9990761,-1.3348731729719374
1710778147.9991894,-1.3250663545396593
1710778147.9993024,-1.314208772447374
1710778147.9994156,-1.301600005891588
1710778147.999529,-1.2872399224175346
1710778147.9996421,-1.2718292077382405
1710778147.9997554,-1.2546673085954454
1710778147.9998684,-1.237505276997884
1710778147.9999816,-1.220343377855089
1710778148.000095,-1.2038818995157878
1710778148.0002081,-1.1884711848364935
1710778148.0003211,-1.1727101273006864
1710778148.0004344,-1.157649623023139
1710778148.0005476,-1.140487723880344
1710778148.000661,-1.1233256922827826
1710778148.000774,-1.1044125424491034
1710778148.0008872,-1.0858496030171711
1710778148.0010004,-1.066235966152615
1710778148.0011137,-1.0452213552263048
1710778148.0012267,-1.0256076521343656
1710778148.00134,-1.0052935282389324
1710778148.0014532,-0.986030101776123
1710778148.0015664,-0.9646652142206827
1710778148.0016797,-0.9440008136961195
1710778148.0017927,-0.9219354391098022
1710778148.001906,-0.8981188138326008
1710778148.0020192,-0.8729012144936455
1710778148.0021324,-0.8466329177220662
1710778148.0022454,-0.8200144105487399
1710778148.0023587,-0.7930456267462836
1710778148.002472,-0.7664270533455743
1710778148.0025852,-0.7412094540066189
1710778148.0026982,-0.7163421312967936
1710778148.0028114,-0.6921752956178453
1710778148.0029247,-0.66765824953715
1710778148.003038,-0.6424406501981947
1710778148.0031512,-0.6158220767974854
1710778148.0032642,-0.5906045436859131
1710778148.0033774,-0.5625849962234497
1710778148.0034907,-0.5352659689055549
1710778148.003604,-0.5079469415876601
1710778148.003717,-0.4816786117023892
1710778148.0038302,-0.45576055844624835
1710778148.0039434,-0.42914201815923053
1710778148.0040567,-0.4032239649030897
1710778148.0041697,-0.37660539150238037
1710778148.004283,-0.34928636418448555
1710778148.0043962,-0.3191653887430827
1710778148.0045094,-0.2883438931571113
1710778148.0046227,-0.2564716835816701
1710778148.0047357,-0.22494971752166748
1710778148.004849,-0.19342775146166483
1710778148.0049622,-0.1626062724325392
1710778148.0050755,-0.13108431465095943
1710778148.0051885,-0.10166380968358782
1710778148.0053017,-0.07154282596376207
1710778148.005415,-0.04002085576454798
1710778148.0055282,-0.008849135289589563
1710778148.0056412,0.02337789162993431
1710778148.0057545,0.056307274434301585
1710778148.0058677,0.08853603568341997
1710778148.005981,0.12146541641818152
1710778148.006094,0.15334385964605543
1710778148.0062072,0.18277012639575535
1710778148.0063205,0.2121963765886095
1710778148.0064337,0.2398710780673557
1710778148.006547,0.2675457629892561
1710778148.00666,0.2955707576539781
1710778148.0067732,0.32324545913272434
1710778148.0068865,0.3523213995827569
1710778148.0069997,0.38104703028996784
1710778148.0071127,0.4097726609971788
1710778148.007226,0.4377976722187466
1710778148.0073392,0.46652330292595756
1710778148.0074525,0.49279676543341744
1710778148.0075655,0.5190701948271857
1710778148.0076787,0.5442926949924892
1710778148.007792,0.5691648854149712
1710778148.0079052,0.595088005065918
1710778148.0080185,0.6206608480877346
1710778148.0081315,0.6465839677386813
1710778148.0082448,0.6732077731026543
1710778148.008358,0.6998315122392442
1710778148.0084713,0.7250540124045478
1710778148.0085843,0.748875273598565
1710778148.0086975,0.7716455724504259
1710778148.0088108,0.7926643557018703
1710778148.008924,0.8133327960968018
1710778148.009037,0.8325999975204468
1710778148.0091503,0.8536187145445082
1710778148.0092635,0.8742871549394395
1710778148.0093768,0.8946053187052408
1710778148.0094898,0.9159743785858154
1710778148.009603,0.9373434384663899
1710778148.0097163,0.9573112593756782
1710778148.0098295,0.9762281179428101
1710778148.0099428,0.9954953193664551
1710778148.0100558,1.0133612818188138
1710778148.010169,1.0301762819290161
1710778148.0102823,1.0480422443813748
1710778148.0103955,1.0652075211207073
1710778148.0105085,1.0827231407165527
1710778148.0106218,1.1012897226545546
1710778148.010735,1.1195059617360432
1710778148.0108483,1.1363209618462455
1710778148.0109613,1.1520850658416748
1710778148.0110745,1.1664479308658176
1710778148.0111878,1.1783585283491347
1710778148.011301,1.1895684401194255
1710778148.0114143,1.1993772453731961
1710778148.0115273,1.2081350220574272
1710778148.0116405,1.2165425883399115
1710778148.0117538,1.225650707880656
1710778148.011867,1.234408484564887
1710778148.01198,1.2431662612491183
1710778148.0120933,1.2515738275316026
1710778148.0122066,1.2589303652445476
1710778148.0123198,1.2655863496992323
1710778148.0124328,1.2711913055843778
1710778148.012546,1.27574536535475
1710778148.0126593,1.2792485290103488
1710778148.0127726,1.2841529316372342
1710778148.0128858,1.2897578875223796
1710778148.0129988,1.2946622901492648
1710778148.013112,1.3002672460344102
1710778148.0132253,1.3058723343743217
1710778148.0133386,1.3107766045464408
1710778148.0134516,1.31427976820204
1710778148.0135648,1.3156810071733263
1710778148.013678,1.3156810071733263
1710778148.0137913,1.3135792149437797
1710778148.0139043,1.3107766045464408
1710778148.0140176,1.306923230489095
1710778148.0141308,1.3037704096900091
1710778148.014244,1.2995666927761502
1710778148.014357,1.295713186264038
1710778148.0144703,1.291509469350179
1710778148.0145836,1.2855541706085205
1710778148.0146968,1.279598871866862
1710778148.01481,1.2715416484408908
1710778148.014923,1.2617328431871202
1710778148.0150363,1.2508731418185763
1710778148.0151496,1.2403637833065457
1710778148.0152628,1.2281028429667156
1710778148.0153759,1.217943827311198
1710778148.015489,1.2077848116556804
1710778148.0156024,1.1969251102871366
1710778148.0157156,1.187116305033366
1710778148.0158286,1.1759062608083088
1710778148.0159419,1.163995663324992
1710778148.016055,1.1506838268703885
1710778148.0161684,1.1356204085879855
1710778148.0162816,1.1205568578508165
1710778148.0163946,1.1051431629392836
1710778148.0165079,1.0890287823147244
1710778148.016621,1.0736150211758084
1710778148.0167344,1.0592522223790486
1710778148.0168474,1.0441888040966458
1710778148.0169606,1.0284247001012166
1710778148.0170739,1.0130109389623005
1710778148.017187,0.9961959388520982
1710778148.0173001,0.9772790802849664
1710778148.0174134,0.9573112593756782
1710778148.0175266,0.9369930956098769
1710778148.0176399,0.9159743785858154
1710778148.0177531,0.8946053187052408
1710778148.0178661,0.8753381172815958
1710778148.0179794,0.8560709158579508
1710778148.0180926,0.8357527520921495
1710778148.018206,0.8161352740393745
1710778148.018319,0.7958171765009562
1710778148.0184321,0.7740977737638686
1710778148.0185454,0.7513274749120076
1710778148.0186586,0.7278564903471205
1710778148.0187716,0.7040352291531032
1710778148.018885,0.6791630718443129
1710778148.0189981,0.6546411911646525
1710778148.0191114,0.6301193104849921
1710778148.0192244,0.6059477064344618
1710778148.0193377,0.5821264452404445
1710778148.019451,0.5572542879316542
1710778148.0195642,0.5316814449098375
1710778148.0196774,0.5050577057732476
1710778148.0197904,0.4766823848088582
1710778148.0199037,0.4472561346160041
1710778148.020017,0.4174795415666368
1710778148.0201302,0.38875391085942584
1710778148.0202432,0.3589773509237501
1710778148.0203564,0.33095233970218235
1710778148.0204697,0.30362794796625775
1710778148.020583,0.2763035727871789
1710778148.020696,0.24862888786527845
1710778148.0208092,0.22095418638653225
1710778148.0209224,0.19257886542214286
1710778148.0210357,0.1621016694439782
1710778148.021149,0.1316244817442364
1710778148.021262,0.10079697602325015
1710778148.0213752,0.06996946202384101
1710778148.0214884,0.03984258406692081
1710778148.0216017,0.010416325595643785
1710778148.0217147,-0.019006213794151943
1710778148.021828,-0.048076469037267894
1710778148.0219412,-0.07714673048920101
1710778148.0220544,-0.10726771420902675
1710778148.0221674,-0.13808919323815239
1710778148.0222807,-0.17066188984447056
1710778148.022394,-0.2018336123890347
1710778148.0225072,-0.23405606547991434
1710778148.0226204,-0.26487754450904
1710778148.0227334,-0.2963995271258884
1710778148.0228467,-0.32546977202097577
1710778148.02296,-0.3538395298851861
1710778148.0230732,-0.38185907734764946
1710778148.0231862,-0.40987859169642127
1710778148.0232995,-0.43789810604519314
1710778148.0234127,-0.466968384053972
1710778148.023526,-0.49568838543362087
1710778148.023639,-0.5258093608750237
1710778148.0237522,-0.5534786648220485
1710778148.0238655,-0.5814982122845119
1710778148.0239787,-0.6077665090560913
1710778148.0240917,-0.6336845291985406
1710778148.024205,-0.6585518519083658
1710778148.0243182,-0.6820182005564371
1710778148.0244315,-0.7068855894936455
1710778148.0245447,-0.7307021485434638
1710778148.0246577,-0.7569704453150431
1710778148.024771,-0.7821880446539985
1710778148.0248842,-0.8081060647964478
1710778148.0249975,-0.832623177104526
1710778148.0251105,-0.8581909868452284
1710778148.0252237,-0.8813071250915527
1710778148.025337,-0.9037227100796169
1710778148.0254502,-0.9247373872333102
1710778148.0255632,-0.9471529722213745
1710778148.0256765,-0.9685178597768147
1710778148.0257897,-0.989882747332255
1710778148.025903,-1.0126486089494493
1710778148.0260162,-1.0354144705666435
1710778148.0261292,-1.0574798451529608
1710778148.0262425,-1.0788447327084012
1710778148.0263557,-1.0998594098620944
1710778148.026469,-1.1187725596957736
1710778148.026582,-1.1355842484368217
1710778148.0266953,-1.15309649043613
1710778148.0268085,-1.1692077583736844
1710778148.0269217,-1.1849686834547255
1710778148.0270348,-1.2014301617940266
1710778148.027148,-1.217891640133328
1710778148.0272613,-1.234703328874376
1710778148.0273745,-1.2508145968119304
1710778148.0274875,-1.2669258647494845
1710778148.0276008,-1.2816360261705186
1710778148.027714,-1.2942447927263048
1710778148.0278273,-1.306503348880344
1710778148.0279405,-1.317711141374376
1710778148.0280535,-1.3278683026631672
1710778148.0281668,-1.3394263055589464
1710778148.02828,-1.3492331239912245
1710778148.0283933,-1.3597404956817627
1710778148.0285063,-1.3702478673723009
1710778148.0286195,-1.380054685804579
1710778148.0287328,-1.388460530175103
1710778148.028846,-1.3947648472256131
1710778148.028959,-1.398967769410875
1710778148.0290723,-1.4021200603908963
1710778148.0291855,-1.4038712448543973
1710778148.0292988,-1.4052722189161513
1710778148.029412,-1.4073737462361653
1710778148.029525,-1.4094751411014133
1710778148.0296383,-1.4105259047614203
1710778148.0297515,-1.4133278528849285
1710778148.0298648,-1.4150790373484294
1710778148.0299778,-1.4161298010084364
1710778148.030091,-1.4143786165449355
1710778148.0302043,-1.4129776424831815
1710778148.0303175,-1.4101756943596733
1710778148.0304306,-1.4063229825761583
1710778148.0305438,-1.4024702707926433
1710778148.030657,-1.398267348607381
1710778148.0307703,-1.3947648472256131
1710778148.0308836,-1.390561925040351
1710778148.0309966,-1.385308371649848
1710778148.0311098,-1.380404896206326
1710778148.031223,-1.3726994726392958
1710778148.0313363,-1.3639434178670247
1710778148.0314493,-1.3530858357747395
1710778148.0315626,-1.3404770692189534
1710778148.0316758,-1.3271677494049072
1710778148.031789,-1.314208772447374
1710778148.031902,-1.299848821428087
1710778148.0320153,-1.2865395016140408
1710778148.0321286,-1.2732301817999945
1710778148.0322418,-1.2595706515842013
1710778148.0323548,-1.2462614642249212
1710778148.032468,-1.231551170349121
1710778148.0325813,-1.2154399024115667
1710778148.0326946,-1.1989784240722656
1710778148.0328078,-1.1804155508677165
1710778148.0329208,-1.1615023348066542
1710778148.033034,-1.1439900928073459
1710778148.0331473,-1.1254272196027968
1710778148.0332606,-1.1086155308617485
1710778148.0333736,-1.0918037758933172
1710778148.0334868,-1.074641810523139
1710778148.0336,-1.0571296347512138
1710778148.0337133,-1.0382164186901517
1710778148.0338264,-1.0182525051964653
1710778148.0339396,-0.9975881046719021
1710778148.0340528,-0.9744720326529609
1710778148.034166,-0.9527568684683906
1710778148.0342793,-0.9289403094185723
1710778148.0343924,-0.906524658203125
1710778148.0345056,-0.8834085861841837
1710778148.0346189,-0.8616934219996134
1710778148.034732,-0.8382270733515421
1710778148.034845,-0.8144105143017238
1710778148.0349584,-0.7895431253645155
1710778148.0350716,-0.7629246181911892
1710778148.0351849,-0.7352553473578559
1710778148.0352979,-0.7065353128645155
1710778148.0354111,-0.6774650679694282
1710778148.0355244,-0.6490953101052178
1710778148.0356376,-0.6200249989827474
1710778148.0357509,-0.5923557281494141
1710778148.0358639,-0.5650367339452108
1710778148.0359771,-0.5373674299981859
1710778148.0360904,-0.5093479156494141
1710778148.0362036,-0.48027763764063514
1710778148.0363166,-0.4498064186837938
1710778148.03643,-0.4196854101286994
1710778148.0365431,-0.388513704140981
1710778148.0366564,-0.3566414780086941
1710778148.0367694,-0.32617025905185276
1710778148.0368826,-0.29534879657957286
1710778148.036996,-0.2652277880244785
1710778148.0371091,-0.23545703954166836
1710778148.0372221,-0.20498580402798122
1710778148.0373354,-0.17381409804026285
1710778148.0374486,-0.14264237549569872
1710778148.037562,-0.10971942709551917
1710778148.0376751,-0.07609599166446261
1710778148.0377882,-0.04212232099639045
1710778148.0379014,-0.008849135289589563
1710778148.0380147,0.02372820344236162
1710778148.038128,0.054906023045380906
1710778148.038241,0.08468259539869097
1710778148.0383542,0.11445916361278957
1710778148.0384674,0.14353510406282213
1710778148.0385807,0.17296137081252203
1710778148.0386937,0.20308825704786512
1710778148.038807,0.23251450724071926
1710778148.0389202,0.2622910837332408
1710778148.0390334,0.29276827971140545
1710778148.0391467,0.32254483964708114
1710778148.0392597,0.3516207800971137
1710778148.039373,0.37999610106150306
1710778148.0394862,0.4069701830546061
1710778148.0395994,0.4349951942761739
1710778148.0397124,0.4630202054977417
1710778148.0398257,0.49034456411997474
1710778148.039939,0.5204714669121636
1710778148.0400522,0.5491970976193746
1710778148.0401652,0.5789736244413588
1710778148.0402784,0.6087502506044176
1710778148.0403917,0.6367752287122939
1710778148.040505,0.6637493107053969
1710778148.0406182,0.6893221537272135
1710778148.0407312,0.714194311036004
1710778148.0408444,0.7380155722300211
1710778148.0409577,0.760785871081882
1710778148.041071,0.783906512790256
1710778148.041184,0.80702715449863
1710778148.0412972,0.8308484156926472
1710778148.0414104,0.8539690574010212
1710778148.0415237,0.8770896991093953
1710778148.0416367,0.899159378475613
1710778148.04175,0.9201780954996744
1710778148.0418632,0.9394452969233195
1710778148.0419765,0.9583622217178345
1710778148.0420895,0.9772790802849664
1710778148.0422027,0.9961959388520982
1710778148.042316,1.0161637597613864
1710778148.0424292,1.0368322001563177
1710778148.0425425,1.0568000210656059
1710778148.0426555,1.0764175653457642
1710778148.0427687,1.0970860057406955
1710778148.042882,1.1156525876786973
1710778148.0429952,1.1342191696166992
1710778148.0431082,1.1499831411573622
1710778148.0432215,1.164346006181505
1710778148.0433347,1.179759767320421
1710778148.043448,1.1944728427463107
1710778148.043561,1.2088357077704535
1710778148.0436742,1.2231985727945964
1710778148.0437875,1.237561305363973
1710778148.0439007,1.2508731418185763
1710778148.044014,1.2638347678714328
1710778148.044127,1.2753950224982367
1710778148.0442402,1.2852038277520073
1710778148.0443535,1.2932610511779785
1710778148.0444667,1.299216349919637
1710778148.0445797,1.3055219915178087
1710778148.044693,1.3118276331159804
1710778148.0448062,1.3170822461446126
1710778148.0449195,1.3226873344845242
1710778148.0450325,1.3282922903696697
1710778148.0451458,1.3338972462548149
1710778148.045259,1.337750752766927
1710778148.0453722,1.3416041268242729
1710778148.0454853,1.3423048125372992
1710778148.0455985,1.3419544696807861
1710778148.0457118,1.3409035735660129
1710778148.045825,1.3388016488817003
1710778148.0459383,1.3366997241973877
1710778148.0460513,1.3345979319678412
1710778148.0461645,1.3328463501400418
1710778148.0462778,1.3303942150539823
1710778148.046391,1.3279419475131564
1710778148.046504,1.3240885734558105
1710778148.0466173,1.318833827972412
1710778148.0467305,1.3118276331159804
1710778148.0468438,1.3037704096900091
1710778148.0469568,1.2939616044362385
1710778148.04707,1.2848534848954942
1710778148.0471833,1.2750448120964897
1710778148.0472965,1.2669875886705186
1710778148.0474098,1.2585800223880343
1710778148.0475228,1.24947190284729
1710778148.047636,1.241414811876085
1710778148.0477493,1.2326569027370877
1710778148.0478625,1.2217972013685439
1710778148.0479755,1.210937632454766
1710778148.0480888,1.1979760064019096
1710778148.048202,1.18396348423428
1710778148.0483153,1.1703013049231634
1710778148.0484283,1.156639125612047
1710778148.0485415,1.1426266034444172
1710778148.0486548,1.1289644241333008
1710778148.048768,1.114951901965671
1710778148.0488813,1.0998884836832683
1710778148.0489943,1.083774103058709
1710778148.0491076,1.0662584834628634
1710778148.0492208,1.0469912820392184
1710778148.049334,1.0270234611299303
1710778148.049447,1.0049537817637126
1710778148.0495603,0.9839349985122681
1710778148.0496736,0.9625659386316935
1710778148.0497868,0.9418974982367622
1710778148.0498998,0.9215794006983439
1710778148.050013,0.9012612369325426
1710778148.0501263,0.8812934160232544
1710778148.0502396,0.8602746327718098
1710778148.0503526,0.8392559157477485
1710778148.0504658,0.8161352740393745
1710778148.050579,0.7923140128453572
1710778148.0506923,0.76849275165134
1710778148.0508056,0.7443212138281928
1710778148.0509186,0.7208502292633057
1710778148.0510318,0.6977296537823147
1710778148.051145,0.6749592887030708
1710778148.0512583,0.6521889898512099
1710778148.0513713,0.6276671091715494
1710778148.0514846,0.6038458479775323
1710778148.0515978,0.5775723854700724
1710778148.051711,0.5491970976193746
1710778148.051824,0.5211720863978068
1710778148.0519373,0.49104518360561794
1710778148.0520506,0.4616189334127638
1710778148.0521638,0.4328933027055528
1710778148.052277,0.40486829148398507
1710778148.05239,0.37684328026241726
1710778148.0525033,0.348818302154541
1710778148.0526166,0.31939201884799534
1710778148.0527298,0.29101669788360596
1710778148.0528429,0.26053951846228707
1710778148.052956,0.2297120127413008
1710778148.0530694,0.19853418072064716
1710778148.0531826,0.16735636525683933
1710778148.0532956,0.1361785415146086
1710778148.0534089,0.10640197330050997
1710778148.053522,0.07697571482923296
1710778148.0536354,0.04825008412202199
1710778148.0537486,0.019174141602383718
1710778148.0538616,-0.00849889125674963
1710778148.0539749,-0.03756914701726701
1710778148.054088,-0.06804038253095415
1710778148.0542014,-0.09816137452920277
1710778148.0543144,-0.12828235824902853
1710778148.0544276,-0.15910383727815416
1710778148.0545409,-0.18887458576096428
1710778148.0546541,-0.2172443601820204
1710778148.0547671,-0.24491363101535374
1710778148.0548804,-0.27188243137465584
1710778148.0549936,-0.29955171876483494
1710778148.0551069,-0.32687074608272976
1710778148.05522,-0.3538395298851861
1710778148.0553331,-0.38255956437852645
1710778148.0554464,-0.4116298092736138
1710778148.0555596,-0.4399995671378242
1710778148.055673,-0.46871960163116455
1710778148.055786,-0.49603862894905937
1710778148.0558991,-0.5219566822052002
1710778148.0560124,-0.5475244919459025
1710778148.0561256,-0.5723918146557277
1710778148.0562387,-0.5969089269638062
1710778148.056352,-0.6210757626427544
1710778148.0564651,-0.6466435723834567
1710778148.0565784,-0.6725616587532891
1710778148.0566914,-0.6991801659266154
1710778148.0568047,-0.7250982522964478
1710778148.056918,-0.75066606203715
1710778148.0570312,-0.7755333847469753
1710778148.0571444,-0.7989997333950466
1710778148.0572574,-0.8224660820431179
1710778148.0573707,-0.8441812462276882
1710778148.057484,-0.8658963441848755
1710778148.0575972,-0.8886622058020698
1710778148.0577102,-0.910727580388387
1710778148.0578234,-0.9338437186347114
1710778148.0579367,-0.9566095802519057
1710778148.05805,-0.9783246782090929
1710778148.058163,-1.0003900527954102
1710778148.0582762,-1.0207042429182265
1710778148.0583894,-1.0385666953192816
1710778148.0585027,-1.0571296347512138
1710778148.058616,-1.073240836461385
1710778148.058729,-1.0904028018315632
1710778148.0588422,-1.1068642801708646
1710778148.0589554,-1.1240262455410428
1710778148.0590687,-1.142238908343845
1710778148.0591817,-1.1601013607449002
1710778148.059295,-1.1779638131459553
1710778148.0594082,-1.1944252914852567
1710778148.0595214,-1.2098360061645508
1710778148.0596344,-1.224896510442098
1710778148.0597477,-1.238556040657891
1710778148.059861,-1.2511648072136772
1710778148.0599742,-1.2634233633677165
1710778148.0600872,-1.2760321299235027
1710778148.0602005,-1.2889912393358018
1710778148.0603137,-1.300899452633328
1710778148.060427,-1.313508219189114
1710778148.0605402,-1.3254165649414062
1710778148.0606532,-1.3345229625701904
1710778148.0607665,-1.3429288069407146
1710778148.0608797,-1.3492331239912245
1710778148.060993,-1.3548370202382405
1710778148.061106,-1.3583395216200087
1710778148.0612192,-1.3618420230017767
1710778148.0613325,-1.3649941815270317
1710778148.0614457,-1.3684965504540336
1710778148.0615587,-1.3716488414340549
1710778148.061672,-1.3751512103610568
1710778148.0617852,-1.377252737681071
1710778148.0618985,-1.378653711742825
1710778148.0620117,-1.3783033688863118
1710778148.0621247,-1.3765521844228108
1710778148.062238,-1.3744507895575628
1710778148.0623512,-1.3709482881757948
1710778148.0624645,-1.3674459192487929
1710778148.0625775,-1.364643971125285
1710778148.0626907,-1.3625424438052707
1710778148.062804,-1.3604410489400227
1710778148.0629172,-1.3579893112182617
1710778148.0630302,-1.3548370202382405
1710778148.0631435,-1.3513346513112385
1710778148.0632567,-1.3457307550642226
1710778148.06337,-1.3383755418989394
1710778148.063483,-1.3317210144466824
1710778148.0635962,-1.3222644064161513
1710778148.0637095,-1.313508219189114
1710778148.0638227,-1.304401954015096
1710778148.063936,-1.295996109644572
1710778148.064049,-1.2875902652740479
1710778148.0641623,-1.2788340780470107
1710778148.0642755,-1.2683268388112385
1710778148.0643888,-1.2567687034606934
1710778148.0645018,-1.2441599369049072
1710778148.064615,-1.2294496430291069
1710778148.0647283,-1.214389271206326
1710778148.0648415,-1.1989784240722656
1710778148.0649545,-1.1835677093929715
1710778148.0650678,-1.1681569947136772
1710778148.065181,-1.154497464497884
1710778148.0652943,-1.139787170622084
1710778148.0654075,-1.1261276404062908
1710778148.0655205,-1.1100165049235027
1710778148.0656338,-1.0949560006459553
1710778148.065747,-1.0774437586466472
1710778148.0658603,-1.059231095843845
1710778148.0659733,-1.0396173927519057
1710778148.0660865,-1.0196534792582195
1710778148.0661998,-0.9989890787336562
1710778148.066313,-0.9793754418690999
1710778148.066426,-0.9601120154062907
1710778148.0665393,-0.9394476148817275
1710778148.0666525,-0.9187832143571641
1710778148.0667658,-0.8963676293690999
1710778148.066879,-0.8729012144936455
1710778148.066992,-0.8476836813820733
1710778148.0671053,-0.8224660820431179
1710778148.0672185,-0.7951470878389146
1710778148.0673318,-0.7685285144382052
1710778148.0674448,-0.742260217666626
1710778148.067558,-0.7159919208950466
1710778148.0676713,-0.6914748085869683
1710778148.0677845,-0.666957762506273
1710778148.0678976,-0.6424406501981947
1710778148.0680108,-0.6175733274883694
1710778148.068124,-0.5913050307167901
1710778148.0682373,-0.5646864573160807
1710778148.0683503,-0.5370171864827474
1710778148.0684636,-0.5093479156494141
1710778148.0685768,-0.4809781246715122
1710778148.06869,-0.4533088538381788
1710778148.0688033,-0.4256395830048455
1710778148.0689163,-0.3979702790578206
1710778148.0690296,-0.3703010082244873
1710778148.0691428,-0.34228149387571544
1710778148.069256,-0.31251072883605957
1710778148.069369,-0.28133902284834117
1710778148.0694823,-0.24876632624202305
1710778148.0695956,-0.21654387315114337
1710778148.0697088,-0.18327067295710245
1710778148.0698218,-0.1503477328353458
1710778148.069935,-0.11777503622902764
1710778148.0700483,-0.08730380899376339
1710778148.0701616,-0.05683257348007626
1710778148.0702748,-0.026361337966389127
1710778148.0703878,0.002359136318167051
1710778148.070501,0.032836331261528864
1710778148.0706143,0.0629632133576605
1710778148.0707276,0.09379072321785821
1710778148.0708406,0.12461822893884447
1710778148.0709538,0.15509542491700914
1710778148.071067,0.18487200140953064
1710778148.0711803,0.21289699607425266
1710778148.0712934,0.2398710780673557
1710778148.0714066,0.26684514350361294
1710778148.0715199,0.29276827971140545
1710778148.071633,0.3197423285908169
1710778148.0717463,0.3481176495552063
1710778148.0718594,0.37614266077677405
1710778148.0719726,0.40486829148398507
1710778148.0720859,0.4332436124483744
1710778148.072199,0.46266986264122856
1710778148.072312,0.49034456411997474
1710778148.0724254,0.5183695753415426
1710778148.0725386,0.5439423852496676
1710778148.0726519,0.5698655049006144
1710778148.0727649,0.5961389674080743
1710778148.0728781,0.6210111909442477
1710778148.0729914,0.648685892422994
1710778148.0731046,0.6753096315595839
1710778148.0732176,0.7022837135526869
1710778148.0733309,0.7299584150314331
1710778148.0734441,0.7558815346823798
1710778148.0735574,0.7821549309624566
1710778148.0736706,0.80702715449863
1710778148.0737836,0.8304980728361342
1710778148.073897,0.852918095058865
1710778148.0740101,0.8749877744250827
1710778148.0741234,0.8974077966478136
1710778148.0742364,0.9208787149853176
1710778148.0743496,0.9439993566936916
1710778148.074463,0.9671199984020656
1710778148.0745761,0.9898902972539265
1710778148.0746891,1.0123103194766574
1710778148.0748024,1.0336793793572319
1710778148.0749156,1.0539975431230333
1710778148.075029,1.0732647445466783
1710778148.0751421,1.0907803641425238
1710778148.0752552,1.1079456408818562
1710778148.0753684,1.125811603334215
1710778148.0754817,1.1429769463009305
1710778148.075595,1.1601422892676458
1710778148.075708,1.1773074997795951
1710778148.0758212,1.1937722894880507
1710778148.0759344,1.2091860506269667
1710778148.0760477,1.2231985727945964
1710778148.0761607,1.2351091702779133
1710778148.076274,1.2459688716464572
1710778148.0763872,1.2550769911872015
1710778148.0765004,1.265236006842719
1710778148.0766137,1.2736435731252034
1710778148.0767267,1.283802588780721
1710778148.07684,1.2936113940344915
1710778148.0769532,1.3030697239769828
1710778148.0770664,1.3125281863742404
1710778148.0771794,1.3202350669436984
1710778148.0772927,1.3275916046566434
1710778148.077406,1.3331966929965549
1710778148.0775192,1.3366997241973877
1710778148.0776322,1.3395023345947266
1710778148.0777454,1.3423048125372992
1710778148.0778587,1.3447569476233587
1710778148.077972,1.3468588723076713
1710778148.078085,1.3489606645372179
1710778148.0781982,1.3510625892215304
1710778148.0783114,1.3517632749345567
1710778148.0784247,1.3517632749345567
1710778148.078538,1.3496613502502441
1710778148.078651,1.3465085294511583
1710778148.0787642,1.3416041268242729
1710778148.0788774,1.3349482748243544
1710778148.0789907,1.3293431864844427
1710778148.0791037,1.3230375448862712
1710778148.079217,1.3170822461446126
1710778148.0793302,1.3121778435177274
1710778148.0794435,1.3058723343743217
1710778148.0795565,1.2995666927761502
1710778148.0796697,1.2932610511779785
1710778148.079783,1.2845032744937472
1710778148.0798962,1.2746944692399766
1710778148.0800095,1.264535453584459
1710778148.0801225,1.252624723646376
1710778148.0802357,1.241414811876085
1710778148.080349,1.2305551105075412
1710778148.0804622,1.2196954091389973
1710778148.0805752,1.2095362610287137
1710778148.0806885,1.1986766921149359
1710778148.0808017,1.187816990746392
1710778148.080915,1.1755560504065619
1710778148.081028,1.1618937386406791
1710778148.0811412,1.1461297671000164
1710778148.0812545,1.129665109846327
1710778148.0813677,1.1124997668796115
1710778148.0814807,1.094984081056383
1710778148.081594,1.0781690809461806
1710778148.0817072,1.060303184721205
1710778148.0818205,1.0427874988979764
1710778148.0819337,1.025622222158644
1710778148.0820467,1.0060046778784857
1710778148.08216,0.9863871998257107
1710778148.0822732,0.9657187594307793
1710778148.0823865,0.9429484605789185
1710778148.0824995,0.9187768565283881
1710778148.0826128,0.8946053187052408
1710778148.082726,0.8700834380255805
1710778148.0828393,0.8466124534606934
1710778148.0829523,0.8227911922666762
1710778148.0830655,0.7982693115870158
1710778148.0831788,0.775849355591668
1710778148.083292,0.7509771320554945
1710778148.0834053,0.725754631890191
1710778148.0835183,0.6994811693827311
1710778148.0836315,0.672156810760498
1710778148.0837448,0.6437814897961086
1710778148.083858,0.6147055493460761
1710778148.083971,0.5866805050108168
1710778148.0840843,0.5576045645607842
1710778148.0841975,0.5292292767100863
1710778148.0843108,0.5019048849741617
1710778148.0844238,0.47458049323823714
1710778148.084537,0.4455045527882046
1710778148.0846503,0.41677892208099365
1710778148.0847635,0.3852507803175184
1710778148.0848768,0.3551239106390211
1710778148.0849898,0.3235957688755459
1710778148.085103,0.29206766022576225
1710778148.0852163,0.26088982820510864
1710778148.0853295,0.23111325171258715
1710778148.0854425,0.20238762100537616
1710778148.0855558,0.17331168055534363
1710778148.085669,0.14563697907659742
1710778148.0857823,0.11621072888374329
1710778148.0858953,0.08678447041246626
1710778148.0860085,0.05595696055226856
1710778148.0861218,0.025129454831282295
1710778148.086235,-0.006747670575148529
1710778148.086348,-0.03791939467191696
1710778148.0864613,-0.07014184362358517
1710778148.0865746,-0.09956234859095679
1710778148.0866878,-0.1300335841046439
1710778148.086801,-0.16015456782446966
1710778148.086914,-0.18852434224552578
1710778148.0870273,-0.21829509072833592
1710778148.0871406,-0.24946681327290005
1710778148.0872538,-0.2799380487865872
1710778148.0873668,-0.31251072883605957
1710778148.08748,-0.343332224422031
1710778148.0875933,-0.37450393040974933
1710778148.0877066,-0.4035742084185282
1710778148.0878196,-0.43264445331361556
1710778148.0879328,-0.4599634806315104
1710778148.088046,-0.48623181051678127
1710778148.0881593,-0.512850350803799
1710778148.0882726,-0.5398191346062554
1710778148.0883856,-0.5674884054395888
1710778148.0884988,-0.595157676272922
1710778148.088612,-0.6231772237353854
1710778148.0887253,-0.6504962841669718
1710778148.0888383,-0.6781655550003052
1710778148.0889516,-0.7040835751427544
1710778148.0890648,-0.7293011744817098
1710778148.089178,-0.7531177997589111
1710778148.089291,-0.7776348458396064
1710778148.0894043,-0.8014514711168077
1710778148.0895176,-0.825968517197503
1710778148.0896308,-0.8511861165364583
1710778148.089744,-0.8778046899371676
1710778148.089857,-0.90337249967787
1710778148.0899704,-0.9289403094185723
1710778148.0900836,-0.9541578425301446
1710778148.0901968,-0.9779744678073459
1710778148.0903099,-1.001090539826287
1710778148.090423,-1.0217549403508503
1710778148.0905364,-1.0431198279062908
1710778148.0906496,-1.064134505059984
1710778148.0907626,-1.0847989055845473
1710778148.0908759,-1.1051130294799805
1710778148.090989,-1.1264779832628038
1710778148.0911024,-1.1467920409308539
1710778148.0912154,-1.1657052569919162
1710778148.0913286,-1.1828672885894775
1710778148.0914419,-1.1993287669287787
1710778148.091555,-1.214389271206326
1710778148.0916684,-1.2273482481638591
1710778148.0917814,-1.2399570147196453
1710778148.0918946,-1.2525657812754314
1710778148.0920079,-1.2651745478312175
1710778148.0921211,-1.2777834468417697
1710778148.0922341,-1.2907424237993028
1710778148.0923474,-1.303351190355089
1710778148.0924606,-1.315259536107381
1710778148.092574,-1.3257667753431532
1710778148.092687,-1.3352233833736844
1710778148.0928001,-1.3436292277442083
1710778148.0929134,-1.3506340980529785
1710778148.0930266,-1.3572887579600017
1710778148.09314,-1.3632429970635307
1710778148.093253,-1.3691971037122939
1710778148.0933661,-1.3748009999593098
1710778148.0934794,-1.3811053170098198
1710778148.0935926,-1.386008792453342
1710778148.0937057,-1.3909122678968642
1710778148.093819,-1.3933638731638591
1710778148.0939322,-1.3944146368238661
1710778148.0940454,-1.3930136627621121
1710778148.0941584,-1.391962899102105
1710778148.0942717,-1.3898615042368572
1710778148.094385,-1.387759976916843
1710778148.0944982,-1.386008792453342
1710778148.0946114,-1.384607818391588
1710778148.0947244,-1.383907397588094
1710778148.0948377,-1.382156080669827
1710778148.094951,-1.380755106608073
1710778148.0950642,-1.3765521844228108
1710778148.0951772,-1.3723492622375488
1710778148.0952904,-1.3670955763922796
1710778148.0954037,-1.3604410489400227
1710778148.095517,-1.3523854149712455
1710778148.09563,-1.3450302018059623
1710778148.0957432,-1.3380253314971924
1710778148.0958564,-1.3303200403849285
1710778148.0959697,-1.3233151700761583
1710778148.0960827,-1.314558982849121
1710778148.096196,-1.30510237481859
1710778148.0963092,-1.2945951355828178
1710778148.0964224,-1.2812858157687717
1710778148.0965357,-1.2679764959547255
1710778148.0966487,-1.2532663345336914
1710778148.096762,-1.238556040657891
1710778148.0968752,-1.223145325978597
1710778148.0969884,-1.2098360061645508
1710778148.0971014,-1.1954760551452637
1710778148.0972147,-1.1832174989912245
1710778148.097328,-1.1699081791771782
1710778148.0974412,-1.1551980177561443
1710778148.0975542,-1.139787170622084
1710778148.0976675,-1.1236760351392958
1710778148.0977807,-1.1061637931399875
1710778148.097894,-1.0879511303371854
1710778148.0980072,-1.0693881909052532
1710778148.0981202,-1.0511754618750677
1710778148.0982335,-1.0333130094740126
1710778148.0983467,-1.0151003466712103
1710778148.09846,-0.9965374072392781
1710778148.098573,-0.9776241911782159
1710778148.0986862,-0.9569597906536526
1710778148.0987995,-0.9348944160673354
1710778148.0989127,-0.9114280674192641
1710778148.0990257,-0.8869110213385688
1710778148.099139,-0.8616934219996134
1710778148.0992522,-0.8361256122589111
1710778148.0993655,-0.8105578025182087
1710778148.0994785,-0.7853402031792535
1710778148.0995917,-0.7601226700676812
1710778148.099705,-0.7352553473578559
1710778148.0998182,-0.7093372609880235
1710778148.0999315,-0.6823684771855673
1710778148.1000445,-0.6550494167539809
1710778148.1001577,-0.6259791718588935
1710778148.100271,-0.5962084399329292
1710778148.1003842,-0.5671381950378418
1710778148.1004972,-0.5377176735136244
1710778148.1006105,-0.5082971851030985
1710778148.1007237,-0.48027763764063514
1710778148.100837,-0.45400934086905587
1710778148.10095,-0.426690313551161
1710778148.1010633,-0.39937125311957467
1710778148.1011765,-0.3720522258016798
1710778148.1012897,-0.343332224422031
1710778148.101403,-0.31391170289781356
1710778148.101516,-0.28484145800272626
1710778148.1016293,-0.2543702224890391
1710778148.1017425,-0.22494971752166748
1710778148.1018558,-0.19622971614201862
1710778148.1019688,-0.16821018523640102
1710778148.102082,-0.14054089784622192
1710778148.1021953,-0.1128716187344657
1710778148.1023085,-0.085552583138148
1710778148.1024215,-0.05683257348007626
1710778148.1025348,-0.027061827066871855
1710778148.102648,0.0030597614952259595
1710778148.1027613,0.032836331261528864
1710778148.1028745,0.06156196196873982
1710778148.1029875,0.09133853018283844
1710778148.1031008,0.11866291364034016
1710778148.103214,0.14528666933377585
1710778148.1033273,0.1722607347700331
1710778148.1034403,0.197833561235004
1710778148.1035535,0.22480762667126125
1710778148.1036668,0.2517816921075185
1710778148.10378,0.27945641014311046
1710778148.103893,0.3088826603359646
1710778148.1040063,0.3376082910431756
1710778148.1041195,0.36633392175038654
1710778148.1042328,0.3947092427147759
1710778148.1043458,0.42273425393634373
1710778148.104459,0.4497083028157552
1710778148.1045723,0.47633207506603664
1710778148.1046855,0.5029558142026266
1710778148.1047988,0.5306305156813728
1710778148.1049118,0.5576045645607842
1710778148.105025,0.5859798855251735
1710778148.1051383,0.6136545870039198
1710778148.1052516,0.6416796313391792
1710778148.1053646,0.668653647104899
1710778148.1054778,0.6949271096123589
1710778148.105591,0.7187483708063761
1710778148.1057043,0.741168393029107
1710778148.1058173,0.764289034737481
1710778148.1059306,0.7860083712471856
1710778148.1060438,0.8080781168407863
1710778148.106157,0.8304980728361342
1710778148.1062703,0.852918095058865
1710778148.1063833,0.8753381172815958
1710778148.1064966,0.899159378475613
1710778148.1066098,0.9205284383561876
1710778148.106723,0.9422478410932753
1710778148.106836,0.9622156620025635
1710778148.1069493,0.9811325205696954
1710778148.1070626,0.9993487596511841
1710778148.1071758,1.0175649987326727
1710778148.1072888,1.0368322001563177
1710778148.107402,1.0553987820943196
1710778148.1075153,1.0739653640323215
1710778148.1076286,1.0928822225994534
1710778148.1077418,1.110748185051812
1710778148.1078548,1.1272128423055012
1710778148.107968,1.1419260501861572
1710778148.1080813,1.1559384398990207
1710778148.1081946,1.1678491698371039
1710778148.1083076,1.1783585283491347
1710778148.1084208,1.1892182297176785
1710778148.108534,1.1993772453731961
1710778148.1086473,1.2098866038852267
1710778148.1087604,1.2207463052537706
1710778148.1088736,1.2316060066223145
1710778148.1089869,1.241064469019572
1710778148.1091,1.2505229314168294
1710778148.109213,1.2585800223880343
1710778148.1093264,1.265236006842719
1710778148.1094396,1.2697900666130912
1710778148.1095529,1.2753950224982367
1710778148.109666,1.2799490822686088
1710778148.1097791,1.2848534848954942
1710778148.1098924,1.2894075446658664
1710778148.1100056,1.2946622901492648
1710778148.1101189,1.298866007063124
1710778148.1102319,1.3030697239769828
1710778148.1103451,1.3062225447760687
1710778148.1104584,1.306572887632582
1710778148.1105716,1.306572887632582
1710778148.1106846,1.3058723343743217
1710778148.110798,1.3030697239769828
1710778148.1109111,1.3013182746039496
1710778148.1110244,1.2995666927761502
1710778148.1111376,1.2978151109483507
1710778148.1112506,1.2964138719770644
1710778148.111364,1.2953628434075248
1710778148.1114771,1.2929107083214653
1710778148.1115904,1.2897578875223796
1710778148.1117034,1.2845032744937472
1710778148.1118166,1.2778472900390625
1710778148.11193,1.2711913055843778
1710778148.1120431,1.2631340821584065
1710778148.1121562,1.2543763054741752
1710778148.1122694,1.2473701106177435
1710778148.1123827,1.2393128871917725
1710778148.112496,1.2323066923353407
1710778148.1126091,1.2238991260528564
1710778148.1127222,1.2158419026268852
1710778148.1128354,1.2056828869713676
1710778148.1129487,1.1934219466315374
1710778148.113062,1.180460320578681
1710778148.113175,1.1660975880093045
1710778148.1132882,1.1517347229851616
1710778148.1134014,1.1359706189897325
1710778148.1135147,1.1212575435638428
1710778148.1136277,1.107245021396213
1710778148.113741,1.091831260257297
1710778148.1138542,1.0774684614605374
1710778148.1139674,1.0617044236924913
1710778148.1140804,1.0445390807257757
1710778148.1141937,1.0259724987877739
1710778148.114307,1.0060046778784857
1710778148.1144202,0.9860368569691975
1710778148.1145334,0.9639671776029799
1710778148.1146464,0.9443496995502048
1710778148.1147597,0.9236812591552734
1710778148.114873,0.9037134382459853
1710778148.1149862,0.8844462368223402
1710778148.1150992,0.864478415913052
1710778148.1152124,0.8434596326616075
1710778148.1153257,0.8206893338097466
1710778148.115439,0.7975686921013726
1710778148.115552,0.772346191936069
1710778148.1156652,0.7460727294286092
1710778148.1157784,0.7204999526341757
1710778148.1158917,0.6942264901267158
1710778148.116005,0.6690039899614122
1710778148.116118,0.6434311469395956
1710778148.1162312,0.6185589896308051
1710778148.1163445,0.5929861466089884
1710778148.1164577,0.5656617879867554
1710778148.1165707,0.5383373962508308
1710778148.116684,0.5092614558007982
1710778148.1167972,0.47913455300860935
1710778148.1169105,0.44900768333011204
1710778148.1170235,0.4188808136516147
1710778148.1171367,0.38875391085942584
1710778148.11725,0.3596779704093933
1710778148.1173632,0.3313026494450039
1710778148.1174762,0.30257701873779297
1710778148.1175895,0.2749023338158925
1710778148.1177027,0.24547606706619263
1710778148.117816,0.21710074610180324
1710778148.1179292,0.186273240380817
1710778148.1180422,0.15579604440265232
1710778148.1181555,0.1260194761885537
1710778148.1182687,0.0958925982316335
1710778148.118382,0.0671669633852111
1710778148.118495,0.03914195630285475
1710778148.1186082,0.011467264137334293
1710778148.1187215,-0.015153527880708376
1710778148.1188347,-0.04212232099639045
1710778148.1189477,-0.06979160010814667
1710778148.119061,-0.09886186156007978
1710778148.1191742,-0.12898285355832842
1710778148.1192875,-0.15910383727815416
1710778148.1194007,-0.1899253163072798
1710778148.1195138,-0.22039655182096693
1710778148.119627,-0.25016730030377704
1710778148.1197402,-0.2802882923020257
1710778148.1198535,-0.30865805016623604
1710778148.1199665,-0.3380785716904534
1710778148.1200798,-0.36749906010097927
1710778148.120193,-0.3969195485115051
1710778148.1203063,-0.42739080058203804
1710778148.1204193,-0.4585625065697564
1710778148.1205325,-0.4890337586402893
1710778148.1206458,-0.5198552211125692
1710778148.120759,-0.5499762296676636
1710778148.1208723,-0.5790464745627509
1710778148.1209853,-0.6056650479634603
1710778148.1210985,-0.6329840421676636
1710778148.1212118,-0.6585518519083658
1710778148.121325,-0.6855207019382052
1710778148.121438,-0.7117889987097846
1710778148.1215513,-0.7394582695431179
1710778148.1216645,-0.7671275403764513
1710778148.1217778,-0.7947968112097846
1710778148.1218908,-0.822816358672248
1710778148.122004,-0.8494348658455743
1710778148.1221173,-0.8750026755862765
1710778148.1222305,-0.9002202749252319
1710778148.1223435,-0.9243871106041802
1710778148.1224568,-0.9478534592522515
1710778148.12257,-0.9713198079003228
1710778148.1226833,-0.9954866435792711
1710778148.1227965,-1.0196534792582195
1710778148.1229095,-1.0424193408754137
1710778148.1230228,-1.065885755750868
1710778148.123136,-1.0869003666771782
1710778148.1232493,-1.1068642801708646
1710778148.1233623,-1.1250770092010498
1710778148.1234756,-1.141538487540351
1710778148.1235888,-1.157649623023139
1710778148.123702,-1.1723599168989394
1710778148.123815,-1.1863696575164795
1710778148.1239283,-1.2017803721957736
1710778148.1240416,-1.217541429731581
1710778148.1241548,-1.233302354812622
1710778148.124268,-1.2494136227501762
1710778148.124381,-1.2644741270277235
1710778148.1244943,-1.2781336572435167
1710778148.1246076,-1.2903922133975558
1710778148.1247208,-1.303000979953342
1710778148.1248338,-1.314208772447374
1710778148.124947,-1.3254165649414062
1710778148.1250603,-1.3366243574354384
1710778148.1251736,-1.3478321499294705
1710778148.1252866,-1.3590399424235027
1710778148.1253998,-1.3698975245157878
1710778148.125513,-1.380054685804579
1710778148.1256263,-1.3895112938351102
1710778148.1257396,-1.3954654004838731
1710778148.1258526,-1.401069296730889
1710778148.1259658,-1.4038712448543973
1710778148.126079,-1.4066731929779053
1710778148.1261923,-1.4073737462361653
1710778148.1263053,-1.4101756943596733
1710778148.1264186,-1.4115766684214275
1710778148.1265318,-1.4133278528849285
1710778148.126645,-1.4143786165449355
1710778148.126758,-1.4161298010084364
1710778148.1268713,-1.4157795906066895
1710778148.1269846,-1.4154292477501762
1710778148.1270978,-1.4126272996266682
1710778148.1272109,-1.4098253515031602
1710778148.127324,-1.4056224293178983
1710778148.1274374,-1.401069296730889
1710778148.1275506,-1.397216584947374
1710778148.1276639,-1.3933638731638591
1710778148.1277769,-1.3898615042368572
1710778148.12789,-1.386008792453342
1710778148.1280034,-1.381455659866333
1710778148.1281166,-1.3762019740210638
1710778148.1282296,-1.3688468933105469
1710778148.1283429,-1.3597404956817627
1710778148.128456,-1.3492331239912245
1710778148.1285694,-1.3383755418989394
1710778148.1286824,-1.3264673286014133
1710778148.1287956,-1.315609746509128
1710778148.1289089,-1.304401954015096
1710778148.1290221,-1.2935443719228108
1710778148.1291354,-1.2816360261705186
1710778148.1292484,-1.2693774700164795
1710778148.1293616,-1.2560682826571994
1710778148.1294749,-1.240307225121392
1710778148.1295881,-1.224196089638604
1710778148.1297011,-1.2066838476392958
1710778148.1298144,-1.1891716056399875
1710778148.1299276,-1.1699081791771782
1710778148.130041,-1.151695516374376
1710778148.130154,-1.134533617231581
1710778148.1302671,-1.1163208219740126
1710778148.1303804,-1.0984584358003404
1710778148.1304936,-1.079545219739278
1710778148.130607,-1.0588808192147148
1710778148.13072,-1.0364652342266507
1710778148.1308331,-1.0129988855785794
1710778148.1309464,-0.987781286239624
1710778148.1310596,-0.9611627790662978
1710778148.1311727,-0.9352446926964654
1710778148.131286,-0.9103773699866401
1710778148.1313992,-0.8855100472768147
1710778148.1315124,-0.8606427245669894
1710778148.1316254,-0.8357754018571641
1710778148.1317387,-0.8105578025182087
1710778148.131852,-0.7842895057466295
1710778148.1319652,-0.7580212089750502
1710778148.1320782,-0.7303519381417168
1710778148.1321914,-0.7026826010810004
1710778148.1323047,-0.6750133302476671
1710778148.132418,-0.6476943360434638
1710778148.1325312,-0.6214259730445014
1710778148.1326442,-0.595157676272922
1710778148.1327574,-0.5702903535630968
1710778148.1328707,-0.5443723003069559
1710778148.132984,-0.5181040035353767
1710778148.133097,-0.4900844891866048
1710778148.1332102,-0.4617146982087029
1710778148.1333234,-0.43159372276730007
1710778148.1334367,-0.40007174015045166
1710778148.1335497,-0.3692502776781718
1710778148.133663,-0.3387790587213304
1710778148.1337762,-0.30830780665079754
1710778148.1338894,-0.27818683120939464
1710778148.1340027,-0.24841608272658453
1710778148.1341157,-0.21864533424377441
1710778148.134229,-0.18817409873008728
1710778148.1343422,-0.15735261970096165
1710778148.1344554,-0.1261808971563975
1710778148.1345685,-0.09430868758095635
1710778148.1346817,-0.0624364780055152
1710778148.134795,-0.03126475546095106
1710778148.1349082,-0.0018442538566887379
1710778148.1350212,0.027231329845057592
1710778148.1351345,0.05560665080944697
1710778148.1352477,0.08258072038491567
1710778148.135361,0.10990510384241739
1710778148.135474,0.13828042480680677
1710778148.1355872,0.16630543602837455
1710778148.1357005,0.1960819959640503
1710778148.1358137,0.2258585724565718
1710778148.135927,0.2556351323922475
1710778148.13604,0.28506139914194745
1710778148.1361532,0.31448764933480156
1710778148.1362665,0.34181204107072616
1710778148.1363797,0.3691364328066508
1710778148.1364927,0.39716141091452706
1710778148.136606,0.42448580265045166
1710778148.1367192,0.4532114333576626
1710778148.1368325,0.48228737380769515
1710778148.1369455,0.5120639668570625
1710778148.1370587,0.5411399073070949
1710778148.137172,0.5709164672427707
1710778148.1372852,0.5996421310636733
1710778148.1373985,0.6273167663150363
1710778148.1375115,0.6542908483081393
1710778148.1376247,0.6802139679590861
1710778148.137738,0.7057868109809028
1710778148.1378512,0.7306590345170763
1710778148.1379642,0.756582154168023
1710778148.1380775,0.7832058933046129
1710778148.1381907,0.8094793558120728
1710778148.138304,0.8350521326065063
1710778148.138417,0.8602746327718098
1710778148.1385303,0.8844462368223402
1710778148.1386435,0.9061656395594279
1710778148.1387568,0.9278849760691324
1710778148.13887,0.9471521774927775
1710778148.138983,0.9660690360599093
1710778148.1390963,0.9842853413687812
1710778148.1392095,1.003202199935913
1710778148.1393228,1.0221190585030449
1710778148.1394358,1.0403353638119168
1710778148.139549,1.0589018795225356
1710778148.1396623,1.0771181848314073
1710778148.1397755,1.0935828420850966
1710778148.1398885,1.1093469460805256
1710778148.1400018,1.1237096786499023
1710778148.140115,1.1359706189897325
1710778148.1402283,1.148581902186076
1710778148.1403413,1.1615435282389324
1710778148.1404545,1.1738044685787625
1710778148.1405678,1.1867659621768527
1710778148.140681,1.1993772453731961
1710778148.1407943,1.2119885285695393
1710778148.1409073,1.2228482299380832
1710778148.1410205,1.2330072455936008
1710778148.1411338,1.241064469019572
1710778148.141247,1.2484210067325168
1710778148.14136,1.2543763054741752
1710778148.1414733,1.2592807081010606
1710778148.1415865,1.264535453584459
1710778148.1416998,1.2697900666130912
1710778148.1418128,1.27574536535475
1710778148.141926,1.2820510069529216
1710778148.1420393,1.28800630569458
1710778148.1421525,1.2932610511779785
1710778148.1422658,1.2978151109483507
1710778148.1423788,1.3009679317474365
1710778148.142492,1.3030697239769828
1710778148.1426053,1.3030697239769828
1710778148.1427186,1.3044709629482694
1710778148.1428316,1.3044709629482694
1710778148.1429448,1.3051716486612956
1710778148.143058,1.3058723343743217
1710778148.1431713,1.3062225447760687
1710778148.1432843,1.3072735733456082
1710778148.1433976,1.3058723343743217
1710778148.1435108,1.302719513575236
1710778148.143624,1.298866007063124
1710778148.1437373,1.2918598122066922
1710778148.1438503,1.2852038277520073
1710778148.1439636,1.2774969471825492
1710778148.1440768,1.2697900666130912
1710778148.14419,1.2620831860436332
1710778148.144303,1.2540259626176622
1710778148.1444163,1.2470197677612305
1710778148.1445296,1.2389625443352592
1710778148.1446428,1.2302047676510282
1710778148.1447558,1.2210966481102836
1710778148.144869,1.2095362610287137
1710778148.1449823,1.1969251102871366
1710778148.1450956,1.18396348423428
1710778148.1452086,1.1713522010379367
1710778148.1453218,1.1580403645833333
1710778148.145435,1.1447285281287298
1710778148.1455483,1.1328177981906467
1710778148.1456616,1.1205568578508165
1710778148.1457746,1.106894744767083
1710778148.1458879,1.0925318797429402
1710778148.146001,1.0778188043170505
1710778148.1461143,1.060653461350335
1710778148.1462274,1.0424372222688463
1710778148.1463406,1.0228196779886882
1710778148.1464539,1.0028518570793998
1710778148.146567,0.9828841023974948
1710778148.14668,0.9629162814882066
1710778148.1467934,0.9436490800645616
1710778148.1469066,0.9240315357844034
1710778148.1470199,0.9044140577316284
1710778148.147133,0.8826946549945407
1710778148.1472461,0.8613255951139662
1710778148.1473594,0.8378546767764621
1710778148.1474726,0.8140334155824449
1710778148.1475859,0.7895115349027846
1710778148.1476989,0.7663908931944106
1710778148.1478121,0.7422193553712633
1710778148.1479254,0.7194489902920193
1710778148.1480386,0.6977296537823147
1710778148.1481516,0.6739083925882975
1710778148.148265,0.6514883703655666
1710778148.1483781,0.6269664896859063
1710778148.1484914,0.6020942661497328
1710778148.1486046,0.5751202503840128
1710778148.1487176,0.5467448963059319
1710778148.148831,0.5183695753415426
1710778148.1489441,0.49034456411997474
1710778148.1490574,0.4619692431555854
1710778148.1491704,0.4349951942761739
1710778148.1492836,0.4076708025402493
1710778148.149397,0.381397373146481
1710778148.1495101,0.35442329115337795
1710778148.1496232,0.32709889941745335
1710778148.1497364,0.29977450768152875
1710778148.1498497,0.2717495130168067
1710778148.149963,0.24337419205241734
1710778148.150076,0.2156995071305169
1710778148.1501892,0.18837511539459229
1710778148.1503024,0.1621016694439782
1710778148.1504157,0.13652885953585306
1710778148.150529,0.11130635109212664
1710778148.150642,0.0860838426484002
1710778148.1507552,0.06016071471903059
1710778148.1508684,0.032836331261528864
1710778148.1509817,0.004811324696573946
1710778148.1510947,-0.025310605350467894
1710778148.151208,-0.0557818387945493
1710778148.1513212,-0.0866033136844635
1710778148.1514344,-0.11742479271358913
1710778148.1515474,-0.14719554119639927
1710778148.1516607,-0.17731653319464788
1710778148.151774,-0.2060365511311425
1710778148.1518872,-0.23545703954166836
1710778148.1520004,-0.26417705747816295
1710778148.1521134,-0.2935975458886888
1710778148.1522267,-0.3233683109283447
1710778148.15234,-0.3531390428543091
1710778148.1524532,-0.38255956437852645
1710778148.1525662,-0.4109293222427368
1710778148.1526794,-0.43894883659150863
1710778148.1527927,-0.4659176535076565
1710778148.152906,-0.49183570676379734
1710778148.153019,-0.5174035165044997
1710778148.1531322,-0.542270839214325
1710778148.1532454,-0.5688893795013428
1710778148.1533587,-0.5955079529020522
1710778148.1534717,-0.6238777107662624
1710778148.153585,-0.6532982322904799
1710778148.1536982,-0.6809675031238132
1710778148.1538115,-0.7096875376171535
1710778148.1539247,-0.7373568084504869
1710778148.1540377,-0.7643255922529433
1710778148.154151,-0.7898934019936455
1710778148.1542642,-0.8144105143017238
1710778148.1543775,-0.8392778370115492
1710778148.1544905,-0.8627441856596205
1710778148.1546037,-0.8872612317403157
1710778148.154717,-0.9117783440483941
1710778148.1548302,-0.9366456667582194
1710778148.1549432,-0.9601120154062907
1710778148.1550565,-0.982527666621738
1710778148.1551697,-1.0045930412080553
1710778148.155283,-1.0245569547017415
1710778148.1553962,-1.0431198279062908
1710778148.1555092,-1.061332556936476
1710778148.1556225,-1.079195009337531
1710778148.1557357,-1.0970574617385864
1710778148.155849,-1.1152701907687717
1710778148.155962,-1.133482853571574
1710778148.1560752,-1.151695516374376
1710778148.1561885,-1.1692077583736844
1710778148.1563017,-1.1853188938564725
1710778148.1564147,-1.2000291877322726
1710778148.156528,-1.2126379542880588
1710778148.1566412,-1.223845746782091
1710778148.1567545,-1.235053671730889
1710778148.1568677,-1.2455609109666612
1710778148.1569808,-1.2560682826571994
1710778148.157094,-1.2665755218929715
1710778148.1572073,-1.2777834468417697
1710778148.1573205,-1.2900418705410428
1710778148.1574335,-1.300899452633328
1710778148.1575468,-1.3107062710656059
1710778148.15766,-1.31981266869439
1710778148.1577733,-1.3275180922614203
1710778148.1578863,-1.3355735937754314
1710778148.1579995,-1.3418780432807074
1710778148.1581128,-1.3485327031877306
1710778148.158226,-1.3551873630947537
1710778148.158339,-1.3625424438052707
1710778148.1584523,-1.3698975245157878
1710778148.1585655,-1.3765521844228108
1710778148.1586788,-1.382856633928087
1710778148.158792,-1.387059556113349
1710778148.158905,-1.3895112938351102
1710778148.1590183,-1.390561925040351
1710778148.1591315,-1.390211714638604
1710778148.1592448,-1.388460530175103
1710778148.1593578,-1.387409766515096
1710778148.159471,-1.387059556113349
1710778148.1595843,-1.386008792453342
1710778148.1596975,-1.385308371649848
1710778148.1598105,-1.384958028793335
1710778148.1599238,-1.383206844329834
1710778148.160037,-1.381455659866333
1710778148.1601503,-1.377252737681071
1710778148.1602635,-1.3712984985775418
1710778148.1603765,-1.3649941815270317
1710778148.1604898,-1.3572887579600017
1710778148.160603,-1.3499336772494845
1710778148.1607163,-1.3418780432807074
1710778148.1608293,-1.3341726197136772
1710778148.1609426,-1.3261171181996663
1710778148.1610558,-1.316310167312622
1710778148.161169,-1.306503348880344
1710778148.161282,-1.2945951355828178
1710778148.1613953,-1.2805853949652777
1710778148.1615086,-1.2658751010894775
1710778148.1616218,-1.2497638331519232
1710778148.161735,-1.233302354812622
1710778148.161848,-1.217891640133328
1710778148.1619613,-1.2024809254540336
1710778148.1620746,-1.1888213952382405
1710778148.1621878,-1.1741111013624403
1710778148.1623008,-1.1608019140031602
1710778148.162414,-1.14609162012736
1710778148.1625273,-1.1303306950463188
1710778148.1626406,-1.1138692167070177
1710778148.1627536,-1.0956564876768324
1710778148.1628668,-1.07674327161577
1710778148.16298,-1.057830121782091
1710778148.1630933,-1.0382164186901517
1710778148.1632063,-1.0179022947947185
1710778148.1633196,-0.9986388683319092
1710778148.1634328,-0.9783246782090929
1710778148.163546,-0.9576602776845295
1710778148.1636593,-0.9348944160673354
1710778148.1637723,-0.910727580388387
1710778148.1638856,-0.8855100472768147
1710778148.1639988,-0.8585412634743584
1710778148.164112,-0.830871926413642
1710778148.164225,-0.8035529322094387
1710778148.1643384,-0.7762338717778523
1710778148.1644516,-0.749615364604526
1710778148.1645648,-0.7240474886364406
1710778148.1646779,-0.6981294684939914
1710778148.164791,-0.6732621457841661
1710778148.1649044,-0.6476943360434638
1710778148.1650176,-0.6200249989827474
1710778148.1651309,-0.5927060047785441
1710778148.1652439,-0.5650367339452108
1710778148.165357,-0.5363166994518703
1710778148.1654704,-0.5079469415876601
1710778148.1655836,-0.47992739412519664
1710778148.1656966,-0.4533088538381788
1710778148.1658099,-0.426690313551161
1710778148.165923,-0.39972149663501316
1710778148.1660364,-0.37275271283255684
1710778148.1661494,-0.3450834419992235
1710778148.1662626,-0.31636344061957467
1710778148.1663759,-0.28659267557991874
1710778148.1664891,-0.2547204660044776
1710778148.1666024,-0.22424923049079046
1710778148.1667154,-0.19377799497710332
1710778148.1668286,-0.16330677602026197
1710778148.166942,-0.13318577574359045
1710778148.1670551,-0.10516625311639574
1710778148.1671681,-0.0750452611181471
1710778148.1672814,-0.045975007944636874
1710778148.1673946,-0.015153527880708376
1710778148.167508,0.016021327012115054
1710778148.167621,0.04825008412202199
1710778148.1677341,0.08047884537114038
1710778148.1678474,0.11305791636308034
1710778148.1679606,0.14458604984813267
1710778148.1680737,0.17576386531194052
1710778148.168187,0.2058907515472836
1710778148.1683002,0.23461638225449455
1710778148.1684134,0.26439295874701607
1710778148.1685266,0.2934688991970486
1710778148.1686397,0.3235957688755459
1710778148.168753,0.35442329115337795
1710778148.1688662,0.38595143291685313
1710778148.1689794,0.4171292318238152
1710778148.1690924,0.44830706384446883
1710778148.1692057,0.47913455300860935
1710778148.169319,0.5089111460579766
1710778148.1694322,0.5376367767651876
1710778148.1695452,0.5656617879867554
1710778148.1696584,0.5940371089511447
1710778148.1697717,0.622062087059021
1710778148.169885,0.6497367885377672
1710778148.1699982,0.6791630718443129
1710778148.1701112,0.7071880499521891
1710778148.1702244,0.7355633709165785
1710778148.1703377,0.7628877957661946
1710778148.170451,0.7891611920462714
1710778148.170564,0.8140334155824449
1710778148.1706772,0.8378546767764621
1710778148.1707904,0.8599243561426798
1710778148.1709037,0.8816437588797675
1710778148.1710167,0.903012818760342
1710778148.17113,0.9247321552700466
1710778148.1712432,0.9468019008636475
1710778148.1713564,0.9681709607442219
1710778148.1714694,0.9895400206247965
1710778148.1715827,1.010208461019728
1710778148.171696,1.029475662443373
1710778148.1718092,1.0480422443813748
1710778148.1719224,1.0652075211207073
1710778148.1720355,1.0809716251161363
1710778148.1721487,1.0981369018554688
1710778148.172262,1.1139010058508978
1710778148.1723752,1.130015320248074
1710778148.1724882,1.1468303203582764
1710778148.1726015,1.1632951100667317
1710778148.1727147,1.179759767320421
1710778148.172828,1.195173528459337
1710778148.172941,1.2081350220574272
1710778148.1730542,1.2207463052537706
1710778148.1731675,1.2309053209092882
1710778148.1732807,1.2407141261630588
1710778148.173394,1.24947190284729
1710778148.173507,1.2578794691297743
1710778148.1736202,1.268038484785292
1710778148.1737335,1.2764460510677762
1710778148.1738467,1.2848534848954942
1710778148.1739597,1.2936113940344915
1710778148.174073,1.3009679317474365
1710778148.1741862,1.3076237837473552
1710778148.1742995,1.3125281863742404
1710778148.1744125,1.3163816928863525
1710778148.1745257,1.3198847240871854
1710778148.174639,1.3233878877427843
1710778148.1747522,1.3265407085418701
1710778148.1748655,1.3310947683122423
1710778148.1749785,1.3356488280826144
1710778148.1750917,1.3395023345947266
1710778148.175205,1.3430053657955594
1710778148.1753182,1.345457633336385
1710778148.1754313,1.3468588723076713
1710778148.1755445,1.3461581865946453
1710778148.1756577,1.3433557086520724
1710778148.175771,1.3402028878529866
1710778148.175884,1.3356488280826144
1710778148.1759973,1.3314451111687553
1710778148.1761105,1.3265407085418701
1710778148.1762238,1.322336991628011
1710778148.1763368,1.3174325890011258
1710778148.17645,1.311126947402954
1710778148.1765633,1.3044709629482694
1710778148.1766765,1.2960635291205511
1710778148.1767898,1.2862547238667805
1710778148.1769028,1.2750448120964897
1710778148.177016,1.2634844250149198
1710778148.1771293,1.2515738275316026
1710778148.1772425,1.2407141261630588
1710778148.1773555,1.2295040819380019
1710778148.1774688,1.217943827311198
1710778148.177582,1.2067337830861409
1710778148.1776953,1.194823185602824
1710778148.1778083,1.1815113491482205
1710778148.1779215,1.1660975880093045
1710778148.1780348,1.149632798300849
1710778148.178148,1.1314165592193604
1710778148.1782613,1.1124997668796115
1710778148.1783743,1.0928822225994534
1710778148.1784875,1.0732647445466783
1710778148.1786008,1.0546981626086764
1710778148.178714,1.0354309611850314
1710778148.178827,1.0161637597613864
1710778148.1789403,0.9965462817086114
1710778148.1790535,0.9755274984571669
1710778148.1791668,0.9541584385765923
1710778148.1792798,0.9317384163538615
1710778148.179393,0.9079171551598443
1710778148.1795063,0.8851468563079834
1710778148.1796196,0.8616759379704793
1710778148.1797328,0.8392559157477485
1710778148.1798458,0.8171862363815308
1710778148.179959,0.7958171765009562
1710778148.1800723,0.7737474309073554
1710778148.1801856,0.7509771320554945
1710778148.1802986,0.7268055942323473
1710778148.1804118,0.7019333706961738
1710778148.180525,0.6742586692174276
1710778148.1806383,0.6465839677386813
1710778148.1807513,0.617858370145162
1710778148.1808646,0.5891327063242594
1710778148.1809778,0.5611077282163832
1710778148.181091,0.5330827169948154
1710778148.181204,0.504707396030426
1710778148.1813173,0.477733314037323
1710778148.1814306,0.4504089223013984
1710778148.1815438,0.42098267210854423
1710778148.181657,0.39155642191569007
1710778148.18177,0.36213017172283596
1710778148.1818833,0.3323535786734687
1710778148.1819966,0.30257701873779297
1710778148.1821098,0.273851388030582
1710778148.1822228,0.24582639336585999
1710778148.182336,0.21920262111557853
1710778148.1824493,0.19292919172181022
1710778148.1825626,0.1659551097287072
1710778148.1826756,0.13898104429244995
1710778148.1827888,0.11060572332806057
1710778148.182902,0.08082915511396196
1710778148.1830153,0.050351959135797285
1710778148.1831286,0.019524453414811026
1710778148.1832416,-0.011651087552309036
1710778148.1833549,-0.04142183396551344
1710778148.183468,-0.07119258244832356
1710778148.1835814,-0.09991259210639529
1710778148.1836944,-0.12968334058920541
1710778148.1838076,-0.15805310673183864
1710778148.1839209,-0.18747361169921026
1710778148.184034,-0.2179448472128974
1710778148.1841471,-0.24876632624202305
1710778148.1842604,-0.28098877933290267
1710778148.1843736,-0.31321121586693657
1710778148.1844869,-0.3436824679374695
1710778148.1846,-0.3752044174406263
1710778148.1847131,-0.40427469544940525
1710778148.1848264,-0.4336951838599311
1710778148.1849396,-0.4617146982087029
1710778148.1850529,-0.4900844891866048
1710778148.185166,-0.5195049775971307
1710778148.1852791,-0.548225012090471
1710778148.1853924,-0.5783459875318739
1710778148.1855056,-0.6084669960869683
1710778148.1856186,-0.6368367539511787
1710778148.185732,-0.665556788444519
1710778148.1858451,-0.6914748085869683
1710778148.1859584,-0.7166924079259237
1710778148.1860714,-0.7412094540066189
1710778148.1861846,-0.7636251052220662
1710778148.186298,-0.7867411772410074
1710778148.1864111,-0.8098573154873318
1710778148.1865244,-0.832973387506273
1710778148.1866374,-0.8574904998143513
1710778148.1867507,-0.8813071250915527
1710778148.186864,-0.9037227100796169
1710778148.1869771,-0.9264885716968112
1710778148.1870902,-0.9485539462831285
1710778148.1872034,-0.9688681364059448
1710778148.1873167,-0.987781286239624
1710778148.18743,-1.0073949893315632
1710778148.187543,-1.0256076521343656
1710778148.1876562,-1.0452213552263048
1710778148.1877694,-1.0637842284308539
1710778148.1878827,-1.0837481419245403
1710778148.187996,-1.1019608709547255
1710778148.188109,-1.1198233233557806
1710778148.1882222,-1.136284801695082
1710778148.1883354,-1.151695516374376
1710778148.1884487,-1.1643042829301622
1710778148.1885617,-1.1769130494859483
1710778148.188675,-1.1898721588982475
1710778148.1887882,-1.2010799513922796
1710778148.1889014,-1.2133385075463188
1710778148.1890144,-1.2269980377621121
1710778148.1891277,-1.2406575679779053
1710778148.189241,-1.2546673085954454
1710778148.1893542,-1.2672760751512315
1710778148.1894672,-1.2791844209035237
1710778148.1895804,-1.2907424237993028
1710778148.1896937,-1.300199031829834
1710778148.189807,-1.3096556398603652
1710778148.1899202,-1.318411694632636
1710778148.1900332,-1.3261171181996663
1710778148.1901464,-1.3345229625701904
1710778148.1902597,-1.3425785965389676
1710778148.190373,-1.3509844409094915
1710778148.190486,-1.3590399424235027
1710778148.1905992,-1.3642936282687717
1710778148.1907125,-1.3695473141140408
1710778148.1908257,-1.3716488414340549
1710778148.1909387,-1.3730498154958088
1710778148.191052,-1.3730498154958088
1710778148.1911652,-1.3726994726392958
1710778148.1912785,-1.3723492622375488
1710778148.1913917,-1.3730498154958088
1710778148.1915047,-1.3734000258975558
1710778148.191618,-1.3744507895575628
1710778148.1917312,-1.3748009999593098
1710778148.1918445,-1.3748009999593098
1710778148.1919575,-1.3734000258975558
1710778148.1920707,-1.3709482881757948
1710778148.192184,-1.3667453659905326
1710778148.1922972,-1.3621922334035237
1710778148.1924102,-1.3565883371565077
1710778148.1925235,-1.3509844409094915
1710778148.1926367,-1.3450302018059623
1710778148.19275,-1.3394263055589464
1710778148.1928632,-1.3341726197136772
1710778148.1929762,-1.3275180922614203
1710778148.1930895,-1.318761905034383
1710778148.1932027,-1.309305297003852
1710778148.193316,-1.297747294108073
1710778148.193429,-1.2847883171505399
1710778148.1935422,-1.2714789973364935
1710778148.1936555,-1.2567687034606934
1710778148.1937687,-1.2420585420396593
1710778148.1938818,-1.2287492222256131
1710778148.193995,-1.2150896920098198
1710778148.1941082,-1.2021307150522869
1710778148.1942215,-1.1874204211764865
1710778148.1943345,-1.1723599168989394
1710778148.1944478,-1.155898438559638
1710778148.194561,-1.138736539416843
1710778148.1946743,-1.1198233233557806
1710778148.1947875,-1.1005598968929715
1710778148.1949005,-1.0802457067701552
1710778148.1950138,-1.0620330439673529
1710778148.195127,-1.0431198279062908
1710778148.1952403,-1.0242066780726116
1710778148.1953533,-1.0066945023006864
1710778148.1954665,-0.98638031217787
1710778148.1955798,-0.9671168857150607
1710778148.195693,-0.9450515111287434
1710778148.195806,-0.9226359261406792
1710778148.1959193,-0.8995197878943549
1710778148.1960325,-0.8757032288445367
1710778148.1961458,-0.8518866035673354
1710778148.196259,-0.8284202549192641
1710778148.196372,-0.8053041166729397
1710778148.1964853,-0.7825382550557454
1710778148.1965985,-0.7608231570985582
1710778148.1967118,-0.7373568084504869
1710778148.1968248,-0.7131899727715386
1710778148.196938,-0.6886728604634603
1710778148.1970513,-0.6634552611245049
1710778148.1971645,-0.6368367539511787
1710778148.1972775,-0.6105684571795993
1710778148.1973908,-0.58430016040802
1710778148.197504,-0.5587322844399346
1710778148.1976173,-0.5342152383592393
1710778148.1977305,-0.5096981591648525
1710778148.1978436,-0.4844805598258972
1710778148.1979568,-0.4596132371160719
1710778148.19807,-0.43299469682905406
1710778148.1981833,-0.40532542599572075
1710778148.1982963,-0.3762551479869419
1710778148.1984096,-0.3471849030918545
1710778148.1985228,-0.31706392765045166
1710778148.198636,-0.28729316261079574
1710778148.198749,-0.25787265764342415
1710778148.1988623,-0.2291526562637753
1710778148.1989756,-0.20078288184271917
1710778148.1990888,-0.17241310742166308
1710778148.1992018,-0.14229213198026022
1710778148.199315,-0.11322187052832709
1710778148.1994283,-0.08275063501463996
1710778148.1995416,-0.05087842129998737
1710778148.1996548,-0.020056944340467453
1710778148.1997678,0.010766638442873955
1710778148.199881,0.040543207691775426
1710778148.1999943,0.06961915228101942
1710778148.2001076,0.09729384548134273
1710778148.2002206,0.12566916644573212
1710778148.2003338,0.15264324016041225
1710778148.200447,0.18031792508231267
1710778148.2005603,0.20904355578952366
1710778148.2006733,0.23776920305358037
1710778148.2007866,0.2671954532464345
1710778148.2008998,0.29697202973895603
1710778148.201013,0.3267485896746318
1710778148.2011263,0.35547422038184273
1710778148.2012393,0.38384954134623206
1710778148.2013526,0.4111739330821567
1710778148.2014658,0.4381479819615682
1710778148.201579,0.4654723736974928
1710778148.201692,0.4924464556905958
1710778148.2018054,0.5211720863978068
1710778148.2019186,0.5498977171050178
1710778148.2020319,0.5786233478122287
1710778148.2021449,0.6076992882622613
1710778148.202258,0.6357242663701376
1710778148.2023714,0.6626983483632406
1710778148.2024846,0.6872202290429009
1710778148.2025979,0.7117421097225612
1710778148.2027109,0.7348627514309353
1710778148.202824,0.7576330502827961
1710778148.2029374,0.7804034153620402
1710778148.2030506,0.803173714213901
1710778148.2031636,0.8266446325514052
1710778148.2032769,0.8497652742597792
1710778148.2033901,0.8718349536259968
1710778148.2035034,0.8935543563630846
1710778148.2036164,0.9135221772723727
1710778148.2037296,0.9324390358395046
1710778148.2038429,0.9510056177775065
1710778148.2039561,0.9688715802298652
1710778148.2040691,0.9867375426822238
1710778148.2041824,1.0046034389071994
1710778148.2042956,1.0235203637017143
1710778148.204409,1.0431378417544894
1710778148.2045221,1.0620547003216214
1710778148.2046351,1.0806212822596233
1710778148.2047484,1.099187864197625
1710778148.2048616,1.114951901965671
1710778148.204975,1.130015320248074
1710778148.205088,1.1447285281287298
1710778148.2052011,1.157339678870307
1710778148.2053144,1.1706516477796767
1710778148.2054276,1.18396348423428
1710778148.2055407,1.1972753206888835
1710778148.205654,1.210587289598253
1710778148.2057672,1.2238991260528564
1710778148.2058804,1.2365104092491996
1710778148.2059937,1.2477204534742568
1710778148.2061067,1.2578794691297743
1710778148.20622,1.2659366925557454
1710778148.2063332,1.2739937835269504
1710778148.2064464,1.2813504536946614
1710778148.2065594,1.288356648551093
1710778148.2066727,1.2953628434075248
1710778148.206786,1.3030697239769828
1710778148.2068992,1.3107766045464408
1710778148.2070122,1.3170822461446126
1710778148.2071254,1.3237382305992973
1710778148.2072387,1.3293431864844427
1710778148.207352,1.3324960072835286
1710778148.207465,1.3331966929965549
1710778148.2075782,1.333547035853068
1710778148.2076914,1.3331966929965549
1710778148.2078047,1.3314451111687553
1710778148.207918,1.3307444254557292
1710778148.208031,1.3286426332261827
1710778148.2081442,1.3272413942548964
1710778148.2082574,1.3251394695705838
1710778148.2083707,1.3230375448862712
1710778148.2084837,1.3184834851158989
1710778148.208597,1.3128785292307537
1710778148.2087102,1.3058723343743217
1710778148.2088234,1.299216349919637
1710778148.2089365,1.291159126493666
1710778148.2090497,1.2827516926659477
1710778148.209163,1.2764460510677762
1710778148.2092762,1.2694397237565782
1710778148.2093894,1.2624335289001465
1710778148.2095025,1.2550769911872015
1710778148.2096157,1.2466694249047172
1710778148.209729,1.236860752105713
1710778148.2098422,1.2253003650241427
1710778148.2099552,1.2126890818277996
1710778148.2100685,1.1979760064019096
1710778148.2101817,1.1822119024064806
1710778148.210295,1.1664479308658176
1710778148.210408,1.1503334840138753
1710778148.2105212,1.1349197228749592
1710778148.2106345,1.11845506562127
1710778148.2107477,1.102690961625841
1710778148.210861,1.0858759615156386
1710778148.210974,1.0673093795776367
1710778148.2110872,1.0480422443813748
1710778148.2112005,1.0270234611299303
1710778148.2113137,1.0056544012493558
1710778148.2114267,0.9842853413687812
1710778148.21154,0.9629162814882066
1710778148.2116532,0.9418974982367622
1710778148.2117665,0.9215794006983439
1710778148.2118795,0.9009108940760294
1710778148.2119927,0.8809431393941243
1710778148.212106,0.8602746327718098
1710778148.2122192,0.8378546767764621
1710778148.2123322,0.8147340350680881
1710778148.2124455,0.7898618115319146
1710778148.2125587,0.7660405503378974
1710778148.212672,0.741168393029107
1710778148.2127852,0.7166465123494467
1710778148.2128983,0.6935258706410726
1710778148.2130115,0.6700549523035685
1710778148.2131248,0.6469343105951945
1710778148.213238,0.6231130494011773
1710778148.213351,0.5996421310636733
1710778148.2134643,0.5737189451853434
1710778148.2135775,0.5470952060487535
1710778148.2136908,0.5187198850843642
1710778148.2138038,0.4913955264621311
1710778148.213917,0.4616189334127638
1710778148.2140303,0.43254299296273124
1710778148.2141435,0.40451798174116343
1710778148.2142568,0.37614266077677405
1710778148.2143698,0.3477673398123847
1710778148.214483,0.31869139936235213
1710778148.2145963,0.289265149169498
1710778148.2147095,0.2584376434485118
1710778148.2148225,0.22725981142785814
1710778148.2149358,0.19468074043591815
1710778148.215049,0.16175135970115662
1710778148.2151623,0.13092385398017034
1710778148.2152753,0.0997460385163625
1710778148.2153885,0.06926884253819783
1710778148.2155018,0.03984258406692081
1710778148.215615,0.011467264137334293
1710778148.2157283,-0.017605237662792206
1710778148.2158413,-0.047375982006390885
1710778148.2159545,-0.07854770455095503
1710778148.2160678,-0.10971942709551917
1710778148.216181,-0.14264237549569872
1710778148.216294,-0.17521507210201687
1710778148.2164073,-0.20708728167745802
1710778148.2165205,-0.23895949125289917
1710778148.2166338,-0.2708317008283403
1710778148.2167468,-0.3013029363420274
1710778148.21686,-0.33212439881430733
1710778148.2169733,-0.3625956508848402
1710778148.2170866,-0.3934171133571201
1710778148.2171996,-0.425289339489407
1710778148.2173128,-0.4571615325080024
1710778148.217426,-0.4886835151248508
1710778148.2175393,-0.5195049775971307
1710778148.2176526,-0.5492757426367866
1710778148.2177656,-0.577645500500997
1710778148.2178788,-0.6046142843034532
1710778148.217992,-0.6305323706732856
1710778148.2181053,-0.6561001804139879
1710778148.2182183,-0.6813177135255601
1710778148.2183316,-0.7068855894936455
1710778148.2184448,-0.7338543732961019
1710778148.218558,-0.7608231570985582
1710778148.218671,-0.7874416642718844
1710778148.2187843,-0.8144105143017238
1710778148.2188976,-0.8410290214750502
1710778148.2190108,-0.8658963441848755
1710778148.219124,-0.8907636668947008
1710778148.219237,-0.9142300155427721
1710778148.2193503,-0.9366456667582194
1710778148.2194636,-0.9597618050045437
1710778148.2195768,-0.9835783640543619
1710778148.2196898,-1.0070447127024333
1710778148.219803,-1.0305110613505046
1710778148.2199163,-1.053627199596829
1710778148.2200296,-1.074291600121392
1710778148.2201426,-1.0946057240168254
1710778148.2202559,-1.1131686634487576
1710778148.220369,-1.1292799313863118
1710778148.2204823,-1.1453910668690999
1710778148.2205956,-1.1608019140031602
1710778148.2207086,-1.1758624182807074
1710778148.2208219,-1.1916233433617485
1710778148.220935,-1.2077346112993028
1710778148.2210484,-1.224196089638604
1710778148.2211614,-1.2406575679779053
1710778148.2212746,-1.2557180722554524
1710778148.2213879,-1.2700780232747395
1710778148.221501,-1.2833873430887859
1710778148.2216141,-1.2949453459845648
1710778148.2217274,-1.306153138478597
1710778148.2218406,-1.317711141374376
1710778148.2219539,-1.3282185130649142
1710778148.2220669,-1.3397766484154594
1710778148.2221801,-1.3516848617129855
1710778148.2222934,-1.3628926542070177
1710778148.2224066,-1.3730498154958088
1710778148.2225199,-1.382856633928087
1710778148.222633,-1.390211714638604
1710778148.2227461,-1.397216584947374
1710778148.2228594,-1.4021200603908963
1710778148.2229726,-1.4059727721744113
1710778148.2230856,-1.4098253515031602
1710778148.223199,-1.4126272996266682
1710778148.2233121,-1.4164800114101834
1710778148.2234254,-1.4199825127919514
1710778148.2235384,-1.4238352245754666
1710778148.2236516,-1.4262868298424614
1710778148.223765,-1.4269873831007216
1710778148.2238781,-1.4262868298424614
1710778148.2239914,-1.4245356453789604
1710778148.2241044,-1.4206829335954454
1710778148.2242177,-1.4157795906066895
1710778148.224331,-1.4112263255649142
1710778148.2244442,-1.4056224293178983
1710778148.2245572,-1.400018533070882
1710778148.2246704,-1.3954654004838731
1710778148.2247837,-1.390211714638604
1710778148.224897,-1.384257607989841
1710778148.22501,-1.3758517636193168
1710778148.2251232,-1.3674459192487929
1710778148.2252364,-1.3569385475582547
1710778148.2253497,-1.3453805446624756
1710778148.2254627,-1.3327716456519232
1710778148.225576,-1.31981266869439
1710778148.2256892,-1.3068536917368572
1710778148.2258024,-1.2945951355828178
1710778148.2259157,-1.2826867898305256
1710778148.2260287,-1.2700780232747395
1710778148.226142,-1.2578194671207004
1710778148.2262552,-1.2438097265031602
1710778148.2263684,-1.2287492222256131
1710778148.2264814,-1.2115871906280518
1710778148.2265947,-1.1947755018870037
1710778148.226708,-1.1769130494859483
1710778148.2268212,-1.1587003866831462
1710778148.2269342,-1.141538487540351
1710778148.2270474,-1.1243764559427898
1710778148.2271607,-1.1075647672017415
1710778148.227274,-1.0907530784606934
1710778148.2273872,-1.073240836461385
1710778148.2275002,-1.0546778970294528
1710778148.2276134,-1.0333130094740126
1710778148.2277267,-1.0122983985477023
1710778148.22784,-0.989532536930508
1710778148.227953,-0.9664163986841837
1710778148.2280662,-0.9429500500361124
1710778148.2281795,-0.9212349520789253
1710778148.2282927,-0.8981188138326008
1710778148.2284057,-0.8760534392462836
1710778148.228519,-0.8525870905982124
1710778148.2286322,-0.829470952351888
1710778148.2287455,-0.8042534192403157
1710778148.2288587,-0.7793860965304904
1710778148.2289717,-0.752767523129781
1710778148.229085,-0.7257987393273247
1710778148.2291982,-0.6977791918648614
1710778148.2293115,-0.6704601976606581
1710778148.2294245,-0.6445421112908257
1710778148.2295377,-0.6186240249209933
1710778148.229651,-0.5941069788402981
1710778148.2297642,-0.5685391690995958
1710778148.2298772,-0.5426210827297634
1710778148.2299905,-0.5156522989273071
1710778148.2301037,-0.4886835151248508
1710778148.230217,-0.4599634806315104
1710778148.23033,-0.4308932357364231
1710778148.2304432,-0.4014727473258972
1710778148.2305565,-0.37310295634799534
1710778148.2306697,-0.344032711452908
1710778148.230783,-0.31636344061957467
1710778148.230896,-0.2883438931571113
1710778148.2310092,-0.25892340474658543
1710778148.2311225,-0.22985314329465228
1710778148.2312357,-0.19938190778096515
1710778148.2313488,-0.1671594546900855
1710778148.231462,-0.13493700159920585
1710778148.2315753,-0.1027145485083262
1710778148.2316885,-0.07014184362358517
1710778148.2318015,-0.03791939467191696
1710778148.2319148,-0.006397426542308595
1710778148.232028,0.023027579817507002
1710778148.2321413,0.052804148031605616
1710778148.2322545,0.08293103012773725
1710778148.2323675,0.11305791636308034
1710778148.2324808,0.14318479432000053
1710778148.232594,0.1740123000409868
1710778148.2327073,0.2051901320616404
1710778148.2328203,0.23496669199731615
1710778148.2329335,0.26474326848983765
1710778148.2330468,0.29416951868269176
1710778148.23316,0.3211436006757948
1710778148.233273,0.348818302154541
1710778148.2333863,0.3754420412911309
1710778148.2334995,0.40136516094207764
1710778148.2336128,0.4290398624208238
1710778148.233726,0.4570648736423916
1710778148.233839,0.48403895563549465
1710778148.2339523,0.5131148960855272
1710778148.2340655,0.5407895975642734
1710778148.2341788,0.5674133698145548
1710778148.2342918,0.5940371089511447
1710778148.234405,0.6192596091164483
1710778148.2345183,0.6430808703104655
1710778148.2346315,0.6662015120188395
1710778148.2347445,0.6896724303563436
1710778148.2348578,0.7124427292082045
1710778148.234971,0.7362639904022217
1710778148.2350843,0.7600852515962389
1710778148.2351973,0.783906512790256
1710778148.2353106,0.8066768116421169
1710778148.2354238,0.8290968338648478
1710778148.235537,0.8497652742597792
1710778148.2356503,0.8693828185399373
1710778148.2357633,0.8890002965927124
1710778148.2358766,0.9072165356742011
1710778148.2359898,0.926133460468716
1710778148.236103,0.9464515580071343
1710778148.236216,0.9660690360599093
1710778148.2363293,0.9867375426822238
1710778148.2364426,1.007055640220642
1710778148.2365558,1.026322841644287
1710778148.2366688,1.0455900430679321
1710778148.236782,1.0627553198072646
1710778148.2368953,1.0788697004318237
1710778148.2370086,1.0928822225994534
1710778148.2371218,1.1079456408818562
1710778148.2372348,1.1212575435638428
1710778148.237348,1.1352700657314725
1710778148.2374613,1.148932245042589
1710778148.2375746,1.1629447672102187
1710778148.2376876,1.1759062608083088
1710778148.2378008,1.1892182297176785
1710778148.237914,1.1997275882297092
1710778148.2380273,1.2091860506269667
1710778148.2381403,1.218294170167711
1710778148.2382536,1.226001050737169
1710778148.2383668,1.2330072455936008
1710778148.23848,1.241414811876085
1710778148.2385933,1.24947190284729
1710778148.2387064,1.2578794691297743
1710778148.2388196,1.2666372458140056
1710778148.2389328,1.2750448120964897
1710778148.239046,1.2824013498094347
1710778148.239159,1.2887069914076064
1710778148.2392724,1.2939616044362385
1710778148.2393856,1.2967642148335774
1710778148.2394989,1.2995666927761502
1710778148.2396119,1.3020188278622098
1710778148.239725,1.303420066833496
1710778148.2398384,1.3051716486612956
1710778148.2399516,1.306572887632582
1710778148.2400646,1.3079741266038682
1710778148.2401779,1.3086748123168945
1710778148.240291,1.3079741266038682
1710778148.2404044,1.306572887632582
1710778148.2405176,1.3023691707187228
1710778148.2406306,1.2967642148335774
1710778148.2407439,1.2901082303788927
1710778148.2408571,1.2831019030676947
1710778148.2409704,1.2750448120964897
1710778148.2410834,1.268388827641805
1710778148.2411966,1.2617328431871202
1710778148.24131,1.252975066502889
1710778148.2414231,1.245268185933431
1710778148.2415361,1.2365104092491996
1710778148.2416494,1.226351261138916
1710778148.2417626,1.2151413493686252
1710778148.241876,1.203580962287055
1710778148.2419891,1.1902691258324516
1710778148.2421021,1.1769572893778484
1710778148.2422154,1.165046559439765
1710778148.2423286,1.153135961956448
1710778148.242442,1.1419260501861572
1710778148.242555,1.1307160059611003
1710778148.2426682,1.1188054084777832
1710778148.2427814,1.1054935057957966
1710778148.2428946,1.091831260257297
1710778148.2430077,1.0767678419748943
1710778148.243121,1.0599528418646917
1710778148.2432342,1.0417366027832031
1710778148.2433474,1.0242209831873577
1710778148.2434604,1.0060046778784857
1710778148.2435737,0.9884890582826402
1710778148.243687,0.9706231620576646
1710778148.2438002,0.9534578190909492
1710778148.2439134,0.9345409605238173
1710778148.2440264,0.9163246552149454
1710778148.2441397,0.8960065576765273
1710778148.244253,0.8735865354537964
1710778148.2443662,0.8518671327167087
1710778148.2444792,0.8290968338648478
1710778148.2445924,0.8063265350129869
1710778148.2447057,0.7849574751324123
1710778148.244819,0.764289034737481
1710778148.244932,0.7429199748569064
1710778148.2450452,0.7229521539476182
1710778148.2451584,0.7015830940670437
1710778148.2452717,0.6788127289877998
1710778148.245385,0.6556920872794257
1710778148.245498,0.6304695871141222
1710778148.2456112,0.6031452284918891
1710778148.2457244,0.5765214893552992
1710778148.2458377,0.5495474073621962
1710778148.2459507,0.5218727058834499
1710778148.246064,0.49559927648968166
1710778148.2461772,0.46827488475375706
1710778148.2462904,0.44130080276065403
1710778148.2464035,0.4143267538812425
1710778148.2465167,0.38665205240249634
1710778148.24663,0.3572258022096422
1710778148.2467432,0.3285001715024312
1710778148.2468565,0.2983732687102424
1710778148.2469695,0.2689470185173882
1710778148.2470827,0.2398710780673557
1710778148.247196,0.21254668633143106
1710778148.2473092,0.18487200140953064
1710778148.2474222,0.15824824571609497
1710778148.2475355,0.1316244817442364
1710778148.2476487,0.1039497885439131
1710778148.247762,0.07452353007263607
1710778148.247875,0.04474695771932602
1710778148.2479882,0.01391945199833976
1710778148.2481015,-0.017605237662792206
1710778148.2482147,-0.05017793426911036
1710778148.2483277,-0.08134965267446306
1710778148.248441,-0.1121711317035887
1710778148.2485542,-0.14439359307289124
1710778148.2486675,-0.17381409804026285
1710778148.2487807,-0.2035848299662272
1710778148.2488937,-0.23405606547991434
1710778148.249007,-0.265578031539917
1710778148.2491202,-0.2971000141567654
1710778148.2492335,-0.3289722071753608
1710778148.2493465,-0.3601439462767707
1710778148.2494597,-0.39061516523361206
1710778148.249573,-0.4200356536441379
1710778148.2496862,-0.4480552011066013
1710778148.2497993,-0.4746737413936191
1710778148.2499125,-0.5002415511343214
1710778148.2500257,-0.5261596043904623
1710778148.250139,-0.5520776907602946
1710778148.2502522,-0.5790464745627509
1710778148.2503653,-0.6056650479634603
1710778148.2504785,-0.6326338317659166
1710778148.2505918,-0.6599528259701198
1710778148.250705,-0.6869216759999593
1710778148.250818,-0.7135401831732856
1710778148.2509313,-0.7370065318213569
1710778148.2510445,-0.7608231570985582
1710778148.2511578,-0.7842895057466295
1710778148.2512708,-0.8067050907346938
1710778148.251384,-0.830171439382765
1710778148.2514973,-0.8532875776290894
1710778148.2516105,-0.8771042029062907
1710778148.2517238,-0.9009207619561089
1710778148.2518368,-0.9247373872333102
1710778148.25195,-0.9478534592522515
1710778148.2520633,-0.9695686234368218
1710778148.2521765,-0.990583234363132
1710778148.2522895,-1.0105471478568182
1710778148.2524028,-1.0301608509487576
1710778148.252516,-1.0494242774115667
1710778148.2526293,-1.069037914276123
1710778148.2527423,-1.0893521043989394
1710778148.2528555,-1.1093160178926256
1710778148.2529688,-1.1296301417880588
1710778148.253082,-1.149594121509128
1710778148.253195,-1.1685072051154242
1710778148.2533083,-1.1860194471147325
1710778148.2534215,-1.2021307150522869
1710778148.2535348,-1.217191219329834
1710778148.253648,-1.231551170349121
1710778148.253761,-1.2466116746266682
1710778148.2538743,-1.2606214152442083
1710778148.2539876,-1.2749813662634955
1710778148.2541008,-1.2907424237993028
1710778148.2542138,-1.30580292807685
1710778148.254327,-1.3194624582926433
1710778148.2544403,-1.3331219885084364
1710778148.2545536,-1.3436292277442083
1710778148.2546666,-1.3534360461764865
1710778148.2547798,-1.3625424438052707
1710778148.254893,-1.3698975245157878
1710778148.2550063,-1.3769023948245578
1710778148.2551196,-1.384257607989841
1710778148.2552326,-1.3909122678968642
1710778148.2553458,-1.397216584947374
1710778148.255459,-1.4038712448543973
1710778148.2555723,-1.4094751411014133
1710778148.2556853,-1.4136780632866752
1710778148.2557986,-1.4147288269466824
1710778148.2559118,-1.4154292477501762
1710778148.256025,-1.4150790373484294
1710778148.256138,-1.4136780632866752
1710778148.2562513,-1.4122770892249212
1710778148.2563646,-1.4115766684214275
1710778148.2564778,-1.4101756943596733
1710778148.256591,-1.4094751411014133
1710778148.256704,-1.4084243774414062
1710778148.2568173,-1.4073737462361653
1710778148.2569306,-1.4049220085144043
1710778148.2570438,-1.400018533070882
1710778148.2571568,-1.3951151900821261
1710778148.25727,-1.3881103197733562
1710778148.2573833,-1.380404896206326
1710778148.2574966,-1.3726994726392958
1710778148.2576096,-1.3653443919287787
1710778148.2577229,-1.3569385475582547
1710778148.257836,-1.3488829135894775
1710778148.2579494,-1.3404770692189534
1710778148.2580624,-1.3299696975284152
1710778148.2581756,-1.318761905034383
1710778148.2582889,-1.30580292807685
1710778148.258402,-1.2910926342010498
1710778148.2585154,-1.2753317091200087
1710778148.2586284,-1.2592204411824544
1710778148.2587416,-1.2427589628431532
1710778148.2588549,-1.2280486689673529
1710778148.258968,-1.2122877438863118
1710778148.2590811,-1.1975774500105116
1710778148.2591944,-1.1828672885894775
1710778148.2593076,-1.1671062310536702
1710778148.2594209,-1.150644752714369
1710778148.259534,-1.1327823003133137
1710778148.2596471,-1.1138692167070177
1710778148.2597604,-1.0942555136150784
1710778148.2598736,-1.0739413234922621
1710778148.2599869,-1.0546778970294528
1710778148.2601,-1.0350642601648967
1710778148.2602131,-1.0161510441038344
1710778148.2603264,-0.9975881046719021
1710778148.2604396,-0.9772739807764689
1710778148.2605526,-0.9569597906536526
1710778148.260666,-0.9341939290364583
1710778148.2607791,-0.910727580388387
1710778148.2608924,-0.8855100472768147
1710778148.2610054,-0.8599422375361124
1710778148.2611187,-0.83402415116628
1710778148.261232,-0.8081060647964478
1710778148.2613451,-0.7825382550557454
1710778148.2614582,-0.7580212089750502
1710778148.2615714,-0.7328036096360948
1710778148.2616847,-0.7068855894936455
1710778148.261798,-0.6809675031238132
1710778148.2619112,-0.6529479556613498
1710778148.2620242,-0.6242279873953925
1710778148.2621374,-0.5948074658711752
1710778148.2622507,-0.5646864573160807
1710778148.262364,-0.5349157253901163
1710778148.262477,-0.505495203865899
1710778148.2625902,-0.4764249589708116
1710778148.2627034,-0.4477049575911628
1710778148.2628167,-0.4200356536441379
1710778148.2629297,-0.39026492171817356
1710778148.263043,-0.3608444333076477
1710778148.2631562,-0.3289722071753608
1710778148.2632694,-0.2971000141567654
1710778148.2633827,-0.26347657044728595
1710778148.2634957,-0.22985314329465228
1710778148.263609,-0.19728044668833414
1710778148.2637222,-0.1650579935974545
1710778148.2638354,-0.13353601925902897
1710778148.2639484,-0.10306479202376471
1710778148.2640617,-0.07259355651007758
1710778148.264175,-0.04212232099639045
1710778148.2642882,-0.010600355971190665
1710778148.2644012,0.020925702734125983
1710778148.2645144,0.05210352440675099
1710778148.2646277,0.08433228565586938
1710778148.264741,0.11691135664780934
1710778148.2648542,0.1477388540903727
1710778148.2649672,0.1775154305828942
1710778148.2650805,0.2076423168182373
1710778148.2651937,0.23671825726826984
1710778148.265307,0.26439295874701607
1710778148.26542,0.29416951868269176
1710778148.2655332,0.32324545913272434
1710778148.2656465,0.3547736008961995
1710778148.2657597,0.3852507803175184
1710778148.2658727,0.4164286123381721
1710778148.265986,0.4472561346160041
1710778148.2660992,0.4773830042945014
1710778148.2662125,0.5064589447445339
1710778148.2663255,0.5327324072519938
1710778148.2664387,0.5593561463885837
1710778148.266552,0.5856296088960435
1710778148.2666652,0.6115527285469903
1710778148.2667785,0.6381764676835802
1710778148.2668915,0.66444993019104
1710778148.2670047,0.6903730498419868
1710778148.267118,0.7166465123494467
1710778148.2672312,0.7418690125147501
1710778148.2673442,0.7660405503378974
1710778148.2674575,0.7895115349027846
1710778148.2675707,0.8119315571255153
1710778148.267684,0.8333006170060899
1710778148.267797,0.8539690574010212
1710778148.2679102,0.8746374977959527
1710778148.2680235,0.8967071771621704
1710778148.2681367,0.9180762370427449
1710778148.26825,0.9401459164089626
1710778148.268363,0.9625659386316935
1710778148.2684762,0.983584721883138
1710778148.2685895,1.0039028194215562
1710778148.2687027,1.0228196779886882
1710778148.2688158,1.0417366027832031
1710778148.268929,1.0578509834077623
1710778148.2690423,1.0767678419748943
1710778148.2691555,1.0935828420850966
1710778148.2692685,1.1117990811665852
1710778148.2693818,1.1307160059611003
1710778148.269495,1.148932245042589
1710778148.2696083,1.1671484841240776
1710778148.2697215,1.1846641699473064
1710778148.2698345,1.1997275882297092
1710778148.2699478,1.2147910065121121
1710778148.270061,1.2274022897084553
1710778148.2701743,1.2382619910769992
1710778148.2702873,1.249822245703803
1710778148.2704005,1.260681947072347
1710778148.2705138,1.2711913055843778
1710778148.270627,1.2820510069529216
1710778148.27074,1.291159126493666
1710778148.2708533,1.3002672460344102
1710778148.2709665,1.3086748123168945
1710778148.2710798,1.31427976820204
1710778148.2711928,1.3195345136854384
1710778148.271306,1.3233878877427843
1710778148.2714193,1.32584015528361
1710778148.2715325,1.3286426332261827
1710778148.2716458,1.3310947683122423
1710778148.2717588,1.3338972462548149
1710778148.271872,1.3370500670539007
1710778148.2719853,1.3388016488817003
1710778148.2720985,1.3416041268242729
1710778148.2722116,1.3419544696807861
1710778148.2723248,1.3416041268242729
1710778148.272438,1.3384513060251872
1710778148.2725513,1.3345979319678412
1710778148.2726643,1.3289928436279297
1710778148.2727776,1.3233878877427843
1710778148.2728908,1.3170822461446126
1710778148.273004,1.3118276331159804
1710778148.2731173,1.3051716486612956
1710778148.2732303,1.299216349919637
1710778148.2733436,1.2932610511779785
1710778148.2734568,1.2848534848954942
1710778148.27357,1.2764460510677762
1710778148.273683,1.2666372458140056
1710778148.2737963,1.2557775444454617
1710778148.2739096,1.2456185287899442
1710778148.2740228,1.234408484564887
1710778148.2741358,1.2242494689093695
1710778148.274249,1.2151413493686252
1710778148.2743623,1.2060332298278809
1710778148.2744756,1.1965747674306233
1710778148.2745888,1.1867659621768527
1710778148.2747018,1.1752057075500488
1710778148.274815,1.1625944243537054
1710778148.2749283,1.1478813489278157
1710778148.2750416,1.1314165592193604
1710778148.2751546,1.114601559109158
1710778148.2752678,1.0967356628841824
1710778148.275381,1.0788697004318237
1710778148.2754943,1.0613540808359783
1710778148.2756073,1.0438384612401326
1710778148.2757206,1.0259724987877739
1710778148.2758338,1.0077562597062852
1710778148.275947,0.9881387816535102
1710778148.27606,0.9674703412585788
1710778148.2761734,0.9457509385214912
1710778148.2762866,0.9240315357844034
1710778148.2763999,0.9016115797890557
1710778148.276513,0.8795418341954548
1710778148.276626,0.8588733938005235
1710778148.2767394,0.8385552962621052
1710778148.2768526,0.8182371324963039
1710778148.2769659,0.7975686921013726
1710778148.2770789,0.7769002517064412
1710778148.277192,0.7544802957110934
1710778148.2773054,0.7320602734883627
1710778148.2774186,0.7061371538374159
1710778148.2775316,0.6805643108155992
1710778148.2776449,0.6542908483081393
1710778148.2777581,0.6280174520280626
1710778148.2778714,0.6020942661497328
1710778148.2779846,0.5761711464987861
1710778148.2780976,0.5498977171050178
1710778148.2782109,0.5239745643403795
1710778148.2783241,0.4973508252037896
1710778148.2784374,0.4693258139822218
1710778148.2785504,0.4395492540465461
1710778148.2786636,0.4094223512543572
1710778148.278777,0.37894517183303833
1710778148.2788901,0.3481176495552063
1710778148.2790031,0.317990779876709
1710778148.2791164,0.2885645296838548
1710778148.2792296,0.26018920871946544
1710778148.279343,0.23041263222694397
1710778148.279456,0.201687001519733
1710778148.2795691,0.17261106106970045
1710778148.2796824,0.14248417483435735
1710778148.2797956,0.11130635109212664
1710778148.279909,0.07942790786425273
1710778148.280022,0.047899774379200406
1710778148.2801352,0.017072265553805564
1710778148.2802484,-0.013402308233910136
1710778148.2803617,-0.04317305154270596
1710778148.2804747,-0.07154282596376207
1710778148.280588,-0.09956234859095679
1710778148.2807012,-0.1275818712181515
1710778148.2808144,-0.15630188915464613
1710778148.2809274,-0.18537215060657924
1710778148.2810407,-0.2144423955016666
1710778148.281154,-0.24526387453079224
1710778148.2812672,-0.2753848665290409
1710778148.2813804,-0.30445512798097396
1710778148.2814934,-0.33247464232974583
1710778148.2816067,-0.35944345924589366
1710778148.28172,-0.3860619995329115
1710778148.2818332,-0.4119800527890523
1710778148.2819462,-0.43789810604519314
1710778148.2820594,-0.46416643593046397
1710778148.2821727,-0.4911352197329203
1710778148.282286,-0.5177537600199381
1710778148.282399,-0.5450727873378329
1710778148.2825122,-0.5723918146557277
1710778148.2826254,-0.5983099010255601
1710778148.2827387,-0.6235275003645155
1710778148.282852,-0.6480445464452108
1710778148.282965,-0.6718611717224121
1710778148.2830782,-0.6956777307722304
1710778148.2831914,-0.7180933819876777
1710778148.2833047,-0.74331091509925
1710778148.2834177,-0.7678280274073283
1710778148.283531,-0.7933958371480305
1710778148.2836442,-0.8193139235178629
1710778148.2837574,-0.8441812462276882
1710778148.2838705,-0.8686982923083835
1710778148.2839837,-0.8925149175855849
1710778148.284097,-0.9145802921719021
1710778148.2842102,-0.9359451797273424
1710778148.2843232,-0.9573100672827827
1710778148.2844365,-0.9779744678073459
1710778148.2845497,-0.9986388683319092
1710778148.284663,-1.0189529922273424
1710778148.2847762,-1.0406681564119127
1710778148.2848892,-1.061332556936476
1710778148.2850025,-1.0812964704301622
1710778148.2851157,-1.0998594098620944
1710778148.285229,-1.1170213752322726
1710778148.285342,-1.1327823003133137
1710778148.2854552,-1.147842804590861
1710778148.2855685,-1.1622028880649142
1710778148.2856817,-1.1765628390842013
1710778148.2857947,-1.1919735537634955
1710778148.285908,-1.2073842684427898
1710778148.2860212,-1.223145325978597
1710778148.2861345,-1.2382058302561443
1710778148.2862477,-1.2539667553371854
1710778148.2863607,-1.2672760751512315
1710778148.286474,-1.2795346313052707
1710778148.2865872,-1.2910926342010498
1710778148.2867005,-1.301249795489841
1710778148.2868135,-1.3103560606638591
1710778148.2869267,-1.3194624582926433
1710778148.28704,-1.3289190663231742
1710778148.2871532,-1.3380253314971924
1710778148.2872663,-1.3467815187242296
1710778148.2873795,-1.3548370202382405
1710778148.2874928,-1.3618420230017767
1710778148.287606,-1.3670955763922796
1710778148.2877192,-1.3702478673723009
1710778148.2878323,-1.3719990518358018
1710778148.2879455,-1.3730498154958088
1710778148.2880588,-1.3730498154958088
1710778148.288172,-1.3730498154958088
1710778148.288285,-1.3723492622375488
1710778148.2883983,-1.3730498154958088
1710778148.2885115,-1.3737502362993028
1710778148.2886248,-1.3734000258975558
1710778148.2887378,-1.3719990518358018
1710778148.288851,-1.3702478673723009
1710778148.2889643,-1.3663951555887859
1710778148.2890775,-1.3625424438052707
1710778148.2891905,-1.3572887579600017
1710778148.2893038,-1.3523854149712455
1710778148.289417,-1.3464311758677165
1710778148.2895303,-1.3418780432807074
1710778148.2896435,-1.3366243574354384
1710778148.2897565,-1.3334721989101834
1710778148.2898698,-1.3278683026631672
1710778148.289983,-1.3222644064161513
1710778148.2900963,-1.314208772447374
1710778148.2902093,-1.30580292807685
1710778148.2903225,-1.2949453459845648
1710778148.2904358,-1.2844379742940266
1710778148.290549,-1.2735803922017415
1710778148.290662,-1.2609716256459553
1710778148.2907753,-1.2490634123484294
1710778148.2908885,-1.238556040657891
1710778148.2910018,-1.2269980377621121
1710778148.291115,-1.2154399024115667
1710778148.291228,-1.2028311358557806
1710778148.2913413,-1.1888213952382405
1710778148.2914546,-1.1734106805589464
1710778148.2915678,-1.1579999658796523
1710778148.2916808,-1.141538487540351
1710778148.291794,-1.1247266663445366
1710778148.2919073,-1.1086155308617485
1710778148.2920206,-1.0928545395533245
1710778148.2921336,-1.077794035275777
1710778148.2922468,-1.0620330439673529
1710778148.29236,-1.0459218422571819
1710778148.2924733,-1.0287598768870037
1710778148.2925866,-1.0087959633933172
1710778148.2926996,-0.988131562868754
1710778148.2928128,-0.9660661882824367
1710778148.292926,-0.9436505370669894
1710778148.2930393,-0.9198339780171711
1710778148.2931523,-0.8967178397708468
1710778148.2932656,-0.8732514911227756
1710778148.2933788,-0.8504856295055813
1710778148.293492,-0.828069978290134
1710778148.293605,-0.8042534192403157
1710778148.2937183,-0.7790358199013604
1710778148.2938316,-0.7534680101606581
1710778148.2939448,-0.7268494367599487
1710778148.2940578,-0.6995304425557455
1710778148.294171,-0.6715108950932821
1710778148.2942843,-0.6445421112908257
1710778148.2943976,-0.6168728404574924
1710778148.2945108,-0.5906045436859131
1710778148.2946239,-0.5646864573160807
1710778148.294737,-0.5380679170290629
1710778148.2948503,-0.5117996202574836
1710778148.2949636,-0.4841303163104587
1710778148.2950766,-0.45506007141537136
1710778148.2951899,-0.425289339489407
1710778148.295303,-0.3948180874188741
1710778148.2954164,-0.36434686846203274
1710778148.2955294,-0.3342258599069383
1710778148.2956426,-0.30480537149641246
1710778148.2957559,-0.2753848665290409
1710778148.295869,-0.24561411804623073
1710778148.2959824,-0.2172443601820204
1710778148.2960954,-0.18782385521464878
1710778148.2962086,-0.15700237618552312
1710778148.2963219,-0.125830653640959
1710778148.296435,-0.09430868758095635
1710778148.2965481,-0.0620862344900767
1710778148.2966614,-0.03021402284502983
1710778148.2967746,0.0006075733755197789
1710778148.2968879,0.030734456247753568
1710778148.297001,0.06016071471903059
1710778148.2971141,0.08818571766217549
1710778148.2972274,0.11691135664780934
1710778148.2973406,0.14598730537626478
1710778148.2974536,0.17471293608347574
1710778148.297567,0.20448949601915148
1710778148.2976801,0.23426607251167297
1710778148.2977934,0.26439295874701607
1710778148.2979066,0.2934688991970486
1710778148.2980196,0.3214939104186164
1710778148.298133,0.34951892164018417
1710778148.2982461,0.37614266077677405
1710778148.2983594,0.40241612328423393
1710778148.2984724,0.4293901721636454
1710778148.2985857,0.45671456389957005
1710778148.298699,0.48403895563549465
1710778148.2988122,0.5127645863427056
1710778148.2989252,0.5411399073070949
1710778148.2990384,0.5705661243862575
1710778148.2991517,0.5982408258650038
1710778148.299265,0.62556525071462
1710778148.2993782,0.6518386469946967
1710778148.2994912,0.6763605276743571
1710778148.2996044,0.7019333706961738
1710778148.2997177,0.7254042890336778
1710778148.299831,0.7506268554263644
1710778148.299944,0.7754990127351549
1710778148.3000572,0.8007215129004585
1710778148.3001704,0.8266446325514052
1710778148.3002837,0.8511665132310655
1710778148.3003967,0.8756883939107258
1710778148.30051,0.8988090356190999
1710778148.3006232,0.9208787149853176
1710778148.3007364,0.941547155380249
1710778148.3008497,0.9625659386316935
1710778148.3009627,0.983584721883138
1710778148.301076,1.0046034389071994
1710778148.3011892,1.026322841644287
1710778148.3013024,1.0473415586683485
1710778148.3014154,1.0690609614054363
1710778148.3015287,1.0900797446568806
1710778148.301642,1.1096972227096558
1710778148.3017552,1.1279135280185275
1710778148.3018682,1.1440278424157035
1710778148.3019814,1.1587410502963595
1710778148.3020947,1.172753440009223
1710778148.302208,1.1864157517751057
1710778148.302321,1.1993772453731961
1710778148.3024342,1.2119885285695393
1710778148.3025475,1.2249500221676297
1710778148.3026607,1.237561305363973
1710778148.302774,1.249121692445543
1710778148.302887,1.2596310509575737
1710778148.3030002,1.2690895133548312
1710778148.3031135,1.2778472900390625
1710778148.3032267,1.2845032744937472
1710778148.3033397,1.2918598122066922
1710778148.303453,1.298866007063124
1710778148.3035662,1.306572887632582
1710778148.3036795,1.3135792149437797
1710778148.3037925,1.321986648771498
1710778148.3039057,1.3289928436279297
1710778148.304019,1.3359991709391277
1710778148.3041322,1.3412537839677598
1710778148.3042455,1.3437060515085857
1710778148.3043585,1.3458079761928983
1710778148.3044717,1.345107290479872
1710778148.304585,1.3444066047668457
1710778148.3046982,1.3430053657955594
1710778148.3048112,1.3402028878529866
1710778148.3049245,1.3388016488817003
1710778148.3050377,1.3359991709391277
1710778148.305151,1.3331966929965549
1710778148.305264,1.329693529340956
1710778148.3053772,1.3254898124270968
1710778148.3054905,1.318833827972412
1710778148.3056037,1.3118276331159804
1710778148.305717,1.3030697239769828
1710778148.30583,1.295012633005778
1710778148.3059433,1.2869554095798068
1710778148.3060565,1.2799490822686088
1710778148.3061697,1.272242334153917
1710778148.3062828,1.2659366925557454
1710778148.306396,1.2589303652445476
1710778148.3065093,1.2512234846750896
1710778148.3066225,1.241765022277832
1710778148.3067355,1.2316060066223145
1710778148.3068488,1.218994723425971
1710778148.306962,1.2067337830861409
1710778148.3070753,1.1934219466315374
1710778148.3071883,1.179409424463908
1710778148.3073015,1.1653969022962782
1710778148.3074148,1.1538366476694744
1710778148.307528,1.1398241255018446
1710778148.3076413,1.1275631851620145
1710778148.3077543,1.1128499772813585
1710778148.3078675,1.0967356628841824
1710778148.3079808,1.0788697004318237
1710778148.308094,1.0599528418646917
1710778148.308207,1.0396346780988905
1710778148.3083203,1.0193165805604723
1710778148.3084335,0.9979475206798977
1710778148.3085468,0.9772790802849664
1710778148.3086598,0.956960916519165
1710778148.308773,0.9352415800094604
1710778148.3088863,0.9138725201288859
1710778148.3089995,0.8921531173917983
1710778148.3091128,0.8686821990542941
1710778148.3092258,0.8441603183746338
1710778148.309339,0.8182371324963039
1710778148.3094523,0.7909127738740709
1710778148.3095655,0.7653399308522542
1710778148.3096786,0.7387161917156643
1710778148.3097918,0.714194311036004
1710778148.309905,0.6882711913850572
1710778148.3100183,0.66444993019104
1710778148.3101313,0.6388770871692233
1710778148.3102446,0.6136545870039198
1710778148.3103578,0.5856296088960435
1710778148.310471,0.5576045645607842
1710778148.3105843,0.5281783474816216
1710778148.3106973,0.49875206417507595
1710778148.3108106,0.4672239555252923
1710778148.3109238,0.4381479819615682
1710778148.311037,0.40837142202589244
1710778148.31115,0.3796457913186815
1710778148.3112633,0.35021954112582737
1710778148.3113766,0.3211436006757948
1710778148.3114898,0.2917173504829407
1710778148.3116028,0.2619407574335734
1710778148.311716,0.23006232248412237
1710778148.3118293,0.19853418072064716
1710778148.3119426,0.16735636525683933
1710778148.3120556,0.13687916927867466
1710778148.3121688,0.10745291080739763
1710778148.312282,0.07837697035736507
1710778148.3123953,0.04965133551094267
1710778148.3125086,0.021626328428586323
1710778148.3126216,-0.006047182509468662
1710778148.3127348,-0.034767194754547544
1710778148.312848,-0.06558867378367318
1710778148.3129613,-0.09641014867358737
1710778148.3130744,-0.12898285355832842
1710778148.3131876,-0.16085505485534668
1710778148.3133008,-0.19342775146166483
1710778148.313414,-0.22424923049079046
1710778148.313527,-0.25366973545816207
1710778148.3136404,-0.2844912144872877
1710778148.3137536,-0.31426194641325206
1710778148.3138669,-0.344032711452908
1710778148.31398,-0.37415368689431083
1710778148.314093,-0.40427469544940525
1710778148.3142064,-0.4354464014371236
1710778148.3143196,-0.4659176535076565
1710778148.3144329,-0.49603862894905937
1710778148.3145459,-0.5244083868132697
1710778148.314659,-0.5520776907602946
1710778148.3147724,-0.5783459875318739
1710778148.3148856,-0.6039137972725762
1710778148.3149986,-0.6284309095806545
1710778148.3151119,-0.6536484426922268
1710778148.3152251,-0.6785157654020522
1710778148.3153384,-0.7040835751427544
1710778148.3154514,-0.7310524251725938
1710778148.3155646,-0.7580212089750502
1710778148.315678,-0.7839392291174995
1710778148.3157911,-0.8098573154873318
1710778148.3159044,-0.8343744277954102
1710778148.3160174,-0.8585412634743584
1710778148.3161306,-0.8820076121224297
1710778148.316244,-0.905824171172248
1710778148.3163571,-0.9285900327894423
1710778148.3164701,-0.9527568684683906
1710778148.3165834,-0.9769237041473389
1710778148.3166966,-1.0028417905171711
1710778148.31681,-1.0263081391652424
1710778148.316923,-1.0501247644424438
1710778148.3170362,-1.071489651997884
1710778148.3171494,-1.0914535654915702
1710778148.3172626,-1.1114174789852567
1710778148.317376,-1.1299803521898057
1710778148.317489,-1.147492594189114
1710778148.3176022,-1.1650048361884222
1710778148.3177154,-1.1825169457329643
1710778148.3178287,-1.2000291877322726
1710778148.3179417,-1.217891640133328
1710778148.318055,-1.234703328874376
1710778148.3181682,-1.2504643864101834
1710778148.3182814,-1.2648243374294705
1710778148.3183944,-1.2774331039852567
1710778148.3185077,-1.2893414497375488
1710778148.318621,-1.29879805776808
1710778148.3187342,-1.3096556398603652
1710778148.3188474,-1.3194624582926433
1710778148.3189604,-1.3296194871266682
1710778148.3190737,-1.3394263055589464
1710778148.319187,-1.3499336772494845
1710778148.3193002,-1.3586897320217557
1710778148.3194132,-1.3663951555887859
1710778148.3195264,-1.3726994726392958
1710778148.3196397,-1.3769023948245578
1710778148.319753,-1.380404896206326
1710778148.319866,-1.383206844329834
1710778148.3199792,-1.383557054731581
1710778148.3200924,-1.385658582051595
1710778148.3202057,-1.387759976916843
1710778148.3203187,-1.3898615042368572
1710778148.320432,-1.3923132419586182
1710778148.3205452,-1.3940644264221191
1710778148.3206584,-1.3944146368238661
1710778148.3207717,-1.3933638731638591
1710778148.3208847,-1.391962899102105
1710778148.320998,-1.38881074057685
1710778148.3211112,-1.384958028793335
1710778148.3212245,-1.381455659866333
1710778148.3213375,-1.3783033688863118
1710778148.3214507,-1.3755014207628038
1710778148.321564,-1.3719990518358018
1710778148.3216772,-1.3691971037122939
1710778148.3217902,-1.3639434178670247
1710778148.3219035,-1.3586897320217557
1710778148.3220167,-1.3527356253729925
1710778148.32213,-1.3432790173424614
1710778148.3222432,-1.3331219885084364
1710778148.3223562,-1.3226146168178983
1710778148.3224695,-1.3114068243238661
1710778148.3225827,-1.300899452633328
1710778148.322696,-1.2900418705410428
1710778148.322809,-1.2802350521087646
1710778148.3229222,-1.2693774700164795
1710778148.3230355,-1.2581696775224473
1710778148.3231487,-1.2459111213684082
1710778148.3232617,-1.231551170349121
1710778148.323375,-1.2168408764733207
1710778148.3234882,-1.2007297409905326
1710778148.3236015,-1.1846184730529785
1710778148.3237147,-1.1681569947136772
1710778148.3238277,-1.152396069632636
1710778148.323941,-1.137685775756836
1710778148.3240542,-1.1222750610775418
1710778148.3241675,-1.1065140035417345
1710778148.3242805,-1.0907530784606934
1710778148.3243937,-1.073240836461385
1710778148.324507,-1.0543276866277058
1710778148.3246202,-1.0340134965048895
1710778148.3247333,-1.0133490959803264
1710778148.3248465,-0.9916339980231391
1710778148.3249598,-0.9692183468076918
1710778148.325073,-0.9478534592522515
1710778148.325186,-0.9264885716968112
1710778148.3252993,-0.905123684141371
1710778148.3254125,-0.8827080991533067
1710778148.3255258,-0.8595919609069824
1710778148.325639,-0.8357754018571641
1710778148.325752,-0.8095070388582017
1710778148.3258653,-0.7825382550557454
1710778148.3259785,-0.7552192608515421
1710778148.3260918,-0.7282504770490859
1710778148.3262048,-0.6998806529574924
1710778148.326318,-0.6729118691550361
1710778148.3264313,-0.6473440594143337
1710778148.3265445,-0.6214259730445014
1710778148.3266575,-0.595157676272922
1710778148.3267708,-0.5688893795013428
1710778148.326884,-0.5419205956988864
1710778148.3269973,-0.5146015683809916
1710778148.3271105,-0.48623181051678127
1710778148.3272235,-0.4571615325080024
1710778148.3273368,-0.42809128761291504
1710778148.32745,-0.39937125311957467
1710778148.3275633,-0.3720522258016798
1710778148.3276763,-0.3450834419992235
1710778148.3277895,-0.31846490171220565
1710778148.3279028,-0.29079559776518077
1710778148.328016,-0.26242583990097046
1710778148.328129,-0.23300533493359882
1710778148.3282423,-0.2028843429353502
1710778148.3283556,-0.17241310742166308
1710778148.3284688,-0.14089114136166042
1710778148.328582,-0.11041991412639618
1710778148.328695,-0.08029892212814754
1710778148.3288083,-0.051578912470075816
1710778148.3289216,-0.023559385703669652
1710778148.3290348,0.003760386672284868
1710778148.3291478,0.03143508194221391
1710778148.329261,0.05840914944807688
1710778148.3293743,0.08678447041246626
1710778148.3294876,0.11621072888374329
1710778148.3296006,0.14528666933377585
1710778148.3297138,0.1736619902981652
1710778148.329827,0.201687001519733
1710778148.3299403,0.23041263222694397
1710778148.3300533,0.25633576843473643
1710778148.3301666,0.2829595075713264
1710778148.3302798,0.30958327982160777
1710778148.330393,0.337257981300354
1710778148.3305063,0.36423203017976546
1710778148.3306193,0.3929576608869764
1710778148.3307326,0.422033601337009
1710778148.3308458,0.4525108138720194
1710778148.330959,0.4819370640648736
1710778148.331072,0.5106626947720846
1710778148.3311853,0.5383373962508308
1710778148.3312986,0.5639102061589559
1710778148.3314118,0.5894830491807725
1710778148.3315248,0.614004929860433
1710778148.331638,0.637475848197937
1710778148.3317513,0.6623480717341105
1710778148.3318646,0.6865196095572578
1710778148.3319778,0.7110414902369181
1710778148.3320909,0.7355633709165785
1710778148.332204,0.7600852515962389
1710778148.3323174,0.783556236161126
1710778148.3324306,0.8056259155273438
1710778148.3325436,0.8273452520370483
1710778148.3326569,0.8480136924319797
1710778148.33277,0.8686821990542941
1710778148.3328834,0.8904015355639987
1710778148.3329964,0.9121209383010864
1710778148.3331096,0.9348912371529473
1710778148.3332229,0.956960916519165
1710778148.333336,0.9797312815984089
1710778148.3334491,1.0011003414789836
1710778148.3335624,1.0221190585030449
1710778148.3336756,1.04103598329756
1710778148.3337889,1.0582012600368924
1710778148.3339021,1.0753666030036078
1710778148.3340151,1.091130640771654
1710778148.3341284,1.10654440191057
1710778148.3342416,1.122658782535129
1710778148.3343549,1.138072543674045
1710778148.334468,1.153486304812961
1710778148.3345811,1.1681993802388508
1710778148.3346944,1.1829125881195068
1710778148.3348076,1.194823185602824
1710778148.3349206,1.2060332298278809
1710778148.335034,1.2154916922251384
1710778148.3351471,1.2235487831963432
1710778148.3352604,1.2309053209092882
1710778148.3353736,1.2389625443352592
1710778148.3354867,1.2456185287899442
1710778148.3356,1.2543763054741752
1710778148.3357131,1.2613826327853732
1710778148.3358264,1.268038484785292
1710778148.3359394,1.2746944692399766
1710778148.3360527,1.279598871866862
1710778148.336166,1.2827516926659477
1710778148.3362792,1.2855541706085205
1710778148.3363922,1.2876559628380668
1710778148.3365054,1.2894075446658664
1710778148.3366187,1.291159126493666
1710778148.336732,1.2939616044362385
1710778148.3368452,1.2964138719770644
1710778148.3369582,1.2995666927761502
1710778148.3370714,1.3023691707187228
1710778148.3371847,1.3041207525465224
1710778148.337298,1.3048213058047824
1710778148.337411,1.3041207525465224
1710778148.3375242,1.3016684850056965
1710778148.3376374,1.2978151109483507
1710778148.3377507,1.2943119472927518
1710778148.3378637,1.2897578875223796
1710778148.337977,1.2855541706085205
1710778148.3380902,1.2820510069529216
1710778148.3382034,1.2771466043260362
1710778148.3383164,1.272942887412177
1710778148.3384297,1.2666372458140056
1710778148.338543,1.2596310509575737
1710778148.3386562,1.2505229314168294
1710778148.3387694,1.241064469019572
1710778148.3388824,1.2305551105075412
1710778148.3389957,1.2203959623972576
1710778148.339109,1.21023694674174
1710778148.3392222,1.2007784843444824
1710778148.3393352,1.1906194686889648
1710778148.3394485,1.1808106634351943
1710778148.3395617,1.1703013049231634
1710778148.339675,1.1583907074398465
1710778148.339788,1.14542908138699
1710778148.3399012,1.130365663104587
1710778148.3400145,1.1139010058508978
1710778148.3401277,1.0967356628841824
1710778148.340241,1.0788697004318237
1710778148.340354,1.060303184721205
1710778148.3404672,1.0431378417544894
1710778148.3405805,1.0252718793021307
1710778148.3406937,1.007055640220642
1710778148.3408067,0.9881387816535102
1710778148.34092,0.9695721997155083
1710778148.3410332,0.9482031398349338
1710778148.3411465,0.9268340799543593
1710778148.3412595,0.9044140577316284
1710778148.3413727,0.8805927965376112
1710778148.341486,0.8585231171713935
1710778148.3415992,0.8368037144343058
1710778148.3417125,0.8147340350680881
1710778148.3418255,0.7930146323310004
1710778148.3419387,0.7716455724504259
1710778148.342052,0.7499261697133383
1710778148.3421652,0.7268055942323473
1710778148.3422782,0.7012327512105306
1710778148.3423915,0.6753096315595839
1710778148.3425047,0.6465839677386813
1710778148.342618,0.6192596091164483
1710778148.342731,0.5915849076377021
1710778148.3428442,0.5632095866733127
1710778148.3429575,0.5358851949373881
1710778148.3430707,0.5078602168295119
1710778148.3431838,0.4805358250935872
1710778148.343297,0.4525108138720194
1710778148.3434103,0.42378518316480845
1710778148.3435235,0.39400862322913277
1710778148.3436368,0.36423203017976546
1710778148.3437498,0.333404541015625
1710778148.343863,0.3032776382234361
1710778148.3439763,0.273851388030582
1710778148.3440895,0.24477544758054945
1710778148.3442025,0.21710074610180324
1710778148.3443158,0.18942606117990282
1710778148.344429,0.1621016694439782
1710778148.3445423,0.1337263567580117
1710778148.3446553,0.10570135381486681
1710778148.3447685,0.07627509534358978
1710778148.3448818,0.04509727160135905
1710778148.344995,0.014269764845569927
1710778148.3451083,-0.016554505046870973
1710778148.3452213,-0.04667549497551388
1710778148.3453345,-0.07609599166446261
1710778148.3454478,-0.10376527905464172
1710778148.345561,-0.13248528871271345
1710778148.345674,-0.16120529837078518
1710778148.3457873,-0.18922482927640277
1710778148.3459005,-0.21829509072833592
1710778148.3460138,-0.24911656975746155
1710778148.3461268,-0.2799380487865872
1710778148.34624,-0.31040926774342853
1710778148.3463533,-0.34158100684483844
1710778148.3464665,-0.3706512517399258
1710778148.3465798,-0.40007174015045166
1710778148.3466928,-0.42809128761291504
1710778148.346806,-0.45611080196168685
1710778148.3469193,-0.4841303163104587
1710778148.3470325,-0.5125001072883606
1710778148.3471456,-0.5412201086680094
1710778148.3472588,-0.5706406301922268
1710778148.347372,-0.6011118491490682
1710778148.3474853,-0.6305323706732856
1710778148.3475983,-0.6599528259701198
1710778148.3477116,-0.6893733474943373
1710778148.3478248,-0.7163421312967936
1710778148.347938,-0.742610428068373
1710778148.348051,-0.7685285144382052
1710778148.3481643,-0.7940963241789076
1710778148.3482776,-0.8203646209504869
1710778148.3483908,-0.8462827073203193
1710778148.348504,-0.8739519781536526
1710778148.348617,-0.9002202749252319
1710778148.3487303,-0.9261383612950642
1710778148.3488436,-0.9513558944066365
1710778148.3489568,-0.9758730067147149
1710778148.3490698,-0.9982885917027791
1710778148.349183,-1.0200037558873494
1710778148.3492963,-1.0392671823501587
1710778148.3494096,-1.0595813062455919
1710778148.3495226,-1.0788447327084012
1710778148.3496358,-1.0998594098620944
1710778148.349749,-1.1194731129540336
1710778148.3498623,-1.138736539416843
1710778148.3499756,-1.1579999658796523
1710778148.3500886,-1.1762126286824544
1710778148.3502018,-1.1930243174235027
1710778148.350315,-1.2073842684427898
1710778148.3504283,-1.22279511557685
1710778148.3505414,-1.235403882132636
1710778148.3506546,-1.2494136227501762
1710778148.3507679,-1.2623725997077093
1710778148.350881,-1.2767326831817627
1710778148.350994,-1.2903922133975558
1710778148.3511074,-1.304401954015096
1710778148.3512206,-1.317711141374376
1710778148.3513339,-1.3292692767249212
1710778148.3514469,-1.3394263055589464
1710778148.35156,-1.3488829135894775
1710778148.3516734,-1.3569385475582547
1710778148.3517866,-1.3632429970635307
1710778148.3518999,-1.3698975245157878
1710778148.3520129,-1.3765521844228108
1710778148.3521261,-1.383206844329834
1710778148.3522394,-1.3898615042368572
1710778148.3523526,-1.3968663745456271
1710778148.3524656,-1.4024702707926433
1710778148.3525789,-1.4063229825761583
1710778148.3526921,-1.4087747202979193
1710778148.3528054,-1.4101756943596733
1710778148.3529184,-1.4105259047614203
1710778148.3530316,-1.4094751411014133
1710778148.353145,-1.4087747202979193
1710778148.3532581,-1.4084243774414062
1710778148.3533714,-1.4087747202979193
1710778148.3534844,-1.4098253515031602
1710778148.3535976,-1.4094751411014133
1710778148.353711,-1.4084243774414062
1710778148.3538241,-1.4063229825761583
1710778148.3539371,-1.4024702707926433
1710778148.3540504,-1.397566795349121
1710778148.3541636,-1.3916126887003581
1710778148.354277,-1.384958028793335
1710778148.35439,-1.3776029480828178
1710778148.3545032,-1.3712984985775418
1710778148.3546164,-1.3653443919287787
1710778148.3547297,-1.3583395216200087
1710778148.354843,-1.3513346513112385
1710778148.354956,-1.3425785965389676
1710778148.3550692,-1.3324214352501762
1710778148.3551824,-1.3212136427561443
1710778148.3552957,-1.3086048762003581
1710778148.3554087,-1.2942447927263048
1710778148.355522,-1.2798848417070177
1710778148.3556352,-1.2651745478312175
1710778148.3557484,-1.2511648072136772
1710778148.3558614,-1.235754092534383
1710778148.3559747,-1.222444772720337
1710778148.356088,-1.2073842684427898
1710778148.3562012,-1.1909227901034884
1710778148.3563142,-1.1741111013624403
1710778148.3564274,-1.155548228157891
1710778148.3565407,-1.135234038035075
1710778148.356654,-1.1145696375105116
1710778148.3567672,-1.0932047499550712
1710778148.3568802,-1.0725403494305081
1710778148.3569934,-1.0511754618750677
1710778148.3571067,-1.0308613379796345
1710778148.35722,-1.0101969374550712
1710778148.357333,-0.988832049899631
1710778148.3574462,-0.9657159116533067
1710778148.3575594,-0.9422495630052354
1710778148.3576727,-0.9173822402954102
1710778148.3577857,-0.8911139435238308
1710778148.357899,-0.8637948830922444
1710778148.3580122,-0.8371763759189181
1710778148.3581254,-0.8105578025182087
1710778148.3582387,-0.7842895057466295
1710778148.3583517,-0.7590719064076741
1710778148.358465,-0.7331538862652248
1710778148.3585782,-0.7079362869262695
1710778148.3586915,-0.6816679901546902
1710778148.3588045,-0.6543489297231039
1710778148.3589177,-0.6259791718588935
1710778148.359031,-0.5969089269638062
1710778148.3591442,-0.5678386820687188
1710778148.3592572,-0.5384181605445014
1710778148.3593705,-0.5096981591648525
1710778148.3594837,-0.4820288552178277
1710778148.359597,-0.45400934086905587
1710778148.3597102,-0.4263400700357225
1710778148.3598232,-0.3979702790578206
1710778148.3599365,-0.36819954713185626
1710778148.3600497,-0.3377283281750149
1710778148.360163,-0.3069068325890435
1710778148.360276,-0.2750346230136024
1710778148.3603892,-0.2417614393764072
1710778148.3605025,-0.21023947331640455
1710778148.3606157,-0.18011848131815592
1710778148.3607287,-0.14964724580446878
1710778148.360842,-0.12057699263095856
1710778148.3609552,-0.09255747000376384
1710778148.3610685,-0.0624364780055152
1710778148.3611815,-0.034066707723670535
1710778148.3612947,-0.004295962345268991
1710778148.361408,0.026881018032630283
1710778148.3615212,0.05735821194118924
1710778148.3616345,0.08748509817653231
1710778148.3617475,0.11726166639063093
1710778148.3618608,0.14598730537626478
1710778148.361974,0.1740123000409868
1710778148.3620872,0.20063605573442247
1710778148.3622003,0.22866106695599026
1710778148.3623135,0.25598545869191486
1710778148.3624268,0.28401046991348267
1710778148.36254,0.31413733959198
1710778148.362653,0.3442642092704773
1710778148.3627663,0.37369049257702297
1710778148.3628795,0.40416767199834186
1710778148.3629928,0.4328933027055528
1710778148.363106,0.4616189334127638
1710778148.363219,0.4896439446343316
1710778148.3633323,0.5166180266274346
1710778148.3634455,0.5439423852496676
1710778148.3635588,0.5712668100992838
1710778148.3636718,0.598941445350647
1710778148.363785,0.6273167663150363
1710778148.3638983,0.6563927067650689
1710778148.3640115,0.6847680277294582
1710778148.3641245,0.7124427292082045
1710778148.3642378,0.7390665345721774
1710778148.364351,0.764639311366611
1710778148.3644643,0.7881102959314982
1710778148.3645775,0.8112308714124892
1710778148.3646905,0.8336508936352199
1710778148.3648038,0.8560709158579508
1710778148.364917,0.8788412147098117
1710778148.3650303,0.9002102745903863
1710778148.3651433,0.9229806396696303
1710778148.3652565,0.9443496995502048
1710778148.3653698,0.9660690360599093
1710778148.365483,0.9849859608544244
1710778148.365596,1.0039028194215562
1710778148.3657093,1.0221190585030449
1710778148.3658226,1.0375328196419609
1710778148.3659358,1.0550484392378066
1710778148.3660488,1.0715131627188788
1710778148.366162,1.0886785056855943
1710778148.3662753,1.1061941252814398
1710778148.3663886,1.1237096786499023
1710778148.3665018,1.1405246787601047
1710778148.3666148,1.1559384398990207
1710778148.366728,1.1706516477796767
1710778148.3668413,1.1829125881195068
1710778148.3669546,1.1944728427463107
1710778148.3670676,1.203580962287055
1710778148.3671808,1.2133897675408256
1710778148.367294,1.2224978870815701
1710778148.3674073,1.2312556637658012
1710778148.3675203,1.2400135729047987
1710778148.3676336,1.249121692445543
1710778148.3677468,1.256478230158488
1710778148.36786,1.2634844250149198
1710778148.3679733,1.2704907523261175
1710778148.3680863,1.2753950224982367
1710778148.3681996,1.2792485290103488
1710778148.3683128,1.2831019030676947
1710778148.368426,1.2862547238667805
1710778148.368539,1.2904585732354057
1710778148.3686523,1.295012633005778
1710778148.3687656,1.3002672460344102
1710778148.3688788,1.3048213058047824
1710778148.3689919,1.3086748123168945
1710778148.369105,1.3121778435177274
1710778148.3692183,1.3128785292307537
1710778148.3693316,1.3128785292307537
1710778148.3694446,1.310426394144694
1710778148.3695579,1.3072735733456082
1710778148.369671,1.3044709629482694
1710778148.3697844,1.3002672460344102
1710778148.3698976,1.2974647680918376
1710778148.3700106,1.2929107083214653
1710778148.3701239,1.2890573342641194
1710778148.370237,1.2848534848954942
1710778148.3703504,1.2785478432973225
1710778148.3704634,1.271891991297404
1710778148.3705766,1.2631340821584065
1710778148.3706899,1.2540259626176622
1710778148.370803,1.244567632675171
1710778148.3709161,1.2351091702779133
1710778148.3710294,1.226351261138916
1710778148.3711426,1.218294170167711
1710778148.3712559,1.2098866038852267
1710778148.3713691,1.202530066172282
1710778148.3714821,1.1927212609185112
1710778148.3715954,1.1825622452629936
1710778148.3717086,1.1706516477796767
1710778148.3718219,1.15698946846856
1710778148.371935,1.1419260501861572
1710778148.3720481,1.126161946190728
1710778148.3721614,1.110397842195299
1710778148.3722746,1.0946338044272528
1710778148.3723876,1.0781690809461806
1710778148.372501,1.0624050431781344
1710778148.3726141,1.0459403196970622
1710778148.3727274,1.0287750429577298
1710778148.3728406,1.0105587376488578
1710778148.3729537,0.9909412595960829
1710778148.373067,0.9695721997155083
1710778148.3731802,0.9475025203492906
1710778148.3732934,0.9247321552700466
1710778148.3734064,0.9033630953894721
1710778148.3735197,0.8812934160232544
1710778148.373633,0.8595740132861667
1710778148.3737462,0.8392559157477485
1710778148.3738592,0.8175365130106608
1710778148.3739724,0.7947662141587999
1710778148.3740857,0.771995915306939
1710778148.374199,0.7474740346272787
1710778148.374312,0.7222515344619751
1710778148.3744252,0.6959780719545152
1710778148.3745384,0.6690039899614122
1710778148.3746517,0.6437814897961086
1710778148.374765,0.618208646774292
1710778148.374878,0.5922855271233453
1710778148.3749912,0.568113989300198
1710778148.3751044,0.5435920755068461
1710778148.3752177,0.5180192655987209
1710778148.3753307,0.4924464556905958
1710778148.375444,0.46477175421184963
1710778148.3755572,0.4370970527331034
1710778148.3756704,0.40837142202589244
1710778148.3757834,0.381397373146481
1710778148.3758967,0.3537226716677348
1710778148.37601,0.32639827993181014
1710778148.3761232,0.30047516028086346
1710778148.3762364,0.2749023338158925
1710778148.3763494,0.24932950735092163
1710778148.3764627,0.22270575165748596
1710778148.376576,0.19538137647840711
1710778148.3766892,0.16735636525683933
1710778148.3768022,0.13863073454962835
1710778148.3769155,0.10850384831428528
1710778148.3770287,0.07942790786425273
1710778148.377142,0.0500016493929757
1710778148.377255,0.022326954123046663
1710778148.3773682,-0.006397426542308595
1710778148.3774815,-0.03371646420823203
1710778148.3775947,-0.06138574331998825
1710778148.377708,-0.09010575711727142
1710778148.377821,-0.12022674911552005
1710778148.3779342,-0.14999748931990728
1710778148.3780475,-0.18151945537990993
1710778148.3781607,-0.21164044737815857
1710778148.3782737,-0.2421116828918457
1710778148.378387,-0.27188243137465584
1710778148.3785002,-0.30060244931115043
1710778148.3786135,-0.32792147662904525
1710778148.3787265,-0.3552405039469401
1710778148.3788397,-0.38185907734764946
1710778148.378953,-0.40987859169642127
1710778148.3790662,-0.43719761901431614
1710778148.3791792,-0.465567409992218
1710778148.3792925,-0.4942874113718668
1710778148.3794057,-0.5223069257206386
1710778148.379519,-0.550326473183102
1710778148.3796322,-0.5769450134701198
1710778148.3797452,-0.6035635868708292
1710778148.3798585,-0.6291313966115316
1710778148.3799717,-0.6539987193213569
1710778148.380085,-0.6795665290620592
1710778148.380198,-0.7054845492045084
1710778148.3803113,-0.7324533992343478
1710778148.3804245,-0.7601226700676812
1710778148.3805377,-0.7874416642718844
1710778148.3806508,-0.8147607247034708
1710778148.380764,-0.8406788110733032
1710778148.3808773,-0.8658963441848755
1710778148.3809905,-0.8897129694620768
1710778148.3811038,-0.9121285544501411
1710778148.3812168,-0.9338437186347114
1710778148.38133,-0.9562593036227756
1710778148.3814433,-0.9783246782090929
1710778148.3815565,-1.001090539826287
1710778148.3816695,-1.0224554273817275
1710778148.3817828,-1.0438203149371676
1710778148.381896,-1.064834992090861
1710778148.3820093,-1.0830476548936632
1710778148.3821223,-1.1005598968929715
1710778148.3822355,-1.1170213752322726
1710778148.3823488,-1.1320818795098198
1710778148.382462,-1.1467920409308539
1710778148.3825753,-1.1615023348066542
1710778148.3826883,-1.1758624182807074
1710778148.3828015,-1.1909227901034884
1710778148.3829148,-1.2063336372375488
1710778148.383028,-1.221744351916843
1710778148.383141,-1.235754092534383
1710778148.3832543,-1.2497638331519232
1710778148.3833675,-1.2613219685024686
1710778148.3834808,-1.2728799713982475
1710778148.3835938,-1.2823365794287787
1710778148.383707,-1.2924936082628038
1710778148.3838203,-1.303000979953342
1710778148.3839335,-1.3124575879838731
1710778148.3840466,-1.3236653804779053
1710778148.3841598,-1.3345229625701904
1710778148.384273,-1.3439795706007216
1710778148.3843863,-1.3534360461764865
1710778148.3844995,-1.3614916801452637
1710778148.3846126,-1.3674459192487929
1710778148.3847258,-1.3723492622375488
1710778148.384839,-1.3762019740210638
1710778148.3849523,-1.3793541325463188
1710778148.3850653,-1.38180587026808
1710778148.3851786,-1.385308371649848
1710778148.3852918,-1.389160950978597
1710778148.385405,-1.391962899102105
1710778148.385518,-1.3958156108856201
1710778148.3856313,-1.398267348607381
1710778148.3857446,-1.398267348607381
1710778148.3858578,-1.397566795349121
1710778148.385971,-1.3958156108856201
1710778148.386084,-1.3926634523603652
1710778148.3861973,-1.390561925040351
1710778148.3863106,-1.387059556113349
1710778148.3864238,-1.384607818391588
1710778148.3865368,-1.381455659866333
1710778148.38665,-1.378653711742825
1710778148.3867633,-1.3748009999593098
1710778148.3868766,-1.3691971037122939
1710778148.3869896,-1.3621922334035237
1710778148.3871028,-1.3534360461764865
1710778148.387216,-1.3422282536824544
1710778148.3873293,-1.3313706715901692
1710778148.3874424,-1.3194624582926433
1710778148.3875556,-1.3068536917368572
1710778148.3876688,-1.2956457667880588
1710778148.387782,-1.2844379742940266
1710778148.3878953,-1.2732301817999945
1710778148.3880084,-1.2620223893059623
1710778148.3881216,-1.2483628590901692
1710778148.3882349,-1.234002908070882
1710778148.388348,-1.218592193391588
1710778148.388461,-1.2017803721957736
1710778148.3885744,-1.1849686834547255
1710778148.3886876,-1.1674564414554172
1710778148.3888009,-1.149944331910875
1710778148.3889139,-1.133482853571574
1710778148.389027,-1.1166711648305256
1710778148.3891404,-1.0991589228312175
1710778148.3892536,-1.0812964704301622
1710778148.3893669,-1.061332556936476
1710778148.3894799,-1.0413686434427898
1710778148.3895931,-1.0186027818255954
1710778148.3897064,-0.9954866435792711
1710778148.3898196,-0.9716700845294528
1710778148.3899326,-0.9475032488505045
1710778148.390046,-0.9247373872333102
1710778148.3901591,-0.9016212489869859
1710778148.3902724,-0.8778046899371676
1710778148.3903854,-0.8557393153508503
1710778148.3904986,-0.832623177104526
1710778148.390612,-0.8070553673638238
1710778148.3907251,-0.7811372809939914
1710778148.3908384,-0.7545187738206651
1710778148.3909514,-0.7282504770490859
1710778148.3910646,-0.6988299555248684
1710778148.391178,-0.6718611717224121
1710778148.3912911,-0.6445421112908257
1710778148.3914042,-0.6186240249209933
1710778148.3915174,-0.5916552411185371
1710778148.3916306,-0.5667879184087118
1710778148.391744,-0.540169378121694
1710778148.391857,-0.512850350803799
1710778148.3919702,-0.4855313234859043
1710778148.3920834,-0.4571615325080024
1710778148.3921967,-0.42844153112835354
1710778148.3923097,-0.39972149663501316
1710778148.392423,-0.3713517387708028
1710778148.3925362,-0.3429819809065925
1710778148.3926494,-0.3149624334441291
1710778148.3927627,-0.2879936496416728
1710778148.3928757,-0.2599741352929009
1710778148.392989,-0.2312541173564063
1710778148.3931022,-0.2014833688735962
1710778148.3932154,-0.16996140281359354
1710778148.3933284,-0.1384394367535909
1710778148.3934417,-0.10586674014727274
1710778148.393555,-0.07329404354095459
1710778148.3936682,-0.04142183396551344
1710778148.3937812,-0.009199378805028068
1710778148.3938944,0.021276016616159014
1710778148.3940077,0.051753210524717964
1710778148.394121,0.08223041064209408
1710778148.3942342,0.11270759834183587
1710778148.3943472,0.14423574010531107
1710778148.3944604,0.17576386531194052
1710778148.3945737,0.2076423168182373
1710778148.394687,0.23952075176768833
1710778148.3948,0.27069858378834194
1710778148.3949132,0.30082547002368504
1710778148.3950264,0.32990141047371757
1710778148.3951397,0.35932766066657174
1710778148.3952527,0.38840360111660427
1710778148.395366,0.4164286123381721
1710778148.3954792,0.4455045527882046
1710778148.3955925,0.47563145558039344
1710778148.3957057,0.5064589447445339
1710778148.3958187,0.5376367767651876
1710778148.395932,0.5684642659293281
1710778148.3960452,0.598941445350647
1710778148.3961585,0.6276671091715494
1710778148.3962715,0.6549914677937826
1710778148.3963847,0.6819655497868856
1710778148.396498,0.7068377733230591
1710778148.3966112,0.7324105501174927
1710778148.3967242,0.7579833931393093
1710778148.3968375,0.7828556166754829
1710778148.3969507,0.8084283934699165
1710778148.397064,0.8333006170060899
1710778148.397177,0.8581727743148804
1710778148.3972902,0.8819940355088975
1710778148.3974035,0.9037134382459853
1710778148.3975167,0.926133460468716
1710778148.39763,0.9464515580071343
1710778148.397743,0.9667697217729356
1710778148.3978562,0.9863871998257107
1710778148.3979695,1.007055640220642
1710778148.3980827,1.0284247001012166
1710778148.3981957,1.048742863867018
1710778148.398309,1.0697615808910794
1710778148.3984222,1.0893791251712375
1710778148.3985355,1.1086462603674994
1710778148.3986485,1.125461260477702
1710778148.3987617,1.140875021616618
1710778148.398875,1.1552378866407607
1710778148.3989882,1.1681993802388508
1710778148.3991015,1.1808106634351943
1710778148.3992145,1.1937722894880507
1710778148.3993278,1.2049822012583415
1710778148.399441,1.217943827311198
1710778148.3995543,1.2305551105075412
1710778148.3996673,1.241414811876085
1710778148.3997805,1.2519241703881157
1710778148.3998938,1.260681947072347
1710778148.400007,1.268388827641805
1710778148.40012,1.27574536535475
1710778148.4002333,1.2820510069529216
1710778148.4003465,1.2890573342641194
1710778148.4004598,1.295012633005778
1710778148.400573,1.302719513575236
1710778148.400686,1.3100760512881808
1710778148.4007993,1.3174325890011258
1710778148.4009125,1.3244387838575575
1710778148.4010258,1.3303942150539823
1710778148.4011388,1.3338972462548149
1710778148.401252,1.3366997241973877
1710778148.4013653,1.3381010956234403
1710778148.4014785,1.3395023345947266
1710778148.4015915,1.3402028878529866
1710778148.4017048,1.3412537839677598
1710778148.401818,1.3423048125372992
1710778148.4019313,1.3437060515085857
1710778148.4020443,1.3440563943650987
1710778148.4021575,1.3437060515085857
1710778148.4022708,1.3416041268242729
1710778148.402384,1.3381010956234403
1710778148.4024973,1.3331966929965549
1710778148.4026103,1.3265407085418701
1710778148.4027236,1.3191841708289251
1710778148.4028368,1.3114772902594671
1710778148.40295,1.303420066833496
1710778148.403063,1.2960635291205511
1710778148.4031763,1.2876559628380668
1710778148.4032896,1.2792485290103488
1710778148.4034028,1.2694397237565782
1710778148.4035158,1.2582298119862874
1710778148.403629,1.2463190820482042
1710778148.4037423,1.2323066923353407
1710778148.4038556,1.2168929311964247
1710778148.4039688,1.2011288272009955
1710778148.4040818,1.1864157517751057
1710778148.404195,1.17170254389445
1710778148.4043083,1.157339678870307
1710778148.4044216,1.1422762605879042
1710778148.4045346,1.1275631851620145
1710778148.4046478,1.1114487383100722
1710778148.404761,1.0935828420850966
1710778148.4048743,1.076067222489251
1710778148.4049873,1.0557490587234497
1710778148.4051006,1.0340297222137451
1710778148.4052138,1.0130109389623005
1710778148.405327,0.9919922219382392
1710778148.40544,0.9713237815433078
1710778148.4055533,0.9506553411483765
1710778148.4056666,0.9306875202390883
1710778148.4057798,0.9100190798441569
1710778148.405893,0.8886499537361993
1710778148.406006,0.8669306172264947
1710778148.4061193,0.8434596326616075
1710778148.4062326,0.8189377519819472
1710778148.4063458,0.7944158713022867
1710778148.4064589,0.7698939906226264
1710778148.406572,0.745372109942966
1710778148.4066854,0.7215508487489488
1710778148.4067986,0.6977296537823147
1710778148.4069116,0.6749592887030708
1710778148.4070249,0.6507877508799235
1710778148.407138,0.62556525071462
1710778148.4072514,0.5992917882071601
1710778148.4073646,0.5709164672427707
1710778148.4074776,0.5428914560212029
1710778148.4075909,0.5131148960855272
1710778148.407704,0.4836886458926731
1710778148.4078174,0.4549630151854621
1710778148.4079304,0.4262373844782511
1710778148.4080436,0.3985626829995049
1710778148.4081569,0.37018736203511554
1710778148.4082701,0.34286297029919094
1710778148.4083831,0.31413733959198
1710778148.4084964,0.28506139914194745
1710778148.4086096,0.2545842031637828
1710778148.4087229,0.22480762667126125
1710778148.4088361,0.19468074043591815
1710778148.4089491,0.16525449024306402
1710778148.4090624,0.13652885953585306
1710778148.4091756,0.10815353857146369
1710778148.409289,0.0801285273498959
1710778148.409402,0.05245383828878403
1710778148.4095151,0.02407851732439465
1710778148.4096284,-0.003945718312429057
1710778148.4097416,-0.034066707723670535
1710778148.4098547,-0.06453794323735766
1710778148.409968,-0.09641014867358737
1710778148.4100811,-0.1275818712181515
1710778148.4101944,-0.15840335024727714
1710778148.4103074,-0.18852434224552578
1710778148.4104207,-0.21829509072833592
1710778148.410534,-0.24771559569570753
1710778148.4106472,-0.27678584059079486
1710778148.4107604,-0.3069068325890435
1710778148.4108734,-0.33702780803044635
1710778148.4109867,-0.3667985730701023
1710778148.4111,-0.3976200355423821
1710778148.4112132,-0.42949226167466903
1710778148.4113262,-0.46031372414694893
1710778148.4114394,-0.4890337586402893
1710778148.4115527,-0.5184542470508151
1710778148.411666,-0.5457732743687099
1710778148.411779,-0.5727420912848579
1710778148.4118922,-0.5986601114273071
1710778148.4120054,-0.6249284744262695
1710778148.4121187,-0.6511967711978488
1710778148.412232,-0.6788660420311822
1710778148.412345,-0.7061850362353854
1710778148.4124582,-0.7335040966669718
1710778148.4125714,-0.7587216960059272
1710778148.4126847,-0.7842895057466295
1710778148.4127977,-0.8084563414255778
1710778148.412911,-0.8305217160118951
1710778148.4130242,-0.8525870905982124
1710778148.4131374,-0.8746524651845295
1710778148.4132504,-0.8953168657090929
1710778148.4133637,-0.9177325169245402
1710778148.413477,-0.9397978915108575
1710778148.4135902,-0.9618632660971748
1710778148.4137034,-0.983928640683492
1710778148.4138165,-1.0052935282389324
1710778148.4139297,-1.0245569547017415
1710778148.414043,-1.0424193408754137
1710778148.4141562,-1.0588808192147148
1710778148.4142692,-1.0753422975540161
1710778148.4143825,-1.0907530784606934
1710778148.4144957,-1.1068642801708646
1710778148.414609,-1.1222750610775418
1710778148.414722,-1.138736539416843
1710778148.4148352,-1.1551980177561443
1710778148.4149485,-1.1713091532389324
1710778148.4150617,-1.1870702107747395
1710778148.4151747,-1.2014301617940266
1710778148.415288,-1.214739481608073
1710778148.4154012,-1.2273482481638591
1710778148.4155145,-1.238556040657891
1710778148.4156277,-1.2508145968119304
1710778148.4157407,-1.2623725997077093
1710778148.415854,-1.2742809454600017
1710778148.4159672,-1.2868897120157878
1710778148.4160805,-1.29879805776808
1710778148.4161935,-1.3100058502621121
1710778148.4163067,-1.3205132219526503
1710778148.41642,-1.3282185130649142
1710778148.4165332,-1.3352233833736844
1710778148.4166462,-1.3404770692189534
1710778148.4167595,-1.3450302018059623
1710778148.4168727,-1.3492331239912245
1710778148.416986,-1.3534360461764865
1710778148.4170992,-1.3576389683617485
1710778148.4172122,-1.3618420230017767
1710778148.4173255,-1.3656946023305256
1710778148.4174387,-1.3702478673723009
1710778148.417552,-1.3734000258975558
1710778148.417665,-1.3744507895575628
1710778148.4177783,-1.3748009999593098
1710778148.4178915,-1.3744507895575628
1710778148.4180048,-1.3726994726392958
1710778148.4181178,-1.3716488414340549
1710778148.418231,-1.3695473141140408
1710778148.4183443,-1.3688468933105469
1710778148.4184575,-1.3677961296505399
1710778148.4185708,-1.366044945187039
1710778148.4186838,-1.364643971125285
1710778148.418797,-1.3611414697435167
1710778148.4189103,-1.3555375734965007
1710778148.4190235,-1.3485327031877306
1710778148.4191365,-1.3401268588172064
1710778148.4192498,-1.3317210144466824
1710778148.419363,-1.321563853157891
1710778148.4194763,-1.31210724512736
1710778148.4195893,-1.303000979953342
1710778148.4197025,-1.2935443719228108
1710778148.4198158,-1.2840877638922796
1710778148.419929,-1.2732301817999945
1710778148.420042,-1.2613219685024686
1710778148.4201553,-1.2469618850284152
1710778148.4202685,-1.232601934009128
1710778148.4203818,-1.21579024526808
1710778148.420495,-1.1993287669287787
1710778148.420608,-1.1828672885894775
1710778148.4207213,-1.1664058102501762
1710778148.4208345,-1.150644752714369
1710778148.4209478,-1.1355842484368217
1710778148.4210608,-1.1194731129540336
1710778148.421174,-1.1033618450164795
1710778148.4212873,-1.0865501562754314
1710778148.4214005,-1.066936453183492
1710778148.4215136,-1.0476730267206829
1710778148.4216268,-1.0277091132269964
1710778148.42174,-1.0066945023006864
1710778148.4218533,-0.98638031217787
1710778148.4219666,-0.9660661882824367
1710778148.4220796,-0.9471529722213745
1710778148.4221928,-0.9264885716968112
1710778148.422306,-0.907225145234002
1710778148.4224193,-0.8862105343076918
1710778148.4225323,-0.8637948830922444
1710778148.4226456,-0.8406788110733032
1710778148.4227588,-0.8158114883634779
1710778148.422872,-0.7905938890245225
1710778148.422985,-0.7650260792838203
1710778148.4230983,-0.7405089669757419
1710778148.4232116,-0.7159919208950466
1710778148.4233248,-0.6928757826487223
1710778148.4234378,-0.668708946969774
1710778148.423551,-0.6452425983217027
1710778148.4236643,-0.6214259730445014
1710778148.4237776,-0.5955079529020522
1710778148.4238908,-0.5699401431613498
1710778148.4240038,-0.542270839214325
1710778148.424117,-0.5153020554118686
1710778148.4242303,-0.48728254106309676
1710778148.4243436,-0.46031372414694893
1710778148.4244566,-0.4340454273753696
1710778148.4245698,-0.4074268870883518
1710778148.424683,-0.38115859031677246
1710778148.4247963,-0.3541897734006246
1710778148.4249094,-0.32617025905185276
1710778148.4250226,-0.2971000141567654
1710778148.4251359,-0.265578031539917
1710778148.425249,-0.23510679602622986
1710778148.4253623,-0.2032345864507887
1710778148.4254754,-0.17241310742166308
1710778148.4255886,-0.14194187190797594
1710778148.4257019,-0.1121711317035887
1710778148.425815,-0.08345112204551697
1710778148.425928,-0.0557818387945493
1710778148.4260414,-0.027061827066871855
1710778148.4261546,0.001658511141108142
1710778148.4262679,0.02968351874086592
1710778148.4263809,0.06016071471903059
1710778148.4264941,0.09063791069719526
1710778148.4266074,0.12006416916847229
1710778148.4267206,0.15019105540381536
1710778148.4268339,0.17926699585384792
1710778148.4269469,0.20834293630388048
1710778148.4270601,0.23531700174013773
1710778148.4271734,0.2636923227045271
1710778148.4272866,0.2924179699685838
1710778148.4273996,0.3214939104186164
1710778148.427513,0.3516207800971137
1710778148.4276261,0.38244830237494576
1710778148.4277394,0.4132757915390862
1710778148.4278524,0.44410331381691825
1710778148.4279656,0.473879873752594
1710778148.428079,0.5029558142026266
1710778148.4281921,0.5309808254241943
1710778148.4283051,0.5576045645607842
1710778148.4284184,0.5838780270682441
1710778148.4285316,0.6098011467191908
1710778148.428645,0.6360746092266506
1710778148.4287581,0.6633989678488837
1710778148.4288712,0.6893221537272135
1710778148.4289844,0.7148949305216471
1710778148.4290977,0.741168393029107
1710778148.429211,0.7656902737087673
1710778148.429324,0.7884605725606282
1710778148.4294372,0.8112308714124892
1710778148.4295504,0.8315490351782905
1710778148.4296637,0.8511665132310655
1710778148.4297767,0.8725356393390231
1710778148.42989,0.8925033940209283
1710778148.4300032,0.9135221772723727
1710778148.4301164,0.9345409605238173
1710778148.4302297,0.9545087814331055
1710778148.4303427,0.9755274984571669
1710778148.430456,0.9940940803951687
1710778148.4305692,1.0123103194766574
1710778148.4306824,1.0291253195868597
1710778148.4307954,1.0452397002114189
1710778148.4309087,1.0610038042068481
1710778148.431022,1.0771181848314073
1710778148.4311352,1.0935828420850966
1710778148.4312482,1.1096972227096558
1710778148.4313614,1.1286140812767875
1710778148.4314747,1.1450787385304768
1710778148.431588,1.1615435282389324
1710778148.4317012,1.176256603664822
1710778148.4318142,1.1902691258324516
1710778148.4319274,1.202530066172282
1710778148.4320407,1.2137401103973389
1710778148.432154,1.2242494689093695
1710778148.432267,1.2347588274214003
1710778148.4323802,1.2456185287899442
1710778148.4324934,1.256828573015001
1710778148.4326067,1.2676881419287787
1710778148.4327197,1.2774969471825492
1710778148.432833,1.2866050667232938
1710778148.4329462,1.2946622901492648
1710778148.4330595,1.3013182746039496
1710778148.4331725,1.3062225447760687
1710778148.4332857,1.3114772902594671
1710778148.433399,1.3149804539150662
1710778148.4335122,1.3198847240871854
1710778148.4336255,1.3237382305992973
1710778148.4337385,1.3286426332261827
1710778148.4338517,1.3328463501400418
1710778148.433965,1.3356488280826144
1710778148.4340782,1.3381010956234403
1710778148.4341912,1.3384513060251872
1710778148.4343045,1.3381010956234403
1710778148.4344177,1.3356488280826144
1710778148.434531,1.3317954540252686
1710778148.434644,1.3272413942548964
1710778148.4347572,1.3226873344845242
1710778148.4348705,1.318833827972412
1710778148.4349837,1.3139294253455267
1710778148.435097,1.3093753655751545
1710778148.43521,1.3048213058047824
1710778148.4353232,1.298866007063124
1710778148.4354365,1.291159126493666
1710778148.4355497,1.2824013498094347
1710778148.4356627,1.272942887412177
1710778148.435776,1.2620831860436332
1710778148.4358892,1.2519241703881157
1710778148.4360025,1.241414811876085
1710778148.4361155,1.2305551105075412
1710778148.4362288,1.2217972013685439
1710778148.436342,1.210937632454766
1710778148.4364552,1.2000779310862224
1710778148.4365685,1.187816990746392
1710778148.4366815,1.1745050218370225
1710778148.4367948,1.1580403645833333
1710778148.436908,1.141575707329644
1710778148.4370213,1.1237096786499023
1710778148.4371343,1.1054935057957966
1710778148.4372475,1.0872772004869249
1710778148.4373608,1.0690609614054363
1710778148.437474,1.0511949989530776
1710778148.437587,1.0322781403859456
1710778148.4377003,1.014061901304457
1710778148.4378135,0.9944443570242988
1710778148.4379268,0.9737759166293674
1710778148.4380398,0.9517062372631496
1710778148.438153,0.9289359384112887
1710778148.4382663,0.9051146772172716
1710778148.4383795,0.8833952744801838
1710778148.4384928,0.8602746327718098
1710778148.4386058,0.8389055728912354
1710778148.438719,0.8171862363815308
1710778148.4388323,0.7958171765009562
1710778148.4389455,0.7744480503929986
1710778148.4390585,0.7509771320554945
1710778148.4391718,0.7271558708614773
1710778148.439285,0.7019333706961738
1710778148.4393983,0.6756599081887139
1710778148.4395113,0.6493865119086372
1710778148.4396245,0.6231130494011773
1710778148.4397378,0.5971899297502306
1710778148.439851,0.5716170867284139
1710778148.4399643,0.5453436573346456
1710778148.4400773,0.5194205045700073
1710778148.4401906,0.493147075176239
1710778148.4403038,0.4654723736974928
1710778148.440417,0.43534550401899547
1710778148.44053,0.40626956356896293
1710778148.4406433,0.3754420412911309
1710778148.4407566,0.3439138995276557
1710778148.4408698,0.31413733959198
1710778148.4409828,0.2836601601706611
1710778148.441096,0.2538835671212938
1710778148.4412093,0.22550826271375018
1710778148.4413226,0.19643230570687187
1710778148.4414356,0.16665574577119616
1710778148.4415488,0.13652885953585306
1710778148.441662,0.10535103579362233
1710778148.4417753,0.07277196480168237
1710778148.4418886,0.040893521573808454
1710778148.4420016,0.00831445058186849
1710778148.4421148,-0.02425987480415238
1710778148.442228,-0.05438086473279529
1710778148.4423413,-0.085552583138148
1710778148.4424543,-0.11532333162095812
1710778148.4425676,-0.14649505416552225
1710778148.4426808,-0.17731653319464788
1710778148.442794,-0.20953898628552753
1710778148.442907,-0.2417614393764072
1710778148.4430203,-0.2753848665290409
1710778148.4431336,-0.30900829368167454
1710778148.4432468,-0.34053027629852295
1710778148.44336,-0.37240246931711835
1710778148.443473,-0.4025234778722127
1710778148.4435863,-0.4312434792518616
1710778148.4436996,-0.46031372414694893
1710778148.4438128,-0.48763278457853526
1710778148.4439259,-0.5160025424427456
1710778148.444039,-0.5450727873378329
1710778148.4441524,-0.5744932757483588
1710778148.4442656,-0.6028630998399522
1710778148.4443786,-0.6326338317659166
1710778148.4444919,-0.661704076661004
1710778148.444605,-0.6879723734325832
1710778148.4447184,-0.7145909468332926
1710778148.4448316,-0.7405089669757419
1710778148.4449446,-0.7650260792838203
1710778148.4450579,-0.7905938890245225
1710778148.445171,-0.8154612117343478
1710778148.4452844,-0.8413792981041802
1710778148.4453974,-0.8669471078448825
1710778148.4455106,-0.8932154046164619
1710778148.4456239,-0.9187832143571641
1710778148.4457371,-0.9425998396343654
1710778148.4458501,-0.9664163986841837
1710778148.4459634,-0.988131562868754
1710778148.4460766,-1.0094964504241943
1710778148.4461899,-1.0291100872887504
1710778148.446303,-1.0487237903806899
1710778148.4464161,-1.068337427245246
1710778148.4465294,-1.0883013407389324
1710778148.4466426,-1.1086155308617485
1710778148.446756,-1.1282291677263048
1710778148.446869,-1.147492594189114
1710778148.4469821,-1.1664058102501762
1710778148.4470954,-1.1825169457329643
1710778148.4472086,-1.1975774500105116
1710778148.4473217,-1.2119375334845648
1710778148.447435,-1.224896510442098
1710778148.4475482,-1.238906251059638
1710778148.4476614,-1.2529159916771782
1710778148.4477744,-1.2665755218929715
1710778148.4478877,-1.2816360261705186
1710778148.448001,-1.2956457667880588
1710778148.4481142,-1.3096556398603652
1710778148.4482274,-1.3226146168178983
1710778148.4483404,-1.3331219885084364
1710778148.4484537,-1.3439795706007216
1710778148.448567,-1.3530858357747395
1710778148.4486802,-1.3614916801452637
1710778148.4487932,-1.3702478673723009
1710778148.4489064,-1.3779531584845648
1710778148.4490197,-1.386709345711602
1710778148.449133,-1.3954654004838731
1710778148.449246,-1.40282048119439
1710778148.4493592,-1.4094751411014133
1710778148.4494724,-1.4143786165449355
1710778148.4495857,-1.4178809854719374
1710778148.449699,-1.4192819595336914
1710778148.449812,-1.4199825127919514
1710778148.4499252,-1.4192819595336914
1710778148.4500384,-1.4178809854719374
1710778148.4501517,-1.4171805646684434
1710778148.4502647,-1.4161298010084364
1710778148.450378,-1.4143786165449355
1710778148.4504912,-1.4143786165449355
1710778148.4506044,-1.4119268788231742
1710778148.4507174,-1.4077239566379123
1710778148.4508307,-1.40282048119439
1710778148.450944,-1.3965161641438801
1710778148.4510572,-1.388460530175103
1710778148.4511702,-1.3811053170098198
1710778148.4512835,-1.3726994726392958
1710778148.4513967,-1.364643971125285
1710778148.45151,-1.3576389683617485
1710778148.4516232,-1.3506340980529785
1710778148.4517362,-1.3401268588172064
1710778148.4518495,-1.3313706715901692
1710778148.4519627,-1.31981266869439
1710778148.452076,-1.307203902138604
1710778148.452189,-1.2924936082628038
1710778148.4523022,-1.2777834468417697
1710778148.4524155,-1.2627229425642226
1710778148.4525287,-1.2476624382866752
1710778148.4526417,-1.231901380750868
1710778148.452755,-1.218942403793335
1710778148.4528682,-1.2042321099175346
1710778148.4529815,-1.1898721588982475
1710778148.4530947,-1.1751618650224473
1710778148.4532077,-1.1601013607449002
1710778148.453321,-1.142238908343845
1710778148.4534342,-1.1236760351392958
1710778148.4535475,-1.1054633061091106
1710778148.4536605,-1.0854993926154242
1710778148.4537737,-1.066235966152615
1710778148.453887,-1.0473228163189359
1710778148.4540002,-1.0277091132269964
1710778148.4541132,-1.0073949893315632
1710778148.4542265,-0.988131562868754
1710778148.4543397,-0.9664163986841837
1710778148.454453,-0.9436505370669894
1710778148.4545662,-0.9198339780171711
1710778148.4546793,-0.8939158916473389
1710778148.4547925,-0.8686982923083835
1710778148.4549057,-0.8427802721659342
1710778148.455019,-0.8179129494561089
1710778148.455132,-0.7933958371480305
1710778148.4552453,-0.7706299755308363
1710778148.4553585,-0.7475138372845119
1710778148.4554718,-0.7243977652655708
1710778148.4555848,-0.7005811399883694
1710778148.455698,-0.6753636068767971
1710778148.4558113,-0.6501460075378418
1710778148.4559245,-0.6235275003645155
1710778148.4560375,-0.5969089269638062
1710778148.4561508,-0.5706406301922268
1710778148.456264,-0.5433215697606405
1710778148.4563773,-0.5177537600199381
1710778148.4564905,-0.49183570676379734
1710778148.4566035,-0.4659176535076565
1710778148.4567168,-0.4392990801069471
1710778148.45683,-0.4116298092736138
1710778148.4569433,-0.38255956437852645
1710778148.4570563,-0.3527887993388706
1710778148.4571695,-0.32231758038202923
1710778148.4572828,-0.29044535424974227
1710778148.457396,-0.25857316123114693
1710778148.457509,-0.2291526562637753
1710778148.4576223,-0.19833117723464966
1710778148.4577355,-0.16891067226727804
1710778148.4578488,-0.14019065433078343
1710778148.457962,-0.10936918358008066
1710778148.458075,-0.07854770455095503
1710778148.4581883,-0.04702573849095239
1710778148.4583015,-0.014803284365269873
1710778148.4584148,0.01847351590792338
1710778148.4585278,0.05070227301783032
1710778148.458641,0.08258072038491567
1710778148.4587543,0.11340822610590193
1710778148.4588675,0.14318479432000053
1710778148.4589806,0.17191042502721152
1710778148.4590938,0.20028574599160087
1710778148.459207,0.22901137669881183
1710778148.4593203,0.25703638792037964
1710778148.4594333,0.2868129478560554
1710778148.4595466,0.31623923116260105
1710778148.4596598,0.34566548135545516
1710778148.459773,0.3743911120626661
1710778148.4598863,0.40241612328423393
1710778148.4599993,0.4293901721636454
1710778148.4601126,0.45566363467110527
1710778148.4602258,0.481586754322052
1710778148.460339,0.5068092544873556
1710778148.460452,0.5323820975091722
1710778148.4605653,0.5590058697594537
1710778148.4606786,0.5856296088960435
1710778148.4607918,0.6129539675182766
1710778148.4609048,0.6406286689970229
1710778148.461018,0.6662015120188395
1710778148.4611313,0.6910736693276299
1710778148.4612446,0.7155955500072902
1710778148.4613578,0.7383659150865343
1710778148.4614708,0.7593846321105957
1710778148.461584,0.7807536919911702
1710778148.4616973,0.8021227518717448
1710778148.4618106,0.8238421546088325
1710778148.4619236,0.8455615573459201
1710778148.4620368,0.8672808938556247
1710778148.46215,0.8890002965927124
1710778148.4622633,0.9096687369876437
1710778148.4623764,0.929986900753445
1710778148.4624896,0.949254035949707
1710778148.4626029,0.9671199984020656
1710778148.462716,0.9856865803400675
1710778148.4628294,1.00250158045027
1710778148.4629424,1.0210681623882718
1710778148.4630556,1.0403353638119168
1710778148.4631689,1.0589018795225356
1710778148.463282,1.0778188043170505
1710778148.463395,1.0967356628841824
1710778148.4635084,1.1135506629943848
1710778148.4636216,1.1289644241333008
1710778148.4637349,1.1433272891574435
1710778148.4638479,1.1559384398990207
1710778148.4639611,1.1674988269805908
1710778148.4640744,1.1790590816073947
1710778148.4641876,1.1892182297176785
1710778148.4643006,1.2000779310862224
1710778148.464414,1.211287842856513
1710778148.4645271,1.222147544225057
1710778148.4646404,1.2323066923353407
1710778148.4647536,1.241765022277832
1710778148.4648666,1.2505229314168294
1710778148.46498,1.256828573015001
1710778148.4650931,1.2631340821584065
1710778148.4652064,1.2687391704983182
1710778148.4653194,1.2739937835269504
1710778148.4654326,1.2799490822686088
1710778148.465546,1.2855541706085205
1710778148.4656591,1.2922100226084392
1710778148.4657722,1.2974647680918376
1710778148.4658854,1.3030697239769828
1710778148.4659986,1.306572887632582
1710778148.466112,1.3086748123168945
1710778148.4662251,1.3093753655751545
1710778148.4663382,1.3079741266038682
1710778148.4664514,1.306923230489095
1710778148.4665647,1.3037704096900091
1710778148.466678,1.3016684850056965
1710778148.466791,1.2995666927761502
1710778148.4669042,1.2964138719770644
1710778148.4670174,1.2936113940344915
1710778148.4671307,1.2904585732354057
1710778148.4672437,1.2855541706085205
1710778148.467357,1.2792485290103488
1710778148.4674702,1.271891991297404
1710778148.4675834,1.2631340821584065
1710778148.4676967,1.2533254093594022
1710778148.4678097,1.2435166041056316
1710778148.467923,1.234408484564887
1710778148.4680362,1.225650707880656
1710778148.4681494,1.2165425883399115
1710778148.4682624,1.2077848116556804
1710778148.4683757,1.1972753206888835
1710778148.468489,1.1867659621768527
1710778148.4686022,1.1741546789805095
1710778148.4687152,1.1601422892676458
1710778148.4688284,1.145779424243503
1710778148.4689417,1.1310663488176134
1710778148.469055,1.1156525876786973
1710778148.469168,1.1016400655110676
1710778148.4692812,1.0872772004869249
1710778148.4693944,1.0725641250610352
1710778148.4695077,1.0592522223790486
1710778148.469621,1.044889423582289
1710778148.469734,1.0284247001012166
1710778148.4698472,1.010909080505371
1710778148.4699605,0.9926928414238824
1710778148.4700737,0.9730752971437242
1710778148.4701867,0.953107476234436
1710778148.4703,0.9341906176673042
1710778148.4704132,0.9152737591001723
1710778148.4705265,0.8967071771621704
1710778148.4706395,0.8777903185950385
1710778148.4707527,0.8595740132861667
1710778148.470866,0.8403068780899048
1710778148.4709792,0.8192880948384602
1710778148.4710925,0.7972184154722426
1710778148.4712055,0.7747983932495117
1710778148.4713187,0.7509771320554945
1710778148.471432,0.7264552513758341
1710778148.4715452,0.7026339901818169
1710778148.4716582,0.6795133484734429
1710778148.4717715,0.6553418106502956
1710778148.4718847,0.6318708260854086
1710778148.471998,0.6080496311187744
1710778148.472111,0.5838780270682441
1710778148.4722242,0.5572542879316542
1710778148.4723375,0.5306305156813728
1710778148.4724507,0.5015545752313402
1710778148.472564,0.4735295640097724
1710778148.472677,0.44410331381691825
1710778148.4727902,0.41677892208099365
1710778148.4729035,0.38875391085942584
1710778148.4730167,0.36213017172283596
1710778148.4731297,0.3355063994725545
1710778148.473243,0.3092329700787862
1710778148.4733562,0.2808576491143968
1710778148.4734695,0.25248232815000743
1710778148.4735825,0.22305606140030754
1710778148.4736958,0.193980120950275
1710778148.473809,0.16280230548646715
1710778148.4739223,0.131974791487058
1710778148.4740353,0.10219822327295938
1710778148.4741485,0.07312228282292683
1710778148.4742618,0.04369602021243837
1710778148.474375,0.015320702352457576
1710778148.4744883,-0.014102796299590005
1710778148.4746013,-0.04387354271279441
1710778148.4747145,-0.0743447740872701
1710778148.4748278,-0.10551649663183424
1710778148.474941,-0.13808919323815239
1710778148.475054,-0.16961115929815504
1710778148.4751673,-0.2014833688735962
1710778148.4752805,-0.23265509141816032
1710778148.4753938,-0.26207559638553196
1710778148.4755068,-0.2914960847960578
1710778148.47562,-0.3202161192893982
1710778148.4757333,-0.34823563363817
1710778148.4758465,-0.37765612204869586
1710778148.4759598,-0.40637615654203624
1710778148.4760728,-0.4354464014371236
1710778148.476186,-0.466267897023095
1710778148.4762993,-0.4953381419181824
1710778148.4764125,-0.5233576562669542
1710778148.4765255,-0.550326473183102
1710778148.4766388,-0.5765947368409898
1710778148.476752,-0.6018123361799452
1710778148.4768653,-0.6263294484880235
1710778148.4769783,-0.6515469815995958
1710778148.4770916,-0.6767645809385512
1710778148.4772048,-0.7023323906792535
1710778148.477318,-0.7286006874508327
1710778148.477431,-0.7552192608515421
1710778148.4775443,-0.7811372809939914
1710778148.4776576,-0.8067050907346938
1710778148.4777708,-0.830871926413642
1710778148.477884,-0.8539880646599664
1710778148.477997,-0.8767539262771606
1710778148.4781103,-0.899169577492608
1710778148.4782236,-0.9219354391098022
1710778148.4783368,-0.9443510240978664
1710778148.4784498,-0.9678173727459377
1710778148.478563,-0.9916339980231391
1710778148.4786763,-1.0143998596403334
1710778148.4787896,-1.0375159316592746
1710778148.4789026,-1.058530608812968
1710778148.4790158,-1.077794035275777
1710778148.479129,-1.0970574617385864
1710778148.4792423,-1.1145696375105116
1710778148.4793556,-1.1306809054480658
1710778148.4794686,-1.148893568250868
1710778148.4795818,-1.1660554673936632
1710778148.479695,-1.1839179197947185
1710778148.4798083,-1.2021307150522869
1710778148.4799213,-1.221043798658583
1710778148.4800346,-1.237505276997884
1710778148.4801478,-1.2539667553371854
1710778148.480261,-1.2686770492129855
1710778148.480374,-1.2823365794287787
1710778148.4804873,-1.2956457667880588
1710778148.4806006,-1.3082546657986112
1710778148.4807138,-1.3212136427561443
1710778148.480827,-1.3331219885084364
1710778148.48094,-1.3453805446624756
1710778148.4810534,-1.3576389683617485
1710778148.4811666,-1.3684965504540336
1710778148.4812799,-1.3779531584845648
1710778148.4813929,-1.385658582051595
1710778148.481506,-1.3912624782986112
1710778148.4816194,-1.396165821287367
1710778148.4817326,-1.398617559009128
1710778148.4818456,-1.401419507132636
1710778148.4819589,-1.4045717981126573
1710778148.482072,-1.4073737462361653
1710778148.4821854,-1.4105259047614203
1710778148.4822984,-1.4143786165449355
1710778148.4824116,-1.4178809854719374
1710778148.4825249,-1.4206829335954454
1710778148.4826381,-1.4213834868537054
1710778148.4827514,-1.4210331439971924
1710778148.4828644,-1.4192819595336914
1710778148.4829776,-1.4175307750701904
1710778148.4830909,-1.4150790373484294
1710778148.4832041,-1.4115766684214275
1710778148.4833171,-1.4087747202979193
1710778148.4834304,-1.4056224293178983
1710778148.4835436,-1.4024702707926433
1710778148.483657,-1.3979171382056341
1710778148.48377,-1.3916126887003581
1710778148.4838831,-1.383557054731581
1710778148.4839964,-1.3737502362993028
1710778148.4841096,-1.3618420230017767
1710778148.484223,-1.3492331239912245
1710778148.484336,-1.3366243574354384
1710778148.4844491,-1.3233151700761583
1710778148.4845624,-1.3114068243238661
1710778148.4846756,-1.29879805776808
1710778148.4847887,-1.2865395016140408
1710778148.484902,-1.2742809454600017
1710778148.4850152,-1.2606214152442083
1710778148.4851284,-1.2455609109666612
1710778148.4852414,-1.2294496430291069
1710778148.4853547,-1.2126379542880588
1710778148.485468,-1.1958262655470107
1710778148.4855812,-1.1779638131459553
1710778148.4856944,-1.1615023348066542
1710778148.4858074,-1.1446906460656059
1710778148.4859207,-1.1282291677263048
1710778148.486034,-1.1124682426452637
1710778148.4861472,-1.0953062110477023
1710778148.4862602,-1.0774437586466472
1710778148.4863734,-1.057830121782091
1710778148.4864867,-1.0378662082884047
1710778148.4866,-1.0161510441038344
1710778148.486713,-0.9944359461466471
1710778148.4868262,-0.9716700845294528
1710778148.4869394,-0.9496047099431355
1710778148.4870527,-0.9282398223876953
1710778148.4871657,-0.906524658203125
1710778148.487279,-0.8844592836168077
1710778148.4873922,-0.8620436986287434
1710778148.4875054,-0.8375265863206651
1710778148.4876187,-0.8116084999508327
1710778148.4877317,-0.7846397161483765
1710778148.487845,-0.7569704453150431
1710778148.4879582,-0.7289509640799628
1710778148.4880714,-0.7005811399883694
1710778148.4881845,-0.6736123561859131
1710778148.4882977,-0.6459430853525797
1710778148.488411,-0.6189743015501235
1710778148.4885242,-0.5923557281494141
1710778148.4886372,-0.5646864573160807
1710778148.4887505,-0.5366669429673089
1710778148.4888637,-0.5072464545567831
1710778148.488977,-0.4764249589708116
1710778148.4890902,-0.44595374001397026
1710778148.4892032,-0.41513224442799884
1710778148.4893165,-0.3846610254711575
1710778148.4894297,-0.35454001691606307
1710778148.489543,-0.3251195285055372
1710778148.489656,-0.29499851995044285
1710778148.4897692,-0.265578031539917
1710778148.4898825,-0.23405606547991434
1710778148.4899957,-0.2032345864507887
1710778148.4901087,-0.16996140281359354
1710778148.490222,-0.13633797566095987
1710778148.4903352,-0.10341503553920321
1710778148.4904485,-0.06944135659270816
1710778148.4905617,-0.037218903501828514
1710778148.4906747,-0.005346694443788793
1710778148.490788,0.02442882913682196
1710778148.4909012,0.054555713302559324
1710778148.4910145,0.08433228565586938
1710778148.4911275,0.11410885386996798
1710778148.4912407,0.14423574010531107
1710778148.491354,0.17436260978380838
1710778148.4914672,0.2051901320616404
1710778148.4915802,0.23566732803980509
1710778148.4916935,0.266144507461124
1710778148.4918067,0.2955707576539781
1710778148.49192,0.32429642147488064
1710778148.492033,0.3516207800971137
1710778148.4921463,0.3792954815758599
1710778148.4922595,0.4073204927974277
1710778148.4923728,0.4356958137618171
1710778148.492486,0.4651220639546712
1710778148.492599,0.49489862389034694
1710778148.4927123,0.5246752169397142
1710778148.4928255,0.5537511573897468
1710778148.4929388,0.583177407582601
1710778148.4930518,0.6108521090613471
1710778148.493165,0.6367752287122939
1710778148.4932783,0.6612971093919542
1710778148.4933915,0.6861693329281277
1710778148.4935045,0.7096402512656318
1710778148.4936178,0.7345124748018053
1710778148.493731,0.7583336697684394
1710778148.4938443,0.7825052738189697
1710778148.4939575,0.8066768116421169
1710778148.4940705,0.8315490351782905
1710778148.4941838,0.8539690574010212
1710778148.494297,0.8756883939107258
1710778148.4944103,0.8967071771621704
1710778148.4945233,0.9170252747005886
1710778148.4946365,0.9366428189807467
1710778148.4947498,0.9566106398900349
1710778148.494863,0.9772790802849664
1710778148.494976,0.9975971778233845
1710778148.4950893,1.018615961074829
1710778148.4952025,1.0406856404410467
1710778148.4953158,1.0613540808359783
1710778148.4954288,1.0809716251161363
1710778148.495542,1.099187864197625
1710778148.4956553,1.1163531409369574
1710778148.4957685,1.1324675877888997
1710778148.4958818,1.1478813489278157
1710778148.4959948,1.1629447672102187
1710778148.496108,1.1783585283491347
1710778148.4962213,1.1944728427463107
1710778148.4963346,1.2088357077704535
1710778148.4964476,1.2242494689093695
1710778148.4965608,1.2379116482204862
1710778148.496674,1.2505229314168294
1710778148.4967873,1.2617328431871202
1710778148.4969003,1.2704907523261175
1710778148.4970136,1.2788981861538358
1710778148.4971268,1.2859045134650335
1710778148.49724,1.2929107083214653
1710778148.4973533,1.3002672460344102
1710778148.4974663,1.3072735733456082
1710778148.4975796,1.3139294253455267
1710778148.4976928,1.3205854098002117
1710778148.497806,1.3265407085418701
1710778148.497919,1.3307444254557292
1710778148.4980323,1.3338972462548149
1710778148.4981456,1.3345979319678412
1710778148.4982588,1.3359991709391277
1710778148.4983718,1.3345979319678412
1710778148.498485,1.3342475891113281
1710778148.4985983,1.3338972462548149
1710778148.4987116,1.3331966929965549
1710778148.4988248,1.3328463501400418
1710778148.4989378,1.3307444254557292
1710778148.499051,1.3293431864844427
1710778148.4991643,1.3254898124270968
1710778148.4992776,1.318833827972412
1710778148.4993906,1.3125281863742404
1710778148.4995039,1.3037704096900091
1710778148.499617,1.2953628434075248
1710778148.4997303,1.2869554095798068
1710778148.4998434,1.2781976328955755
1710778148.4999566,1.2701404094696045
1710778148.5000699,1.2627838717566595
1710778148.500183,1.2547266483306885
1710778148.500296,1.2456185287899442
1710778148.5004094,1.2358097235361736
1710778148.5005226,1.2238991260528564
1710778148.5006359,1.2126890818277996
1710778148.500749,1.1993772453731961
1710778148.5008621,1.1860654089185927
1710778148.5009754,1.172753440009223
1710778148.5010886,1.1597919464111328
1710778148.5012019,1.1468303203582764
1710778148.5013149,1.133868826760186
1710778148.5014281,1.1195059617360432
1710778148.5015414,1.1054935057957966
1710778148.5016546,1.0897294018003676
1710778148.5017676,1.0725641250610352
1710778148.501881,1.0536472002665203
1710778148.5019941,1.0340297222137451
1710778148.5021074,1.0147625207901
1710778148.5022206,0.995145042737325
1710778148.5023336,0.9772790802849664
1710778148.502447,0.9583622217178345
1710778148.5025601,0.9404962592654758
1710778148.5026734,0.9219296773274739
1710778148.5027864,0.903012818760342
1710778148.5028996,0.8826946549945407
1710778148.503013,0.8616759379704793
1710778148.5031261,0.8389055728912354
1710778148.5032392,0.8154346545537312
1710778148.5033524,0.7923140128453572
1710778148.5034657,0.7691933711369832
1710778148.503579,0.7471236917707655
1710778148.5036922,0.7247036695480347
1710778148.5038052,0.7026339901818169
1710778148.5039184,0.6788127289877998
1710778148.5040317,0.6553418106502956
1710778148.504145,0.629768967628479
1710778148.504258,0.602444609006246
1710778148.5043712,0.5751202503840128
1710778148.5044844,0.5456939670774672
1710778148.5045977,0.5176689558558993
1710778148.5047107,0.48894332514868843
1710778148.504824,0.4609183139271206
1710778148.5049372,0.4328933027055528
1710778148.5050504,0.40521860122680664
1710778148.5051634,0.37719359000523883
1710778148.5052767,0.3484679592980279
1710778148.50539,0.31834108961953056
1710778148.5055032,0.28786391019821167
1710778148.5056164,0.25668607817755806
1710778148.5057294,0.22410700718561807
1710778148.5058427,0.1936298112074534
1710778148.505956,0.1638532347149319
1710778148.5060692,0.1340766665008333
1710778148.5061822,0.10605166355768839
1710778148.5062954,0.07662540508641137
1710778148.5064087,0.04825008412202199
1710778148.506522,0.019524453414811026
1710778148.506635,-0.010950599486629168
1710778148.5067482,-0.041071590450074934
1710778148.5068614,-0.07189306947920057
1710778148.5069747,-0.10236429671446481
1710778148.507088,-0.13178480168183646
1710778148.507201,-0.16050481133990818
1710778148.5073142,-0.18887458576096428
1710778148.5074275,-0.2158433695634206
1710778148.5075407,-0.2428121699227227
1710778148.5076537,-0.2697809702820248
1710778148.507767,-0.2974502576722039
1710778148.5078802,-0.32546977202097577
1710778148.5079935,-0.35454001691606307
1710778148.5081065,-0.38326005140940345
1710778148.5082197,-0.4116298092736138
1710778148.508333,-0.43789810604519314
1710778148.5084462,-0.464866922961341
1710778148.5085595,-0.4900844891866048
1710778148.5086725,-0.5135508378346761
1710778148.5087857,-0.5387684040599399
1710778148.508899,-0.5632854832543267
1710778148.5090122,-0.588853292995029
1710778148.5091252,-0.6144211027357314
1710778148.5092385,-0.6420903735690646
1710778148.5093517,-0.668358736568027
1710778148.509465,-0.6949772437413534
1710778148.509578,-0.7201948430803087
1710778148.5096912,-0.745062165790134
1710778148.5098045,-0.7685285144382052
1710778148.5099177,-0.7916446526845295
1710778148.5100307,-0.8144105143017238
1710778148.510144,-0.8371763759189181
1710778148.5102572,-0.8602924479378594
1710778148.5103705,-0.8837587965859307
1710778148.5104837,-0.907925632264879
1710778148.5105968,-0.9303412834803263
1710778148.51071,-0.9527568684683906
1710778148.5108232,-0.9741217560238308
1710778148.5109365,-0.9930349720848931
1710778148.5110495,-1.0112476348876953
1710778148.5111628,-1.0291100872887504
1710778148.511276,-1.0462720526589286
1710778148.5113893,-1.064134505059984
1710778148.5115023,-1.082347167862786
1710778148.5116155,-1.1012603839238484
1710778148.5117288,-1.1205237441592746
1710778148.511842,-1.13908674981859
1710778148.5119553,-1.157299412621392
1710778148.5120683,-1.1741111013624403
1710778148.5121815,-1.1905725797017415
1710778148.5122948,-1.2056330839792888
1710778148.512408,-1.220343377855089
1710778148.512521,-1.233652565214369
1710778148.5126343,-1.2487130694919162
1710778148.5127475,-1.2623725997077093
1710778148.5128608,-1.2760321299235027
1710778148.5129738,-1.2903922133975558
1710778148.513087,-1.303701400756836
1710778148.5132003,-1.315259536107381
1710778148.5133135,-1.3254165649414062
1710778148.5134265,-1.3341726197136772
1710778148.5135398,-1.3401268588172064
1710778148.513653,-1.3464311758677165
1710778148.5137663,-1.3513346513112385
1710778148.5138795,-1.3569385475582547
1710778148.5139925,-1.3621922334035237
1710778148.5141058,-1.3674459192487929
1710778148.514219,-1.3716488414340549
1710778148.5143323,-1.3758517636193168
1710778148.5144453,-1.3776029480828178
1710778148.5145586,-1.3793541325463188
1710778148.5146718,-1.379003922144572
1710778148.514785,-1.3765521844228108
1710778148.514898,-1.3737502362993028
1710778148.5150113,-1.3712984985775418
1710778148.5151246,-1.3684965504540336
1710778148.5152378,-1.3667453659905326
1710778148.515351,-1.3649941815270317
1710778148.515464,-1.3635932074652777
1710778148.5155773,-1.3611414697435167
1710778148.5156906,-1.3576389683617485
1710778148.5158038,-1.3534360461764865
1710778148.5159168,-1.3471317291259766
1710778148.51603,-1.3404770692189534
1710778148.5161433,-1.3338224093119304
1710778148.5162566,-1.3268175390031602
1710778148.5163696,-1.31981266869439
1710778148.5164828,-1.3124575879838731
1710778148.516596,-1.306503348880344
1710778148.5167093,-1.299848821428087
1710778148.5168226,-1.2910926342010498
1710778148.5169356,-1.2819863690270317
1710778148.5170488,-1.2707784440782335
1710778148.517162,-1.2588702307807074
1710778148.5172753,-1.2452107005649142
1710778148.5173883,-1.230850617090861
1710778148.5175016,-1.2168408764733207
1710778148.5176148,-1.2035316891140408
1710778148.517728,-1.1895218160417345
1710778148.517841,-1.1769130494859483
1710778148.5179543,-1.1639540725284152
1710778148.5180676,-1.149594121509128
1710778148.5181808,-1.134883827633328
1710778148.5182939,-1.1184223492940266
1710778148.518407,-1.1012603839238484
1710778148.5185204,-1.0830476548936632
1710778148.5186336,-1.0637842284308539
1710778148.5187469,-1.0448710785971747
1710778148.5188599,-1.0263081391652424
1710778148.518973,-1.0070447127024333
1710778148.5190864,-0.988131562868754
1710778148.5191996,-0.9678173727459377
1710778148.5193126,-0.9471529722213745
1710778148.5194259,-0.9250875976350572
1710778148.519539,-0.9002202749252319
1710778148.5196524,-0.8750026755862765
1710778148.5197654,-0.8487343788146973
1710778148.5198786,-0.822816358672248
1710778148.5199919,-0.7965480619006686
1710778148.5201051,-0.7713304625617133
1710778148.5202184,-0.7468133502536349
1710778148.5203314,-0.7229967912038168
1710778148.5204446,-0.6984796788957384
1710778148.5205579,-0.6739626328150431
1710778148.5206711,-0.6480445464452108
1710778148.5207841,-0.6214259730445014
1710778148.5208974,-0.593756702211168
1710778148.5210106,-0.5660874313778347
1710778148.521124,-0.5377176735136244
1710778148.521237,-0.5100484026802911
1710778148.5213501,-0.4827293422487047
1710778148.5214634,-0.45541031493080986
1710778148.5215766,-0.42739080058203804
1710778148.52169,-0.3990210096041361
1710778148.521803,-0.3699507647090488
1710778148.5219162,-0.33947954575220746
1710778148.5220294,-0.307957563135359
1710778148.5221426,-0.2753848665290409
1710778148.5222557,-0.2431624134381612
1710778148.522369,-0.21058971683184305
1710778148.5224822,-0.17976823780271742
1710778148.5225954,-0.1489467587735918
1710778148.5227084,-0.12057699263095856
1710778148.5228217,-0.09045600063270992
1710778148.522935,-0.0620862344900767
1710778148.5230482,-0.0323154880768723
1710778148.5231612,-0.002894986213909255
1710778148.5232744,0.02793195553951793
1710778148.5233877,0.05875946333010991
1710778148.523501,0.08888634542624156
1710778148.5236142,0.11971385114722781
1710778148.5237272,0.149840729104148
1710778148.5238404,0.1778657403257158
1710778148.5239537,0.2058907515472836
1710778148.524067,0.23391576276885137
1710778148.52418,0.2619407574335734
1710778148.5242932,0.2906663881407844
1710778148.5244064,0.31939201884799534
1710778148.5245197,0.34951892164018417
1710778148.5246327,0.3792954815758599
1710778148.524746,0.40907204151153564
1710778148.5248592,0.4370970527331034
1710778148.5249724,0.4658226834403144
1710778148.5250857,0.49174583620495266
1710778148.5251987,0.5176689558558993
1710778148.525312,0.5435920755068461
1710778148.5254252,0.5695152282714844
1710778148.5255384,0.5954383479224311
1710778148.5256515,0.621711810429891
1710778148.5257647,0.648685892422994
1710778148.525878,0.6756599081887139
1710778148.5259912,0.7022837135526869
1710778148.5261042,0.7285571098327637
1710778148.5262175,0.752728713883294
1710778148.5263307,0.7776008711920844
1710778148.526444,0.8000208934148152
1710778148.5265572,0.8241924974653456
1710778148.5266702,0.8483640352884928
1710778148.5267835,0.87218529648251
1710778148.5268967,0.8974077966478136
1710778148.52701,0.9233309162987603
1710778148.527123,0.9478527969784206
1710778148.5272362,0.9734256400002373
1710778148.5273495,0.9968965583377414
1710778148.5274627,1.0193165805604723
1710778148.5275757,1.0403353638119168
1710778148.527689,1.0589018795225356
1710778148.5278022,1.0781690809461806
1710778148.5279155,1.0963853200276692
1710778148.5280285,1.114601559109158
1710778148.5281417,1.1324675877888997
1710778148.528255,1.149282587899102
1710778148.5283682,1.1653969022962782
1710778148.5284815,1.1822119024064806
1710778148.5285945,1.194823185602824
1710778148.5287077,1.2070841259426541
1710778148.528821,1.2172431415981717
1710778148.5289342,1.226701603995429
1710778148.5290473,1.2361600663926866
1710778148.5291605,1.2449178430769179
1710778148.5292737,1.2547266483306885
1710778148.529387,1.2655863496992323
1710778148.5295,1.27574536535475
1710778148.5296133,1.2862547238667805
1710778148.5297265,1.2953628434075248
1710778148.5298398,1.3041207525465224
1710778148.529953,1.3114772902594671
1710778148.530066,1.3163816928863525
1710778148.5301793,1.3212860955132377
1710778148.5302925,1.3265407085418701
1710778148.5304058,1.3307444254557292
1710778148.5305188,1.3345979319678412
1710778148.530632,1.3384513060251872
1710778148.5307453,1.3423048125372992
1710778148.5308585,1.3444066047668457
1710778148.5309715,1.3458079761928983
1710778148.5310848,1.345457633336385
1710778148.531198,1.3433557086520724
1710778148.5313113,1.3398525449964735
1710778148.5314243,1.3359991709391277
1710778148.5315375,1.3303942150539823
1710778148.5316508,1.3265407085418701
1710778148.531764,1.3212860955132377
1710778148.5318773,1.3174325890011258
1710778148.5319903,1.3135792149437797
1710778148.5321035,1.3083244694603813
1710778148.5322168,1.303420066833496
1710778148.53233,1.2967642148335774
1710778148.532443,1.288356648551093
1710778148.5325563,1.2788981861538358
1710778148.5326695,1.2687391704983182
1710778148.5327828,1.2596310509575737
1710778148.5328958,1.2501725885603163
1710778148.533009,1.2396632300482855
1710778148.5331223,1.2302047676510282
1710778148.5332355,1.2217972013685439
1710778148.5333488,1.2116381857130263
1710778148.5334618,1.2004281414879692
1710778148.533575,1.187466647889879
1710778148.5336883,1.1741546789805095
1710778148.5338016,1.1576900217268202
1710778148.5339146,1.1426266034444172
1710778148.5340278,1.1247607072194417
1710778148.534141,1.1089966032240126
1710778148.5342543,1.0932325654559665
1710778148.5343673,1.0774684614605374
1710778148.5344806,1.060653461350335
1710778148.5345938,1.0438384612401326
1710778148.534707,1.025622222158644
1710778148.5348203,1.0049537817637126
1710778148.5349333,0.9846356179979112
1710778148.5350466,0.9618653191460503
1710778148.5351598,0.9383944008085463
1710778148.535273,0.9159743785858154
1710778148.535386,0.8932040797339545
1710778148.5354993,0.8711343341403537
1710778148.5356126,0.849064654774136
1710778148.5357258,0.8262943559222751
1710778148.5358388,0.8035240570704142
1710778148.535952,0.7793524530198839
1710778148.5360653,0.7537796099980671
1710778148.5361786,0.7275062137179904
1710778148.5362916,0.6994811693827311
1710778148.5364048,0.6700549523035685
1710778148.536518,0.6416796313391792
1710778148.5366313,0.6129539675182766
1710778148.5367446,0.5845786465538872
1710778148.5368576,0.556553668446011
1710778148.5369709,0.5278280046251085
1710778148.537084,0.4994526836607191
1710778148.5371974,0.4696761237250434
1710778148.5373104,0.4388486345609029
1710778148.5374236,0.4069701830546061
1710778148.5375369,0.37474142180548775
1710778148.53765,0.3432132800420125
1710778148.537763,0.3137870298491584
1710778148.5378764,0.2836601601706611
1710778148.5379896,0.2552848226494259
1710778148.5381029,0.2276101377275255
1710778148.538216,0.19888449046346876
1710778148.5383291,0.1701588597562578
1710778148.5384424,0.14178353879186842
1710778148.5385556,0.11130635109212664
1710778148.5386689,0.0797782176070743
1710778148.538782,0.04754946049716737
1710778148.5388951,0.016021327012115054
1710778148.5390084,-0.015153527880708376
1710778148.5391216,-0.04632525146007538
1710778148.5392346,-0.07574574814902411
1710778148.539348,-0.10621698366271125
1710778148.5394611,-0.13668821917639837
1710778148.5395744,-0.166809211174647
1710778148.5396876,-0.19763069020377264
1710778148.5398006,-0.2288024127483368
1710778148.539914,-0.2599741352929009
1710778148.5400271,-0.2918463283114963
1710778148.5401404,-0.32231758038202923
1710778148.5402534,-0.35138782527711654
1710778148.5403666,-0.3794073396258884
1710778148.54048,-0.4070766435729133
1710778148.5405931,-0.43299469682905406
1710778148.5407062,-0.4592629936006334
1710778148.5408194,-0.4858815670013428
1710778148.5409327,-0.5135508378346761
1710778148.541046,-0.542270839214325
1710778148.541159,-0.5702903535630968
1710778148.5412722,-0.5997108750873141
1710778148.5413854,-0.6277304225497775
1710778148.5414987,-0.6546992063522339
1710778148.541612,-0.6809675031238132
1710778148.541725,-0.7068855894936455
1710778148.5418382,-0.7314026355743408
1710778148.5419514,-0.7566202349132961
1710778148.5420647,-0.7818377680248684
1710778148.5421777,-0.8074055777655708
1710778148.542291,-0.833323664135403
1710778148.5424042,-0.8599422375361124
1710778148.5425174,-0.8851597706476847
1710778148.5426304,-0.91002709335751
1710778148.5427437,-0.9338437186347114
1710778148.542857,-0.9552086061901516
1710778148.5429702,-0.9769237041473389
1710778148.5430834,-0.9972378942701552
1710778148.5431964,-1.0175520181655884
1710778148.5433097,-1.0375159316592746
1710778148.543423,-1.058180332183838
1710778148.5435362,-1.079545219739278
1710778148.5436492,-1.0995091332329643
1710778148.5437624,-1.1194731129540336
1710778148.5438757,-1.13838619656033
1710778148.543989,-1.155898438559638
1710778148.544102,-1.1720097064971924
1710778148.5442152,-1.1877706315782335
1710778148.5443285,-1.2024809254540336
1710778148.5444417,-1.217541429731581
1710778148.544555,-1.231901380750868
1710778148.544668,-1.2483628590901692
1710778148.5447812,-1.2644741270277235
1710778148.5448945,-1.2802350521087646
1710778148.5450077,-1.2949453459845648
1710778148.5451207,-1.3086048762003581
1710778148.545234,-1.31981266869439
1710778148.5453472,-1.3303200403849285
1710778148.5454605,-1.3387258847554524
1710778148.5455735,-1.3453805446624756
1710778148.5456867,-1.3520350721147325
1710778148.5458,-1.3576389683617485
1710778148.5459132,-1.3632429970635307
1710778148.5460262,-1.3681463400522869
1710778148.5461395,-1.3723492622375488
1710778148.5462527,-1.3762019740210638
1710778148.546366,-1.3776029480828178
1710778148.5464792,-1.3783033688863118
1710778148.5465922,-1.3779531584845648
1710778148.5467055,-1.3769023948245578
1710778148.5468187,-1.3758517636193168
1710778148.546932,-1.3762019740210638
1710778148.547045,-1.3765521844228108
1710778148.5471582,-1.3776029480828178
1710778148.5472715,-1.380054685804579
1710778148.5473847,-1.382156080669827
1710778148.5474977,-1.382856633928087
1710778148.547611,-1.383206844329834
1710778148.5477242,-1.38180587026808
1710778148.5478375,-1.3783033688863118
1710778148.5479507,-1.3730498154958088
1710778148.5480638,-1.3667453659905326
1710778148.548177,-1.3600907060835097
1710778148.5482903,-1.3523854149712455
1710778148.5484035,-1.3450302018059623
1710778148.5485165,-1.3373249106936984
1710778148.5486298,-1.3285687234666612
1710778148.548743,-1.318761905034383
1710778148.5488563,-1.307203902138604
1710778148.5489693,-1.2945951355828178
1710778148.5490825,-1.2812858157687717
1710778148.5491958,-1.2679764959547255
1710778148.549309,-1.2539667553371854
1710778148.549422,-1.2413579887813992
1710778148.5495353,-1.230150196287367
1710778148.5496485,-1.218942403793335
1710778148.5497618,-1.2084350321027968
1710778148.549875,-1.1986282136705186
1710778148.549988,-1.1867198679182265
1710778148.5501013,-1.1741111013624403
1710778148.5502145,-1.1601013607449002
1710778148.5503278,-1.1439900928073459
1710778148.5504408,-1.1264779832628038
1710778148.550554,-1.1082652542326186
1710778148.5506673,-1.0900525914298163
1710778148.5507805,-1.071839862399631
1710778148.5508935,-1.0529267125659518
1710778148.5510068,-1.0347139835357666
1710778148.55112,-1.0140495830112033
1710778148.5512333,-0.9930349720848931
1710778148.5513465,-0.9709695974985758
1710778148.5514596,-0.9468027618196275
1710778148.5515728,-0.9229861365424262
1710778148.551686,-0.8981188138326008
1710778148.5517993,-0.8739519781536526
1710778148.5519123,-0.8494348658455743
1710778148.5520256,-0.826318793826633
1710778148.5521388,-0.8035529322094387
1710778148.552252,-0.7793860965304904
1710778148.552365,-0.7555694712532891
1710778148.5524783,-0.7307021485434638
1710778148.5525916,-0.7047840621736314
1710778148.5527048,-0.6774650679694282
1710778148.552818,-0.6487450334760878
1710778148.552931,-0.6196747885810004
1710778148.5530443,-0.5913050307167901
1710778148.5531576,-0.5625849962234497
1710778148.5532708,-0.5349157253901163
1710778148.5533838,-0.5086474286185371
1710778148.553497,-0.4816786117023892
1710778148.5536103,-0.45506007141537136
1710778148.5537236,-0.426690313551161
1710778148.5538366,-0.3990210096041361
1710778148.5539498,-0.3706512517399258
1710778148.554063,-0.34053027629852295
1710778148.5541763,-0.3114599982897441
1710778148.5542893,-0.2823897533946567
1710778148.5544026,-0.2547204660044776
1710778148.5545158,-0.22705119517114428
1710778148.554629,-0.20008239481184217
1710778148.5547423,-0.17241310742166308
1710778148.5548553,-0.14474383658832973
1710778148.5549686,-0.11602381865183511
1710778148.5550818,-0.0876540525092019
1710778148.555195,-0.05753306051095326
1710778148.555308,-0.02671158355143335
1710778148.5554214,0.002709448906696505
1710778148.5555346,0.03248601944910155
1710778148.5556479,0.060861338343885206
1710778148.5557609,0.08818571766217549
1710778148.555874,0.11445916361278957
1710778148.5559874,0.14143322904904684
1710778148.5561006,0.1677066749996609
1710778148.5562139,0.19538137647840711
1710778148.5563269,0.2237566974427965
1710778148.55644,0.25283263789282906
1710778148.5565534,0.28155826860004
1710778148.5566666,0.31063420905007255
1710778148.5567796,0.3393598397572835
1710778148.5568929,0.36703454123602974
1710778148.5570061,0.39400862322913277
1710778148.5571194,0.42098267210854423
1710778148.5572324,0.4476064443588257
1710778148.5573456,0.47563145558039344
1710778148.5574589,0.5040067765447829
1710778148.5575721,0.5327324072519938
1710778148.5576854,0.5611077282163832
1710778148.5577984,0.5898333258099026
1710778148.5579116,0.618208646774292
1710778148.558025,0.6437814897961086
1710778148.5581381,0.6693543328179253
1710778148.5582511,0.6931755940119425
1710778148.5583644,0.7159458928638034
1710778148.5584776,0.7387161917156643
1710778148.558591,0.760435594452752
1710778148.558704,0.783556236161126
1710778148.5588171,0.8063265350129869
1710778148.5589304,0.8304980728361342
1710778148.5590436,0.8532684379153781
1710778148.5591567,0.8749877744250827
1710778148.55927,0.8970575200186836
1710778148.5593832,0.9170252747005886
1710778148.5594964,0.9362924761242336
1710778148.5596097,0.9555596775478786
1710778148.5597227,0.9751772218280368
1710778148.559836,0.9944443570242988
1710778148.5599492,1.014061901304457
1710778148.5600624,1.0343799988428752
1710778148.5601754,1.0536472002665203
1710778148.5602887,1.0732647445466783
1710778148.560402,1.091480983628167
1710778148.5605152,1.1075953642527263
1710778148.5606282,1.122658782535129
1710778148.5607414,1.1356204085879855
1710778148.5608547,1.1482315593295627
1710778148.560968,1.1597919464111328
1710778148.5610812,1.1710019906361897
1710778148.5611942,1.18396348423428
1710778148.5613074,1.194823185602824
1710778148.5614207,1.2063834402296278
1710778148.561534,1.2172431415981717
1710778148.561647,1.226701603995429
1710778148.5617602,1.2358097235361736
1710778148.5618734,1.2428160508473713
1710778148.5619867,1.24877134958903
1710778148.5620997,1.2547266483306885
1710778148.562213,1.260681947072347
1710778148.5623262,1.2666372458140056
1710778148.5624394,1.2736435731252034
1710778148.5625527,1.280299425125122
1710778148.5626657,1.2869554095798068
1710778148.562779,1.2925603654649522
1710778148.5628922,1.2974647680918376
1710778148.5630054,1.3002672460344102
1710778148.5631185,1.3020188278622098
1710778148.5632317,1.3013182746039496
1710778148.563345,1.3009679317474365
1710778148.5634582,1.3002672460344102
1710778148.5635712,1.2985156642066107
1710778148.5636845,1.2971144252353244
1710778148.5637977,1.2960635291205511
1710778148.563911,1.295012633005778
1710778148.564024,1.2925603654649522
1710778148.5641372,1.2897578875223796
1710778148.5642505,1.2848534848954942
1710778148.5643637,1.2799490822686088
1710778148.564477,1.272942887412177
1710778148.56459,1.2666372458140056
1710778148.5647032,1.260681947072347
1710778148.5648165,1.2554272015889485
1710778148.5649297,1.2501725885603163
1710778148.5650427,1.2456185287899442
1710778148.565156,1.241064469019572
1710778148.5652692,1.2358097235361736
1710778148.5653825,1.2288035286797416
1710778148.5654955,1.2200457519955106
1710778148.5656087,1.21023694674174
1710778148.565722,1.1972753206888835
1710778148.5658352,1.1853647232055664
1710778148.5659485,1.17170254389445
1710778148.5660615,1.157339678870307
1710778148.5661747,1.1433272891574435
1710778148.566288,1.1286140812767875
1710778148.5664012,1.1135506629943848
1710778148.5665143,1.0970860057406955
1710778148.5666275,1.0788697004318237
1710778148.5667408,1.0599528418646917
1710778148.566854,1.0403353638119168
1710778148.566967,1.0196669234169853
1710778148.5670803,0.9986481401655409
1710778148.5671935,0.9786803192562527
1710778148.5673068,0.9590628412034776
1710778148.5674198,0.9401459164089626
1710778148.567533,0.9215794006983439
1710778148.5676463,0.9033630953894721
1710778148.5677595,0.8833952744801838
1710778148.5678728,0.8630771769417657
1710778148.5679858,0.8417081170611911
1710778148.568099,0.8175365130106608
1710778148.5682123,0.7926643557018703
1710778148.5683255,0.7691933711369832
1710778148.5684385,0.7443212138281928
1710778148.5685518,0.7197993331485324
1710778148.568665,0.6949271096123589
1710778148.5687783,0.6711058484183418
1710778148.5688913,0.645182728767395
1710778148.5690045,0.6192596091164483
1710778148.5691178,0.5929861466089884
1710778148.569231,0.5639102061589559
1710778148.5693443,0.5348342657089233
1710778148.5694573,0.5050577057732476
1710778148.5695705,0.47633207506603664
1710778148.5696838,0.4469058248731825
1710778148.569797,0.4181801941659715
1710778148.56991,0.3912061121728685
1710778148.5700233,0.36493264966540867
1710778148.5701365,0.33795860078599715
1710778148.5702498,0.31063420905007255
1710778148.5703628,0.2829595075713264
1710778148.570476,0.25318294763565063
1710778148.5705893,0.22410700718561807
1710778148.5707026,0.19468074043591815
1710778148.5708158,0.16560479998588562
1710778148.5709288,0.13687916927867466
1710778148.571042,0.10920447607835133
1710778148.5711553,0.08188009262084961
1710778148.5712686,0.054555713302559324
1710778148.5713816,0.027581643727090623
1710778148.5714948,-0.0007935216934937569
1710778148.571608,-0.029863779329591326
1710778148.5717213,-0.06068525628911124
1710778148.5718343,-0.09185697469446394
1710778148.5719476,-0.12337894075446658
1710778148.5720608,-0.1549009150928921
1710778148.572174,-0.18642288115289476
1710778148.572287,-0.21619362963570488
1710778148.5724003,-0.24631460507710773
1710778148.5725136,-0.27573511004447937
1710778148.5726268,-0.305856102042728
1710778148.57274,-0.33632732099956936
1710778148.572853,-0.3664483295546638
1710778148.5729663,-0.3976200355423821
1710778148.5730796,-0.42879177464379203
1710778148.5731928,-0.4596132371160719
1710778148.5733058,-0.4890337586402893
1710778148.573419,-0.5181040035353767
1710778148.5735323,-0.5454230308532715
1710778148.5736456,-0.5723918146557277
1710778148.5737586,-0.5993605984581841
1710778148.5738719,-0.6263294484880235
1710778148.573985,-0.6539987193213569
1710778148.5740983,-0.6823684771855673
1710778148.5742116,-0.7114387220806545
1710778148.5743246,-0.7412094540066189
1710778148.5744379,-0.7699294884999592
1710778148.574551,-0.7982992463641696
1710778148.5746644,-0.825618306795756
1710778148.5747774,-0.8518866035673354
1710778148.5748906,-0.8767539262771606
1710778148.5750039,-0.9016212489869859
1710778148.575117,-0.9250875976350572
1710778148.5752301,-0.9503051969740126
1710778148.5753434,-0.9737715456220839
1710778148.5754566,-0.9975881046719021
1710778148.5755699,-1.0210544533199735
1710778148.575683,-1.0427696175045438
1710778148.5757961,-1.0637842284308539
1710778148.5759094,-1.0816466808319092
1710778148.5760226,-1.1002096202638414
1710778148.5761359,-1.1166711648305256
1710778148.576249,-1.1327823003133137
1710778148.5763621,-1.149594121509128
1710778148.5764754,-1.1671062310536702
1710778148.5765886,-1.1846184730529785
1710778148.5767016,-1.2031813462575276
1710778148.576815,-1.221744351916843
1710778148.5769281,-1.2399570147196453
1710778148.5770414,-1.2553677293989394
1710778148.5771544,-1.2707784440782335
1710778148.5772676,-1.2847883171505399
1710778148.577381,-1.297747294108073
1710778148.5774941,-1.3096556398603652
1710778148.5776074,-1.3222644064161513
1710778148.5777204,-1.3345229625701904
1710778148.5778337,-1.3460809654659696
1710778148.577947,-1.3583395216200087
1710778148.5780602,-1.3684965504540336
1710778148.5781732,-1.3783033688863118
1710778148.5782864,-1.386008792453342
1710778148.5783997,-1.3912624782986112
1710778148.578513,-1.3954654004838731
1710778148.578626,-1.398267348607381
1710778148.5787392,-1.401069296730889
1710778148.5788524,-1.4031708240509033
1710778148.5789657,-1.4059727721744113
1710778148.579079,-1.4094751411014133
1710778148.579192,-1.4126272996266682
1710778148.5793052,-1.4147288269466824
1710778148.5794184,-1.4161298010084364
1710778148.5795317,-1.4161298010084364
1710778148.5796447,-1.4150790373484294
1710778148.579758,-1.4122770892249212
1710778148.5798712,-1.4094751411014133
1710778148.5799844,-1.4052722189161513
1710778148.5800974,-1.401769717534383
1710778148.5802107,-1.398967769410875
1710778148.580324,-1.3965161641438801
1710778148.5804372,-1.3937142160203722
1710778148.5805504,-1.3909122678968642
1710778148.5806634,-1.386359002855089
1710778148.5807767,-1.380404896206326
1710778148.58089,-1.3741004467010498
1710778148.5810032,-1.3656946023305256
1710778148.5811162,-1.3569385475582547
1710778148.5812294,-1.3478321499294705
1710778148.5813427,-1.3380253314971924
1710778148.581456,-1.3282185130649142
1710778148.581569,-1.31981266869439
1710778148.5816822,-1.309305297003852
1710778148.5817955,-1.29879805776808
1710778148.5819087,-1.2868897120157878
1710778148.5820217,-1.2732301817999945
1710778148.582135,-1.2574692567189534
1710778148.5822482,-1.2413579887813992
1710778148.5823615,-1.223845746782091
1710778148.5824747,-1.2066838476392958
1710778148.5825877,-1.1891716056399875
1710778148.582701,-1.1720097064971924
1710778148.5828142,-1.155548228157891
1710778148.5829275,-1.13838619656033
1710778148.5830405,-1.1208740870157878
1710778148.5831537,-1.1012603839238484
1710778148.583267,-1.0802457067701552
1710778148.5833802,-1.058530608812968
1710778148.5834932,-1.0350642601648967
1710778148.5836065,-1.0101969374550712
1710778148.5837197,-0.9849793381161159
1710778148.583833,-0.9604622920354207
1710778148.5839462,-0.9362953901290894
1710778148.5840592,-0.9124788310792711
1710778148.5841725,-0.8876115083694458
1710778148.5842857,-0.8630943960613674
1710778148.584399,-0.8361256122589111
1710778148.584512,-0.8098573154873318
1710778148.5846252,-0.7821880446539985
1710778148.5847385,-0.7552192608515421
1710778148.5848517,-0.7271997133890787
1710778148.5849648,-0.7009314166174995
1710778148.585078,-0.6739626328150431
1710778148.5851912,-0.6497957971360948
1710778148.5853045,-0.6245781977971395
1710778148.5854175,-0.6004113621181911
1710778148.5855308,-0.5748435523774889
1710778148.585644,-0.5492757426367866
1710778148.5857573,-0.5205557081434462
1710778148.5858705,-0.4911352197329203
1710778148.5859835,-0.4617146982087029
1710778148.5860968,-0.43159372276730007
1710778148.58621,-0.40042198366589016
1710778148.5863233,-0.3699507647090488
1710778148.5864363,-0.34053027629852295
1710778148.5865495,-0.31040926774342853
1710778148.5866628,-0.2799380487865872
1710778148.586776,-0.24876632624202305
1710778148.586889,-0.2172443601820204
1710778148.5870023,-0.18502190709114075
1710778148.5871155,-0.1527994540002611
1710778148.5872288,-0.12057699263095856
1710778148.587342,-0.08940527008639441
1710778148.587455,-0.05963452574279573
1710778148.5875683,-0.03091451194551256
1710778148.5876815,-0.002894986213909255
1710778148.5877948,0.02407851732439465
1710778148.5879078,0.05070227301783032
1710778148.588021,0.07837697035736507
1710778148.5881343,0.10640197330050997
1710778148.5882475,0.13547792202896541
1710778148.5883605,0.16455387075742087
1710778148.5884738,0.19468074043591815
1710778148.588587,0.2237566974427965
1710778148.5887003,0.25318294763565063
1710778148.5888135,0.28225888808568317
1710778148.5889266,0.3109845187928941
1710778148.5890398,0.33865922027164036
1710778148.589153,0.3684357802073161
1710778148.5892663,0.39751172065734863
1710778148.5893793,0.42763862344953746
1710778148.5894926,0.4581158028708564
1710778148.5896058,0.48929363489151
1710778148.589719,0.5187198850843642
1710778148.589832,0.5491970976193746
1710778148.5899453,0.5775723854700724
1710778148.5900586,0.6048968103196886
1710778148.5901718,0.6308199299706353
1710778148.5902848,0.6570933924780952
1710778148.590398,0.6826661692725288
1710778148.5905113,0.7085892889234755
1710778148.5906246,0.7345124748018053
1710778148.5907378,0.760785871081882
1710778148.5908508,0.787759953074985
1710778148.590964,0.8136830727259318
1710778148.5910773,0.8385552962621052
1710778148.5911906,0.8623765574561225
1710778148.5913036,0.8851468563079834
1710778148.5914168,0.9065159161885579
1710778148.59153,0.9268340799543593
1710778148.5916433,0.9475025203492906
1710778148.5917563,0.9688715802298652
1710778148.5918696,0.9891896777682834
1710778148.5919828,1.0098581181632147
1710778148.592096,1.0305265585581462
1710778148.5922093,1.0501441028383043
1710778148.5923223,1.0676597224341497
1710778148.5924356,1.0844747225443523
1710778148.5925488,1.1002387603123982
1710778148.592662,1.1132003201378715
1710778148.592775,1.1265122890472412
1710778148.5928884,1.1391234397888184
1710778148.5930016,1.1520850658416748
1710778148.5931149,1.164696349038018
1710778148.5932279,1.1773074997795951
1710778148.593341,1.1892182297176785
1710778148.5934544,1.2014791700575087
1710778148.5935676,1.2123388714260526
1710778148.5936809,1.2210966481102836
1710778148.5937939,1.2295040819380019
1710778148.593907,1.2365104092491996
1710778148.5940204,1.2435166041056316
1710778148.5941336,1.2505229314168294
1710778148.5942466,1.2582298119862874
1710778148.5943599,1.2666372458140056
1710778148.5944731,1.2750448120964897
1710778148.5945864,1.283452245924208
1710778148.5946994,1.2901082303788927
1710778148.5948126,1.2971144252353244
1710778148.5949259,1.3002672460344102
1710778148.5950391,1.3044709629482694
1710778148.5951521,1.3044709629482694
1710778148.5952654,1.306923230489095
1710778148.5953786,1.3072735733456082
1710778148.595492,1.3083244694603813
1710778148.5956051,1.3083244694603813
1710778148.5957181,1.3086748123168945
1710778148.5958314,1.3079741266038682
1710778148.5959446,1.3072735733456082
1710778148.596058,1.3048213058047824
1710778148.596171,1.3002672460344102
1710778148.5962842,1.295713186264038
1710778148.5963974,1.288356648551093
1710778148.5965106,1.2817006640964084
1710778148.5966237,1.2750448120964897
1710778148.596737,1.2690895133548312
1710778148.5968502,1.2631340821584065
1710778148.5969634,1.2578794691297743
1710778148.5970767,1.2519241703881157
1710778148.5971897,1.245268185933431
1710778148.597303,1.2372109625074599
1710778148.5974162,1.2288035286797416
1710778148.5975294,1.218294170167711
1710778148.5976424,1.2074344687991672
1710778148.5977557,1.195874081717597
1710778148.597869,1.1846641699473064
1710778148.5979822,1.1741546789805095
1710778148.5980952,1.1636453204684787
1710778148.5982084,1.1517347229851616
1710778148.5983217,1.141575707329644
1710778148.598435,1.1286140812767875
1710778148.5985482,1.1139010058508978
1710778148.5986612,1.0984872447119818
1710778148.5987744,1.08027093940311
1710778148.5988877,1.0624050431781344
1710778148.599001,1.0434881183836195
1710778148.599114,1.0235203637017143
1710778148.5992272,1.0046034389071994
1710778148.5993404,0.9853362374835544
1710778148.5994537,0.9667697217729356
1710778148.5995667,0.9468019008636475
1710778148.59968,0.926133460468716
1710778148.5997932,0.9051146772172716
1710778148.5999064,0.8812934160232544
1710778148.6000195,0.8574721548292372
1710778148.6001327,0.8340012364917331
1710778148.600246,0.8105302519268459
1710778148.6003592,0.7870593335893419
1710778148.6004725,0.7649896542231241
1710778148.6005855,0.7422193553712633
1710778148.6006987,0.7204999526341757
1710778148.600812,0.6973793109258016
1710778148.6009252,0.6742586692174276
1710778148.6010382,0.649036169052124
1710778148.6011515,0.6231130494011773
1710778148.6012647,0.5954383479224311
1710778148.601378,0.568113989300198
1710778148.601491,0.5397386352221171
1710778148.6016042,0.5127645863427056
1710778148.6017175,0.485440194606781
1710778148.6018307,0.4591667652130127
1710778148.601944,0.4328933027055528
1710778148.602057,0.4069701830546061
1710778148.6021702,0.3803464108043247
1710778148.6022835,0.3537226716677348
1710778148.6023967,0.32604797018898857
1710778148.6025097,0.2983732687102424
1710778148.602623,0.2710488935311635
1710778148.6027362,0.24477544758054945
1710778148.6028495,0.21885231137275696
1710778148.6029625,0.19433043069309658
1710778148.6030757,0.16945824027061462
1710778148.603189,0.14493635959095424
1710778148.6033022,0.11971385114722781
1710778148.6034153,0.09309009545379214
1710778148.6035285,0.06436446474658118
1710778148.6036417,0.03458789446287685
1710778148.603755,0.004110699260814322
1710778148.6038682,-0.02776231409774886
1710778148.6039813,-0.05823354754183027
1710778148.6040945,-0.08975551360183291
1710778148.6042078,-0.11917601856920454
1710778148.604321,-0.14964724580446878
1710778148.604434,-0.17941799428727892
1710778148.6045473,-0.20848825573921204
1710778148.6046605,-0.23895949125289917
1710778148.6047738,-0.2697809702820248
1710778148.6048868,-0.29955171876483494
1710778148.605,-0.3286219636599223
1710778148.6051133,-0.35839272869957817
1710778148.6052265,-0.3853615125020345
1710778148.6053398,-0.4123302963044908
1710778148.6054528,-0.43719761901431614
1710778148.605566,-0.4624151852395799
1710778148.6056793,-0.48798302809397376
1710778148.6057925,-0.5132005943192376
1710778148.6059055,-0.5405196216371324
1710778148.6060188,-0.5681888924704658
1710778148.606132,-0.5969089269638062
1710778148.6062453,-0.6256289614571465
1710778148.6063583,-0.6553996933831109
1710778148.6064715,-0.6830689642164443
1710778148.6065848,-0.7110885116789076
1710778148.606698,-0.7377070188522339
1710778148.6068113,-0.7636251052220662
1710778148.6069243,-0.7895431253645155
1710778148.6070375,-0.8154612117343478
1710778148.6071508,-0.8410290214750502
1710778148.607264,-0.8672973182466295
1710778148.607377,-0.8928651279873318
1710778148.6074903,-0.9177325169245402
1710778148.6076035,-0.9415490759743584
1710778148.6077168,-0.9636144505606757
1710778148.6078298,-0.9846291277143691
1710778148.607943,-1.0042427645789251
1710778148.6080563,-1.0224554273817275
1710778148.6081696,-1.0406681564119127
1710778148.6082826,-1.059231095843845
1710778148.6083958,-1.077794035275777
1710778148.608509,-1.0963569747077093
1710778148.6086223,-1.1145696375105116
1710778148.6087356,-1.1327823003133137
1710778148.6088486,-1.149944331910875
1710778148.6089618,-1.1650048361884222
1710778148.609075,-1.1797149976094563
1710778148.6091883,-1.1923238966200087
1710778148.6093013,-1.2045823203192816
1710778148.6094146,-1.216140455669827
1710778148.6095278,-1.2280486689673529
1710778148.609641,-1.2410077783796523
1710778148.609754,-1.2539667553371854
1710778148.6098673,-1.2672760751512315
1710778148.6099806,-1.2795346313052707
1710778148.6100938,-1.2903922133975558
1710778148.610207,-1.300549242231581
1710778148.61032,-1.3096556398603652
1710778148.6104333,-1.317360930972629
1710778148.6105466,-1.3250663545396593
1710778148.6106598,-1.3317210144466824
1710778148.6107728,-1.3387258847554524
1710778148.610886,-1.3467815187242296
1710778148.6109993,-1.3537863890329997
1710778148.6111126,-1.3618420230017767
1710778148.6112256,-1.3677961296505399
1710778148.6113389,-1.3723492622375488
1710778148.611452,-1.3769023948245578
1710778148.6115654,-1.379003922144572
1710778148.6116786,-1.380755106608073
1710778148.6117916,-1.381455659866333
1710778148.6119049,-1.382156080669827
1710778148.612018,-1.383907397588094
1710778148.6121314,-1.384958028793335
1710778148.6122444,-1.387059556113349
1710778148.6123576,-1.3898615042368572
1710778148.6124709,-1.3898615042368572
1710778148.612584,-1.3895112938351102
1710778148.6126971,-1.386709345711602
1710778148.6128104,-1.383206844329834
1710778148.6129236,-1.3779531584845648
1710778148.6130369,-1.3709482881757948
1710778148.61315,-1.364643971125285
1710778148.6132631,-1.3572887579600017
1710778148.6133764,-1.3495834668477376
1710778148.6134896,-1.3422282536824544
1710778148.6136029,-1.3341726197136772
1710778148.613716,-1.3243658012813992
1710778148.6138291,-1.3124575879838731
1710778148.6139424,-1.300549242231581
1710778148.6140556,-1.2858389483557806
1710778148.6141686,-1.2714789973364935
1710778148.614282,-1.2553677293989394
1710778148.6143951,-1.2399570147196453
1710778148.6145084,-1.2269980377621121
1710778148.6146214,-1.2126379542880588
1710778148.6147346,-1.1996789773305256
1710778148.614848,-1.1867198679182265
1710778148.6149611,-1.1720097064971924
1710778148.6150744,-1.1587003866831462
1710778148.6151874,-1.141188144683838
1710778148.6153007,-1.1254272196027968
1710778148.615414,-1.1065140035417345
1710778148.6155272,-1.0890018277698092
1710778148.6156402,-1.069037914276123
1710778148.6157534,-1.0515257385041978
1710778148.6158667,-1.0329627990722656
1710778148.61598,-1.0143998596403334
1710778148.616093,-0.9951364331775241
1710778148.6162062,-0.9734212689929538
1710778148.6163194,-0.9499549203448825
1710778148.6164327,-0.9271890587276882
1710778148.616546,-0.9012710385852389
1710778148.616659,-0.8736017015245225
1710778148.6167722,-0.8480338917838203
1710778148.6168854,-0.822115871641371
1710778148.6169987,-0.7954972982406616
1710778148.6171117,-0.7695792118708292
1710778148.617225,-0.745062165790134
1710778148.6173382,-0.7198445664511787
1710778148.6174514,-0.6935762696795993
1710778148.6175644,-0.66765824953715
1710778148.6176777,-0.6399889124764336
1710778148.617791,-0.6126699182722304
1710778148.6179042,-0.5832493967480129
1710778148.6180172,-0.5555801259146796
1710778148.6181304,-0.5286113421122233
1710778148.6182437,-0.5019927687115139
1710778148.618357,-0.4764249589708116
1710778148.6184702,-0.4494561751683553
1710778148.6185832,-0.42318787839677596
1710778148.6186965,-0.39656930499606663
1710778148.6188097,-0.36749906010097927
1710778148.618923,-0.3391293022367689
1710778148.619036,-0.30900829368167454
1710778148.6191492,-0.27818683120939464
1710778148.6192625,-0.24771559569570753
1710778148.6193757,-0.2179448472128974
1710778148.6194887,-0.18852434224552578
1710778148.619602,-0.16085505485534668
1710778148.6197152,-0.13178480168183646
1710778148.6198285,-0.10306479202376471
1710778148.6199417,-0.07364428705639309
1710778148.6200547,-0.04317305154270596
1710778148.620168,-0.0120013321025504
1710778148.6202812,0.019524453414811026
1710778148.6203945,0.051402900781896375
1710778148.6205075,0.08258072038491567
1710778148.6206207,0.11410885386996798
1710778148.620734,0.14423574010531107
1710778148.6208472,0.1736619902981652
1710778148.6209602,0.20448949601915148
1710778148.6210735,0.23461638225449455
1710778148.6211867,0.266144507461124
1710778148.6213,0.29907388819588554
1710778148.621413,0.3316529591878255
1710778148.6215262,0.3652829925219218
1710778148.6216395,0.3989129927423265
1710778148.6217527,0.43149206373426646
1710778148.621866,0.46266986264122856
1710778148.621979,0.493147075176239
1710778148.6220922,0.5208217766549852
1710778148.6222055,0.5491970976193746
1710778148.6223187,0.5772221088409424
1710778148.6224318,0.6048968103196886
1710778148.622545,0.6325715117984347
1710778148.6226583,0.6602461470497979
1710778148.6227715,0.6868699524137709
1710778148.6228845,0.7131433486938477
1710778148.6229978,0.7383659150865343
1710778148.623111,0.7625374529096816
1710778148.6232243,0.7853077517615424
1710778148.6233375,0.8080781168407863
1710778148.6234505,0.8304980728361342
1710778148.6235638,0.8532684379153781
1710778148.623677,0.8770896991093953
1710778148.6237903,0.9002102745903863
1710778148.6239033,0.9243818786409166
1710778148.6240165,0.9489037593205769
1710778148.6241298,0.9713237815433078
1710778148.624243,0.9933934609095255
1710778148.624356,1.0144121779335868
1710778148.6244693,1.033329102728102
1710778148.6245825,1.0518956846661038
1710778148.6246958,1.068360341919793
1710778148.624809,1.0855256848865085
1710778148.624922,1.102690961625841
1710778148.6250353,1.1198563045925565
1710778148.6251485,1.1363209618462455
1710778148.6252618,1.1524354086981878
1710778148.6253748,1.1674988269805908
1710778148.625488,1.1818615595499675
1710778148.6256013,1.1941224998897977
1710778148.6257145,1.2049822012583415
1710778148.6258276,1.2151413493686252
1710778148.6259408,1.225650707880656
1710778148.626054,1.236860752105713
1710778148.6261673,1.2470197677612305
1710778148.6262803,1.2582298119862874
1710778148.6263936,1.2694397237565782
1710778148.6265068,1.2799490822686088
1710778148.62662,1.2897578875223796
1710778148.6267333,1.298866007063124
1710778148.6268463,1.3062225447760687
1710778148.6269596,1.3114772902594671
1710778148.6270728,1.3167319032880995
1710778148.627186,1.321986648771498
1710778148.627299,1.3268910513983831
1710778148.6274123,1.3317954540252686
1710778148.6275256,1.3381010956234403
1710778148.6276388,1.3426551553938124
1710778148.6277518,1.3475594255659316
1710778148.627865,1.3514129320780437
1710778148.6279783,1.35351472430759
1710778148.6280916,1.35351472430759
1710778148.6282048,1.3524638281928167
1710778148.6283178,1.3500116931067572
1710778148.628431,1.3472092151641846
1710778148.6285443,1.3444066047668457
1710778148.6286576,1.3419544696807861
1710778148.6287706,1.3381010956234403
1710778148.6288838,1.3349482748243544
1710778148.628997,1.3303942150539823
1710778148.6291103,1.3247891267140706
1710778148.6292233,1.3177829318576388
1710778148.6293366,1.3086748123168945
1710778148.6294498,1.299216349919637
1710778148.629563,1.2894075446658664
1710778148.6296763,1.2781976328955755
1710778148.6297894,1.2676881419287787
1710778148.6299026,1.2589303652445476
1710778148.6300159,1.24877134958903
1710778148.630129,1.2386122014787462
1710778148.630242,1.2284531858232286
1710778148.6303554,1.2165425883399115
1710778148.6304686,1.202880409028795
1710778148.6305819,1.187116305033366
1710778148.6306949,1.1703013049231634
1710778148.630808,1.1520850658416748
1710778148.6309214,1.133518483903673
1710778148.6310346,1.114951901965671
1710778148.6311476,1.0963853200276692
1710778148.6312609,1.0778188043170505
1710778148.6313741,1.0585516028934054
1710778148.6314874,1.0396346780988905
1710778148.6316006,1.018615961074829
1710778148.6317136,0.9972469011942545
1710778148.6318269,0.9744766023423936
1710778148.6319401,0.9517062372631496
1710778148.6320534,0.9278849760691324
1710778148.6321664,0.9054650200737847
1710778148.6322796,0.8840958939658271
1710778148.632393,0.8630771769417657
1710778148.6325061,0.8427590131759644
1710778148.6326191,0.8227911922666762
1710778148.6327324,0.8007215129004585
1710778148.6328456,0.7793524530198839
1710778148.632959,0.7544802957110934
1710778148.6330721,0.7303086916605631
1710778148.6331851,0.7040352291531032
1710778148.6332984,0.6774114900165134
1710778148.6334116,0.6497367885377672
1710778148.633525,0.6234633260303073
1710778148.633638,0.5964893102645874
1710778148.6337512,0.5709164672427707
1710778148.6338644,0.5442926949924892
1710778148.6339777,0.5173186461130778
1710778148.6340907,0.49069487386279637
1710778148.634204,0.4616189334127638
1710778148.6343172,0.4318423734770881
1710778148.6344304,0.4027664330270555
1710778148.6345437,0.3733401828342014
1710778148.6346567,0.3442642092704773
1710778148.63477,0.3172901603910658
1710778148.6348832,0.2885645296838548
1710778148.6349964,0.2622910837332408
1710778148.6351094,0.23531700174013773
1710778148.6352227,0.2076423168182373
1710778148.635336,0.17856637636820474
1710778148.6354492,0.14843949013286167
1710778148.6355622,0.11796229415469699
1710778148.6356754,0.08573353290557861
1710778148.6357887,0.05525633692741394
1710778148.635902,0.02372820344236162
1710778148.636015,-0.005696938476628727
1710778148.6361282,-0.03546768592463599
1710778148.6362414,-0.06348720855183071
1710778148.6363547,-0.09325795703464083
1710778148.636468,-0.12302869723902808
1710778148.636581,-0.15209895041253832
1710778148.6366942,-0.18292042944166395
1710778148.6368074,-0.2144423955016666
1710778148.6369207,-0.24631460507710773
1710778148.6370337,-0.27748632762167186
1710778148.637147,-0.307257076104482
1710778148.6372602,-0.3373780846595764
1710778148.6373734,-0.3657478425237867
1710778148.6374865,-0.3948180874188741
1710778148.6375997,-0.42283763488133747
1710778148.637713,-0.4526083668073018
1710778148.6378262,-0.4827293422487047
1710778148.6379395,-0.5132005943192376
1710778148.6380525,-0.542971326245202
1710778148.6381657,-0.5734425783157349
1710778148.638279,-0.6028630998399522
1710778148.6383922,-0.6308825810750326
1710778148.6385052,-0.6575011544757419
1710778148.6386185,-0.6834191746181911
1710778148.6387317,-0.7086367739571465
1710778148.638845,-0.7335040966669718
1710778148.638958,-0.7587216960059272
1710778148.6390712,-0.7846397161483765
1710778148.6391845,-0.8102075258890787
1710778148.6392977,-0.8361256122589111
1710778148.6394107,-0.8616934219996134
1710778148.639524,-0.8862105343076918
1710778148.6396372,-0.909326606326633
1710778148.6397505,-0.9310417705112033
1710778148.6398637,-0.9513558944066365
1710778148.6399767,-0.9702691104676988
1710778148.64009,-0.990233023961385
1710778148.6402032,-1.0091461737950642
1710778148.6403165,-1.0270086261961195
1710778148.6404295,-1.0462720526589286
1710778148.6405427,-1.065185268719991
1710778148.640656,-1.082347167862786
1710778148.6407692,-1.0988086462020874
1710778148.6408823,-1.1142194271087646
1710778148.6409955,-1.1278789573245578
1710778148.6411088,-1.140837934282091
1710778148.641222,-1.154147254096137
1710778148.6413352,-1.1678067843119304
1710778148.6414483,-1.1821667353312175
1710778148.6415615,-1.1975774500105116
1710778148.6416748,-1.2133385075463188
1710778148.641788,-1.22909943262736
1710778148.641901,-1.2455609109666612
1710778148.6420143,-1.2595706515842013
1710778148.6421275,-1.2735803922017415
1710778148.6422408,-1.2854887379540336
1710778148.6423538,-1.295996109644572
1710778148.642467,-1.306503348880344
1710778148.6425803,-1.315609746509128
1710778148.6426935,-1.3250663545396593
1710778148.6428068,-1.3348731729719374
1710778148.6429198,-1.3432790173424614
1710778148.643033,-1.3513346513112385
1710778148.6431463,-1.3583395216200087
1710778148.6432595,-1.3621922334035237
1710778148.6433725,-1.366044945187039
1710778148.6434858,-1.3674459192487929
1710778148.643599,-1.3684965504540336
1710778148.6437123,-1.3691971037122939
1710778148.6438253,-1.3702478673723009
1710778148.6439385,-1.3723492622375488
1710778148.6440518,-1.3741004467010498
1710778148.644165,-1.3765521844228108
1710778148.644278,-1.378653711742825
1710778148.6443913,-1.380054685804579
1710778148.6445045,-1.380755106608073
1710778148.6446178,-1.380054685804579
1710778148.644731,-1.3776029480828178
1710778148.644844,-1.3748009999593098
1710778148.6449573,-1.3705980777740479
1710778148.6450706,-1.366044945187039
1710778148.6451838,-1.3618420230017767
1710778148.6452968,-1.3562379942999945
1710778148.64541,-1.3516848617129855
1710778148.6455233,-1.3460809654659696
1710778148.6456366,-1.3394263055589464
1710778148.6457496,-1.3303200403849285
1710778148.6458628,-1.320162879096137
1710778148.645976,-1.3082546657986112
1710778148.6460893,-1.2956457667880588
1710778148.6462026,-1.2826867898305256
1710778148.6463156,-1.2693774700164795
1710778148.6464288,-1.2574692567189534
1710778148.646542,-1.2455609109666612
1710778148.6466553,-1.232601934009128
1710778148.6467683,-1.219993167453342
1710778148.6468816,-1.2056330839792888
1710778148.6469948,-1.1905725797017415
1710778148.647108,-1.1737608909606934
1710778148.647221,-1.155548228157891
1710778148.6473343,-1.136985222498576
1710778148.6474476,-1.1180721388922796
1710778148.6475608,-1.0995091332329643
1710778148.647674,-1.0812964704301622
1710778148.647787,-1.063083741399977
1710778148.6479003,-1.0455715656280518
1710778148.6480136,-1.0270086261961195
1710778148.6481268,-1.0080954763624403
1710778148.6482399,-0.987431075837877
1710778148.648353,-0.9653657012515597
1710778148.6484663,-0.9429500500361124
1710778148.6485796,-0.9205344650480483
1710778148.6486926,-0.897768603430854
1710778148.6488059,-0.8764037158754137
1710778148.648919,-0.8543383412890964
1710778148.6490324,-0.833323664135403
1710778148.6491454,-0.8119587765799628
1710778148.6492586,-0.7909441656536526
1710778148.6493719,-0.7685285144382052
1710778148.649485,-0.7454123761918809
1710778148.6495984,-0.7215958171420627
1710778148.6497114,-0.6963782178031074
1710778148.6498246,-0.6715108950932821
1710778148.6499379,-0.6462933619817098
1710778148.650051,-0.6210757626427544
1710778148.6501641,-0.5969089269638062
1710778148.6502774,-0.5723918146557277
1710778148.6503906,-0.5485752556059096
1710778148.6505039,-0.5233576562669542
1710778148.650617,-0.49673911597993636
1710778148.6507301,-0.46942008866204155
1710778148.6508434,-0.4399995671378242
1710778148.6509566,-0.4102288352118598
1710778148.6510699,-0.38080834680133396
1710778148.651183,-0.35068733824623954
1710778148.6512961,-0.3216170933511522
1710778148.6514094,-0.2928970588578118
1710778148.6515226,-0.26417705747816295
1710778148.6516356,-0.23615752657254535
1710778148.651749,-0.20813801222377354
1710778148.6518621,-0.1787175072564019
1710778148.6519754,-0.1485965152581533
1710778148.6520884,-0.11847553153832753
1710778148.6522017,-0.0880042960246404
1710778148.652315,-0.05788330402639177
1710778148.6524282,-0.02846280319823159
1710778148.6525414,0.0006075733755197789
1710778148.6526544,0.02863258123397827
1710778148.6527677,0.05665758831633462
1710778148.652881,0.08468259539869097
1710778148.6529942,0.11375853584872352
1710778148.6531072,0.14353510406282213
1710778148.6532204,0.17436260978380838
1710778148.6533337,0.20624106129010517
1710778148.653447,0.23776920305358037
1710778148.65356,0.2692973282602098
1710778148.6536732,0.29977450768152875
1710778148.6537864,0.32990141047371757
1710778148.6538997,0.35827673143810695
1710778148.6540127,0.38630174265967476
1710778148.654126,0.4146770636240641
1710778148.6542392,0.4427020748456319
1710778148.6543524,0.4710773958100213
1710778148.6544657,0.5005036460028754
1710778148.6545787,0.5285286572244432
1710778148.654692,0.5562033255894979
1710778148.6548052,0.5838780270682441
1710778148.6549184,0.6108521090613471
1710778148.6550314,0.6353739897410074
1710778148.6551447,0.6588449080785116
1710778148.655258,0.6819655497868856
1710778148.6553712,0.7050861914952596
1710778148.6554842,0.7289074526892768
1710778148.6555974,0.752728713883294
1710778148.6557107,0.7765499750773112
1710778148.655824,0.8003712362713283
1710778148.6559372,0.8255937364366319
1710778148.6560502,0.8476634158028497
1710778148.6561635,0.8704337146547105
1710778148.6562767,0.891452497906155
1710778148.65639,0.9117705954445733
1710778148.656503,0.9306875202390883
1710778148.6566162,0.9506553411483765
1710778148.6567295,0.9695721997155083
1710778148.6568427,0.9895400206247965
1710778148.6569557,1.0088072220484416
1710778148.657069,1.029475662443373
1710778148.6571822,1.0490931404961479
1710778148.6572955,1.0666087600919936
1710778148.6574085,1.083774103058709
1710778148.6575217,1.099187864197625
1710778148.657635,1.1135506629943848
1710778148.6577482,1.1272128423055012
1710778148.6578615,1.1398241255018446
1710778148.6579745,1.153486304812961
1710778148.6580877,1.1657472451527913
1710778148.658201,1.180110110176934
1710778148.6583142,1.1934219466315374
1710778148.6584272,1.2063834402296278
1710778148.6585405,1.217943827311198
1710778148.6586537,1.2295040819380019
1710778148.658767,1.2393128871917725
1710778148.65888,1.2480706638760037
1710778148.6589932,1.257529126273261
1710778148.6591065,1.2659366925557454
1710778148.6592197,1.27574536535475
1710778148.659333,1.2859045134650335
1710778148.659446,1.2960635291205511
1710778148.6595592,1.3058723343743217
1710778148.6596725,1.3149804539150662
1710778148.6597857,1.322336991628011
1710778148.6598988,1.3275916046566434
1710778148.660012,1.3317954540252686
1710778148.6601253,1.3331966929965549
1710778148.6602385,1.3331966929965549
1710778148.6603515,1.3328463501400418
1710778148.6604648,1.3331966929965549
1710778148.660578,1.3328463501400418
1710778148.6606913,1.3310947683122423
1710778148.6608045,1.329693529340956
1710778148.6609175,1.3279419475131564
1710778148.6610308,1.3237382305992973
1710778148.661144,1.3198847240871854
1710778148.6612573,1.31427976820204
1710778148.6613703,1.3076237837473552
1710778148.6614835,1.3020188278622098
1710778148.6615968,1.2960635291205511
1710778148.66171,1.2897578875223796
1710778148.661823,1.2852038277520073
1710778148.6619363,1.2799490822686088
1710778148.6620495,1.2743441263834636
1710778148.6621628,1.2676881419287787
1710778148.6622758,1.259981393814087
1710778148.662389,1.249121692445543
1710778148.6625023,1.236860752105713
1710778148.6626155,1.2238991260528564
1710778148.6627288,1.2091860506269667
1710778148.6628418,1.1934219466315374
1710778148.662955,1.1790590816073947
1710778148.6630683,1.1636453204684787
1710778148.6631815,1.1482315593295627
1710778148.6632946,1.1328177981906467
1710778148.6634078,1.1167034837934706
1710778148.663521,1.099187864197625
1710778148.6636343,1.08027093940311
1710778148.6637473,1.0613540808359783
1710778148.6638606,1.0413862599266899
1710778148.6639738,1.0214184390174017
1710778148.664087,1.0014506181081135
1710778148.6642003,0.9821834166844685
1710778148.6643133,0.9643175204594929
1710778148.6644266,0.9457509385214912
1710778148.6645398,0.9271843565834893
1710778148.664653,0.9079171551598443
1710778148.664766,0.8868984381357828
1710778148.6648793,0.8648287587695651
1710778148.6649926,0.8417081170611911
1710778148.6651058,0.8175365130106608
1710778148.6652188,0.7923140128453572
1710778148.665332,0.7691933711369832
1710778148.6654453,0.745372109942966
1710778148.6655586,0.7222515344619751
1710778148.6656718,0.6998315122392442
1710778148.6657848,0.6767108705308702
1710778148.665898,0.6521889898512099
1710778148.6660113,0.6273167663150363
1710778148.6661246,0.6017439895206027
1710778148.6662376,0.5744195646709865
1710778148.6663508,0.5467448963059319
1710778148.666464,0.5183695753415426
1710778148.6665773,0.49069487386279637
1710778148.6666903,0.46266986264122856
1710778148.6668036,0.43604612350463867
1710778148.6669168,0.40907204151153564
1710778148.66703,0.38069672054714626
1710778148.667143,0.35267170932557845
1710778148.6672564,0.32289514938990277
1710778148.6673696,0.29206766022576225
1710778148.6674829,0.26053951846228707
1710778148.667596,0.22901137669881183
1710778148.667709,0.1974832514921824
1710778148.6678224,0.1677066749996609
1710778148.6679356,0.1375797970427407
1710778148.6680489,0.10850384831428528
1710778148.6681619,0.0797782176070743
1710778148.668275,0.05070227301783032
1710778148.6683884,0.020225079109271366
1710778148.6685016,-0.0102501114209493
1710778148.6686146,-0.042822808027267456
1710778148.6687279,-0.0750452611181471
1710778148.6688411,-0.10796820951832665
1710778148.6689544,-0.14089114136166042
1710778148.6690676,-0.17276335093710157
1710778148.6691806,-0.20463556051254272
1710778148.6692939,-0.23615752657254535
1710778148.6694071,-0.2673292491171095
1710778148.6695204,-0.29990196228027344
1710778148.6696334,-0.3314239117834303
1710778148.6697466,-0.36364638143115574
1710778148.66986,-0.3958688179651896
1710778148.6699731,-0.42879177464379203
1710778148.6700861,-0.46031372414694893
1710778148.6701994,-0.4904347327020433
1710778148.6703126,-0.5191547340816921
1710778148.670426,-0.546473761399587
1710778148.6705391,-0.5727420912848579
1710778148.6706522,-0.5986601114273071
1710778148.6707654,-0.6249284744262695
1710778148.6708786,-0.6508464945687188
1710778148.670992,-0.6778152783711752
1710778148.671105,-0.7044338517718844
1710778148.6712182,-0.7321031226052178
1710778148.6713314,-0.7590719064076741
1710778148.6714447,-0.7860406902101305
1710778148.6715577,-0.8112582895490859
1710778148.671671,-0.8354251252280341
1710778148.6717842,-0.8595919609069824
1710778148.6718974,-0.8827080991533067
1710778148.6720104,-0.906524658203125
1710778148.6721237,-0.9299910068511963
1710778148.672237,-0.9534573554992676
1710778148.6723502,-0.9779744678073459
1710778148.6724634,-1.0017910930845473
1710778148.6725764,-1.0242066780726116
1710778148.6726897,-1.0462720526589286
1710778148.672803,-1.065185268719991
1710778148.6729162,-1.0844486289554172
1710778148.6730292,-1.1012603839238484
1710778148.6731424,-1.1180721388922796
1710778148.6732557,-1.134883827633328
1710778148.673369,-1.152396069632636
1710778148.673482,-1.1699081791771782
1710778148.6735952,-1.1877706315782335
1710778148.6737084,-1.2052828735775418
1710778148.6738217,-1.22209456231859
1710778148.673935,-1.2364546457926433
1710778148.674048,-1.2511648072136772
1710778148.6741612,-1.2637735737694633
1710778148.6742744,-1.2753317091200087
1710778148.6743877,-1.2865395016140408
1710778148.6745007,-1.29879805776808
1710778148.674614,-1.3103560606638591
1710778148.6747272,-1.3222644064161513
1710778148.6748405,-1.3345229625701904
1710778148.6749535,-1.3464311758677165
1710778148.6750667,-1.3576389683617485
1710778148.67518,-1.3656946023305256
1710778148.6752932,-1.3734000258975558
1710778148.6754062,-1.380404896206326
1710778148.6755195,-1.386008792453342
1710778148.6756327,-1.3923132419586182
1710778148.675746,-1.397566795349121
1710778148.6758592,-1.4031708240509033
1710778148.6759722,-1.4080741670396593
1710778148.6760855,-1.4140282736884222
1710778148.6761987,-1.4185815387301974
1710778148.676312,-1.4206829335954454
1710778148.676425,-1.4234848817189534
1710778148.6765382,-1.4220839076571994
1710778148.6766515,-1.4206829335954454
1710778148.6767647,-1.4171805646684434
1710778148.6768777,-1.4143786165449355
1710778148.676991,-1.4094751411014133
1710778148.6771042,-1.4073737462361653
1710778148.6772175,-1.4031708240509033
1710778148.6773307,-1.3993181122673881
1710778148.6774437,-1.3937142160203722
1710778148.677557,-1.387759976916843
1710778148.6776702,-1.380404896206326
1710778148.6777835,-1.3698975245157878
1710778148.6778965,-1.3583395216200087
1710778148.6780097,-1.3478321499294705
1710778148.678123,-1.3352233833736844
1710778148.6782362,-1.3233151700761583
1710778148.6783493,-1.3128077983856201
1710778148.6784625,-1.301600005891588
1710778148.6785758,-1.2903922133975558
1710778148.678689,-1.2791844209035237
1710778148.6788023,-1.2665755218929715
1710778148.6789153,-1.2522155708736844
1710778148.6790285,-1.23680485619439
1710778148.6791418,-1.221043798658583
1710778148.679255,-1.2042321099175346
1710778148.679368,-1.1874204211764865
1710778148.6794813,-1.1713091532389324
1710778148.6795945,-1.155548228157891
1710778148.6797078,-1.13908674981859
1710778148.6798208,-1.1233256922827826
1710778148.679934,-1.1068642801708646
1710778148.6800473,-1.0883013407389324
1710778148.6801605,-1.069037914276123
1710778148.6802735,-1.0480233033498128
1710778148.6803868,-1.0263081391652424
1710778148.6805,-1.0042427645789251
1710778148.6806133,-0.981476902961731
1710778148.6807265,-0.9590612517462836
1710778148.6808395,-0.9373461537890964
1710778148.6809528,-0.915630989604526
1710778148.681066,-0.8946163786782159
1710778148.6811793,-0.8711500300301446
1710778148.6812923,-0.8480338917838203
1710778148.6814055,-0.824217332734002
1710778148.6815188,-0.7979490359624226
1710778148.681632,-0.7723812262217203
1710778148.681745,-0.7464631398518881
1710778148.6818583,-0.7212455405129327
1710778148.6819715,-0.6963782178031074
1710778148.6820848,-0.6718611717224121
1710778148.682198,-0.6476943360434638
1710778148.682311,-0.6238777107662624
1710778148.6824243,-0.5990103880564371
1710778148.6825376,-0.5734425783157349
1710778148.6826508,-0.5461235178841485
1710778148.6827638,-0.5184542470508151
1710778148.682877,-0.4890337586402893
1710778148.6829903,-0.46066396766238743
1710778148.6831036,-0.43229420979817706
1710778148.6832166,-0.4035742084185282
1710778148.6833298,-0.3759049044715034
1710778148.683443,-0.34823563363817
1710778148.6835563,-0.3195156322585212
1710778148.6836696,-0.29044535424974227
1710778148.6837826,-0.2596238917774624
1710778148.6838958,-0.2284521692328983
1710778148.684009,-0.19622971614201862
1710778148.6841223,-0.16365701953570047
1710778148.6842353,-0.13038382762008244
1710778148.6843486,-0.09886186156007978
1710778148.6844618,-0.06733989550007714
1710778148.684575,-0.036518416470951505
1710778148.684688,-0.0070979151253898936
1710778148.6848013,0.023027579817507002
1710778148.6849146,0.05385508553849326
1710778148.6850278,0.08433228565586938
1710778148.6851408,0.1158604191409217
1710778148.685254,0.14738854434755114
1710778148.6853673,0.17926699585384792
1710778148.6854806,0.20939388208919102
1710778148.6855938,0.23952075176768833
1710778148.6857069,0.2682463990317451
1710778148.68582,0.29662171999613446
1710778148.6859334,0.3235957688755459
1710778148.6860466,0.3519710898399353
1710778148.6861596,0.3796457913186815
1710778148.6862729,0.40872173176871407
1710778148.686386,0.4381479819615682
1710778148.6864994,0.46757426526811385
1710778148.6866124,0.497000515460968
1710778148.6867256,0.5253758364253573
1710778148.6868389,0.5523498853047689
1710778148.686952,0.5782730049557155
1710778148.6870654,0.602444609006246
1710778148.6871784,0.6262658702002631
1710778148.6872916,0.6497367885377672
1710778148.6874049,0.6735580497317843
1710778148.6875181,0.6959780719545152
1710778148.6876311,0.7190987136628892
1710778148.6877444,0.7422193553712633
1710778148.6878576,0.7649896542231241
1710778148.6879709,0.7853077517615424
1710778148.688084,0.8063265350129869
1710778148.6881971,0.8259440130657619
1710778148.6883104,0.8448609378602769
1710778148.6884236,0.8634274535708957
1710778148.6885366,0.8840958939658271
1710778148.68865,0.9040637148751153
1710778148.6887631,0.9254327747556899
1710778148.6888764,0.9471521774927775
1710778148.6889896,0.9688715802298652
1710778148.6891026,0.991291602452596
1710778148.689216,1.0123103194766574
1710778148.6893291,1.0319278637568157
1710778148.6894424,1.0501441028383043
1710778148.6895554,1.0666087600919936
1710778148.6896687,1.0830734835730658
1710778148.689782,1.099187864197625
1710778148.6898952,1.114251348707411
1710778148.6900082,1.1307160059611003
1710778148.6901214,1.1461297671000164
1710778148.6902347,1.160842842525906
1710778148.690348,1.1752057075500488
1710778148.6904612,1.187816990746392
1710778148.6905742,1.1993772453731961
1710778148.6906874,1.2095362610287137
1710778148.6908007,1.2196954091389973
1710778148.690914,1.2277526325649686
1710778148.691027,1.2379116482204862
1710778148.6911402,1.2463190820482042
1710778148.6912534,1.257178783416748
1710778148.6913667,1.2669875886705186
1710778148.6914797,1.2767963939242892
1710778148.691593,1.2855541706085205
1710778148.6917062,1.2922100226084392
1710778148.6918194,1.2981654538048637
1710778148.6919327,1.3020188278622098
1710778148.6920457,1.3048213058047824
1710778148.692159,1.3076237837473552
1710778148.6922722,1.3093753655751545
1710778148.6923854,1.3114772902594671
1710778148.6924984,1.3139294253455267
1710778148.6926117,1.3156810071733263
1710778148.692725,1.3170822461446126
1710778148.6928382,1.3177829318576388
1710778148.6929512,1.3170822461446126
1710778148.6930645,1.3135792149437797
1710778148.6931777,1.310426394144694
1710778148.693291,1.3051716486612956
1710778148.693404,1.298866007063124
1710778148.6935172,1.2932610511779785
1710778148.6936305,1.2869554095798068
1710778148.6937437,1.2820510069529216
1710778148.693857,1.27574536535475
1710778148.69397,1.2690895133548312
1710778148.6940832,1.2620831860436332
1710778148.6941965,1.252975066502889
1710778148.6943097,1.241765022277832
1710778148.6944227,1.2316060066223145
1710778148.694536,1.2193450662824843
1710778148.6946492,1.2070841259426541
1710778148.6947625,1.19552387131585
1710778148.6948755,1.1846641699473064
1710778148.6949887,1.1741546789805095
1710778148.695102,1.1636453204684787
1710778148.6952152,1.1524354086981878
1710778148.6953285,1.141225364473131
1710778148.6954415,1.1282637384202745
1710778148.6955547,1.114601559109158
1710778148.695668,1.098837521341112
1710778148.6957812,1.0827231407165527
1710778148.6958942,1.0662584834628634
1710778148.6960075,1.0480422443813748
1710778148.6961207,1.0326284832424588
1710778148.696234,1.0168643792470295
1710778148.696347,0.9996991025076972
1710778148.6964602,0.9825337595409817
1710778148.6965735,0.9643175204594929
1710778148.6966867,0.9457509385214912
1710778148.6968,0.9243818786409166
1710778148.696913,0.9044140577316284
1710778148.6970263,0.8816437588797675
1710778148.6971395,0.8609753184848361
1710778148.6972528,0.8403068780899048
1710778148.6973658,0.8199887143241035
1710778148.697479,0.7989699310726589
1710778148.6975923,0.7783014906777276
1710778148.6977055,0.7583336697684394
1710778148.6978185,0.7369646098878648
1710778148.6979318,0.7131433486938477
1710778148.698045,0.6879208485285441
1710778148.6981583,0.6626983483632406
1710778148.6982713,0.6353739897410074
1710778148.6983845,0.6083999077479044
1710778148.6984978,0.5817761686113145
1710778148.698611,0.5551523963610331
1710778148.6987243,0.5288789669672648
1710778148.6988373,0.5022551947169833
1710778148.6989505,0.47563145558039344
1710778148.6990638,0.44795675410164726
1710778148.699177,0.4195814331372579
1710778148.69929,0.39050549268722534
1710778148.6994033,0.3610792424943712
1710778148.6995165,0.3327039215299818
1710778148.6996298,0.30467891030841404
1710778148.6997428,0.27735451857248944
1710778148.699856,0.25003014339341056
1710778148.6999693,0.22410700718561807
1710778148.7000825,0.19713294174936083
1710778148.7001958,0.1701588597562578
1710778148.7003088,0.14178353879186842
1710778148.700422,0.1120069788561927
1710778148.7005353,0.08117946485678355
1710778148.7006485,0.04965133551094267
1710778148.7007616,0.017072265553805564
1710778148.7008748,-0.014803284365269873
1710778148.700988,-0.045975007944636874
1710778148.7011013,-0.07679648697376251
1710778148.7012143,-0.10761795772446527
1710778148.7013276,-0.1377389497227139
1710778148.7014408,-0.16856042875183952
1710778148.701554,-0.19938190778096515
1710778148.7016673,-0.2305536303255293
1710778148.7017803,-0.26207559638553196
1710778148.7018936,-0.2935975458886888
1710778148.7020068,-0.3240687979592217
1710778148.70212,-0.3538395298851861
1710778148.702233,-0.38185907734764946
1710778148.7023463,-0.4091781046655443
1710778148.7024596,-0.4354464014371236
1710778148.7025728,-0.4613644546932644
1710778148.7026858,-0.48798302809397376
1710778148.702799,-0.5146015683809916
1710778148.7029123,-0.542270839214325
1710778148.7030256,-0.5706406301922268
1710778148.7031386,-0.5983099010255601
1710778148.7032518,-0.6256289614571465
1710778148.703365,-0.6518972582287258
1710778148.7034783,-0.6767645809385512
1710778148.7035916,-0.7016319036483765
1710778148.7037046,-0.7257987393273247
1710778148.7038178,-0.748214324315389
1710778148.703931,-0.7720309495925903
1710778148.7040443,-0.7965480619006686
1710778148.7041574,-0.8210651079813639
1710778148.7042706,-0.8462827073203193
1710778148.7043839,-0.8715002404318916
1710778148.704497,-0.8953168657090929
1710778148.70461,-0.9187832143571641
1710778148.7047234,-0.9404983785417345
1710778148.7048366,-0.9618632660971748
1710778148.7049499,-0.982527666621738
1710778148.705063,-1.0031920671463013
1710778148.705176,-1.0245569547017415
1710778148.7052894,-1.0455715656280518
1710778148.7054026,-1.067987216843499
1710778148.7055159,-1.0893521043989394
1710778148.7056289,-1.1110672023561265
1710778148.7057421,-1.1313813262515597
1710778148.7058554,-1.149594121509128
1710778148.7059686,-1.1664058102501762
1710778148.7060816,-1.1839179197947185
1710778148.7061949,-1.2003793981340196
1710778148.7063081,-1.2154399024115667
1710778148.7064214,-1.231200959947374
1710778148.7065344,-1.2476624382866752
1710778148.7066476,-1.2637735737694633
1710778148.706761,-1.2795346313052707
1710778148.7068741,-1.2956457667880588
1710778148.7069874,-1.308955086602105
1710778148.7071004,-1.321563853157891
1710778148.7072136,-1.3320712248484294
1710778148.707327,-1.3422282536824544
1710778148.7074401,-1.3506340980529785
1710778148.7075531,-1.3586897320217557
1710778148.7076664,-1.3667453659905326
1710778148.7077796,-1.3751512103610568
1710778148.707893,-1.382856633928087
1710778148.708006,-1.390211714638604
1710778148.7081192,-1.3965161641438801
1710778148.7082324,-1.400368743472629
1710778148.7083457,-1.4038712448543973
1710778148.708459,-1.4052722189161513
1710778148.708572,-1.4045717981126573
1710778148.7086852,-1.4042214552561443
1710778148.7087984,-1.4031708240509033
1710778148.7089117,-1.4024702707926433
1710778148.7090247,-1.4021200603908963
1710778148.709138,-1.4024702707926433
1710778148.7092512,-1.4007190863291423
1710778148.7093644,-1.399668322669135
1710778148.7094774,-1.398267348607381
1710778148.7095907,-1.3947648472256131
1710778148.709704,-1.3898615042368572
1710778148.7098172,-1.384958028793335
1710778148.7099304,-1.3776029480828178
1710778148.7100434,-1.3716488414340549
1710778148.7101567,-1.3663951555887859
1710778148.71027,-1.3600907060835097
1710778148.7103832,-1.3541365994347465
1710778148.7104962,-1.3478321499294705
1710778148.7106094,-1.3394263055589464
1710778148.7107227,-1.3310204611884222
1710778148.710836,-1.3191122478908963
1710778148.710949,-1.306153138478597
1710778148.7110622,-1.2931941615210638
1710778148.7111754,-1.2784838676452637
1710778148.7112887,-1.2637735737694633
1710778148.7114017,-1.2497638331519232
1710778148.711515,-1.23610430293613
1710778148.7116282,-1.22209456231859
1710778148.7117414,-1.2080848217010498
1710778148.7118547,-1.1930243174235027
1710778148.7119677,-1.1772633923424614
1710778148.712081,-1.1604515711466472
1710778148.7121942,-1.142238908343845
1710778148.7123075,-1.1240262455410428
1710778148.7124205,-1.1058135165108574
1710778148.7125337,-1.0869003666771782
1710778148.712647,-1.069037914276123
1710778148.7127602,-1.0511754618750677
1710778148.7128732,-1.0340134965048895
1710778148.7129865,-1.0151003466712103
1710778148.7130997,-0.9954866435792711
1710778148.713213,-0.9751725196838379
1710778148.7133262,-0.9534573554992676
1710778148.7134392,-0.9292905198203193
1710778148.7135525,-0.9044231971104939
1710778148.7136657,-0.8802563614315456
1710778148.713779,-0.8553890387217203
1710778148.713892,-0.830871926413642
1710778148.7140052,-0.8067050907346938
1710778148.7141185,-0.7832387420866225
1710778148.7142317,-0.7587216960059272
1710778148.7143447,-0.7331538862652248
1710778148.714458,-0.7075860765245225
1710778148.7145712,-0.6809675031238132
1710778148.7146845,-0.6529479556613498
1710778148.7147977,-0.6249284744262695
1710778148.7149107,-0.595858163303799
1710778148.715024,-0.5674884054395888
1710778148.7151372,-0.540869865152571
1710778148.7152505,-0.512850350803799
1710778148.7153635,-0.4851810799704658
1710778148.7154768,-0.45646104547712535
1710778148.71559,-0.426690313551161
1710778148.7157032,-0.3951683309343126
1710778148.7158163,-0.3625956508848402
1710778148.7159295,-0.3286219636599223
1710778148.7160428,-0.29499851995044285
1710778148.716156,-0.2610248658392164
1710778148.716269,-0.22705119517114428
1710778148.7163823,-0.19587947262658012
1710778148.7164955,-0.1650579935974545
1710778148.7166088,-0.13318577574359045
1710778148.716722,-0.1027145485083262
1710778148.716835,-0.07189306947920057
1710778148.7169483,-0.04142183396551344
1710778148.7170615,-0.00849889125674963
1710778148.7171748,0.021976642310619354
1710778148.7172878,0.05385508553849326
1710778148.717401,0.0839819676346249
1710778148.7175143,0.11480947335561116
1710778148.7176275,0.14318479432000053
1710778148.7177405,0.1722607347700331
1710778148.7178538,0.20063605573442247
1710778148.717967,0.23006232248412237
1710778148.7180803,0.26053951846228707
1710778148.7181935,0.2906663881407844
1710778148.7183065,0.32219452990425956
1710778148.7184198,0.3530220521820916
1710778148.718533,0.38490047057469684
1710778148.7186463,0.4153776831097073
1710778148.7187593,0.44410331381691825
1710778148.7188725,0.47212832503848606
1710778148.7189858,0.49875206417507595
1710778148.719099,0.5250255266825358
1710778148.719212,0.5519995755619472
1710778148.7193253,0.5775723854700724
1710778148.7194386,0.6045464674631754
1710778148.7195518,0.6308199299706353
1710778148.719665,0.6574436691072252
1710778148.719778,0.6840674082438151
1710778148.7198913,0.7089396317799886
1710778148.7200046,0.7324105501174927
1710778148.7201178,0.7555311918258667
1710778148.7202308,0.7779512140485976
1710778148.720344,0.8000208934148152
1710778148.7204573,0.8231415351231892
1710778148.7205706,0.8455615573459201
1710778148.7206836,0.8690324756834242
1710778148.7207968,0.8918027745352851
1710778148.72091,0.9149234162436591
1710778148.7210233,0.93769371509552
1710778148.7211363,0.9583622217178345
1710778148.7212496,0.9776293569140964
1710778148.7213628,0.9965462817086114
1710778148.721476,1.0144121779335868
1710778148.7215893,1.0326284832424588
1710778148.7217023,1.0504943794674344
1710778148.7218156,1.0690609614054363
1710778148.7219288,1.0886785056855943
1710778148.722042,1.1079456408818562
1710778148.722155,1.1272128423055012
1710778148.7222683,1.1461297671000164
1710778148.7223816,1.1632951100667317
1710778148.7224948,1.180460320578681
1710778148.7226079,1.1944728427463107
1710778148.722721,1.2081350220574272
1710778148.7228343,1.2217972013685439
1710778148.7229476,1.2354595131344266
1710778148.7230608,1.2477204534742568
1710778148.7231739,1.260681947072347
1710778148.723287,1.272592544555664
1710778148.7234004,1.2831019030676947
1710778148.7235136,1.2929107083214653
1710778148.7236266,1.3002672460344102
1710778148.7237399,1.3062225447760687
1710778148.723853,1.3100760512881808
1710778148.7239664,1.3132288720872667
1710778148.7240794,1.3156810071733263
1710778148.7241926,1.3191841708289251
1710778148.7243059,1.3212860955132377
1710778148.724419,1.3247891267140706
1710778148.7245321,1.3268910513983831
1710778148.7246454,1.329693529340956
1710778148.7247586,1.3310947683122423
1710778148.7248719,1.3303942150539823
1710778148.7249851,1.3289928436279297
1710778148.7250981,1.32584015528361
1710778148.7252114,1.321986648771498
1710778148.7253246,1.3177829318576388
1710778148.7254379,1.3132288720872667
1710778148.725551,1.3093753655751545
1710778148.7256641,1.3048213058047824
1710778148.7257774,1.3016684850056965
1710778148.7258906,1.2964138719770644
1710778148.7260036,1.2908087836371527
1710778148.726117,1.283802588780721
1710778148.7262301,1.276095708211263
1710778148.7263434,1.2673379315270317
1710778148.7264566,1.2582298119862874
1710778148.7265697,1.249822245703803
1710778148.726683,1.2407141261630588
1710778148.7267962,1.2330072455936008
1710778148.7269094,1.225650707880656
1710778148.7270224,1.218294170167711
1710778148.7271357,1.2095362610287137
1710778148.727249,1.2000779310862224
1710778148.7273622,1.1885175440046523
1710778148.7274752,1.1755560504065619
1710778148.7275884,1.1604924996693928
1710778148.7277017,1.1447285281287298
1710778148.727815,1.1289644241333008
1710778148.7279282,1.1124997668796115
1710778148.7280412,1.0963853200276692
1710778148.7281544,1.0806212822596233
1710778148.7282677,1.064156625005934
1710778148.728381,1.0466409391827054
1710778148.728494,1.0284247001012166
1710778148.7286072,1.0095078415340848
1710778148.7287204,0.9888394011391534
1710778148.7288337,0.9688715802298652
1710778148.7289467,0.9471521774927775
1710778148.72906,0.926133460468716
1710778148.7291732,0.9058152967029147
1710778148.7292864,0.8858474757936265
1710778148.7293994,0.8672808938556247
1710778148.7295127,0.8476634158028497
1710778148.729626,0.8269949754079182
1710778148.7297392,0.8056259155273438
1710778148.7298524,0.7825052738189697
1710778148.7299654,0.7579833931393093
1710778148.7300787,0.7327608929740058
1710778148.730192,0.7057868109809028
1710778148.7303052,0.6805643108155992
1710778148.7304182,0.6546411911646525
1710778148.7305315,0.629418690999349
1710778148.7306447,0.6041961908340454
1710778148.730758,0.5786233478122287
1710778148.730871,0.5523498853047689
1710778148.7309842,0.5250255266825358
1710778148.7310975,0.4973508252037896
1710778148.7312107,0.46757426526811385
1710778148.731324,0.43744736247592503
1710778148.731437,0.4076708025402493
1710778148.7315502,0.3782445523473951
1710778148.7316635,0.3491686118973626
1710778148.7317767,0.3207932909329732
1710778148.7318897,0.29276827971140545
1710778148.732003,0.26439295874701607
1710778148.7321162,0.23496669199731615
1710778148.7322295,0.20483980576197305
1710778148.7323425,0.1736619902981652
1710778148.7324557,0.14213386509153578
1710778148.732569,0.10990510384241739
1710778148.7326822,0.07837697035736507
1710778148.7327955,0.04754946049716737
1710778148.7329085,0.017422578401035733
1710778148.7330217,-0.0120013321025504
1710778148.733135,-0.040721346934636436
1710778148.7332482,-0.07084233065446217
1710778148.7333612,-0.09921210507551828
1710778148.7334745,-0.12898285355832842
1710778148.7335877,-0.15945408079359266
1710778148.733701,-0.1902755598227183
1710778148.733814,-0.22039655182096693
1710778148.7339272,-0.24981705678833854
1710778148.7340405,-0.2785370747248332
1710778148.7341537,-0.305856102042728
1710778148.7342668,-0.33212439881430733
1710778148.73438,-0.3573419650395711
1710778148.7344933,-0.38220932086308795
1710778148.7346065,-0.4074268870883518
1710778148.7347198,-0.4340454273753696
1710778148.7348328,-0.4599634806315104
1710778148.734946,-0.48728254106309676
1710778148.7350593,-0.5142513248655531
1710778148.7351725,-0.5394688910908169
1710778148.7352855,-0.5660874313778347
1710778148.7353988,-0.5909547540876601
1710778148.735512,-0.6144211027357314
1710778148.7356253,-0.6389382150438097
1710778148.7357383,-0.6634552611245049
1710778148.7358515,-0.6893733474943373
1710778148.7359648,-0.7152914338641696
1710778148.736078,-0.741909941037496
1710778148.7361913,-0.7692290014690822
1710778148.7363043,-0.7965480619006686
1710778148.7364175,-0.822115871641371
1710778148.7365308,-0.8466329177220662
1710778148.736644,-0.8707997534010146
1710778148.736757,-0.8939158916473389
1710778148.7368703,-0.91703196366628
1710778148.7369835,-0.9380466408199734
1710778148.7370968,-0.9601120154062907
1710778148.7372098,-0.982177389992608
1710778148.737323,-1.0059940152698092
1710778148.7374363,-1.0263081391652424
1710778148.7375495,-1.0487237903806899
1710778148.7376628,-1.067987216843499
1710778148.7377758,-1.0869003666771782
1710778148.737889,-1.1037120554182265
1710778148.7380023,-1.1198233233557806
1710778148.7381155,-1.135234038035075
1710778148.7382286,-1.150995095570882
1710778148.7383418,-1.1674564414554172
1710778148.738455,-1.1835677093929715
1710778148.7385683,-1.2000291877322726
1710778148.7386813,-1.216490666071574
1710778148.7387946,-1.231551170349121
1710778148.7389078,-1.2462614642249212
1710778148.739021,-1.2585200203789604
1710778148.739134,-1.2697278128729925
1710778148.7392473,-1.2798848417070177
1710778148.7393606,-1.2903922133975558
1710778148.7394738,-1.300199031829834
1710778148.739587,-1.3100058502621121
1710778148.7397,-1.320162879096137
1710778148.7398133,-1.3299696975284152
1710778148.7399266,-1.3397766484154594
1710778148.7400398,-1.3471317291259766
1710778148.7401528,-1.3541365994347465
1710778148.740266,-1.3593902852800157
1710778148.7403793,-1.3628926542070177
1710778148.7404926,-1.3656946023305256
1710778148.7406056,-1.3667453659905326
1710778148.7407188,-1.3684965504540336
1710778148.740832,-1.3705980777740479
1710778148.7409453,-1.3723492622375488
1710778148.7410586,-1.3748009999593098
1710778148.7411716,-1.3758517636193168
1710778148.7412848,-1.3765521844228108
1710778148.741398,-1.3758517636193168
1710778148.7415113,-1.3737502362993028
1710778148.7416244,-1.3709482881757948
1710778148.7417376,-1.3667453659905326
1710778148.7418509,-1.3614916801452637
1710778148.741964,-1.3576389683617485
1710778148.742077,-1.3541365994347465
1710778148.7421904,-1.3513346513112385
1710778148.7423036,-1.3471317291259766
1710778148.7424169,-1.3432790173424614
1710778148.7425299,-1.3376751210954454
1710778148.742643,-1.3317210144466824
1710778148.7427564,-1.3236653804779053
1710778148.7428696,-1.314558982849121
1710778148.7429829,-1.30510237481859
1710778148.7430959,-1.2942447927263048
1710778148.7432091,-1.2840877638922796
1710778148.7433224,-1.2735803922017415
1710778148.7434356,-1.2637735737694633
1710778148.7435486,-1.2546673085954454
1710778148.7436619,-1.2445101473066542
1710778148.7437751,-1.232952144410875
1710778148.7438884,-1.221043798658583
1710778148.7440014,-1.2073842684427898
1710778148.7441146,-1.1933745278252494
1710778148.744228,-1.1783140235477023
1710778148.7443411,-1.1629033088684082
1710778148.7444544,-1.1481930149926078
1710778148.7445674,-1.1320818795098198
1710778148.7446806,-1.1177217960357666
1710778148.744794,-1.1026613579856024
1710778148.7449071,-1.0861998796463013
1710778148.7450202,-1.068687703874376
1710778148.7451334,-1.0497744878133137
1710778148.7452466,-1.0287598768870037
1710778148.74536,-1.0066945023006864
1710778148.745473,-0.9835783640543619
1710778148.7455862,-0.9604622920354207
1710778148.7456994,-0.9373461537890964
1710778148.7458127,-0.9142300155427721
1710778148.745926,-0.8925149175855849
1710778148.746039,-0.8704495429992676
1710778148.7461522,-0.8480338917838203
1710778148.7462654,-0.824917819764879
1710778148.7463787,-0.8000504970550537
1710778148.7464917,-0.7748328977160983
1710778148.746605,-0.748564600944519
1710778148.7467182,-0.7215958171420627
1710778148.7468314,-0.6949772437413534
1710778148.7469444,-0.669409434000651
1710778148.7470577,-0.6434914138582017
1710778148.747171,-0.6175733274883694
1710778148.7472842,-0.5913050307167901
1710778148.7473972,-0.5650367339452108
1710778148.7475104,-0.5370171864827474
1710778148.7476237,-0.5079469415876601
1710778148.747737,-0.47747568951712716
1710778148.7478502,-0.44735471407572425
1710778148.7479632,-0.41548248794343734
1710778148.7480764,-0.3846610254711575
1710778148.7481897,-0.35454001691606307
1710778148.748303,-0.3251195285055372
1710778148.748416,-0.2967497706413269
1710778148.7485292,-0.26767949263254803
1710778148.7486424,-0.23825900422202215
1710778148.7487557,-0.20743752519289652
1710778148.7488687,-0.17731653319464788
1710778148.748982,-0.14684529768096075
1710778148.7490952,-0.11462284459008111
1710778148.7492085,-0.08380136556095547
1710778148.7493217,-0.05262964301639133
1710778148.7494347,-0.02250865308774842
1710778148.749548,0.006913200227750672
1710778148.7496612,0.03563883403937022
1710778148.7497745,0.06401415086454815
1710778148.7498875,0.09344041347503662
1710778148.7500007,0.12286666366789076
1710778148.750114,0.153694169388877
1710778148.7502272,0.18452167510986328
1710778148.7503402,0.2153491973876953
1710778148.7504535,0.24477544758054945
1710778148.7505667,0.273851388030582
1710778148.75068,0.30257701873779297
1710778148.7507932,0.33025172021653915
1710778148.7509062,0.3558245301246643
1710778148.7510195,0.38384954134623206
1710778148.7511327,0.4104733135965135
1710778148.751246,0.4381479819615682
1710778148.751359,0.46687361266877914
1710778148.7514722,0.4952489336331685
1710778148.7515855,0.5236242545975579
1710778148.7516987,0.5516492658191257
1710778148.7518117,0.579323967297872
1710778148.751925,0.6048968103196886
1710778148.7520382,0.6308199299706353
1710778148.7521515,0.6546411911646525
1710778148.7522645,0.679863691329956
1710778148.7523777,0.7040352291531032
1710778148.752491,0.7303086916605631
1710778148.7526042,0.7555311918258667
1710778148.7527175,0.7818046543333266
1710778148.7528305,0.80702715449863
1710778148.7529438,0.8325999975204468
1710778148.753057,0.856771535343594
1710778148.7531703,0.879892177051968
1710778148.7532833,0.9023121992746989
1710778148.7533965,0.9247321552700466
1710778148.7535098,0.9461012813780043
1710778148.753623,0.9695721997155083
1710778148.753736,0.9926928414238824
1710778148.7538493,1.0158134831322563
1710778148.7539625,1.0396346780988905
1710778148.7540758,1.0624050431781344
1710778148.754189,1.084124379687839
1710778148.754302,1.102690961625841
1710778148.7544153,1.1216078864203558
1710778148.7545285,1.1373718579610188
1710778148.7546418,1.1520850658416748
1710778148.7547548,1.1671484841240776
1710778148.754868,1.1818615595499675
1710778148.7549813,1.195874081717597
1710778148.7550945,1.2091860506269667
1710778148.7552075,1.2231985727945964
1710778148.7553208,1.2354595131344266
1710778148.755434,1.2473701106177435
1710778148.7555473,1.2578794691297743
1710778148.7556605,1.2669875886705186
1710778148.7557735,1.2753950224982367
1710778148.7558868,1.283452245924208
1710778148.756,1.2908087836371527
1710778148.7561133,1.299216349919637
1710778148.7562263,1.3083244694603813
1710778148.7563396,1.3167319032880995
1710778148.7564528,1.3247891267140706
1710778148.756566,1.3328463501400418
1710778148.756679,1.337750752766927
1710778148.7567923,1.3423048125372992
1710778148.7569056,1.3444066047668457
1710778148.7570188,1.3444066047668457
1710778148.7571318,1.3440563943650987
1710778148.757245,1.3433557086520724
1710778148.7573583,1.3423048125372992
1710778148.7574716,1.3416041268242729
1710778148.7575848,1.3409035735660129
1710778148.7576978,1.3384513060251872
1710778148.757811,1.3370500670539007
1710778148.7579243,1.3331966929965549
1710778148.7580376,1.329693529340956
1710778148.7581506,1.3230375448862712
1710778148.7582638,1.3170822461446126
1710778148.758377,1.3100760512881808
1710778148.7584903,1.3037704096900091
1710778148.7586033,1.2978151109483507
1710778148.7587166,1.2918598122066922
1710778148.7588298,1.2869554095798068
1710778148.758943,1.280649767981635
1710778148.7590563,1.2736435731252034
1710778148.7591693,1.2655863496992323
1710778148.7592826,1.2554272015889485
1710778148.7593958,1.2449178430769179
1710778148.759509,1.2323066923353407
1710778148.759622,1.2193450662824843
1710778148.7597353,1.2070841259426541
1710778148.7598486,1.194823185602824
1710778148.7599618,1.1811610062917073
1710778148.7600749,1.1699509620666504
1710778148.760188,1.156639125612047
1710778148.7603014,1.1429769463009305
1710778148.7604146,1.1282637384202745
1710778148.7605276,1.1121494240230985
1710778148.7606409,1.0935828420850966
1710778148.760754,1.0753666030036078
1710778148.7608674,1.0557490587234497
1710778148.7609806,1.037182543012831
1710778148.7610936,1.0175649987326727
1710778148.7612069,0.9986481401655409
1710778148.76132,0.9800815582275391
1710778148.7614334,0.9604640801747639
1710778148.7615464,0.9401459164089626
1710778148.7616596,0.918426579899258
1710778148.7617729,0.895305938190884
1710778148.7618861,0.8714846769968668
1710778148.7619991,0.8459118339750502
1710778148.7621124,0.8210396766662598
1710778148.7622256,0.795466833644443
1710778148.7623389,0.7709449529647827
1710778148.7624521,0.7467734151416354
1710778148.7625651,0.721901191605462
1710778148.7626784,0.6977296537823147
1710778148.7627916,0.6718064679039849
1710778148.762905,0.6437814897961086
1710778148.763018,0.6157565116882324
1710778148.7631311,0.5856296088960435
1710778148.7632444,0.5555027061038547
1710778148.7633576,0.5253758364253573
1710778148.7634706,0.49559927648968166
1710778148.763584,0.46652330292595756
1710778148.7636971,0.4370970527331034
1710778148.7638104,0.40907204151153564
1710778148.7639236,0.37999610106150306
1710778148.7640367,0.3512704703542921
1710778148.76415,0.32219452990425956
1710778148.7642632,0.29101669788360596
1710778148.7643764,0.26053951846228707
1710778148.7644894,0.2297120127413008
1710778148.7646027,0.20028574599160087
1710778148.764716,0.1701588597562578
1710778148.7648292,0.14213386509153578
1710778148.7649422,0.11515979137685564
1710778148.7650554,0.08678447041246626
1710778148.7651687,0.059109777212142944
1710778148.765282,0.030384144435326256
1710778148.765395,0.0013081985525786877
1710778148.7655082,-0.028813046713670094
1710778148.7656214,-0.06033501277367274
1710778148.7657347,-0.09115648766358693
1710778148.765848,-0.12232821020815107
1710778148.765961,-0.1527994540002611
1710778148.7660742,-0.18292042944166395
1710778148.7661874,-0.21164044737815857
1710778148.7663007,-0.2403604653146532
1710778148.7664137,-0.2701312137974633
1710778148.766527,-0.29990196228027344
1710778148.7666402,-0.3303731812371148
1710778148.7667534,-0.3604941897922092
1710778148.7668664,-0.39201613929536605
1710778148.7669797,-0.42248739136589897
1710778148.767093,-0.45155763626098633
1710778148.7672062,-0.48027763764063514
1710778148.7673194,-0.5079469415876601
1710778148.7674325,-0.5342152383592393
1710778148.7675457,-0.5594328376981947
1710778148.767659,-0.586051344871521
1710778148.7677722,-0.6119694312413534
1710778148.7678852,-0.6392884254455566
1710778148.7679985,-0.666957762506273
1710778148.7681117,-0.6939265463087294
1710778148.768225,-0.7208953301111857
1710778148.768338,-0.747163626882765
1710778148.7684512,-0.7720309495925903
1710778148.7685645,-0.7965480619006686
1710778148.7686777,-0.8203646209504869
1710778148.768791,-0.8445314566294352
1710778148.768904,-0.8679978052775065
1710778148.7690172,-0.8932154046164619
1710778148.7691305,-0.9187832143571641
1710778148.7692437,-0.9450515111287434
1710778148.7693567,-0.9702691104676988
1710778148.76947,-0.9958369202084011
1710778148.7695832,-1.0189529922273424
1710778148.7696965,-1.0417188538445366
1710778148.7698095,-1.063083741399977
1710778148.7699227,-1.0826974444919162
1710778148.770036,-1.1019608709547255
1710778148.7701492,-1.1208740870157878
1710778148.7702622,-1.139436960220337
1710778148.7703755,-1.159050597084893
1710778148.7704887,-1.1776136027442083
1710778148.770602,-1.1954760551452637
1710778148.7707152,-1.2119375334845648
1710778148.7708282,-1.2276984585656059
1710778148.7709415,-1.2413579887813992
1710778148.7710547,-1.2543169657389324
1710778148.771168,-1.2655248906877306
1710778148.771281,-1.2767326831817627
1710778148.7713943,-1.2882906860775418
1710778148.7715075,-1.299148268169827
1710778148.7716208,-1.3110566139221191
1710778148.7717338,-1.3219141960144043
1710778148.771847,-1.3320712248484294
1710778148.7719603,-1.3408272796207004
1710778148.7720735,-1.3485327031877306
1710778148.7721868,-1.3537863890329997
1710778148.7722998,-1.3572887579600017
1710778148.772413,-1.3604410489400227
1710778148.7725263,-1.3632429970635307
1710778148.7726395,-1.3653443919287787
1710778148.7727525,-1.3674459192487929
1710778148.7728658,-1.3705980777740479
1710778148.772979,-1.3737502362993028
1710778148.7730923,-1.3765521844228108
1710778148.7732053,-1.379003922144572
1710778148.7733185,-1.380404896206326
1710778148.7734318,-1.380054685804579
1710778148.773545,-1.379003922144572
1710778148.7736583,-1.3779531584845648
1710778148.7737713,-1.3762019740210638
1710778148.7738845,-1.3751512103610568
1710778148.7739978,-1.3744507895575628
1710778148.774111,-1.3730498154958088
1710778148.774224,-1.3716488414340549
1710778148.7743373,-1.3695473141140408
1710778148.7744505,-1.3649941815270317
1710778148.7745638,-1.3590399424235027
1710778148.7746768,-1.3513346513112385
1710778148.77479,-1.3418780432807074
1710778148.7749033,-1.3317210144466824
1710778148.7750165,-1.321563853157891
1710778148.7751296,-1.3110566139221191
1710778148.7752428,-1.300899452633328
1710778148.775356,-1.2921433978610568
1710778148.7754693,-1.2833873430887859
1710778148.7755826,-1.2735803922017415
1710778148.7756956,-1.2634233633677165
1710778148.7758088,-1.2518653604719374
1710778148.775922,-1.2392565939161513
1710778148.7760353,-1.225246720843845
1710778148.7761483,-1.2122877438863118
1710778148.7762616,-1.1979277928670247
1710778148.7763748,-1.1839179197947185
1710778148.776488,-1.1706087324354384
1710778148.776601,-1.157649623023139
1710778148.7767143,-1.1425891187455919
1710778148.7768276,-1.1285793781280518
1710778148.7769408,-1.1121178997887504
1710778148.777054,-1.0935550265842013
1710778148.777167,-1.073240836461385
1710778148.7772803,-1.0525764359368217
1710778148.7773936,-1.0301608509487576
1710778148.7775068,-1.0091461737950642
1710778148.7776198,-0.988131562868754
1710778148.777733,-0.9660661882824367
1710778148.7778463,-0.9450515111287434
1710778148.7779596,-0.9240369002024332
1710778148.7780726,-0.9023217360178629
1710778148.7781858,-0.8788553873697916
1710778148.778299,-0.8543383412890964
1710778148.7784123,-0.828069978290134
1710778148.7785254,-0.8021519581476847
1710778148.7786386,-0.7744826873143513
1710778148.7787519,-0.748564600944519
1710778148.778865,-0.7219460275438097
1710778148.7789783,-0.6960280074013604
1710778148.7790914,-0.6711606846915351
1710778148.7792046,-0.6452425983217027
1710778148.7793179,-0.6186240249209933
1710778148.779431,-0.5920055177476671
1710778148.779544,-0.5646864573160807
1710778148.7796574,-0.5352659689055549
1710778148.7797706,-0.506545967525906
1710778148.7798839,-0.47817617654800415
1710778148.7799969,-0.4505069057146708
1710778148.7801101,-0.42388836542765296
1710778148.7802234,-0.39656930499606663
1710778148.7803366,-0.3713517387708028
1710778148.7804499,-0.344733198483785
1710778148.7805629,-0.31741417116589016
1710778148.7806761,-0.2886941366725498
1710778148.7807894,-0.2592736482620239
1710778148.7809026,-0.2295028997792138
1710778148.7810156,-0.19833117723464966
1710778148.781129,-0.16821018523640102
1710778148.7812421,-0.1377389497227139
1710778148.7813554,-0.10831845303376515
1710778148.7814684,-0.08029892212814754
1710778148.7815816,-0.052279399500952825
1710778148.781695,-0.02425987480415238
1710778148.7818081,0.003760386672284868
1710778148.7819214,0.032135705567068525
1710778148.7820344,0.06156196196873982
1710778148.7821476,0.0899372829331292
1710778148.782261,0.11866291364034016
1710778148.7823741,0.1477388540903727
1710778148.7824872,0.17436260978380838
1710778148.7826004,0.201687001519733
1710778148.7827137,0.22796044747034708
1710778148.782827,0.25423389342096114
1710778148.78294,0.28015702962875366
1710778148.7830532,0.3088826603359646
1710778148.7831664,0.3376082910431756
1710778148.7832797,0.3673848509788513
1710778148.7833927,0.3978620635138618
1710778148.783506,0.42763862344953746
1710778148.7836192,0.4577654931280348
1710778148.7837324,0.48614081409242416
1710778148.7838457,0.5134652058283488
1710778148.7839587,0.5393883254792955
1710778148.784072,0.5653114451302422
1710778148.7841852,0.5905339452955458
1710778148.7842984,0.6157565116882324
1710778148.7844114,0.641329288482666
1710778148.7845247,0.6669021315044826
1710778148.784638,0.6921246316697862
1710778148.7847512,0.7169967889785767
1710778148.7848642,0.741168393029107
1710778148.7849774,0.764289034737481
1710778148.7850907,0.7870593335893419
1710778148.785204,0.8094793558120728
1710778148.7853172,0.8311986923217773
1710778148.7854302,0.8539690574010212
1710778148.7855434,0.8770896991093953
1710778148.7856567,0.9012612369325426
1710778148.78577,0.9254327747556899
1710778148.785883,0.949254035949707
1710778148.7859962,0.9716740581724379
1710778148.7861094,0.9933934609095255
1710778148.7862227,1.0144121779335868
1710778148.7863357,1.0315775209003024
1710778148.786449,1.048742863867018
1710778148.7865622,1.0655578639772203
1710778148.7866755,1.0809716251161363
1710778148.7867887,1.095684700542026
1710778148.7869017,1.1117990811665852
1710778148.787015,1.125811603334215
1710778148.7871282,1.1405246787601047
1710778148.7872415,1.1545372009277344
1710778148.7873545,1.1674988269805908
1710778148.7874677,1.1790590816073947
1710778148.787581,1.1892182297176785
1710778148.7876942,1.1979760064019096
1710778148.7878072,1.2070841259426541
1710778148.7879205,1.2165425883399115
1710778148.7880337,1.225650707880656
1710778148.788147,1.234408484564887
1710778148.78826,1.2449178430769179
1710778148.7883732,1.2536757522159152
1710778148.7884865,1.2624335289001465
1710778148.7885997,1.2690895133548312
1710778148.788713,1.2750448120964897
1710778148.788826,1.2788981861538358
1710778148.7889392,1.2824013498094347
1710778148.7890525,1.2848534848954942
1710778148.7891657,1.2876559628380668
1710778148.7892787,1.2918598122066922
1710778148.789392,1.2946622901492648
1710778148.7895052,1.2985156642066107
1710778148.7896185,1.3016684850056965
1710778148.7897315,1.3041207525465224
1710778148.7898448,1.3048213058047824
1710778148.789958,1.3041207525465224
1710778148.7900712,1.3020188278622098
1710778148.7901845,1.2995666927761502
1710778148.7902975,1.2967642148335774
1710778148.7904108,1.2929107083214653
1710778148.790524,1.2897578875223796
1710778148.7906373,1.2869554095798068
1710778148.7907503,1.2848534848954942
1710778148.7908635,1.2810001108381484
1710778148.7909768,1.2778472900390625
1710778148.79109,1.271891991297404
1710778148.791203,1.264885663986206
1710778148.7913163,1.257178783416748
1710778148.7914295,1.24877134958903
1710778148.7915428,1.2396632300482855
1710778148.791656,1.2309053209092882
1710778148.791769,1.222147544225057
1710778148.7918823,1.2130394246843126
1710778148.7919955,1.2049822012583415
1710778148.7921088,1.194823185602824
1710778148.7922218,1.18396348423428
1710778148.792335,1.1706516477796767
1710778148.7924483,1.156288782755534
1710778148.7925615,1.140875021616618
1710778148.7926745,1.1233594682481554
1710778148.7927878,1.10654440191057
1710778148.792901,1.0890287823147244
1710778148.7930143,1.0718634393480089
1710778148.7931273,1.0557490587234497
1710778148.7932405,1.0389340586132474
1710778148.7933538,1.0221190585030449
1710778148.793467,1.0049537817637126
1710778148.7935803,0.9853362374835544
1710778148.7936933,0.9664193789164225
1710778148.7938066,0.945400595664978
1710778148.7939198,0.9240315357844034
1710778148.794033,0.9037134382459853
1710778148.794146,0.8819940355088975
1710778148.7942593,0.8623765574561225
1710778148.7943726,0.8417081170611911
1710778148.7944858,0.8217402961519029
1710778148.7945988,0.7989699310726589
1710778148.794712,0.7769002517064412
1710778148.7948253,0.7523783710267808
1710778148.7949386,0.725754631890191
1710778148.7950518,0.6987805498970879
1710778148.7951648,0.6711058484183418
1710778148.795278,0.6423802508248223
1710778148.7953913,0.6147055493460761
1710778148.7955046,0.587381190723843
1710778148.7956176,0.56040710873074
1710778148.7957308,0.5330827169948154
1710778148.795844,0.5057583252588908
1710778148.7959573,0.4773830042945014
1710778148.7960703,0.44830706384446883
1710778148.7961836,0.4188808136516147
1710778148.7962968,0.38875391085942584
1710778148.79641,0.3596779704093933
1710778148.796523,0.3306020299593608
1710778148.7966363,0.3022267089949714
1710778148.7967496,0.27455202407307094
1710778148.7968628,0.24757794207996792
1710778148.796976,0.2199032571580675
1710778148.797089,0.19292919172181022
1710778148.7972023,0.1638532347149319
1710778148.7973156,0.13477729426489934
1710778148.7974288,0.10465041630797915
1710778148.7975419,0.07347259256574842
1710778148.797655,0.04369602021243837
1710778148.7977684,0.01321882630387942
1710778148.7978816,-0.016554505046870973
1710778148.7979946,-0.04562476028998693
1710778148.7981079,-0.07294380002551608
1710778148.798221,-0.10096332265271081
1710778148.7983344,-0.12898285355832842
1710778148.7984476,-0.15910383727815416
1710778148.7985606,-0.18852434224552578
1710778148.7986739,-0.2196960647900899
1710778148.798787,-0.25016730030377704
1710778148.7989004,-0.28133902284834117
1710778148.7990134,-0.3111097547743055
1710778148.7991266,-0.34053027629852295
1710778148.7992399,-0.36784930361641777
1710778148.7993531,-0.39656930499606663
1710778148.7994661,-0.42388836542765296
1710778148.7995794,-0.4522581232918633
1710778148.7996926,-0.4809781246715122
1710778148.7998059,-0.511449376742045
1710778148.7999191,-0.542270839214325
1710778148.8000321,-0.5716913276248508
1710778148.8001454,-0.6021626128090752
1710778148.8002586,-0.6312328577041626
1710778148.800372,-0.659602615568373
1710778148.800485,-0.6879723734325832
1710778148.8005981,-0.7149411572350396
1710778148.8007114,-0.742260217666626
1710778148.8008246,-0.7699294884999592
1710778148.8009377,-0.7975987593332926
1710778148.801051,-0.825618306795756
1710778148.8011642,-0.8539880646599664
1710778148.8012774,-0.8820076121224297
1710778148.8013904,-0.908275908894009
1710778148.8015037,-0.9331432316038344
1710778148.801617,-0.9566095802519057
1710778148.8017302,-0.9783246782090929
1710778148.8018434,-0.9993393553627862
1710778148.8019564,-1.0203539662890964
1710778148.8020697,-1.0410183668136597
1710778148.802183,-1.0609822803073459
1710778148.8022962,-1.082347167862786
1710778148.8024092,-1.1023110813564725
1710778148.8025224,-1.1226252714792888
1710778148.8026357,-1.141888697942098
1710778148.802749,-1.1597511503431532
1710778148.802862,-1.1758624182807074
1710778148.8029752,-1.1909227901034884
1710778148.8030884,-1.2052828735775418
1710778148.8032017,-1.219993167453342
1710778148.803315,-1.234703328874376
1710778148.803428,-1.2497638331519232
1710778148.8035412,-1.2655248906877306
1710778148.8036544,-1.2805853949652777
1710778148.8037677,-1.2945951355828178
1710778148.8038807,-1.3086048762003581
1710778148.803994,-1.3194624582926433
1710778148.8041072,-1.3303200403849285
1710778148.8042204,-1.3401268588172064
1710778148.8043334,-1.3488829135894775
1710778148.8044467,-1.3569385475582547
1710778148.80456,-1.3653443919287787
1710778148.8046732,-1.3741004467010498
1710778148.8047864,-1.38250642352634
1710778148.8048995,-1.3898615042368572
1710778148.8050127,-1.397216584947374
1710778148.805126,-1.4024702707926433
1710778148.8052392,-1.4066731929779053
1710778148.8053522,-1.4091249306996663
1710778148.8054655,-1.4098253515031602
1710778148.8055787,-1.4105259047614203
1710778148.805692,-1.4105259047614203
1710778148.805805,-1.4098253515031602
1710778148.8059182,-1.4108761151631672
1710778148.8060315,-1.4122770892249212
1710778148.8061447,-1.4126272996266682
1710778148.8062577,-1.4122770892249212
1710778148.806371,-1.4115766684214275
1710778148.8064842,-1.4087747202979193
1710778148.8065975,-1.4045717981126573
1710778148.8067107,-1.400368743472629
1710778148.8068237,-1.3954654004838731
1710778148.806937,-1.390211714638604
1710778148.8070502,-1.385658582051595
1710778148.8071635,-1.38180587026808
1710778148.8072765,-1.3765521844228108
1710778148.8073897,-1.3709482881757948
1710778148.807503,-1.3649941815270317
1710778148.8076162,-1.3569385475582547
1710778148.8077292,-1.3464311758677165
1710778148.8078425,-1.3352233833736844
1710778148.8079557,-1.3226146168178983
1710778148.808069,-1.3086048762003581
1710778148.8081822,-1.2945951355828178
1710778148.8082952,-1.2812858157687717
1710778148.8084085,-1.2679764959547255
1710778148.8085217,-1.2550175189971924
1710778148.808635,-1.2413579887813992
1710778148.808748,-1.2266476949055989
1710778148.8088613,-1.2112369802263048
1710778148.8089745,-1.1940750810835097
1710778148.8090878,-1.1762126286824544
1710778148.8092008,-1.1565989918178983
1710778148.809314,-1.137335565355089
1710778148.8094273,-1.1180721388922796
1710778148.8095405,-1.0984584358003404
1710778148.8096538,-1.0788447327084012
1710778148.8097668,-1.059231095843845
1710778148.80988,-1.0378662082884047
1710778148.8099933,-1.0158008337020874
1710778148.8101065,-0.991984208424886
1710778148.8102195,-0.9660661882824367
1710778148.8103328,-0.9397978915108575
1710778148.810446,-0.9124788310792711
1710778148.8105593,-0.8844592836168077
1710778148.8106723,-0.8567900127834743
1710778148.8107855,-0.830871926413642
1710778148.8108988,-0.8049539062711928
1710778148.811012,-0.7797363069322374
1710778148.811125,-0.7548689842224121
1710778148.8112383,-0.7289509640799628
1710778148.8113515,-0.7026826010810004
1710778148.8114648,-0.6760640939076742
1710778148.811578,-0.6483948230743408
1710778148.811691,-0.6203752756118774
1710778148.8118043,-0.5920055177476671
1710778148.8119175,-0.5653869443469577
1710778148.8120308,-0.5380679170290629
1710778148.8121438,-0.5117996202574836
1710778148.812257,-0.4841303163104587
1710778148.8123703,-0.45646104547712535
1710778148.8124835,-0.4270405570665995
1710778148.8125966,-0.39621906148062813
1710778148.8127098,-0.36504735549290973
1710778148.812823,-0.3328248858451843
1710778148.8129363,-0.29990196228027344
1710778148.8130496,-0.2673292491171095
1710778148.8131626,-0.23615752657254535
1710778148.8132758,-0.2060365511311425
1710778148.813389,-0.1776667767100864
1710778148.8135023,-0.1489467587735918
1710778148.8136153,-0.12127747966183557
1710778148.8137286,-0.09255747000376384
1710778148.8138418,-0.06313696503639221
1710778148.813955,-0.03441695123910904
1710778148.814068,-0.004295962345268991
1710778148.8141813,0.024779143018854987
1710778148.8142946,0.05350477579567167
1710778148.8144078,0.08223041064209408
1710778148.8145208,0.10990510384241739
1710778148.814634,0.13687916927867466
1710778148.8147473,0.16455387075742087
1710778148.8148606,0.19292919172181022
1710778148.8149738,0.22235544191466436
1710778148.8150868,0.25283263789282906
1710778148.8152,0.28330981731414795
1710778148.8153133,0.3137870298491584
1710778148.8154266,0.344964861869812
1710778148.8155396,0.37614266077677405
1710778148.8156528,0.40486829148398507
1710778148.815766,0.433593922191196
1710778148.8158793,0.4619692431555854
1710778148.8159924,0.48894332514868843
1710778148.8161056,0.5173186461130778
1710778148.8162189,0.5460442768202888
1710778148.816332,0.5744195646709865
1710778148.8164454,0.6038458479775323
1710778148.8165584,0.6329217884275649
1710778148.8166716,0.6619977288775973
1710778148.8167849,0.6893221537272135
1710778148.816898,0.7155955500072902
1710778148.817011,0.741168393029107
1710778148.8171244,0.7653399308522542
1710778148.8172376,0.7891611920462714
1710778148.8173509,0.8140334155824449
1710778148.8174639,0.8378546767764621
1710778148.8175771,0.8620262145996094
1710778148.8176904,0.8865480952792697
1710778148.8178036,0.9100190798441569
1710778148.8179169,0.9320887592103746
1710778148.8180299,0.9545087814331055
1710778148.8181431,0.9734256400002373
1710778148.8182564,0.9916418790817261
1710778148.8183696,1.0088072220484416
1710778148.8184826,1.0266731182734172
1710778148.818596,1.0441888040966458
1710778148.8187091,1.0613540808359783
1710778148.8188224,1.0788697004318237
1710778148.8189354,1.0963853200276692
1710778148.8190486,1.1132003201378715
1710778148.819162,1.129665109846327
1710778148.8192751,1.1440278424157035
1710778148.8193882,1.157339678870307
1710778148.8195014,1.168549723095364
1710778148.8196146,1.179759767320421
1710778148.819728,1.1895684401194255
1710778148.8198411,1.1997275882297092
1710778148.8199542,1.21023694674174
1710778148.8200674,1.2214469909667969
1710778148.8201807,1.2316060066223145
1710778148.820294,1.2407141261630588
1710778148.820407,1.2501725885603163
1710778148.8205202,1.2578794691297743
1710778148.8206334,1.264535453584459
1710778148.8207467,1.2701404094696045
1710778148.8208597,1.2750448120964897
1710778148.820973,1.280649767981635
1710778148.8210862,1.2855541706085205
1710778148.8211994,1.291509469350179
1710778148.8213127,1.2971144252353244
1710778148.8214257,1.3030697239769828
1710778148.821539,1.3083244694603813
1710778148.8216522,1.3128785292307537
1710778148.8217654,1.3153306643168132
1710778148.8218784,1.3163816928863525
1710778148.8219917,1.3156810071733263
1710778148.822105,1.3135792149437797
1710778148.8222182,1.3125281863742404
1710778148.8223312,1.3100760512881808
1710778148.8224444,1.3079741266038682
1710778148.8225577,1.3058723343743217
1710778148.822671,1.303420066833496
1710778148.8227842,1.3006175888909233
1710778148.8228972,1.2960635291205511
1710778148.8230104,1.2904585732354057
1710778148.8231237,1.283452245924208
1710778148.823237,1.27574536535475
1710778148.82335,1.2666372458140056
1710778148.8234632,1.2582298119862874
1710778148.8235765,1.2512234846750896
1710778148.8236897,1.2431662612491183
1710778148.8238027,1.2361600663926866
1710778148.823916,1.2288035286797416
1710778148.8240292,1.2200457519955106
1710778148.8241425,1.210587289598253
1710778148.8242555,1.1997275882297092
1710778148.8243687,1.187116305033366
1710778148.824482,1.1734541257222493
1710778148.8245952,1.1580403645833333
1710778148.8247085,1.1429769463009305
1710778148.8248215,1.1279135280185275
1710778148.8249347,1.1132003201378715
1710778148.825048,1.0984872447119818
1710778148.8251612,1.0830734835730658
1710778148.8252742,1.0669591029485066
1710778148.8253875,1.0494434833526611
1710778148.8255007,1.0308769014146593
1710778148.825614,1.0112594233618841
1710778148.825727,0.9895400206247965
1710778148.8258402,0.9678206178877089
1710778148.8259535,0.9471521774927775
1710778148.8260667,0.9254327747556899
1710778148.82618,0.9051146772172716
1710778148.826293,0.8840958939658271
1710778148.8264062,0.8634274535708957
1710778148.8265195,0.8420583936903212
1710778148.8266327,0.8196384376949734
1710778148.8267457,0.795116557015313
1710778148.826859,0.7705946101082696
1710778148.8269722,0.745372109942966
1710778148.8270855,0.7197993331485324
1710778148.8271985,0.6942264901267158
1710778148.8273118,0.6697046094470553
1710778148.827425,0.644832452138265
1710778148.8275383,0.6213614675733778
1710778148.8276515,0.5971899297502306
1710778148.8277645,0.5726680490705702
1710778148.8278778,0.5467448963059319
1710778148.827991,0.5211720863978068
1710778148.8281043,0.49454831414752537
1710778148.8282173,0.46652330292595756
1710778148.8283305,0.4388486345609029
1710778148.8284438,0.41187455256779987
1710778148.828557,0.38665205240249634
1710778148.82867,0.3610792424943712
1710778148.8287833,0.33690767155753243
1710778148.8288965,0.31168513827853733
1710778148.8290098,0.2857620186275906
1710778148.8291228,0.2594885726769765
1710778148.829236,0.23251450724071926
1710778148.8293493,0.20308825704786512
1710778148.8294625,0.17471293608347574
1710778148.8295758,0.14458604984813267
1710778148.8296888,0.1158604191409217
1710778148.829802,0.08748509817653231
1710778148.8299153,0.05875946333010991
1710778148.8300285,0.03143508194221391
1710778148.8301415,0.002359136318167051
1710778148.8302548,-0.02671158355143335
1710778148.830368,-0.05683257348007626
1710778148.8304813,-0.08835453954007891
1710778148.8305943,-0.11917601856920454
1710778148.8307076,-0.1506979763507843
1710778148.8308208,-0.18221994241078696
1710778148.830934,-0.21164044737815857
1710778148.8310473,-0.24106095234553018
1710778148.8311603,-0.2690804832511478
1710778148.8312736,-0.2963995271258884
1710778148.8313868,-0.3237185544437832
1710778148.8315,-0.35103758176167804
1710778148.831613,-0.3797576162550184
1710778148.8317263,-0.4084776176346673
1710778148.8318396,-0.43719761901431614
1710778148.8319528,-0.465567409992218
1710778148.8320658,-0.4942874113718668
1710778148.832179,-0.5212561951743232
1710778148.8322923,-0.548225012090471
1710778148.8324056,-0.5741430653466119
1710778148.8325186,-0.6004113621181911
1710778148.8326318,-0.6256289614571465
1710778148.832745,-0.6529479556613498
1710778148.8328583,-0.6799167394638062
1710778148.8329716,-0.7082865635553995
1710778148.8330846,-0.7363060447904799
1710778148.8331978,-0.7639753156238132
1710778148.833311,-0.7909441656536526
1710778148.8334243,-0.8168621857961018
1710778148.8335373,-0.8413792981041802
1710778148.8336506,-0.8644953701231215
1710778148.8337638,-0.8872612317403157
1710778148.833877,-0.9096768829557631
1710778148.83399,-0.9324427445729573
1710778148.8341033,-0.9545081191592746
1710778148.8342166,-0.9776241911782159
1710778148.8343298,-1.0007403294245403
1710778148.834443,-1.0221052169799805
1710778148.834556,-1.0420691304736667
1710778148.8346694,-1.0606320699055989
1710778148.8347826,-1.078144245677524
1710778148.8348958,-1.0942555136150784
1710778148.8350089,-1.1093160178926256
1710778148.835122,-1.1250770092010498
1710778148.8352354,-1.140137513478597
1710778148.8353486,-1.156248648961385
1710778148.8354616,-1.1727101273006864
1710778148.8355749,-1.1881208419799805
1710778148.835688,-1.2042321099175346
1710778148.8358014,-1.218241850535075
1710778148.8359146,-1.230850617090861
1710778148.8360276,-1.2420585420396593
1710778148.8361409,-1.2536165449354384
1710778148.8362541,-1.2644741270277235
1710778148.8363674,-1.2756819195217557
1710778148.8364804,-1.2861892912122939
1710778148.8365936,-1.298447847366333
1710778148.8367069,-1.309305297003852
1710778148.8368201,-1.3208634323543973
1710778148.8369331,-1.3306702507866752
1710778148.8370464,-1.3394263055589464
1710778148.8371596,-1.3457307550642226
1710778148.837273,-1.3520350721147325
1710778148.837386,-1.3558877838982475
1710778148.8374991,-1.3597404956817627
1710778148.8376124,-1.3639434178670247
1710778148.8377256,-1.3691971037122939
1710778148.837839,-1.3737502362993028
1710778148.837952,-1.3783033688863118
1710778148.8380651,-1.383206844329834
1710778148.8381784,-1.387409766515096
1710778148.8382916,-1.390561925040351
1710778148.8384047,-1.3916126887003581
1710778148.838518,-1.3923132419586182
1710778148.8386312,-1.3923132419586182
1710778148.8387444,-1.3912624782986112
1710778148.8388574,-1.390211714638604
1710778148.8389707,-1.38881074057685
1710778148.839084,-1.387759976916843
1710778148.8391972,-1.387059556113349
1710778148.8393104,-1.383907397588094
1710778148.8394234,-1.3797043429480658
1710778148.8395367,-1.3730498154958088
1710778148.83965,-1.3653443919287787
1710778148.8397632,-1.3551873630947537
1710778148.8398762,-1.3457307550642226
1710778148.8399894,-1.3324214352501762
1710778148.8401027,-1.321563853157891
1710778148.840216,-1.3117570347256131
1710778148.840329,-1.301249795489841
1710778148.8404422,-1.2907424237993028
1710778148.8405554,-1.2802350521087646
1710778148.8406687,-1.2697278128729925
1710778148.840782,-1.2553677293989394
1710778148.840895,-1.2424087524414062
1710778148.8410082,-1.2273482481638591
1710778148.8411214,-1.2119375334845648
1710778148.8412347,-1.1954760551452637
1710778148.8413477,-1.1800653404659696
1710778148.841461,-1.1639540725284152
1710778148.8415742,-1.1481930149926078
1710778148.8416874,-1.131731669108073
1710778148.8418005,-1.1145696375105116
1710778148.8419137,-1.0960066980785794
1710778148.842027,-1.0753422975540161
1710778148.8421402,-1.053627199596829
1710778148.8422532,-1.0298105743196275
1710778148.8423665,-1.0063442256715562
1710778148.8424797,-0.982177389992608
1710778148.842593,-0.9587110413445367
1710778148.8427062,-0.9359451797273424
1710778148.8428192,-0.9142300155427721
1710778148.8429325,-0.8911139435238308
1710778148.8430457,-0.8683480819066365
1710778148.843159,-0.8452319436603122
1710778148.843272,-0.8196641339196099
1710778148.8433852,-0.7944466008080376
1710778148.8434985,-0.7681782378090752
1710778148.8436117,-0.741909941037496
1710778148.8437247,-0.7159919208950466
1710778148.843838,-0.6900738345252143
1710778148.8439512,-0.664856301413642
1710778148.8440645,-0.6403391891055636
1710778148.8441777,-0.6151215897666084
1710778148.8442907,-0.5902542670567831
1710778148.844404,-0.5639859702852037
1710778148.8445172,-0.5363166994518703
1710778148.8446305,-0.5082971851030985
1710778148.8447435,-0.47992739412519664
1710778148.8448567,-0.45085714923010933
1710778148.84497,-0.42248739136589897
1710778148.8450832,-0.3944678439034356
1710778148.8451962,-0.36714881658554077
1710778148.8453095,-0.3391293022367689
1710778148.8454227,-0.3121604853206211
1710778148.845536,-0.2841409709718492
1710778148.8456492,-0.25366973545816207
1710778148.8457623,-0.22354874345991346
1710778148.8458755,-0.1916765338844723
1710778148.8459888,-0.16085505485534668
1710778148.846102,-0.12863260176446703
1710778148.846215,-0.09711063570446438
1710778148.8463283,-0.06628916081455019
1710778148.8464415,-0.03686865998639001
1710778148.8465548,-0.0070979151253898936
1710778148.8466678,0.02267726593547397
1710778148.846781,0.053154461913638644
1710778148.8468943,0.08363165789180331
1710778148.8470075,0.11551010111967722
1710778148.8471205,0.14703823460472953
1710778148.8472338,0.17926699585384792
1710778148.847347,0.21184606684578788
1710778148.8474603,0.24337419205241734
1710778148.8475735,0.2742016977734036
1710778148.8476865,0.30362794796625775
1710778148.8477998,0.333404541015625
1710778148.847913,0.3635314106941223
1710778148.8480263,0.39435893297195435
1710778148.8481393,0.4255367318789164
1710778148.8482525,0.4574151833852132
1710778148.8483658,0.48929363489151
1710778148.848479,0.5218727058834499
1710778148.848592,0.5523498853047689
1710778148.8487053,0.5821264452404445
1710778148.8488185,0.610151489575704
1710778148.8489318,0.637475848197937
1710778148.849045,0.66444993019104
1710778148.849158,0.6896724303563436
1710778148.8492713,0.7148949305216471
1710778148.8493845,0.7418690125147501
1710778148.8494978,0.7670915126800537
1710778148.8496108,0.7926643557018703
1710778148.849724,0.8189377519819472
1710778148.8498373,0.8427590131759644
1710778148.8499506,0.8658796548843384
1710778148.8500636,0.8886499537361993
1710778148.8501768,0.9089681175020006
1710778148.85029,0.9303371773825752
1710778148.8504033,0.9506553411483765
1710778148.8505163,0.9716740581724379
1710778148.8506296,0.9919922219382392
1710778148.8507428,1.0137115584479437
1710778148.850856,1.0357813040415447
1710778148.8509693,1.0557490587234497
1710778148.8510823,1.0757168796327379
1710778148.8511956,1.0932325654559665
1710778148.8513088,1.1093469460805256
1710778148.851422,1.1247607072194417
1710778148.851535,1.1384228865305583
1710778148.8516483,1.1527856190999348
1710778148.8517616,1.1660975880093045
1710778148.8518748,1.180110110176934
1710778148.8519878,1.1937722894880507
1710778148.852101,1.2070841259426541
1710778148.8522143,1.2203959623972576
1710778148.8523276,1.2316060066223145
1710778148.8524408,1.242115365134345
1710778148.8525538,1.2512234846750896
1710778148.852667,1.2596310509575737
1710778148.8527803,1.2676881419287787
1710778148.8528936,1.27574536535475
1710778148.8530066,1.283452245924208
1710778148.8531199,1.2929107083214653
1710778148.853233,1.3009679317474365
1710778148.8533463,1.3093753655751545
1710778148.8534594,1.3174325890011258
1710778148.8535726,1.3244387838575575
1710778148.8536859,1.329693529340956
1710778148.853799,1.3342475891113281
1710778148.8539124,1.3370500670539007
1710778148.8540254,1.3402028878529866
1710778148.8541386,1.3426551553938124
1710778148.8542519,1.3465085294511583
1710778148.854365,1.3489606645372179
1710778148.8544781,1.3510625892215304
1710778148.8545914,1.353164513905843
1710778148.8547046,1.3538650671641033
1710778148.8548179,1.35351472430759
1710778148.8549309,1.3521134853363037
1710778148.8550441,1.3475594255659316
1710778148.8551574,1.3416041268242729
1710778148.8552706,1.3352984852261014
1710778148.8553836,1.329693529340956
1710778148.855497,1.3216363059149847
1710778148.8556101,1.3153306643168132
1710778148.8557234,1.3086748123168945
1710778148.8558366,1.3006175888909233
1710778148.8559496,1.2925603654649522
1710778148.856063,1.2827516926659477
1710778148.8561761,1.271891991297404
1710778148.8562894,1.2596310509575737
1710778148.8564024,1.2459688716464572
1710778148.8565156,1.2319563494788275
1710778148.856629,1.217943827311198
1710778148.8567421,1.2042816480000813
1710778148.8568552,1.1909698115454779
1710778148.8569684,1.1769572893778484
1710778148.8570817,1.1618937386406791
1710778148.857195,1.1464801099565294
1710778148.8573081,1.1293147669898138
1710778148.8574212,1.111098461680942
1710778148.8575344,1.091130640771654
1710778148.8576477,1.0708125432332356
1710778148.857761,1.0494434833526611
1710778148.857874,1.0287750429577298
1710778148.8579872,1.0091574986775715
1710778148.8581004,0.9891896777682834
1710778148.8582137,0.9702728192011515
1710778148.8583267,0.9510056177775065
1710778148.85844,0.929986900753445
1710778148.8585532,0.9093184603585137
1710778148.8586664,0.887599057621426
1710778148.8587797,0.8641280730565388
1710778148.8588927,0.8399565352333916
1710778148.859006,0.8164856168958876
1710778148.8591192,0.7923140128453572
1710778148.8592324,0.7702443334791396
1710778148.8593454,0.7474740346272787
1710778148.8594587,0.7236527734332614
1710778148.859572,0.6998315122392442
1710778148.8596852,0.6753096315595839
1710778148.8597982,0.649036169052124
1710778148.8599114,0.621711810429891
1710778148.8600247,0.5936867660946316
1710778148.860138,0.5653114451302422
1710778148.860251,0.5358851949373881
1710778148.8603642,0.5082105265723335
1710778148.8604774,0.48018551535076565
1710778148.8605907,0.4532114333576626
1710778148.860704,0.425887041621738
1710778148.860817,0.3992633024851481
1710778148.8609302,0.3715886010064019
1710778148.8610435,0.3439138995276557
1710778148.8611567,0.31483795907762313
1710778148.8612697,0.28506139914194745
1710778148.861383,0.2552848226494259
1710778148.8614962,0.22550826271375018
1710778148.8616095,0.19678261544969347
1710778148.8617225,0.16945824027061462
1710778148.8618357,0.14143322904904684
1710778148.861949,0.11375853584872352
1710778148.8620622,0.0860838426484002
1710778148.8621755,0.05665758831633462
1710778148.8622885,0.027231329845057592
1710778148.8624017,-0.003945718312429057
1710778148.862515,-0.035817929440074496
1710778148.8626282,-0.06769013901551564
1710778148.8627412,-0.09851161804464129
1710778148.8628545,-0.12933309707376692
1710778148.8629677,-0.15875359376271567
1710778148.863081,-0.18852434224552578
1710778148.863194,-0.2189955777592129
1710778148.8633072,-0.24806583921114603
1710778148.8634205,-0.2788873182402717
1710778148.8635337,-0.30970878071255153
1710778148.863647,-0.34123076332939994
1710778148.86376,-0.37275271283255684
1710778148.8638732,-0.40462493896484375
1710778148.8639865,-0.4343956708908081
1710778148.8640997,-0.46346591578589547
1710778148.8642128,-0.49183570676379734
1710778148.864326,-0.5191547340816921
1710778148.8644392,-0.546473761399587
1710778148.8645525,-0.5730923016866049
1710778148.8646655,-0.6004113621181911
1710778148.8647788,-0.6287811199824015
1710778148.864892,-0.6564503908157349
1710778148.8650053,-0.6848201486799452
1710778148.8651183,-0.7121392091115316
1710778148.8652315,-0.7387577825122409
1710778148.8653448,-0.7632748285929362
1710778148.865458,-0.7870914538701375
1710778148.8655713,-0.8105578025182087
1710778148.8656843,-0.832973387506273
1710778148.8657975,-0.8560895257525973
1710778148.8659108,-0.8785051769680446
1710778148.866024,-0.9016212489869859
1710778148.866137,-0.9243871106041802
1710778148.8662503,-0.9471529722213745
1710778148.8663635,-0.9681676493750678
1710778148.8664768,-0.988131562868754
1710778148.8665898,-1.0066945023006864
1710778148.866703,-1.0238564676708646
1710778148.8668163,-1.0396173927519057
1710778148.8669295,-1.05537838406033
1710778148.8670428,-1.071489651997884
1710778148.8671558,-1.0876008537080553
1710778148.867269,-1.1047628190782335
1710778148.8673823,-1.1226252714792888
1710778148.8674955,-1.140137513478597
1710778148.8676085,-1.1569492022196453
1710778148.8677218,-1.1727101273006864
1710778148.867835,-1.1874204211764865
1710778148.8679483,-1.2010799513922796
1710778148.8680613,-1.214739481608073
1710778148.8681746,-1.2280486689673529
1710778148.8682878,-1.2413579887813992
1710778148.868401,-1.2539667553371854
1710778148.868514,-1.2676262855529785
1710778148.8686273,-1.2812858157687717
1710778148.8687406,-1.2935443719228108
1710778148.8688538,-1.30510237481859
1710778148.868967,-1.314558982849121
1710778148.86908,-1.3222644064161513
1710778148.8691933,-1.3285687234666612
1710778148.8693066,-1.3338224093119304
1710778148.8694198,-1.3394263055589464
1710778148.8695328,-1.3443297810024686
1710778148.869646,-1.3506340980529785
1710778148.8697593,-1.3562379942999945
1710778148.8698726,-1.3621922334035237
1710778148.8699856,-1.3670955763922796
1710778148.8700988,-1.3716488414340549
1710778148.870212,-1.3744507895575628
1710778148.8703253,-1.3765521844228108
1710778148.8704386,-1.3776029480828178
1710778148.8705516,-1.3776029480828178
1710778148.8706648,-1.3769023948245578
1710778148.870778,-1.3765521844228108
1710778148.8708913,-1.3765521844228108
1710778148.8710043,-1.3779531584845648
1710778148.8711176,-1.377252737681071
1710778148.8712308,-1.3769023948245578
1710778148.871344,-1.3741004467010498
1710778148.871457,-1.3695473141140408
1710778148.8715703,-1.3639434178670247
1710778148.8716836,-1.3562379942999945
1710778148.8717968,-1.3488829135894775
1710778148.87191,-1.3404770692189534
1710778148.872023,-1.3324214352501762
1710778148.8721364,-1.3247161441379123
1710778148.8722496,-1.317360930972629
1710778148.8723629,-1.3086048762003581
1710778148.8724759,-1.299148268169827
1710778148.872589,-1.2879404756757948
1710778148.8727024,-1.2760321299235027
1710778148.8728156,-1.2623725997077093
1710778148.8729286,-1.2469618850284152
1710778148.8730419,-1.231901380750868
1710778148.873155,-1.216490666071574
1710778148.8732684,-1.2014301617940266
1710778148.8733814,-1.1860194471147325
1710778148.8734946,-1.1720097064971924
1710778148.8736079,-1.1565989918178983
1710778148.8737211,-1.141538487540351
1710778148.8738344,-1.1250770092010498
1710778148.8739474,-1.1072144905726116
1710778148.8740606,-1.0886516173680623
1710778148.8741739,-1.069037914276123
1710778148.8742871,-1.0490740007824368
1710778148.8744001,-1.0291100872887504
1710778148.8745134,-1.0098466608259413
1710778148.8746266,-0.990233023961385
1710778148.87474,-0.9709695974985758
1710778148.874853,-0.9510056840048896
1710778148.8749661,-0.9303412834803263
1710778148.8750794,-0.908626119295756
1710778148.8751926,-0.8851597706476847
1710778148.875306,-0.8609929349687364
1710778148.875419,-0.8361256122589111
1710778148.8755322,-0.8112582895490859
1710778148.8756454,-0.7867411772410074
1710778148.8757586,-0.7629246181911892
1710778148.8758717,-0.7398084799448649
1710778148.875985,-0.7170426183276706
1710778148.8760982,-0.6946270333396064
1710778148.8762114,-0.6711606846915351
1710778148.8763244,-0.6473440594143337
1710778148.8764377,-0.6217762496736314
1710778148.876551,-0.5962084399329292
1710778148.8766642,-0.5702903535630968
1710778148.8767774,-0.5436718132760789
1710778148.8768904,-0.5167030294736227
1710778148.8770037,-0.49148546324835884
1710778148.877117,-0.4652171664767795
1710778148.8772302,-0.43859859307607013
1710778148.8773432,-0.4112795657581753
1710778148.8774564,-0.38326005140940345
1710778148.8775697,-0.3538395298851861
1710778148.877683,-0.32301806741290623
1710778148.877796,-0.2918463283114963
1710778148.8779092,-0.2596238917774624
1710778148.8780224,-0.22775168220202127
1710778148.8781357,-0.19728044668833414
1710778148.8782487,-0.1671594546900855
1710778148.878362,-0.1387896802690294
1710778148.8784752,-0.11041991412639618
1710778148.8785884,-0.08240039149920146
1710778148.8787017,-0.0550813517636723
1710778148.8788147,-0.025310605350467894
1710778148.878928,0.004110699260814322
1710778148.8790412,0.032836331261528864
1710778148.8791544,0.06261290361483891
1710778148.8792675,0.09133853018283844
1710778148.8793807,0.11971385114722781
1710778148.879494,0.14738854434755114
1710778148.8796072,0.17576386531194052
1710778148.8797202,0.2034385667906867
1710778148.8798335,0.23111325171258715
1710778148.8799467,0.2598388824197981
1710778148.88006,0.29101669788360596
1710778148.8801732,0.3207932909329732
1710778148.8802862,0.3530220521820916
1710778148.8803995,0.3831489218605889
1710778148.8805127,0.41397644413842094
1710778148.880626,0.4434026943312751
1710778148.880739,0.47177801529566443
1710778148.8808522,0.4994526836607191
1710778148.8809655,0.5264267656538222
1710778148.8810787,0.5534008476469252
1710778148.8811917,0.5803749296400282
1710778148.881305,0.6083999077479044
1710778148.8814182,0.6353739897410074
1710778148.8815315,0.6626983483632406
1710778148.8816447,0.6907233926984999
1710778148.8817577,0.7159458928638034
1710778148.881871,0.7408180501725938
1710778148.8819842,0.764289034737481
1710778148.8820975,0.7856580946180556
1710778148.8822105,0.8080781168407863
1710778148.8823237,0.8287465572357178
1710778148.882437,0.8508162366019355
1710778148.8825502,0.8728859159681532
1710778148.8826632,0.8939046992195977
1710778148.8827765,0.9152737591001723
1710778148.8828897,0.9359421994951036
1710778148.883003,0.9562602970335219
1710778148.883116,0.9737759166293674
1710778148.8832293,0.991291602452596
1710778148.8833425,1.0081066025627983
1710778148.8834558,1.0249216026730008
1710778148.883569,1.0417366027832031
1710778148.883682,1.0592522223790486
1710778148.8837953,1.0771181848314073
1710778148.8839085,1.094984081056383
1710778148.8840218,1.1132003201378715
1710778148.8841348,1.130015320248074
1710778148.884248,1.1464801099565294
1710778148.8843613,1.1615435282389324
1710778148.8844745,1.1748553646935356
1710778148.8845875,1.187466647889879
1710778148.8847008,1.1997275882297092
1710778148.884814,1.2119885285695393
1710778148.8849273,1.2238991260528564
1710778148.8850405,1.236860752105713
1710778148.8851535,1.249121692445543
1710778148.8852668,1.2610322899288602
1710778148.88538,1.272242334153917
1710778148.8854933,1.2817006640964084
1710778148.8856063,1.2901082303788927
1710778148.8857195,1.2974647680918376
1710778148.8858328,1.3037704096900091
1710778148.885946,1.3090251551734076
1710778148.886059,1.3149804539150662
1710778148.8861723,1.3205854098002117
1710778148.8862855,1.3265407085418701
1710778148.8863988,1.3324960072835286
1710778148.8865118,1.337400409910414
1710778148.886625,1.3409035735660129
1710778148.8867383,1.3430053657955594
1710778148.8868515,1.3433557086520724
1710778148.8869648,1.3416041268242729
1710778148.8870778,1.3388016488817003
1710778148.887191,1.3359991709391277
1710778148.8873043,1.3324960072835286
1710778148.8874176,1.3293431864844427
1710778148.8875306,1.3268910513983831
1710778148.8876438,1.3230375448862712
1710778148.887757,1.3198847240871854
1710778148.8878703,1.3149804539150662
1710778148.8879833,1.3097257084316678
1710778148.8880966,1.3016684850056965
1710778148.8882098,1.2936113940344915
1710778148.888323,1.2848534848954942
1710778148.8884363,1.2746944692399766
1710778148.8885493,1.2662869029574924
1710778148.8886626,1.256478230158488
1710778148.8887758,1.2477204534742568
1710778148.888889,1.2382619910769992
1710778148.889002,1.2288035286797416
1710778148.8891153,1.2168929311964247
1710778148.8892286,1.2042816480000813
1710778148.8893418,1.1895684401194255
1710778148.8894548,1.1731037828657362
1710778148.889568,1.1559384398990207
1710778148.8896813,1.137722200817532
1710778148.8897946,1.1202066474490695
1710778148.8899078,1.1019903421401978
1710778148.8900208,1.0848250654008653
1710778148.890134,1.0676597224341497
1710778148.8902473,1.0483925210105047
1710778148.8903606,1.0308769014146593
1710778148.8904736,1.0105587376488578
1710778148.8905869,0.9895400206247965
1710778148.8907,0.9674703412585788
1710778148.8908134,0.945400595664978
1710778148.8909264,0.9240315357844034
1710778148.8910396,0.903012818760342
1710778148.8911529,0.8823443783654107
1710778148.891266,0.8627268340852525
1710778148.891379,0.8420583936903212
1710778148.8914924,0.8220905727810329
1710778148.8916056,0.8003712362713283
1710778148.8917189,0.7779512140485976
1710778148.891832,0.7541299528545803
1710778148.8919451,0.7285571098327637
1710778148.8920584,0.7040352291531032
1710778148.8921716,0.6788127289877998
1710778148.8922849,0.652889609336853
1710778148.8923979,0.6290683481428359
1710778148.8925111,0.6041961908340454
1710778148.8926244,0.579323967297872
1710778148.8927376,0.5541014671325684
1710778148.8928506,0.5274776948822869
1710778148.892964,0.4994526836607191
1710778148.8930771,0.47072705295350814
1710778148.8931904,0.4406001832750108
1710778148.8933036,0.4108236233393351
1710778148.8934166,0.381397373146481
1710778148.89353,0.3530220521820916
1710778148.8936431,0.32429642147488064
1710778148.8937564,0.29627141025331283
1710778148.8938694,0.26859670877456665
1710778148.8939826,0.23882013228204516
1710778148.894096,0.20939388208919102
1710778148.8942091,0.17821605006853738
1710778148.8943222,0.14633761511908636
1710778148.8944354,0.11340822610590193
1710778148.8945487,0.0797782176070743
1710778148.894662,0.04754946049716737
1710778148.8947752,0.015320702352457576
1710778148.8948882,-0.016904748562309477
1710778148.8950014,-0.04877696020735635
1710778148.8951147,-0.08064916564358605
1710778148.895228,-0.11252137521902719
1710778148.895341,-0.14544432361920676
1710778148.8954542,-0.1787175072564019
1710778148.8955674,-0.21269117792447406
1710778148.8956807,-0.24596436156166923
1710778148.8957937,-0.2785370747248332
1710778148.895907,-0.31040926774342853
1710778148.8960202,-0.33982978926764595
1710778148.8961334,-0.36890003416273326
1710778148.8962464,-0.39656930499606663
1710778148.8963597,-0.4249390959739685
1710778148.896473,-0.4522581232918633
1710778148.8965862,-0.4806278811560737
1710778148.8966994,-0.510748889711168
1710778148.8968124,-0.5398191346062554
1710778148.8969257,-0.5695898665322198
1710778148.897039,-0.5990103880564371
1710778148.8971522,-0.6270299355189005
1710778148.8972652,-0.6553996933831109
1710778148.8973784,-0.6827186875873141
1710778148.8974917,-0.7082865635553995
1710778148.897605,-0.7356055577596029
1710778148.897718,-0.7615236441294352
1710778148.8978312,-0.7881421513027614
1710778148.8979445,-0.8154612117343478
1710778148.8980577,-0.8431304825676812
1710778148.898171,-0.8686982923083835
1710778148.898284,-0.8932154046164619
1710778148.8983972,-0.91703196366628
1710778148.8985105,-0.9383968512217203
1710778148.8986237,-0.9590612517462836
1710778148.8987367,-0.9790251652399699
1710778148.89885,-0.9986388683319092
1710778148.8989632,-1.0179022947947185
1710778148.8990765,-1.0375159316592746
1710778148.8991895,-1.058530608812968
1710778148.8993027,-1.0788447327084012
1710778148.899416,-1.0981081591712103
1710778148.8995292,-1.1180721388922796
1710778148.8996425,-1.135234038035075
1710778148.8997555,-1.151695516374376
1710778148.8998687,-1.1681569947136772
1710778148.899982,-1.1828672885894775
1710778148.9000952,-1.1975774500105116
1710778148.9002082,-1.2126379542880588
1710778148.9003215,-1.22909943262736
1710778148.9004347,-1.2445101473066542
1710778148.900548,-1.2616721789042156
1710778148.900661,-1.2756819195217557
1710778148.9007742,-1.2903922133975558
1710778148.9008875,-1.303000979953342
1710778148.9010007,-1.314558982849121
1710778148.9011137,-1.3250663545396593
1710778148.901227,-1.3352233833736844
1710778148.9013402,-1.3450302018059623
1710778148.9014535,-1.3548370202382405
1710778148.9015667,-1.3653443919287787
1710778148.9016798,-1.3755014207628038
1710778148.901793,-1.386359002855089
1710778148.9019063,-1.3937142160203722
1710778148.9020195,-1.401069296730889
1710778148.9021325,-1.4066731929779053
1710778148.9022458,-1.4105259047614203
1710778148.902359,-1.4126272996266682
1710778148.9024723,-1.4143786165449355
1710778148.9025853,-1.4161298010084364
1710778148.9026985,-1.4182311958736844
1710778148.9028118,-1.4192819595336914
1710778148.902925,-1.4210331439971924
1710778148.9030383,-1.4220839076571994
1710778148.9031513,-1.4224341180589464
1710778148.9032645,-1.4206829335954454
1710778148.9033778,-1.4175307750701904
1710778148.903491,-1.4129776424831815
1710778148.903604,-1.4080741670396593
1710778148.9037173,-1.4007190863291423
1710778148.9038305,-1.3947648472256131
1710778148.9039438,-1.387759976916843
1710778148.9040568,-1.380755106608073
1710778148.90417,-1.3737502362993028
1710778148.9042833,-1.366044945187039
1710778148.9043965,-1.3569385475582547
1710778148.9045095,-1.3457307550642226
1710778148.9046228,-1.3331219885084364
1710778148.904736,-1.318761905034383
1710778148.9048493,-1.304051743613349
1710778148.9049625,-1.2886408964792888
1710778148.9050756,-1.2735803922017415
1710778148.9051888,-1.2585200203789604
1710778148.905302,-1.2455609109666612
1710778148.9054153,-1.231200959947374
1710778148.9055283,-1.218241850535075
1710778148.9056416,-1.2042321099175346
1710778148.9057548,-1.1884711848364935
1710778148.905868,-1.1720097064971924
1710778148.905981,-1.154497464497884
1710778148.9060943,-1.136635012096829
1710778148.9062076,-1.1187725596957736
1710778148.9063208,-1.1009101072947185
1710778148.906434,-1.0830476548936632
1710778148.906547,-1.064834992090861
1710778148.9066603,-1.0469725396898057
1710778148.9067736,-1.0277091132269964
1710778148.9068868,-1.0073949893315632
1710778148.9069998,-0.986030101776123
1710778148.907113,-0.9622134764989216
1710778148.9072263,-0.9383968512217203
1710778148.9073396,-0.9131793181101481
1710778148.9074526,-0.8886622058020698
1710778148.9075658,-0.8641451597213745
1710778148.907679,-0.8406788110733032
1710778148.9077923,-0.8179129494561089
1710778148.9079056,-0.7951470878389146
1710778148.9080186,-0.7727314366234673
1710778148.9081318,-0.749615364604526
1710778148.908245,-0.7250982522964478
1710778148.9083583,-0.7005811399883694
1710778148.9084713,-0.6743128432167901
1710778148.9085846,-0.6476943360434638
1710778148.9086978,-0.6207254860136244
1710778148.908811,-0.5955079529020522
1710778148.908924,-0.5702903535630968
1710778148.9090374,-0.5447225438223945
1710778148.9091506,-0.5198552211125692
1710778148.9092638,-0.49288643731011283
1710778148.9093769,-0.4659176535076565
1710778148.90949,-0.43719761901431614
1710778148.9096034,-0.4077771306037903
1710778148.9097166,-0.37695563501781887
1710778148.9098299,-0.346134172545539
1710778148.9099429,-0.3146121899286906
1710778148.910056,-0.2841409709718492
1710778148.9101694,-0.2543702224890391
1710778148.9102826,-0.22494971752166748
1710778148.9103956,-0.19482874208026463
1710778148.9105089,-0.1650579935974545
1710778148.9106221,-0.13388626277446747
1710778148.9107354,-0.10166380968358782
1710778148.9108484,-0.06874086956183116
1710778148.9109616,-0.036168172955513
1710778148.9110749,-0.003245230246749189
1710778148.9111881,0.02933320485883289
1710778148.9113014,0.06016071471903059
1710778148.9114144,0.09098822044001685
1710778148.9115276,0.12041447891129388
1710778148.911641,0.14914010961850485
1710778148.9117541,0.17821605006853738
1710778148.9118671,0.2072920070754157
1710778148.9119804,0.23671825726826984
1710778148.9120936,0.2671954532464345
1710778148.912207,0.29627141025331283
1710778148.91232,0.32604797018898857
1710778148.9124331,0.3551239106390211
1710778148.9125464,0.38244830237494576
1710778148.9126596,0.40907204151153564
1710778148.912773,0.4349951942761739
1710778148.912886,0.4616189334127638
1710778148.9129992,0.48719174332088894
1710778148.9131124,0.5141658253139919
1710778148.9132257,0.5414902170499166
1710778148.9133387,0.5695152282714844
1710778148.913452,0.5954383479224311
1710778148.9135652,0.622062087059021
1710778148.9136784,0.6479852067099677
1710778148.9137914,0.6711058484183418
1710778148.9139047,0.6935258706410726
1710778148.914018,0.7152452733781602
1710778148.9141312,0.737314952744378
1710778148.9142442,0.7583336697684394
1710778148.9143574,0.7804034153620402
1710778148.9144707,0.8028233713573879
1710778148.914584,0.8252433935801188
1710778148.9146972,0.8466124534606934
1710778148.9148102,0.8693828185399373
1710778148.9149234,0.8897009160783556
1710778148.9150367,0.9096687369876437
1710778148.91515,0.9296365578969319
1710778148.915263,0.9478527969784206
1710778148.9153762,0.9667697217729356
1710778148.9154894,0.9870878193113539
1710778148.9156027,1.006355020734999
1710778148.9157157,1.025622222158644
1710778148.915829,1.0459403196970622
1710778148.9159422,1.0655578639772203
1710778148.9160554,1.0830734835730658
1710778148.9161687,1.0998884836832683
1710778148.9162817,1.1153022448221843
1710778148.916395,1.1293147669898138
1710778148.9165082,1.141575707329644
1710778148.9166214,1.1545372009277344
1710778148.9167345,1.1657472451527913
1710778148.9168477,1.1783585283491347
1710778148.916961,1.1909698115454779
1710778148.9170742,1.203230751885308
1710778148.9171872,1.2147910065121121
1710778148.9173005,1.226001050737169
1710778148.9174137,1.2354595131344266
1710778148.917527,1.2438669469621446
1710778148.9176402,1.2515738275316026
1710778148.9177532,1.2585800223880343
1710778148.9178665,1.265236006842719
1710778148.9179797,1.272942887412177
1710778148.918093,1.2799490822686088
1710778148.918206,1.2869554095798068
1710778148.9183192,1.2946622901492648
1710778148.9184325,1.3009679317474365
1710778148.9185457,1.3062225447760687
1710778148.9186587,1.3097257084316678
1710778148.918772,1.311126947402954
1710778148.9188852,1.3118276331159804
1710778148.9189985,1.3107766045464408
1710778148.9191115,1.3093753655751545
1710778148.9192247,1.3079741266038682
1710778148.919338,1.3062225447760687
1710778148.9194512,1.3048213058047824
1710778148.9195645,1.303420066833496
1710778148.9196775,1.2999169031778972
1710778148.9197907,1.2971144252353244
1710778148.919904,1.2918598122066922
1710778148.9200172,1.2848534848954942
1710778148.9201303,1.2771466043260362
1710778148.9202435,1.268038484785292
1710778148.9203568,1.259981393814087
1710778148.92047,1.2519241703881157
1710778148.920583,1.2438669469621446
1710778148.9206963,1.2358097235361736
1710778148.9208095,1.2277526325649686
1710778148.9209228,1.218994723425971
1710778148.921036,1.2091860506269667
1710778148.921149,1.1976256635453966
1710778148.9212623,1.1846641699473064
1710778148.9213755,1.17170254389445
1710778148.9214888,1.157339678870307
1710778148.9216018,1.1433272891574435
1710778148.921715,1.1293147669898138
1710778148.9218283,1.1163531409369574
1710778148.9219415,1.103391581111484
1710778148.9220545,1.0900797446568806
1710778148.9221678,1.076067222489251
1710778148.922281,1.0617044236924913
1710778148.9223943,1.0459403196970622
1710778148.9225073,1.0284247001012166
1710778148.9226205,1.0105587376488578
1710778148.9227338,0.9926928414238824
1710778148.922847,0.9744766023423936
1710778148.9229603,0.9580118788613213
1710778148.9230733,0.9408465358946059
1710778148.9231865,0.9233309162987603
1710778148.9232998,0.9075668785307143
1710778148.923413,0.8897009160783556
1710778148.923526,0.8704337146547105
1710778148.9236393,0.8497652742597792
1710778148.9237525,0.8280459377500746
1710778148.9238658,0.8049252960417006
1710778148.9239788,0.7811040348476833
1710778148.924092,0.7579833931393093
1710778148.9242053,0.733811789088779
1710778148.9243186,0.7113918330934312
1710778148.9244318,0.6872202290429009
1710778148.9245448,0.6633989678488837
1710778148.924658,0.6385268105400933
1710778148.9247713,0.6129539675182766
1710778148.9248846,0.5852792660395304
1710778148.9249976,0.5579549074172974
1710778148.9251108,0.5292292767100863
1710778148.925224,0.5005036460028754
1710778148.9253373,0.4731792542669508
1710778148.9254503,0.44515424304538304
1710778148.9255636,0.4185305039087931
1710778148.9256768,0.3919067316585117
1710778148.92579,0.36633392175038654
1710778148.9259033,0.33900953001446194
1710778148.9260163,0.310283899307251
1710778148.9261296,0.28120795885721844
1710778148.9262428,0.2514313823646969
1710778148.926356,0.22095418638653225
1710778148.926469,0.19047699040836757
1710778148.9265823,0.16035012072987026
1710778148.9266956,0.13092385398017034
1710778148.9268088,0.10149759550889333
1710778148.9269218,0.07242165505886078
1710778148.927035,0.043345710469616786
1710778148.9271483,0.01321882630387942
1710778148.9272616,-0.017605237662792206
1710778148.9273746,-0.049127203722794846
1710778148.9274879,-0.08169990446832445
1710778148.927601,-0.11357211404376559
1710778148.9277143,-0.14544432361920676
1710778148.9278276,-0.17661604616377088
1710778148.9279406,-0.206386794646581
1710778148.9280539,-0.23510679602622986
1710778148.928167,-0.26417705747816295
1710778148.9282804,-0.2932473023732503
1710778148.9283934,-0.3212668498357137
1710778148.9285066,-0.35103758176167804
1710778148.9286199,-0.3801078597704569
1710778148.928733,-0.40987859169642127
1710778148.9288461,-0.4399995671378242
1710778148.9289594,-0.46801911460028756
1710778148.9290726,-0.4949878984027439
1710778148.9291859,-0.5212561951743232
1710778148.929299,-0.546473761399587
1710778148.9294121,-0.5709908405939738
1710778148.9295254,-0.5962084399329292
1710778148.9296386,-0.6214259730445014
1710778148.9297519,-0.6473440594143337
1710778148.929865,-0.6736123561859131
1710778148.9299781,-0.7009314166174995
1710778148.9300914,-0.7271997133890787
1710778148.9302046,-0.7531177997589111
1710778148.9303176,-0.7783353328704834
1710778148.930431,-0.8014514711168077
1710778148.9305441,-0.824917819764879
1710778148.9306574,-0.8469831943511963
1710778148.9307706,-0.8700992663701375
1710778148.9308836,-0.8939158916473389
1710778148.930997,-0.9173822402954102
1710778148.9311101,-0.9411988655726115
1710778148.9312234,-0.9653657012515597
1710778148.9313364,-0.988481773270501
1710778148.9314497,-1.0094964504241943
1710778148.931563,-1.0301608509487576
1710778148.9316761,-1.0501247644424438
1710778148.9317892,-1.067636940214369
1710778148.9319024,-1.0858496030171711
1710778148.9320157,-1.1040623320473564
1710778148.932129,-1.1226252714792888
1710778148.932242,-1.141538487540351
1710778148.9323552,-1.1622028880649142
1710778148.9324684,-1.1814663145277235
1710778148.9325817,-1.2003793981340196
1710778148.932695,-1.218241850535075
1710778148.932808,-1.23610430293613
1710778148.9329212,-1.2511648072136772
1710778148.9330344,-1.2651745478312175
1710778148.9331477,-1.2805853949652777
1710778148.9332607,-1.2931941615210638
1710778148.933374,-1.307904322942098
1710778148.9334872,-1.3219141960144043
1710778148.9336004,-1.3338224093119304
1710778148.9337134,-1.3467815187242296
1710778148.9338267,-1.3572887579600017
1710778148.93394,-1.3656946023305256
1710778148.9340532,-1.3723492622375488
1710778148.9341664,-1.377252737681071
1710778148.9342794,-1.381455659866333
1710778148.9343927,-1.384958028793335
1710778148.934506,-1.388460530175103
1710778148.9346192,-1.391962899102105
1710778148.9347322,-1.3965161641438801
1710778148.9348454,-1.401069296730889
1710778148.9349587,-1.4049220085144043
1710778148.935072,-1.4080741670396593
1710778148.935185,-1.4101756943596733
1710778148.9352982,-1.4115766684214275
1710778148.9354115,-1.4119268788231742
1710778148.9355247,-1.4108761151631672
1710778148.935638,-1.4077239566379123
1710778148.935751,-1.4066731929779053
1710778148.9358642,-1.4045717981126573
1710778148.9359775,-1.4035210344526503
1710778148.9360907,-1.401769717534383
1710778148.9362037,-1.398617559009128
1710778148.936317,-1.3937142160203722
1710778148.9364302,-1.387759976916843
1710778148.9365435,-1.380054685804579
1710778148.9366565,-1.3709482881757948
1710778148.9367697,-1.3593902852800157
1710778148.936883,-1.3481824927859836
1710778148.9369962,-1.3373249106936984
1710778148.9371092,-1.3268175390031602
1710778148.9372225,-1.317010720570882
1710778148.9373357,-1.306153138478597
1710778148.937449,-1.2949453459845648
1710778148.9375622,-1.2833873430887859
1710778148.9376752,-1.2700780232747395
1710778148.9377885,-1.2553677293989394
1710778148.9379017,-1.2399570147196453
1710778148.938015,-1.224546300040351
1710778148.938128,-1.2077346112993028
1710778148.9382412,-1.1919735537634955
1710778148.9383545,-1.1769130494859483
1710778148.9384677,-1.1625530984666612
1710778148.9385808,-1.147492594189114
1710778148.938694,-1.131731669108073
1710778148.9388072,-1.1145696375105116
1710778148.9389205,-1.0967071851094563
1710778148.9390337,-1.077794035275777
1710778148.9391468,-1.057830121782091
1710778148.93926,-1.0371657212575276
1710778148.9393733,-1.0158008337020874
1710778148.9394865,-0.9951364331775241
1710778148.9395995,-0.9751725196838379
1710778148.9397128,-0.9545081191592746
1710778148.939826,-0.9341939290364583
1710778148.9399393,-0.9121285544501411
1710778148.9400523,-0.8897129694620768
1710778148.9401655,-0.8651958571539985
1710778148.9402788,-0.8396280474132961
1710778148.940392,-0.8130095402399699
1710778148.940505,-0.7860406902101305
1710778148.9406183,-0.7590719064076741
1710778148.9407315,-0.7314026355743408
1710778148.9408448,-0.7061850362353854
1710778148.940958,-0.6799167394638062
1710778148.941071,-0.6543489297231039
1710778148.9411843,-0.6263294484880235
1710778148.9412975,-0.5986601114273071
1710778148.9414108,-0.5695898665322198
1710778148.9415238,-0.5394688910908169
1710778148.941637,-0.5082971851030985
1710778148.9417503,-0.4771254460016886
1710778148.9418635,-0.44560349649853176
1710778148.9419765,-0.41548248794343734
1710778148.9420898,-0.3853615125020345
1710778148.942203,-0.3555907474623786
1710778148.9423163,-0.3251195285055372
1710778148.9424295,-0.2935975458886888
1710778148.9425426,-0.26242583990097046
1710778148.9426558,-0.2295028997792138
1710778148.942769,-0.19693020317289564
1710778148.9428823,-0.16400726305113897
1710778148.9429953,-0.13143455816639793
1710778148.9431086,-0.09991259210639529
1710778148.9432218,-0.06909111307726966
1710778148.943335,-0.03932036873367097
1710778148.943448,-0.0102501114209493
1710778148.9435613,0.01812320202589035
1710778148.9436746,0.04754946049716737
1710778148.9437878,0.07767634259329902
1710778148.943901,0.10885416633552975
1710778148.944014,0.13898104429244995
1710778148.9441273,0.17120980554156834
1710778148.9442406,0.2020373112625546
1710778148.9443538,0.23216419749789768
1710778148.9444668,0.2622910837332408
1710778148.94458,0.29136700762642753
1710778148.9446933,0.32044298119015163
1710778148.9448066,0.3491686118973626
1710778148.9449196,0.3782445523473951
1710778148.9450328,0.40907204151153564
1710778148.945146,0.4395492540465461
1710778148.9452593,0.470026433467865
1710778148.9453723,0.5005036460028754
1710778148.9454856,0.5292292767100863
1710778148.9455988,0.5579549074172974
1710778148.945712,0.5838780270682441
1710778148.9458253,0.6087502506044176
1710778148.9459383,0.6325715117984347
1710778148.9460516,0.6574436691072252
1710778148.9461648,0.6823158926433986
1710778148.946278,0.7061371538374159
1710778148.946391,0.7320602734883627
1710778148.9465044,0.7562318113115098
1710778148.9466176,0.7807536919911702
1710778148.9467309,0.8052755726708306
1710778148.9468439,0.8283962143792046
1710778148.946957,0.8501156171162922
1710778148.9470704,0.8711343341403537
1710778148.9471836,0.8925033940209283
1710778148.9472969,0.9138725201288859
1710778148.9474099,0.9362924761242336
1710778148.947523,0.9583622217178345
1710778148.9476364,0.9807821777131822
1710778148.9477496,1.0039028194215562
1710778148.9478626,1.025622222158644
1710778148.9479759,1.0466409391827054
1710778148.9480891,1.0662584834628634
1710778148.9482024,1.083774103058709
1710778148.9483154,1.1016400655110676
1710778148.9484286,1.1188054084777832
1710778148.9485419,1.1349197228749592
1710778148.9486551,1.1517347229851616
1710778148.9487684,1.1681993802388508
1710778148.9488814,1.1853647232055664
1710778148.9489946,1.2014791700575087
1710778148.949108,1.2168929311964247
1710778148.9492211,1.2309053209092882
1710778148.9493341,1.2435166041056316
1710778148.9494474,1.2547266483306885
1710778148.9495606,1.264185110727946
1710778148.949674,1.272592544555664
1710778148.949787,1.2810001108381484
1710778148.9499002,1.2897578875223796
1710778148.9500134,1.2978151109483507
1710778148.9501266,1.3058723343743217
1710778148.9502397,1.3132288720872667
1710778148.950353,1.3202350669436984
1710778148.9504662,1.3261903656853569
1710778148.9505794,1.329693529340956
1710778148.9506927,1.3321456644270155
1710778148.9508057,1.3328463501400418
1710778148.950919,1.3331966929965549
1710778148.9510322,1.3331966929965549
1710778148.9511454,1.3331966929965549
1710778148.9512584,1.3338972462548149
1710778148.9513717,1.3338972462548149
1710778148.951485,1.3331966929965549
1710778148.9515982,1.3324960072835286
1710778148.9517112,1.329693529340956
1710778148.9518244,1.3244387838575575
1710778148.9519377,1.3195345136854384
1710778148.952051,1.3128785292307537
1710778148.9521642,1.3051716486612956
1710778148.9522772,1.298866007063124
1710778148.9523904,1.2922100226084392
1710778148.9525037,1.2859045134650335
1710778148.952617,1.280299425125122
1710778148.95273,1.2750448120964897
1710778148.9528432,1.268038484785292
1710778148.9529564,1.259981393814087
1710778148.9530697,1.2512234846750896
1710778148.9531827,1.2407141261630588
1710778148.953296,1.2291538715362549
1710778148.9534092,1.2175934844546847
1710778148.9535224,1.2063834402296278
1710778148.9536357,1.195173528459337
1710778148.9537487,1.1829125881195068
1710778148.953862,1.17170254389445
1710778148.9539752,1.1590912606981065
1710778148.9540884,1.14542908138699
1710778148.9542015,1.1307160059611003
1710778148.9543147,1.114601559109158
1710778148.954428,1.0967356628841824
1710778148.9545412,1.0785194238026936
1710778148.9546542,1.0592522223790486
1710778148.9547675,1.0406856404410467
1710778148.9548807,1.0228196779886882
1710778148.954994,1.0046034389071994
1710778148.955107,0.987438162167867
1710778148.9552202,0.9699224763446384
1710778148.9553335,0.9510056177775065
1710778148.9554467,0.9317384163538615
1710778148.95556,0.9110699759589301
1710778148.955673,0.8890002965927124
1710778148.9557862,0.8665802743699815
1710778148.9558995,0.8441603183746338
1710778148.9560127,0.8217402961519029
1710778148.9561257,0.8000208934148152
1710778148.956239,0.7776008711920844
1710778148.9563522,0.7562318113115098
1710778148.9564655,0.7331111696031358
1710778148.9565785,0.7092899084091187
1710778148.9566917,0.6847680277294582
1710778148.956805,0.6581442885928683
1710778148.9569182,0.6308199299706353
1710778148.9570315,0.602444609006246
1710778148.9571445,0.5747699075274997
1710778148.9572577,0.5467448963059319
1710778148.957371,0.5187198850843642
1710778148.9574842,0.4913955264621311
1710778148.9575973,0.46477175421184963
1710778148.9577105,0.43639643324746025
1710778148.9578238,0.40837142202589244
1710778148.957937,0.37859486209021675
1710778148.95805,0.3484679592980279
1710778148.9581633,0.3172901603910658
1710778148.9582765,0.2868129478560554
1710778148.9583898,0.25633576843473643
1710778148.9585028,0.22690950168503654
1710778148.958616,0.19818387097782558
1710778148.9587293,0.17050918605592516
1710778148.9588425,0.14213386509153578
1710778148.9589558,0.11375853584872352
1710778148.9590688,0.08503290514151256
1710778148.959182,0.05525633692741394
1710778148.9592953,0.025129454831282295
1710778148.9594085,-0.006747670575148529
1710778148.9595215,-0.037218903501828514
1710778148.9596348,-0.06804038253095415
1710778148.959748,-0.09816137452920277
1710778148.9598613,-0.1261808971563975
1710778148.9599743,-0.1545506715774536
1710778148.9600875,-0.18257018592622545
1710778148.9602008,-0.21129020386272007
1710778148.960314,-0.23965997828377616
1710778148.9604273,-0.2694307267665863
1710778148.9605403,-0.29885123173395794
1710778148.9606535,-0.32792147662904525
1710778148.9607668,-0.3559409909778171
1710778148.96088,-0.383610294924842
1710778148.960993,-0.4105790787272983
1710778148.9611063,-0.4347459144062466
1710778148.9612195,-0.4592629936006334
1710778148.9613328,-0.48342982927958167
1710778148.9614458,-0.5082971851030985
1710778148.961559,-0.5324640207820468
1710778148.9616723,-0.5590825610690646
1710778148.9617856,-0.585701134469774
1710778148.9618988,-0.6137206157048544
1710778148.9620118,-0.6396387020746866
1710778148.962125,-0.666257275475396
1710778148.9622383,-0.6914748085869683
1710778148.9623516,-0.7159919208950466
1710778148.9624646,-0.740859243604872
1710778148.9625778,-0.7639753156238132
1710778148.962691,-0.7874416642718844
1710778148.9628043,-0.8126592636108398
1710778148.9629173,-0.8371763759189181
1710778148.9630306,-0.8616934219996134
1710778148.9631438,-0.8858602576785617
1710778148.963257,-0.909326606326633
1710778148.96337,-0.9310417705112033
1710778148.9634833,-0.9513558944066365
1710778148.9635966,-0.9716700845294528
1710778148.9637098,-0.990233023961385
1710778148.963823,-1.0094964504241943
1710778148.963936,-1.0287598768870037
1710778148.9640493,-1.0480233033498128
1710778148.9641626,-1.067636940214369
1710778148.9642758,-1.0893521043989394
1710778148.9643888,-1.1082652542326186
1710778148.964502,-1.1278789573245578
1710778148.9646153,-1.1453910668690999
1710778148.9647286,-1.1629033088684082
1710778148.9648416,-1.1790145768059623
1710778148.9649549,-1.1937248706817627
1710778148.965068,-1.2080848217010498
1710778148.9651814,-1.223495536380344
1710778148.9652946,-1.237505276997884
1710778148.9654076,-1.2529159916771782
1710778148.9655209,-1.2672760751512315
1710778148.965634,-1.2812858157687717
1710778148.9657474,-1.2938945823245578
1710778148.9658604,-1.304401954015096
1710778148.9659736,-1.313508219189114
1710778148.9660869,-1.321563853157891
1710778148.9662,-1.3285687234666612
1710778148.9663131,-1.3348731729719374
1710778148.9664264,-1.3404770692189534
1710778148.9665396,-1.3481824927859836
1710778148.9666529,-1.3541365994347465
1710778148.966766,-1.3611414697435167
1710778148.9668791,-1.3663951555887859
1710778148.9669924,-1.3691971037122939
1710778148.9671056,-1.3723492622375488
1710778148.9672189,-1.3719990518358018
1710778148.967332,-1.3716488414340549
1710778148.9674451,-1.3702478673723009
1710778148.9675584,-1.3684965504540336
1710778148.9676716,-1.3670955763922796
1710778148.9677846,-1.366044945187039
1710778148.967898,-1.364643971125285
1710778148.9680111,-1.364643971125285
1710778148.9681244,-1.3628926542070177
1710778148.9682374,-1.3604410489400227
1710778148.9683506,-1.3576389683617485
1710778148.968464,-1.3523854149712455
1710778148.9685771,-1.3464311758677165
1710778148.9686904,-1.3408272796207004
1710778148.9688034,-1.3345229625701904
1710778148.9689167,-1.3289190663231742
1710778148.96903,-1.3229648272196453
1710778148.9691432,-1.317711141374376
1710778148.9692562,-1.3117570347256131
1710778148.9693694,-1.304401954015096
1710778148.9694827,-1.2966965304480658
1710778148.969596,-1.2868897120157878
1710778148.969709,-1.2749813662634955
1710778148.9698222,-1.2623725997077093
1710778148.9699354,-1.2494136227501762
1710778148.9700487,-1.237155066596137
1710778148.970162,-1.224196089638604
1710778148.970275,-1.2115871906280518
1710778148.9703882,-1.2007297409905326
1710778148.9705014,-1.1884711848364935
1710778148.9706147,-1.1755120754241943
1710778148.9707277,-1.1625530984666612
1710778148.970841,-1.147492594189114
1710778148.9709542,-1.1313813262515597
1710778148.9710674,-1.1138692167070177
1710778148.9711804,-1.0956564876768324
1710778148.9712937,-1.078144245677524
1710778148.971407,-1.0595813062455919
1710778148.9715202,-1.0420691304736667
1710778148.9716334,-1.0242066780726116
1710778148.9717464,-1.0045930412080553
1710778148.9718597,-0.983928640683492
1710778148.971973,-0.9618632660971748
1710778148.9720862,-0.9387471278508503
1710778148.9721992,-0.9142300155427721
1710778148.9723125,-0.8893626928329468
1710778148.9724257,-0.8637948830922444
1710778148.972539,-0.8382270733515421
1710778148.972652,-0.8140602376725938
1710778148.9727652,-0.7905938890245225
1710778148.9728785,-0.7664270533455743
1710778148.9729917,-0.744011402130127
1710778148.9731047,-0.7198445664511787
1710778148.973218,-0.6942767567104763
1710778148.9733312,-0.669059223598904
1710778148.9734445,-0.6420903735690646
1710778148.9735577,-0.6144211027357314
1710778148.9736707,-0.586751831902398
1710778148.973784,-0.5590825610690646
1710778148.9738972,-0.5324640207820468
1710778148.9740105,-0.5051449603504604
1710778148.9741235,-0.47782593303256565
1710778148.9742367,-0.4501566621992323
1710778148.97435,-0.4210863841904534
1710778148.9744632,-0.39061516523361206
1710778148.9745762,-0.35944345924589366
1710778148.9746895,-0.32722098959816825
1710778148.9748027,-0.2956990400950114
1710778148.974916,-0.26347657044728595
1710778148.9750292,-0.23195460438728333
1710778148.9751422,-0.2028843429353502
1710778148.9752555,-0.17346383796797857
1710778148.9753687,-0.14509408010376823
1710778148.975482,-0.11742479271358913
1710778148.975595,-0.0876540525092019
1710778148.9757082,-0.05823354754183027
1710778148.9758215,-0.028813046713670094
1710778148.9759347,0.0020088237296375963
1710778148.9760478,0.032836331261528864
1710778148.976161,0.06331352723969354
1710778148.9762743,0.09238946768972608
1710778148.9763875,0.12181572616100311
1710778148.9765005,0.14949041936132643
1710778148.9766138,0.17716512084007263
1710778148.976727,0.20624106129010517
1710778148.9768403,0.23461638225449455
1710778148.9769535,0.2640426324473487
1710778148.9770665,0.2945198284255134
1710778148.9771798,0.3239460786183675
1710778148.977293,0.35442329115337795
1710778148.9774063,0.38384954134623206
1710778148.9775193,0.41222486231062144
1710778148.9776325,0.4395492540465461
1710778148.9777458,0.46652330292595756
1710778148.977859,0.4924464556905958
1710778148.977972,0.5183695753415426
1710778148.9780853,0.5456939670774672
1710778148.9781985,0.5726680490705702
1710778148.9783118,0.5999924076928033
1710778148.978425,0.6276671091715494
1710778148.978538,0.6549914677937826
1710778148.9786513,0.6809145874447292
1710778148.9787645,0.7061371538374159
1710778148.9788778,0.7310093111462063
1710778148.9789908,0.7541299528545803
1710778148.979104,0.7779512140485976
1710778148.9792173,0.8024730947282579
1710778148.9793305,0.8266446325514052
1710778148.9794436,0.852918095058865
1710778148.9795568,0.8777903185950385
1710778148.97967,0.9037134382459853
1710778148.9797833,0.9285855955547756
1710778148.9798965,0.9527571996053059
1710778148.9800096,0.9758778413136799
1710778148.9801228,0.9965462817086114
1710778148.980236,1.0172147221035428
1710778148.9803493,1.0375328196419609
1710778148.9804623,1.0568000210656059
1710778148.9805756,1.076067222489251
1710778148.9806888,1.095684700542026
1710778148.980802,1.1139010058508978
1710778148.980915,1.1321172449323866
1710778148.9810283,1.148932245042589
1710778148.9811416,1.164696349038018
1710778148.9812548,1.1787088712056477
1710778148.9813678,1.1902691258324516
1710778148.981481,1.2021797233157687
1710778148.9815943,1.2130394246843126
1710778148.9817076,1.2235487831963432
1710778148.9818208,1.2347588274214003
1710778148.9819338,1.2473701106177435
1710778148.982047,1.257529126273261
1710778148.9821603,1.2701404094696045
1710778148.9822736,1.2799490822686088
1710778148.9823866,1.2897578875223796
1710778148.9824998,1.2978151109483507
1710778148.982613,1.3051716486612956
1710778148.9827263,1.3107766045464408
1710778148.9828393,1.3167319032880995
1710778148.9829526,1.321986648771498
1710778148.9830658,1.3275916046566434
1710778148.983179,1.3331966929965549
1710778148.9832923,1.337750752766927
1710778148.9834054,1.3426551553938124
1710778148.9835186,1.345457633336385
1710778148.9836318,1.3472092151641846
1710778148.983745,1.3472092151641846
1710778148.983858,1.3444066047668457
1710778148.9839714,1.3419544696807861
1710778148.9840846,1.3388016488817003
1710778148.9841979,1.3345979319678412
1710778148.9843109,1.3321456644270155
1710778148.984424,1.3286426332261827
1710778148.9845374,1.3261903656853569
1710778148.9846506,1.3226873344845242
1710778148.9847639,1.318133274714152
1710778148.9848769,1.3128785292307537
1710778148.9849901,1.3051716486612956
1710778148.9851034,1.2971144252353244
1710778148.9852166,1.288356648551093
1710778148.9853296,1.2799490822686088
1710778148.9854429,1.2711913055843778
1710778148.9855561,1.2627838717566595
1710778148.9856694,1.2547266483306885
1710778148.9857824,1.2459688716464572
1710778148.9858956,1.237561305363973
1710778148.986009,1.2277526325649686
1710778148.9861221,1.2172431415981717
1710778148.9862351,1.202880409028795
1710778148.9863484,1.1895684401194255
1710778148.9864616,1.1748553646935356
1710778148.986575,1.1594416035546196
1710778148.9866881,1.1440278424157035
1710778148.9868011,1.1286140812767875
1710778148.9869144,1.1132003201378715
1710778148.9870276,1.0977866252263386
1710778148.987141,1.0816722446017795
1710778148.987254,1.0634559392929077
1710778148.9873672,1.044889423582289
1710778148.9874804,1.0242209831873577
1710778148.9875937,1.0021512375937567
1710778148.9877067,0.9804319010840522
1710778148.98782,0.9573112593756782
1710778148.9879332,0.9355918566385905
1710778148.9880464,0.9131718344158596
1710778148.9881597,0.8918027745352851
1710778148.9882727,0.8700834380255805
1710778148.988386,0.8476634158028497
1710778148.9884992,0.8241924974653456
1710778148.9886124,0.799320273929172
1710778148.9887254,0.772346191936069
1710778148.9888387,0.7457224527994791
1710778148.988952,0.7173471318350898
1710778148.9890652,0.6903730498419868
1710778148.9891782,0.6623480717341105
1710778148.9892914,0.6346733702553643
1710778148.9894047,0.6087502506044176
1710778148.989518,0.5803749296400282
1710778148.9896312,0.5530505379041036
1710778148.9897442,0.5239745643403795
1710778148.9898574,0.49454831414752537
1710778148.9899707,0.46372082498338485
1710778148.990084,0.4328933027055528
1710778148.990197,0.40241612328423393
1710778148.9903102,0.37298983997768825
1710778148.9904234,0.3439138995276557
1710778148.9905367,0.31483795907762313
1710778148.9906497,0.28786391019821167
1710778148.990763,0.2598388824197981
1710778148.9908762,0.23146356145540872
1710778148.9909894,0.20238762100537616
1710778148.9911025,0.1722607347700331
1710778148.9912157,0.14108291930622524
1710778148.991329,0.10920447607835133
1710778148.9914422,0.07732603285047743
1710778148.9915555,0.046848836872312755
1710778148.9916685,0.016021327012115054
1710778148.9917817,-0.014102796299590005
1710778148.991895,-0.04422378622823291
1710778148.9920082,-0.07469501760270861
1710778148.9921212,-0.10411552257008022
1710778148.9922345,-0.13563748863008288
1710778148.9923477,-0.16750969820552403
1710778148.992461,-0.19868142075008816
1710778148.992574,-0.22985314329465228
1710778148.9926872,-0.2610248658392164
1710778148.9928005,-0.2911458412806193
1710778148.9929137,-0.3191653887430827
1710778148.993027,-0.346834659576416
1710778148.99314,-0.37345319986343384
1710778148.9932532,-0.4007722602950202
1710778148.9933665,-0.42809128761291504
1710778148.9934797,-0.45576055844624835
1710778148.9935927,-0.4844805598258972
1710778148.993706,-0.5135508378346761
1710778148.9938192,-0.5426210827297634
1710778148.9939325,-0.5702903535630968
1710778148.9940455,-0.5983099010255601
1710778148.9941587,-0.6245781977971395
1710778148.994272,-0.6508464945687188
1710778148.9943852,-0.6764143043094211
1710778148.9944983,-0.7016319036483765
1710778148.9946115,-0.7268494367599487
1710778148.9947248,-0.7531177997589111
1710778148.994838,-0.7800865835613674
1710778148.9949512,-0.8070553673638238
1710778148.9950643,-0.8336739407645332
1710778148.9951775,-0.8595919609069824
1710778148.9952908,-0.8844592836168077
1710778148.995404,-0.908275908894009
1710778148.995517,-0.9313919809129503
1710778148.9956303,-0.9531071450975206
1710778148.9957435,-0.9751725196838379
1710778148.9958568,-0.9982885917027791
1710778148.9959698,-1.0203539662890964
1710778148.996083,-1.0427696175045438
1710778148.9961963,-1.065535479121738
1710778148.9963095,-1.0872506433063083
1710778148.9964228,-1.1068642801708646
1710778148.9965358,-1.1257774300045438
1710778148.996649,-1.142939461602105
1710778148.9967623,-1.159050597084893
1710778148.9968755,-1.1744614442189534
1710778148.9969885,-1.1898721588982475
1710778148.9971018,-1.2049326631757948
1710778148.997215,-1.221043798658583
1710778148.9973283,-1.237505276997884
1710778148.9974413,-1.2532663345336914
1710778148.9975545,-1.2679764959547255
1710778148.9976678,-1.2830370002322726
1710778148.997781,-1.2952955563863118
1710778148.9978943,-1.306153138478597
1710778148.9980073,-1.315609746509128
1710778148.9981205,-1.3240155908796523
1710778148.9982338,-1.3317210144466824
1710778148.998347,-1.3401268588172064
1710778148.99846,-1.3478321499294705
1710778148.9985733,-1.3555375734965007
1710778148.9986866,-1.3628926542070177
1710778148.9987998,-1.3688468933105469
1710778148.9989128,-1.3726994726392958
1710778148.999026,-1.3758517636193168
1710778148.9991393,-1.3776029480828178
1710778148.9992526,-1.3776029480828178
1710778148.9993656,-1.3779531584845648
1710778148.9994788,-1.378653711742825
1710778148.999592,-1.3797043429480658
1710778148.9997053,-1.381455659866333
1710778148.9998186,-1.383907397588094
1710778148.9999316,-1.386008792453342
1710778149.0000448,-1.387059556113349
1710778149.000158,-1.387759976916843
1710778149.0002713,-1.386359002855089
1710778149.0003843,-1.383907397588094
1710778149.0004976,-1.380755106608073
1710778149.0006108,-1.3758517636193168
1710778149.000724,-1.3709482881757948
1710778149.000837,-1.3663951555887859
1710778149.0009503,-1.3611414697435167
1710778149.0010636,-1.3558877838982475
1710778149.0011768,-1.3502838876512315
1710778149.00129,-1.3418780432807074
1710778149.001403,-1.3327716456519232
1710778149.0015163,-1.3226146168178983
1710778149.0016296,-1.3103560606638591
1710778149.0017428,-1.2980975045098198
1710778149.0018559,-1.2847883171505399
1710778149.001969,-1.2721794181399875
1710778149.0020823,-1.2602712048424614
1710778149.0021956,-1.2487130694919162
1710778149.0023086,-1.237505276997884
1710778149.0024219,-1.2269980377621121
1710778149.002535,-1.2150896920098198
1710778149.0026484,-1.2021307150522869
1710778149.0027616,-1.1867198679182265
1710778149.0028746,-1.1720097064971924
1710778149.0029879,-1.1551980177561443
1710778149.003101,-1.138736539416843
1710778149.0032144,-1.1222750610775418
1710778149.0033274,-1.1061637931399875
1710778149.0034406,-1.0900525914298163
1710778149.0035539,-1.072890626059638
1710778149.003667,-1.056429147720337
1710778149.0037801,-1.0371657212575276
1710778149.0038934,-1.0165013207329643
1710778149.0040066,-0.9958369202084011
1710778149.0041199,-0.9723705715603298
1710778149.004233,-0.9485539462831285
1710778149.0043461,-0.9247373872333102
1710778149.0044594,-0.9016212489869859
1710778149.0045726,-0.8785051769680446
1710778149.0046859,-0.8553890387217203
1710778149.004799,-0.832272900475396
1710778149.0049121,-0.8088065518273247
1710778149.0050254,-0.7832387420866225
1710778149.0051386,-0.7573207219441731
1710778149.0052516,-0.7307021485434638
1710778149.005365,-0.7016319036483765
1710778149.0054781,-0.6732621457841661
1710778149.0055914,-0.6452425983217027
1710778149.0057044,-0.6179235378901163
1710778149.0058177,-0.5913050307167901
1710778149.005931,-0.5653869443469577
1710778149.0060441,-0.5387684040599399
1710778149.0061574,-0.512850350803799
1710778149.0062704,-0.48623181051678127
1710778149.0063837,-0.4585625065697564
1710778149.006497,-0.430192748705546
1710778149.0066102,-0.4007722602950202
1710778149.0067232,-0.3717019822862413
1710778149.0068364,-0.34228149387571544
1710778149.0069497,-0.3146121899286906
1710778149.007063,-0.28659267557991874
1710778149.007176,-0.25787265764342415
1710778149.0072892,-0.2309038738409678
1710778149.0074024,-0.2028843429353502
1710778149.0075157,-0.17451458507113987
1710778149.007629,-0.14474383658832973
1710778149.007742,-0.11497308810551961
1710778149.0078552,-0.08485209610727099
1710778149.0079684,-0.054731108248233795
1710778149.0080817,-0.026361337966389127
1710778149.0081947,0.0013081985525786877
1710778149.008308,0.02793195553951793
1710778149.0084212,0.054555713302559324
1710778149.0085344,0.0801285273498959
1710778149.0086474,0.10745291080739763
1710778149.0087607,0.13442698452207777
1710778149.008874,0.16245199574364555
1710778149.0089872,0.19047699040836757
1710778149.0091002,0.22095418638653225
1710778149.0092134,0.25003014339341056
1710778149.0093267,0.27910606728659737
1710778149.00944,0.30748138825098675
1710778149.0095532,0.3355063994725545
1710778149.0096662,0.36318110095130074
1710778149.0097795,0.3908558024300469
1710778149.0098927,0.4195814331372579
1710778149.010006,0.44830706384446883
1710778149.010119,0.4780836237801446
1710778149.0102322,0.5082105265723335
1710778149.0103455,0.5372864670223659
1710778149.0104587,0.5653114451302422
1710778149.0105717,0.5926358699798584
1710778149.010685,0.6185589896308051
1710778149.0107982,0.6430808703104655
1710778149.0109115,0.6672524081336128
1710778149.0110247,0.6907233926984999
1710778149.0111377,0.7138440344068739
1710778149.011251,0.7380155722300211
1710778149.0113642,0.7621871100531684
1710778149.0114775,0.7867089907328287
1710778149.0115905,0.8112308714124892
1710778149.0117037,0.8347018559773762
1710778149.011817,0.8574721548292372
1710778149.0119302,0.879892177051968
1710778149.0120432,0.8998599979612563
1710778149.0121565,0.9205284383561876
1710778149.0122697,0.9404962592654758
1710778149.012383,0.9604640801747639
1710778149.012496,0.9804319010840522
1710778149.0126092,1.0011003414789836
1710778149.0127225,1.0221190585030449
1710778149.0128357,1.04103598329756
1710778149.012949,1.0599528418646917
1710778149.013062,1.0778188043170505
1710778149.0131752,1.0935828420850966
1710778149.0132885,1.1075953642527263
1710778149.0134017,1.121958229276869
1710778149.0135148,1.1345693800184462
1710778149.013628,1.1475310060713027
1710778149.0137413,1.1615435282389324
1710778149.0138545,1.1755560504065619
1710778149.0139675,1.188167201148139
1710778149.0140808,1.2011288272009955
1710778149.014194,1.2123388714260526
1710778149.0143073,1.222147544225057
1710778149.0144205,1.2312556637658012
1710778149.0145335,1.2379116482204862
1710778149.0146468,1.245268185933431
1710778149.01476,1.2512234846750896
1710778149.0148733,1.2582298119862874
1710778149.0149863,1.264185110727946
1710778149.0150995,1.271891991297404
1710778149.0152128,1.2781976328955755
1710778149.015326,1.2845032744937472
1710778149.015439,1.2894075446658664
1710778149.0155523,1.2936113940344915
1710778149.0156655,1.295012633005778
1710778149.0157788,1.2964138719770644
1710778149.015892,1.2974647680918376
1710778149.016005,1.2971144252353244
1710778149.0161183,1.2974647680918376
1710778149.0162315,1.2981654538048637
1710778149.0163448,1.298866007063124
1710778149.0164578,1.2985156642066107
1710778149.016571,1.2995666927761502
1710778149.0166843,1.2981654538048637
1710778149.0167975,1.2960635291205511
1710778149.0169106,1.2922100226084392
1710778149.0170238,1.2876559628380668
1710778149.017137,1.2820510069529216
1710778149.0172503,1.2778472900390625
1710778149.0173633,1.2736435731252034
1710778149.0174766,1.2694397237565782
1710778149.0175898,1.2655863496992323
1710778149.017703,1.2613826327853732
1710778149.0178163,1.256828573015001
1710778149.0179293,1.2501725885603163
1710778149.0180426,1.2428160508473713
1710778149.0181558,1.2323066923353407
1710778149.018269,1.2210966481102836
1710778149.018382,1.2088357077704535
1710778149.0184953,1.195874081717597
1710778149.0186086,1.1825622452629936
1710778149.0187218,1.1703013049231634
1710778149.0188348,1.157339678870307
1710778149.018948,1.1436774995591905
1710778149.0190613,1.1289644241333008
1710778149.0191746,1.1135506629943848
1710778149.0192878,1.0963853200276692
1710778149.0194008,1.0781690809461806
1710778149.019514,1.0592522223790486
1710778149.0196273,1.04103598329756
1710778149.0197406,1.021768781873915
1710778149.0198536,1.0042531622780693
1710778149.0199668,0.9863871998257107
1710778149.02008,0.9681709607442219
1710778149.0201933,0.9513559606340196
1710778149.0203063,0.9331396553251479
1710778149.0204196,0.9128215577867296
1710778149.0205328,0.8918027745352851
1710778149.020646,0.8686821990542941
1710778149.0207593,0.8448609378602769
1710778149.0208724,0.8203390571806166
1710778149.0209856,0.7958171765009562
1710778149.0210989,0.771995915306939
1710778149.021212,0.7478243112564087
1710778149.021325,0.7233024305767483
1710778149.0214384,0.6984302732679579
1710778149.0215516,0.6742586692174276
1710778149.0216649,0.6472845872243246
1710778149.0217779,0.6196098857455783
1710778149.021891,0.590884288152059
1710778149.0220044,0.5621586243311564
1710778149.0221176,0.5334330267376369
1710778149.0222306,0.5057583252588908
1710778149.0223439,0.4780836237801446
1710778149.0224571,0.4511095749007331
1710778149.0225704,0.42378518316480845
1710778149.0226836,0.3978620635138618
1710778149.0227966,0.36983705229229397
1710778149.0229099,0.34251266055636936
1710778149.0230231,0.3130864103635152
1710778149.0231364,0.28330981731414795
1710778149.0232494,0.2538835671212938
1710778149.0233626,0.22480762667126125
1710778149.023476,0.19538137647840711
1710778149.0235891,0.1677066749996609
1710778149.0237021,0.14038229982058206
1710778149.0238154,0.11305791636308034
1710778149.0239286,0.08503290514151256
1710778149.024042,0.05595696055226856
1710778149.0241551,0.027581643727090623
1710778149.0242682,-0.003595474279589123
1710778149.0243814,-0.034767194754547544
1710778149.0244946,-0.06593891729911168
1710778149.024608,-0.09711063570446438
1710778149.024721,-0.12793211473359
1710778149.0248342,-0.15875359376271567
1710778149.0249474,-0.18782385521464878
1710778149.0250607,-0.21654387315114337
1710778149.0251737,-0.24666484859254625
1710778149.025287,-0.27643559707535637
1710778149.0254002,-0.307257076104482
1710778149.0255134,-0.3377283281750149
1710778149.0256267,-0.36890003416273326
1710778149.0257397,-0.39937125311957467
1710778149.025853,-0.42914201815923053
1710778149.0259662,-0.4582122630543179
1710778149.0260794,-0.4858815670013428
1710778149.0261924,-0.5117996202574836
1710778149.0263057,-0.540169378121694
1710778149.026419,-0.5667879184087118
1710778149.0265322,-0.5948074658711752
1710778149.0266452,-0.6231772237353854
1710778149.0267584,-0.6536484426922268
1710778149.0268717,-0.6837694512473212
1710778149.026985,-0.7131899727715386
1710778149.027098,-0.74331091509925
1710778149.0272112,-0.7706299755308363
1710778149.0273244,-0.7979490359624226
1710778149.0274377,-0.824217332734002
1710778149.027551,-0.8497851424747043
1710778149.027664,-0.8753529522154067
1710778149.0277772,-0.9009207619561089
1710778149.0278904,-0.9261383612950642
1710778149.0280037,-0.9510056840048896
1710778149.0281167,-0.9758730067147149
1710778149.02823,-0.9989890787336562
1710778149.0283432,-1.0207042429182265
1710778149.0284564,-1.0413686434427898
1710778149.0285695,-1.059931582874722
1710778149.0286827,-1.0774437586466472
1710778149.028796,-1.0949560006459553
1710778149.0289092,-1.1124682426452637
1710778149.0290225,-1.1296301417880588
1710778149.0291355,-1.1481930149926078
1710778149.0292487,-1.1671062310536702
1710778149.029362,-1.1860194471147325
1710778149.0294752,-1.2042321099175346
1710778149.0295882,-1.221394141515096
1710778149.0297015,-1.23680485619439
1710778149.0298147,-1.2515150176154242
1710778149.029928,-1.2651745478312175
1710778149.030041,-1.2781336572435167
1710778149.0301542,-1.2903922133975558
1710778149.0302675,-1.303701400756836
1710778149.0303807,-1.315609746509128
1710778149.0304937,-1.3285687234666612
1710778149.030607,-1.3401268588172064
1710778149.0307202,-1.3499336772494845
1710778149.0308335,-1.3583395216200087
1710778149.0309467,-1.364643971125285
1710778149.0310597,-1.3702478673723009
1710778149.031173,-1.3748009999593098
1710778149.0312862,-1.3793541325463188
1710778149.0313995,-1.382856633928087
1710778149.0315125,-1.387409766515096
1710778149.0316257,-1.391962899102105
1710778149.031739,-1.3968663745456271
1710778149.0318522,-1.401419507132636
1710778149.0319653,-1.4049220085144043
1710778149.0320785,-1.4066731929779053
1710778149.0321918,-1.4070234033796523
1710778149.032305,-1.4063229825761583
1710778149.0324183,-1.4049220085144043
1710778149.0325313,-1.4031708240509033
1710778149.0326445,-1.401419507132636
1710778149.0327578,-1.400368743472629
1710778149.032871,-1.398967769410875
1710778149.032984,-1.397566795349121
1710778149.0330973,-1.3958156108856201
1710778149.0332105,-1.3926634523603652
1710778149.0333238,-1.388460530175103
1710778149.0334368,-1.382856633928087
1710778149.03355,-1.3751512103610568
1710778149.0336633,-1.3681463400522869
1710778149.0337765,-1.3590399424235027
1710778149.0338898,-1.3516848617129855
1710778149.0340028,-1.3425785965389676
1710778149.034116,-1.3348731729719374
1710778149.0342293,-1.3264673286014133
1710778149.0343425,-1.317360930972629
1710778149.0344555,-1.306503348880344
1710778149.0345688,-1.2924936082628038
1710778149.034682,-1.2788340780470107
1710778149.0347953,-1.2627229425642226
1710778149.0349083,-1.2466116746266682
1710778149.0350215,-1.2294496430291069
1710778149.0351348,-1.212988297144572
1710778149.035248,-1.1965268188052707
1710778149.035361,-1.1800653404659696
1710778149.0354743,-1.1646544933319092
1710778149.0355875,-1.1464418305291069
1710778149.0357008,-1.1278789573245578
1710778149.035814,-1.1082652542326186
1710778149.035927,-1.0865501562754314
1710778149.0360403,-1.064834992090861
1710778149.0361536,-1.0417188538445366
1710778149.0362668,-1.0182525051964653
1710778149.0363798,-0.9958369202084011
1710778149.036493,-0.9723705715603298
1710778149.0366063,-0.9503051969740126
1710778149.0367196,-0.9278895457585652
1710778149.0368326,-0.9037227100796169
1710778149.0369458,-0.8795558744006686
1710778149.037059,-0.8539880646599664
1710778149.0371723,-0.82701928085751
1710778149.0372856,-0.7997002204259236
1710778149.0373986,-0.7730817132525973
1710778149.0375118,-0.7461128632227579
1710778149.037625,-0.7198445664511787
1710778149.0377383,-0.6949772437413534
1710778149.0378513,-0.6704601976606581
1710778149.0379646,-0.6452425983217027
1710778149.0380778,-0.6200249989827474
1710778149.038191,-0.5934064918094211
1710778149.038304,-0.5660874313778347
1710778149.0384173,-0.5380679170290629
1710778149.0385306,-0.5086474286185371
1710778149.0386438,-0.47852642006344265
1710778149.038757,-0.4491059316529168
1710778149.03887,-0.4200356536441379
1710778149.0389833,-0.39131565226448906
1710778149.0390966,-0.36294589440027875
1710778149.0392098,-0.3338756163914998
1710778149.0393229,-0.30340439743465847
1710778149.039436,-0.27258291840553284
1710778149.0395494,-0.24106095234553018
1710778149.0396626,-0.207787768708335
1710778149.0397756,-0.1762658026483324
1710778149.0398889,-0.14439359307289124
1710778149.040002,-0.1139223575592041
1710778149.0401154,-0.08415160907639398
1710778149.0402284,-0.0557818387945493
1710778149.0403416,-0.028112559682793088
1710778149.0404549,0.0006075733755197789
1710778149.040568,0.02828226735194524
1710778149.0406814,0.05700790219836765
1710778149.0407944,0.08643416066964467
1710778149.0409076,0.1158604191409217
1710778149.0410209,0.14563697907659742
1710778149.041134,0.17576386531194052
1710778149.0412471,0.20448949601915148
1710778149.0413604,0.23251450724071926
1710778149.0414736,0.26088982820510864
1710778149.0415869,0.28716325759887695
1710778149.0417,0.31518826882044476
1710778149.0418131,0.3442642092704773
1710778149.0419264,0.3733401828342014
1710778149.0420396,0.4038173622555203
1710778149.042153,0.4342945416768392
1710778149.042266,0.46442144446902806
1710778149.0423791,0.4934973849190606
1710778149.0424924,0.5225733253690932
1710778149.0426056,0.5505983365906609
1710778149.0427186,0.5786233478122287
1710778149.042832,0.6045464674631754
1710778149.0429451,0.6301193104849921
1710778149.0430584,0.6577940119637383
1710778149.0431714,0.6837171316146851
1710778149.0432847,0.7117421097225612
1710778149.043398,0.7383659150865343
1710778149.0435112,0.7653399308522542
1710778149.0436244,0.791263116730584
1710778149.0437374,0.8157849974102444
1710778149.0438507,0.8385552962621052
1710778149.043964,0.8595740132861667
1710778149.0440772,0.8819940355088975
1710778149.0441902,0.9023121992746989
1710778149.0443034,0.9236812591552734
1710778149.0444167,0.9450503190358479
1710778149.04453,0.9667697217729356
1710778149.044643,0.9877884387969971
1710778149.0447562,1.0088072220484416
1710778149.0448694,1.0287750429577298
1710778149.0449827,1.0473415586683485
1710778149.0450957,1.0634559392929077
1710778149.045209,1.0788697004318237
1710778149.0453222,1.0935828420850966
1710778149.0454354,1.1082959837383695
1710778149.0455487,1.1230091253916423
1710778149.0456617,1.1370216475592718
1710778149.045775,1.1517347229851616
1710778149.0458882,1.1653969022962782
1710778149.0460014,1.1790590816073947
1710778149.0461144,1.1920207076602511
1710778149.0462277,1.2021797233157687
1710778149.046341,1.211287842856513
1710778149.0464542,1.2203959623972576
1710778149.0465672,1.2281028429667156
1710778149.0466805,1.2365104092491996
1710778149.0467937,1.245268185933431
1710778149.046907,1.2540259626176622
1710778149.0470202,1.2638347678714328
1710778149.0471332,1.272242334153917
1710778149.0472465,1.2813504536946614
1710778149.0473597,1.28800630569458
1710778149.047473,1.2936113940344915
1710778149.047586,1.2978151109483507
1710778149.0476992,1.3009679317474365
1710778149.0478125,1.3037704096900091
1710778149.0479257,1.3051716486612956
1710778149.0480387,1.3076237837473552
1710778149.048152,1.3093753655751545
1710778149.0482652,1.3114772902594671
1710778149.0483785,1.3125281863742404
1710778149.0484915,1.3132288720872667
1710778149.0486047,1.3125281863742404
1710778149.048718,1.3100760512881808
1710778149.0488312,1.306572887632582
1710778149.0489445,1.302719513575236
1710778149.0490575,1.2981654538048637
1710778149.0491707,1.2929107083214653
1710778149.049284,1.288356648551093
1710778149.0493972,1.2848534848954942
1710778149.0495102,1.2810001108381484
1710778149.0496235,1.276095708211263
1710778149.0497367,1.2715416484408908
1710778149.04985,1.2655863496992323
1710778149.049963,1.256828573015001
1710778149.0500762,1.2480706638760037
1710778149.0501895,1.2372109625074599
1710778149.0503027,1.226701603995429
1710778149.050416,1.2158419026268852
1710778149.050529,1.2053325441148546
1710778149.0506423,1.194823185602824
1710778149.0507555,1.1846641699473064
1710778149.0508687,1.1734541257222493
1710778149.0509818,1.1601422892676458
1710778149.051095,1.1471806632147894
1710778149.0512083,1.1314165592193604
1710778149.0513215,1.114601559109158
1710778149.0514345,1.0970860057406955
1710778149.0515478,1.0788697004318237
1710778149.051661,1.0613540808359783
1710778149.0517743,1.0431378417544894
1710778149.0518875,1.0249216026730008
1710778149.0520005,1.0077562597062852
1710778149.0521138,0.9888394011391534
1710778149.052227,0.9695721997155083
1710778149.0523403,0.9489037593205769
1710778149.0524533,0.9271843565834893
1710778149.0525665,0.9044140577316284
1710778149.0526798,0.8809431393941243
1710778149.052793,0.8578224976857503
1710778149.052906,0.8347018559773762
1710778149.0530193,0.8126321766111586
1710778149.0531325,0.791263116730584
1710778149.0532458,0.7698939906226264
1710778149.0533588,0.7478243112564087
1710778149.053472,0.7247036695480347
1710778149.0535853,0.7008824083540175
1710778149.0536985,0.6749592887030708
1710778149.0538118,0.6493865119086372
1710778149.0539248,0.622062087059021
1710778149.054038,0.5957886907789443
1710778149.0541513,0.5695152282714844
1710778149.0542645,0.5432417657640245
1710778149.0543776,0.5183695753415426
1710778149.0544908,0.493147075176239
1710778149.054604,0.46792457501093543
1710778149.0547173,0.4406001832750108
1710778149.0548303,0.41397644413842094
1710778149.0549436,0.38665205240249634
1710778149.0550568,0.35862704118092853
1710778149.05517,0.3306020299593608
1710778149.0552833,0.30432860056559247
1710778149.0553963,0.27735451857248944
1710778149.0555096,0.2514313823646969
1710778149.0556228,0.22655919194221497
1710778149.055736,0.201687001519733
1710778149.055849,0.17576386531194052
1710778149.0559623,0.14843949013286167
1710778149.0560756,0.12076478865411547
1710778149.0561888,0.0916888482040829
1710778149.0563018,0.06051102446185218
1710778149.056415,0.030384144435326256
1710778149.0565283,-0.00044327766065382294
1710778149.0566416,-0.029863779329591326
1710778149.0567548,-0.05963452574279573
1710778149.0568678,-0.08835453954007891
1710778149.056981,-0.11742479271358913
1710778149.0570943,-0.14684529768096075
1710778149.0572076,-0.17521507210201687
1710778149.0573206,-0.20533604754341972
1710778149.0574338,-0.23545703954166836
1710778149.057547,-0.2652277880244785
1710778149.0576603,-0.29429803291956586
1710778149.0577734,-0.32266782389746773
1710778149.0578866,-0.34998685121536255
1710778149.0579998,-0.3762551479869419
1710778149.058113,-0.4014727473258972
1710778149.058226,-0.42739080058203804
1710778149.0583394,-0.45470982789993286
1710778149.0584526,-0.4809781246715122
1710778149.0585659,-0.5086474286185371
1710778149.058679,-0.5387684040599399
1710778149.058792,-0.5681888924704658
1710778149.0589054,-0.5979596243964301
1710778149.0590186,-0.6277304225497775
1710778149.0591319,-0.6557499037848579
1710778149.0592449,-0.6827186875873141
1710778149.0593581,-0.7096875376171535
1710778149.0594714,-0.7366563214196099
1710778149.0595846,-0.7632748285929362
1710778149.0596976,-0.7902436123953925
1710778149.0598109,-0.8172124624252319
1710778149.0599241,-0.8434807591968112
1710778149.0600374,-0.8700992663701375
1710778149.0601506,-0.8953168657090929
1710778149.0602636,-0.9187832143571641
1710778149.060377,-0.9401481019126045
1710778149.0604901,-0.9611627790662978
1710778149.0606034,-0.9804261393017238
1710778149.0607164,-1.0003900527954102
1710778149.0608296,-1.0189529922273424
1710778149.060943,-1.0389169057210286
1710778149.0610561,-1.0588808192147148
1710778149.0611691,-1.0788447327084012
1710778149.0612824,-1.0984584358003404
1710778149.0613956,-1.1159706115722656
1710778149.061509,-1.1320818795098198
1710778149.0616221,-1.147842804590861
1710778149.0617352,-1.1615023348066542
1710778149.0618484,-1.1748116546207004
1710778149.0619617,-1.1881208419799805
1710778149.062075,-1.2021307150522869
1710778149.062188,-1.2154399024115667
1710778149.0623012,-1.2294496430291069
1710778149.0624144,-1.2441599369049072
1710778149.0625277,-1.2578194671207004
1710778149.0626407,-1.2704282336764865
1710778149.062754,-1.2830370002322726
1710778149.0628672,-1.2935443719228108
1710778149.0629804,-1.302650769551595
1710778149.0630934,-1.3114068243238661
1710778149.0632067,-1.3205132219526503
1710778149.06332,-1.3292692767249212
1710778149.0634332,-1.3380253314971924
1710778149.0635464,-1.3481824927859836
1710778149.0636594,-1.3562379942999945
1710778149.0637727,-1.3649941815270317
1710778149.063886,-1.3709482881757948
1710778149.0639992,-1.3762019740210638
1710778149.0641122,-1.3793541325463188
1710778149.0642254,-1.38250642352634
1710778149.0643387,-1.384257607989841
1710778149.064452,-1.385658582051595
1710778149.064565,-1.387759976916843
1710778149.0646782,-1.3898615042368572
1710778149.0647914,-1.3933638731638591
1710778149.0649047,-1.3951151900821261
1710778149.065018,-1.3965161641438801
1710778149.065131,-1.3979171382056341
1710778149.0652442,-1.3968663745456271
1710778149.0653574,-1.3937142160203722
1710778149.0654707,-1.3909122678968642
1710778149.0655837,-1.386008792453342
1710778149.065697,-1.38180587026808
1710778149.0658102,-1.3769023948245578
1710778149.0659235,-1.3716488414340549
1710778149.0660365,-1.3667453659905326
1710778149.0661497,-1.3604410489400227
1710778149.066263,-1.3534360461764865
1710778149.0663762,-1.3443297810024686
1710778149.0664892,-1.3331219885084364
1710778149.0666025,-1.321563853157891
1710778149.0667157,-1.307554112540351
1710778149.066829,-1.2931941615210638
1710778149.0669422,-1.2791844209035237
1710778149.0670552,-1.2658751010894775
1710778149.0671685,-1.2525657812754314
1710778149.0672817,-1.2399570147196453
1710778149.067395,-1.2273482481638591
1710778149.067508,-1.2133385075463188
1710778149.0676212,-1.1986282136705186
1710778149.0677345,-1.1832174989912245
1710778149.0678477,-1.1660554673936632
1710778149.0679607,-1.1481930149926078
1710778149.068074,-1.1292799313863118
1710778149.0681872,-1.1110672023561265
1710778149.0683005,-1.0928545395533245
1710778149.0684137,-1.0749920871522691
1710778149.0685267,-1.056429147720337
1710778149.06864,-1.0378662082884047
1710778149.0687532,-1.0179022947947185
1710778149.0688665,-0.9951364331775241
1710778149.0689795,-0.9720202949311998
1710778149.0690928,-0.9471529722213745
1710778149.069206,-0.9219354391098022
1710778149.0693192,-0.8956670761108398
1710778149.0694323,-0.8707997534010146
1710778149.0695455,-0.8459324306911892
1710778149.0696588,-0.8210651079813639
1710778149.069772,-0.7968982723024156
1710778149.0698853,-0.7730817132525973
1710778149.0699983,-0.748214324315389
1710778149.0701115,-0.7222963041729397
1710778149.0702248,-0.6953275203704834
1710778149.070338,-0.668008459938897
1710778149.070451,-0.6406893995073106
1710778149.0705643,-0.6123196416431003
1710778149.0706775,-0.585000647438897
1710778149.0707908,-0.5590825610690646
1710778149.0709038,-0.5331645078129238
1710778149.071017,-0.5072464545567831
1710778149.0711303,-0.4809781246715122
1710778149.0712435,-0.4536590973536173
1710778149.0713565,-0.425989826520284
1710778149.0714698,-0.39656930499606663
1710778149.071583,-0.3664483295546638
1710778149.0716963,-0.33632732099956936
1710778149.0718095,-0.3055058585272895
1710778149.0719225,-0.27678584059079486
1710778149.0720358,-0.24701509210798475
1710778149.072149,-0.2179448472128974
1710778149.0722623,-0.1899253163072798
1710778149.0723753,-0.16085505485534668
1710778149.0724885,-0.13108431465095943
1710778149.0726018,-0.1006130791372723
1710778149.072715,-0.06909111307726966
1710778149.072828,-0.03756914701726701
1710778149.0729413,-0.005696938476628727
1710778149.0730546,0.025830080525742635
1710778149.0731678,0.05595696055226856
1710778149.073281,0.08643416066964467
1710778149.073394,0.1158604191409217
1710778149.0735073,0.14598730537626478
1710778149.0736206,0.17646448479758367
1710778149.0737338,0.20694168077574834
1710778149.0738468,0.23917044202486673
1710778149.07396,0.2713992032739851
1710778149.0740733,0.30397829082277084
1710778149.0741866,0.337257981300354
1710778149.0742996,0.3691364328066508
1710778149.0744128,0.40066454145643443
1710778149.074526,0.4307914442486233
1710778149.0746393,0.45951707495583427
1710778149.0747526,0.48894332514868843
1710778149.0748656,0.5169683363702562
1710778149.0749788,0.5460442768202888
1710778149.075092,0.5744195646709865
1710778149.0752053,0.6045464674631754
1710778149.0753183,0.6329217884275649
1710778149.0754316,0.660596489906311
1710778149.0755448,0.6875705718994141
1710778149.075658,0.7138440344068739
1710778149.075771,0.7383659150865343
1710778149.0758843,0.7621871100531684
1710778149.0759976,0.7853077517615424
1710778149.0761108,0.8094793558120728
1710778149.0762239,0.8336508936352199
1710778149.076337,0.8578224976857503
1710778149.0764503,0.8826946549945407
1710778149.0765636,0.9075668785307143
1710778149.0766768,0.9310377968682183
1710778149.0767899,0.9541584385765923
1710778149.076903,0.9744766023423936
1710778149.0770164,0.995145042737325
1710778149.0771296,1.014061901304457
1710778149.0772426,1.0315775209003024
1710778149.0773559,1.0497937599817913
1710778149.077469,1.068360341919793
1710778149.0775824,1.0862263043721516
1710778149.0776954,1.1040922005971272
1710778149.0778086,1.122308439678616
1710778149.0779219,1.1384228865305583
1710778149.078035,1.1538366476694744
1710778149.0781484,1.1674988269805908
1710778149.0782614,1.179759767320421
1710778149.0783746,1.1916703648037381
1710778149.0784879,1.2021797233157687
1710778149.0786011,1.2130394246843126
1710778149.0787141,1.2249500221676297
1710778149.0788274,1.2361600663926866
1710778149.0789406,1.2480706638760037
1710778149.0790539,1.2589303652445476
1710778149.079167,1.2694397237565782
1710778149.0792801,1.2792485290103488
1710778149.0793934,1.2869554095798068
1710778149.0795066,1.2939616044362385
1710778149.07962,1.3002672460344102
1710778149.079733,1.3062225447760687
1710778149.0798461,1.3125281863742404
1710778149.0799594,1.3191841708289251
1710778149.0800726,1.3265407085418701
1710778149.0801857,1.3328463501400418
1710778149.080299,1.3388016488817003
1710778149.0804121,1.3433557086520724
1710778149.0805254,1.3468588723076713
1710778149.0806384,1.3482601112789578
1710778149.0807517,1.3482601112789578
1710778149.080865,1.3475594255659316
1710778149.0809782,1.3458079761928983
1710778149.0810912,1.3440563943650987
1710778149.0812044,1.3419544696807861
1710778149.0813177,1.3402028878529866
1710778149.081431,1.337400409910414
1710778149.0815442,1.3345979319678412
1710778149.0816572,1.3303942150539823
1710778149.0817704,1.3240885734558105
1710778149.0818837,1.3170822461446126
1710778149.081997,1.3093753655751545
1710778149.08211,1.2999169031778972
1710778149.0822232,1.291159126493666
1710778149.0823364,1.2813504536946614
1710778149.0824497,1.2739937835269504
1710778149.0825627,1.264885663986206
1710778149.082676,1.256828573015001
1710778149.0827892,1.2477204534742568
1710778149.0829024,1.2365104092491996
1710778149.0830157,1.2245998117658827
1710778149.0831287,1.2095362610287137
1710778149.083242,1.1937722894880507
1710778149.0833552,1.1780081854926214
1710778149.0834684,1.1597919464111328
1710778149.0835814,1.1422762605879042
1710778149.0836947,1.1247607072194417
1710778149.083808,1.1079456408818562
1710778149.0839212,1.0897294018003676
1710778149.0840342,1.0718634393480089
1710778149.0841475,1.0515453418095906
1710778149.0842607,1.0315775209003024
1710778149.084374,1.010208461019728
1710778149.084487,0.9884890582826402
1710778149.0846002,0.9657187594307793
1710778149.0847135,0.9443496995502048
1710778149.0848267,0.9233309162987603
1710778149.08494,0.9037134382459853
1710778149.085053,0.8830449978510538
1710778149.0851662,0.8623765574561225
1710778149.0852795,0.8427590131759644
1710778149.0853927,0.8213899532953898
1710778149.0855057,0.7972184154722426
1710778149.085619,0.7730468114217122
1710778149.0857322,0.7478243112564087
1710778149.0858455,0.7208502292633057
1710778149.0859585,0.6945768329832289
1710778149.0860717,0.668303370475769
1710778149.086185,0.6427305274539523
1710778149.0862982,0.6164571311738756
1710778149.0864115,0.5905339452955458
1710778149.0865245,0.5639102061589559
1710778149.0866377,0.5372864670223659
1710778149.086751,0.5096117655436198
1710778149.0868642,0.4808861348364088
1710778149.0869772,0.4514598846435547
1710778149.0870905,0.42273425393634373
1710778149.0872037,0.3950595524575975
1710778149.087317,0.36703454123602974
1710778149.08743,0.341111421585083
1710778149.0875432,0.31553857856326634
1710778149.0876565,0.289265149169498
1710778149.0877697,0.2622910837332408
1710778149.087883,0.23496669199731615
1710778149.087996,0.2058907515472836
1710778149.0881093,0.1761141750547621
1710778149.0882225,0.14563697907659742
1710778149.0883358,0.11480947335561116
1710778149.0884488,0.08468259539869097
1710778149.088562,0.05525633692741394
1710778149.0886753,0.025830080525742635
1710778149.0887885,-0.003595474279589123
1710778149.0889015,-0.0323154880768723
1710778149.0890148,-0.0624364780055152
1710778149.089128,-0.09290771351920234
1710778149.0892413,-0.12442967957920498
1710778149.0893543,-0.15630188915464613
1710778149.0894675,-0.18817409873008728
1710778149.0895808,-0.22039655182096693
1710778149.089694,-0.25086778733465404
1710778149.0898073,-0.28098877933290267
1710778149.0899203,-0.31040926774342853
1710778149.0900335,-0.33947954575220746
1710778149.0901468,-0.36819954713185626
1710778149.09026,-0.3969195485115051
1710778149.090373,-0.426690313551161
1710778149.0904863,-0.45681128899256385
1710778149.0905995,-0.48728254106309676
1710778149.0907128,-0.5170532729890611
1710778149.0908258,-0.5468240049150255
1710778149.090939,-0.5744932757483588
1710778149.0910523,-0.6018123361799452
1710778149.0911655,-0.6277304225497775
1710778149.0912788,-0.6536484426922268
1710778149.0913918,-0.6788660420311822
1710778149.091505,-0.7037333647410074
1710778149.0916183,-0.7300016615125868
1710778149.0917315,-0.7566202349132961
1710778149.0918446,-0.7825382550557454
1710778149.0919578,-0.8074055777655708
1710778149.092071,-0.832272900475396
1710778149.0921843,-0.8553890387217203
1710778149.0922973,-0.8774544133080376
1710778149.0924106,-0.8981188138326008
1710778149.0925238,-0.9180827273262872
1710778149.092637,-0.9376963641908433
1710778149.0927503,-0.9573100672827827
1710778149.0928633,-0.9786749548382229
1710778149.0929766,-0.9989890787336562
1710778149.0930898,-1.0186027818255954
1710778149.093203,-1.0375159316592746
1710778149.093316,-1.0560788710912068
1710778149.0934293,-1.073240836461385
1710778149.0935426,-1.0897023148006864
1710778149.0936558,-1.1040623320473564
1710778149.0937688,-1.1184223492940266
1710778149.093882,-1.1327823003133137
1710778149.0939953,-1.148543357849121
1710778149.0941086,-1.1639540725284152
1710778149.0942216,-1.1804155508677165
1710778149.0943348,-1.1965268188052707
1710778149.094448,-1.2126379542880588
1710778149.0945613,-1.2273482481638591
1710778149.0946746,-1.2410077783796523
1710778149.0947876,-1.2532663345336914
1710778149.0949008,-1.2644741270277235
1710778149.095014,-1.2749813662634955
1710778149.0951273,-1.2861892912122939
1710778149.0952404,-1.2956457667880588
1710778149.0953536,-1.306153138478597
1710778149.0954669,-1.317010720570882
1710778149.09558,-1.3261171181996663
1710778149.095693,-1.3352233833736844
1710778149.0958064,-1.3411776224772136
1710778149.0959196,-1.3471317291259766
1710778149.0960329,-1.3516848617129855
1710778149.096146,-1.3541365994347465
1710778149.096259,-1.3569385475582547
1710778149.0963724,-1.3597404956817627
1710778149.0964856,-1.3628926542070177
1710778149.0965989,-1.3670955763922796
1710778149.0967119,-1.3705980777740479
1710778149.0968251,-1.3744507895575628
1710778149.0969384,-1.3776029480828178
1710778149.0970516,-1.3793541325463188
1710778149.0971646,-1.3797043429480658
1710778149.0972779,-1.3793541325463188
1710778149.0973911,-1.3776029480828178
1710778149.0975044,-1.3751512103610568
1710778149.0976176,-1.3723492622375488
1710778149.0977306,-1.3702478673723009
1710778149.097844,-1.3670955763922796
1710778149.0979571,-1.3642936282687717
1710778149.0980704,-1.3604410489400227
1710778149.0981834,-1.3548370202382405
1710778149.0982966,-1.3478321499294705
1710778149.09841,-1.3380253314971924
1710778149.0985231,-1.3268175390031602
1710778149.0986362,-1.315609746509128
1710778149.0987494,-1.303351190355089
1710778149.0988626,-1.2910926342010498
1710778149.098976,-1.2791844209035237
1710778149.099089,-1.2669258647494845
1710778149.0992022,-1.2553677293989394
1710778149.0993154,-1.2438097265031602
1710778149.0994287,-1.2294496430291069
1710778149.099542,-1.214389271206326
1710778149.099655,-1.1993287669287787
1710778149.0997682,-1.1814663145277235
1710778149.0998814,-1.1643042829301622
1710778149.0999947,-1.1464418305291069
1710778149.1001077,-1.1296301417880588
1710778149.100221,-1.1128184530470107
1710778149.1003342,-1.0963569747077093
1710778149.1004474,-1.0802457067701552
1710778149.1005604,-1.064834992090861
1710778149.1006737,-1.0469725396898057
1710778149.100787,-1.0284096002578735
1710778149.1009002,-1.0080954763624403
1710778149.1010134,-0.987781286239624
1710778149.1011264,-0.9653657012515597
1710778149.1012397,-0.9440008136961195
1710778149.101353,-0.9229861365424262
1710778149.1014662,-0.9016212489869859
1710778149.1015792,-0.8813071250915527
1710778149.1016924,-0.8606427245669894
1710778149.1018057,-0.8392778370115492
1710778149.101919,-0.8175626728269789
1710778149.102032,-0.7937461137771606
1710778149.1021452,-0.7699294884999592
1710778149.1022584,-0.7454123761918809
1710778149.1023717,-0.7201948430803087
1710778149.1024847,-0.6960280074013604
1710778149.102598,-0.670810408062405
1710778149.1027112,-0.6473440594143337
1710778149.1028244,-0.6235275003645155
1710778149.1029377,-0.6004113621181911
1710778149.1030507,-0.5758942498101128
1710778149.103164,-0.5510269602139791
1710778149.1032772,-0.5233576562669542
1710778149.1033905,-0.4953381419181824
1710778149.1035035,-0.466968384053972
1710778149.1036167,-0.43789810604519314
1710778149.10373,-0.4077771306037903
1710778149.1038432,-0.3790570961104499
1710778149.1039562,-0.35033709473080105
1710778149.1040695,-0.32231758038202923
1710778149.1041827,-0.2932473023732503
1710778149.104296,-0.2645273009936015
1710778149.1044092,-0.23440630899535284
1710778149.1045222,-0.2039350734816657
1710778149.1046355,-0.17241310742166308
1710778149.1047487,-0.14124138487709892
1710778149.104862,-0.11006967061095767
1710778149.104975,-0.07959843509727053
1710778149.1050882,-0.050528177784548864
1710778149.1052015,-0.02075743344095018
1710778149.1053147,0.006562887380520502
1710778149.1054277,0.033536956955989204
1710778149.105541,0.06191227585077286
1710778149.1056542,0.0916888482040829
1710778149.1057675,0.12181572616100311
1710778149.1058807,0.15229293041759068
1710778149.1059937,0.18347074588139853
1710778149.106107,0.21499887108802795
1710778149.1062202,0.24512575732337102
1710778149.1063335,0.27455202407307094
1710778149.1064465,0.30362794796625775
1710778149.1065598,0.3316529591878255
1710778149.106673,0.3607288996378581
1710778149.1067863,0.3891042206022474
1710778149.1068993,0.4181801941659715
1710778149.1070125,0.4486573735872904
1710778149.1071258,0.4787842432657877
1710778149.107239,0.5078602168295119
1710778149.107352,0.5372864670223659
1710778149.1074653,0.5649611685011122
1710778149.1075785,0.5915849076377021
1710778149.1076918,0.6164571311738756
1710778149.107805,0.6402783923678927
1710778149.107918,0.6637493107053969
1710778149.1080313,0.6879208485285441
1710778149.1081445,0.7120924525790744
1710778149.1082578,0.7355633709165785
1710778149.1083708,0.760435594452752
1710778149.108484,0.783906512790256
1710778149.1085973,0.8063265350129869
1710778149.1087105,0.8294471767213609
1710778149.1088235,0.8494149976306491
1710778149.1089368,0.8693828185399373
1710778149.10905,0.8890002965927124
1710778149.1091633,0.9086177746454874
1710778149.1092765,0.9278849760691324
1710778149.1093895,0.9482031398349338
1710778149.1095028,0.9692218568589952
1710778149.109616,0.9891896777682834
1710778149.1097293,1.010208461019728
1710778149.1098423,1.0301762819290161
1710778149.1099555,1.0476919015248616
1710778149.1100688,1.0652075211207073
1710778149.110182,1.0809716251161363
1710778149.110295,1.0960350433985393
1710778149.1104083,1.110748185051812
1710778149.1105216,1.1265122890472412
1710778149.1106348,1.1419260501861572
1710778149.110748,1.15698946846856
1710778149.110861,1.1731037828657362
1710778149.1109743,1.187816990746392
1710778149.1110876,1.2014791700575087
1710778149.1112008,1.2147910065121121
1710778149.1113138,1.226351261138916
1710778149.111427,1.237561305363973
1710778149.1115403,1.2480706638760037
1710778149.1116536,1.2585800223880343
1710778149.1117666,1.2697900666130912
1710778149.1118798,1.280649767981635
1710778149.111993,1.2922100226084392
1710778149.1121063,1.3030697239769828
1710778149.1122193,1.3135792149437797
1710778149.1123326,1.321986648771498
1710778149.1124458,1.3289928436279297
1710778149.112559,1.3331966929965549
1710778149.1126723,1.3366997241973877
1710778149.1127853,1.3381010956234403
1710778149.1128986,1.3395023345947266
1710778149.1130118,1.3398525449964735
1710778149.113125,1.3412537839677598
1710778149.113238,1.3416041268242729
1710778149.1133513,1.3412537839677598
1710778149.1134646,1.3405532307094998
1710778149.1135778,1.3384513060251872
1710778149.1136909,1.3352984852261014
1710778149.113804,1.3307444254557292
1710778149.1139174,1.3254898124270968
1710778149.1140306,1.3191841708289251
1710778149.1141438,1.314630111058553
1710778149.1142569,1.3100760512881808
1710778149.11437,1.3051716486612956
1710778149.1144834,1.3009679317474365
1710778149.1145966,1.2960635291205511
1710778149.1147096,1.291159126493666
1710778149.1148229,1.283802588780721
1710778149.114936,1.2750448120964897
1710778149.1150494,1.264535453584459
1710778149.1151624,1.2519241703881157
1710778149.1152756,1.2386122014787462
1710778149.1153889,1.225650707880656
1710778149.115502,1.2116381857130263
1710778149.1156154,1.1979760064019096
1710778149.1157284,1.1843138270907931
1710778149.1158416,1.1703013049231634
1710778149.1159549,1.1548875437842474
1710778149.1160681,1.1391234397888184
1710778149.1161811,1.1216078864203558
1710778149.1162944,1.1037419239679973
1710778149.1164076,1.084124379687839
1710778149.116521,1.064506901635064
1710778149.116634,1.0455900430679321
1710778149.1167471,1.0277240806155734
1710778149.1168604,1.010208461019728
1710778149.1169736,0.9916418790817261
1710778149.1170866,0.9741262594858805
1710778149.1172,0.9555596775478786
1710778149.1173131,0.9348912371529473
1710778149.1174264,0.9142227967580159
1710778149.1175396,0.8925033940209283
1710778149.1176527,0.8686821990542941
1710778149.117766,0.8462621768315632
1710778149.1178792,0.8231415351231892
1710778149.1179924,0.8003712362713283
1710778149.1181054,0.7790021763907539
1710778149.1182187,0.756582154168023
1710778149.118332,0.7345124748018053
1710778149.1184452,0.7106912136077881
1710778149.1185582,0.6865196095572578
1710778149.1186714,0.6609468327628242
1710778149.1187847,0.6339727507697211
1710778149.118898,0.6055974298053317
1710778149.1190112,0.5782730049557155
1710778149.1191242,0.5491970976193746
1710778149.1192374,0.5222230156262716
1710778149.1193507,0.49454831414752537
1710778149.119464,0.4658226834403144
1710778149.119577,0.4384983248180813
1710778149.1196902,0.4094223512543572
1710778149.1198034,0.3796457913186815
1710778149.1199167,0.3484679592980279
1710778149.1200297,0.317990779876709
1710778149.120143,0.2857620186275906
1710778149.1202562,0.25493451290660435
1710778149.1203694,0.22480762667126125
1710778149.1204824,0.1950310667355855
1710778149.1205957,0.16665574577119616
1710778149.120709,0.1375797970427407
1710778149.1208222,0.10850384831428528
1710778149.1209354,0.07837697035736507
1710778149.1210485,0.04754946049716737
1710778149.1211617,0.015671015199687745
1710778149.121275,-0.017605237662792206
1710778149.1213882,-0.050528177784548864
1710778149.1215012,-0.08310087853007846
1710778149.1216145,-0.11567357513639662
1710778149.1217277,-0.14719554119639927
1710778149.121841,-0.1783672637409634
1710778149.121954,-0.20918874277008903
1710778149.1220672,-0.2403604653146532
1710778149.1221805,-0.27223267489009434
1710778149.1222937,-0.30340439743465847
1710778149.122407,-0.33632732099956936
1710778149.12252,-0.36784930361641777
1710778149.1226332,-0.3986707660886976
1710778149.1227465,-0.42879177464379203
1710778149.1228597,-0.4575117760234409
1710778149.1229727,-0.4848308033413357
1710778149.123086,-0.5110991332266066
1710778149.1231992,-0.5370171864827474
1710778149.1233125,-0.5639859702852037
1710778149.1234255,-0.5902542670567831
1710778149.1235387,-0.6196747885810004
1710778149.123652,-0.6480445464452108
1710778149.1237652,-0.6767645809385512
1710778149.1238785,-0.7058348258336385
1710778149.1239915,-0.7349050707287258
1710778149.1241047,-0.7618738545311822
1710778149.124218,-0.7881421513027614
1710778149.1243312,-0.8137100272708468
1710778149.1244442,-0.8399783240424262
1710778149.1245575,-0.8637948830922444
1710778149.1246707,-0.8890124824311998
1710778149.124784,-0.9145802921719021
1710778149.124897,-0.9401481019126045
1710778149.1250103,-0.9632642401589288
1710778149.1251235,-0.987431075837877
1710778149.1252367,-1.0084456867641873
1710778149.1253498,-1.0284096002578735
1710778149.125463,-1.0473228163189359
1710778149.1255763,-1.064134505059984
1710778149.1256895,-1.0816466808319092
1710778149.1258028,-1.0995091332329643
1710778149.1259158,-1.1177217960357666
1710778149.126029,-1.1355842484368217
1710778149.1261423,-1.1551980177561443
1710778149.1262555,-1.1734106805589464
1710778149.1263685,-1.1916233433617485
1710778149.1264818,-1.2091355853610568
1710778149.126595,-1.225246720843845
1710778149.1267083,-1.2392565939161513
1710778149.1268213,-1.2536165449354384
1710778149.1269345,-1.2665755218929715
1710778149.1270478,-1.2805853949652777
1710778149.127161,-1.2938945823245578
1710778149.1272743,-1.307203902138604
1710778149.1273873,-1.3205132219526503
1710778149.1275005,-1.3331219885084364
1710778149.1276138,-1.3450302018059623
1710778149.127727,-1.3558877838982475
1710778149.12784,-1.3639434178670247
1710778149.1279533,-1.3709482881757948
1710778149.1280665,-1.3765521844228108
1710778149.1281798,-1.382156080669827
1710778149.1282928,-1.3881103197733562
1710778149.128406,-1.3940644264221191
1710778149.1285193,-1.399668322669135
1710778149.1286325,-1.4063229825761583
1710778149.1287458,-1.4105259047614203
1710778149.1288588,-1.4143786165449355
1710778149.128972,-1.4175307750701904
1710778149.1290853,-1.4178809854719374
1710778149.1291986,-1.4171805646684434
1710778149.1293116,-1.4154292477501762
1710778149.1294248,-1.4133278528849285
1710778149.129538,-1.4112263255649142
1710778149.1296513,-1.4084243774414062
1710778149.1297643,-1.4063229825761583
1710778149.1298776,-1.4042214552561443
1710778149.1299908,-1.400368743472629
1710778149.130104,-1.3954654004838731
1710778149.130217,-1.3895112938351102
1710778149.1303303,-1.380755106608073
1710778149.1304436,-1.3709482881757948
1710778149.1305568,-1.3604410489400227
1710778149.13067,-1.3499336772494845
1710778149.130783,-1.3390760951571994
1710778149.1308963,-1.3282185130649142
1710778149.1310096,-1.318411694632636
1710778149.1311228,-1.3086048762003581
1710778149.1312358,-1.297397083706326
1710778149.131349,-1.2861892912122939
1710778149.1314623,-1.2728799713982475
1710778149.1315756,-1.2588702307807074
1710778149.1316886,-1.2445101473066542
1710778149.1318018,-1.2294496430291069
1710778149.131915,-1.214739481608073
1710778149.1320283,-1.2000291877322726
1710778149.1321416,-1.1860194471147325
1710778149.1322546,-1.1720097064971924
1710778149.1323678,-1.1579999658796523
1710778149.132481,-1.143289672003852
1710778149.1325943,-1.1271784040662978
1710778149.1327074,-1.1089657412634955
1710778149.1328206,-1.0897023148006864
1710778149.1329339,-1.0693881909052532
1710778149.133047,-1.0483735137515597
1710778149.13316,-1.0270086261961195
1710778149.1332734,-1.0059940152698092
1710778149.1333866,-0.9856798251469929
1710778149.1334999,-0.9643149375915527
1710778149.133613,-0.9436505370669894
1710778149.1337261,-0.9222856495115492
1710778149.1338394,-0.8988193008634779
1710778149.1339526,-0.8753529522154067
1710778149.1340659,-0.8504856295055813
1710778149.1341789,-0.824217332734002
1710778149.1342921,-0.7982992463641696
1710778149.1344054,-0.7734319236543443
1710778149.1345186,-0.748214324315389
1710778149.1346316,-0.7236972782346938
1710778149.134745,-0.6998806529574924
1710778149.1348581,-0.6757138172785441
1710778149.1349714,-0.6511967711978488
1710778149.1350844,-0.6249284744262695
1710778149.1351976,-0.5979596243964301
1710778149.135311,-0.5702903535630968
1710778149.1354241,-0.542971326245202
1710778149.1355374,-0.5142513248655531
1710778149.1356504,-0.4858815670013428
1710778149.1357636,-0.4578620195388794
1710778149.135877,-0.4305429922209846
1710778149.1359901,-0.4035742084185282
1710778149.1361032,-0.3762551479869419
1710778149.1362164,-0.34823563363817
1710778149.1363297,-0.31776441468132866
1710778149.136443,-0.28729316261079574
1710778149.136556,-0.2561214400662316
1710778149.1366692,-0.22389898697535196
1710778149.1367824,-0.1916765338844723
1710778149.1368957,-0.16050481133990818
1710778149.137009,-0.13073407113552094
1710778149.137122,-0.1002628356218338
1710778149.1372352,-0.07119258244832356
1710778149.1373484,-0.04177207748095194
1710778149.1374617,-0.011651087552309036
1710778149.1375747,0.01812320202589035
1710778149.137688,0.04965133551094267
1710778149.1378012,0.08117946485678355
1710778149.1379144,0.11235728859901428
1710778149.1380274,0.14318479432000053
1710778149.1381407,0.17261106106970045
1710778149.138254,0.2013366917769114
1710778149.1383672,0.22936168644163343
1710778149.1384802,0.2573866976632012
1710778149.1385934,0.28506139914194745
1710778149.1387067,0.3130864103635152
1710778149.13882,0.3421623508135478
1710778149.1389332,0.3719389107492235
1710778149.1390462,0.4017155037985908
1710778149.1391594,0.4318423734770881
1710778149.1392727,0.4609183139271206
1710778149.139386,0.4885930154058668
1710778149.139499,0.5152167545424567
1710778149.1396122,0.5407895975642734
1710778149.1397254,0.5653114451302422
1710778149.1398387,0.5905339452955458
1710778149.1399517,0.6147055493460761
1710778149.140065,0.6395777066548666
1710778149.1401782,0.6648002730475532
1710778149.1402915,0.6896724303563436
1710778149.1404047,0.7134936915503608
1710778149.1405177,0.7362639904022217
1710778149.140631,0.7583336697684394
1710778149.1407442,0.779702795876397
1710778149.1408575,0.7996706167856852
1710778149.1409705,0.8196384376949734
1710778149.1410837,0.8403068780899048
1710778149.141197,0.8609753184848361
1710778149.1413102,0.8826946549945407
1710778149.1414232,0.9047643343607584
1710778149.1415365,0.9271843565834893
1710778149.1416497,0.9485534164640639
1710778149.141763,0.9699224763446384
1710778149.1418762,0.9891896777682834
1710778149.1419892,1.0074059830771551
1710778149.1421025,1.0231700208452013
1710778149.1422157,1.0406856404410467
1710778149.142329,1.0557490587234497
1710778149.142442,1.0718634393480089
1710778149.1425552,1.087977819972568
1710778149.1426685,1.1044425434536405
1710778149.1427817,1.1195059617360432
1710778149.1428947,1.1345693800184462
1710778149.143008,1.148581902186076
1710778149.1431212,1.160842842525906
1710778149.1432345,1.172403229607476
1710778149.1433475,1.1829125881195068
1710778149.1434608,1.1930716037750244
1710778149.143574,1.2039313051435683
1710778149.1436872,1.2151413493686252
1710778149.1438005,1.226001050737169
1710778149.1439135,1.237561305363973
1710778149.1440268,1.24877134958903
1710778149.14414,1.2592807081010606
1710778149.1442533,1.268038484785292
1710778149.1443663,1.2743441263834636
1710778149.1444795,1.2813504536946614
1710778149.1445928,1.2859045134650335
1710778149.144706,1.2897578875223796
1710778149.144819,1.2939616044362385
1710778149.1449323,1.2981654538048637
1710778149.1450455,1.3009679317474365
1710778149.1451588,1.3055219915178087
1710778149.145272,1.3079741266038682
1710778149.145385,1.310426394144694
1710778149.1454983,1.3107766045464408
1710778149.1456115,1.3100760512881808
1710778149.1457248,1.3076237837473552
1710778149.1458378,1.3037704096900091
1710778149.145951,1.2999169031778972
1710778149.1460643,1.295713186264038
1710778149.1461775,1.291509469350179
1710778149.1462905,1.2866050667232938
1710778149.1464038,1.283452245924208
1710778149.146517,1.2774969471825492
1710778149.1466303,1.271891991297404
1710778149.1467435,1.2655863496992323
1710778149.1468565,1.257529126273261
1710778149.1469698,1.2470197677612305
1710778149.147083,1.2361600663926866
1710778149.1471963,1.226351261138916
1710778149.1473093,1.2158419026268852
1710778149.1474226,1.2060332298278809
1710778149.1475358,1.1965747674306233
1710778149.147649,1.1867659621768527
1710778149.147762,1.1776578426361084
1710778149.1478753,1.1657472451527913
1710778149.1479886,1.1538366476694744
1710778149.1481018,1.1398241255018446
1710778149.1482148,1.125461260477702
1710778149.148328,1.1093469460805256
1710778149.1484413,1.0935828420850966
1710778149.1485546,1.0774684614605374
1710778149.1486678,1.0620547003216214
1710778149.1487808,1.0466409391827054
1710778149.148894,1.0322781403859456
1710778149.1490073,1.0158134831322563
1710778149.1491206,1.0000493791368272
1710778149.1492336,0.9821834166844685
1710778149.1493468,0.9629162814882066
1710778149.14946,0.9439993566936916
1710778149.1495733,0.9240315357844034
1710778149.1496863,0.9037134382459853
1710778149.1497996,0.8844462368223402
1710778149.1499128,0.8651790353986952
1710778149.150026,0.8462621768315632
1710778149.1501393,0.8273452520370483
1710778149.1502523,0.8077277739842732
1710778149.1503656,0.7867089907328287
1710778149.1504788,0.764289034737481
1710778149.150592,0.7401174306869507
1710778149.150705,0.714194311036004
1710778149.1508183,0.6889718108707004
1710778149.1509316,0.6626983483632406
1710778149.1510448,0.6360746092266506
1710778149.1511579,0.610501766204834
1710778149.151271,0.5849289894104004
1710778149.1513844,0.5590058697594537
1710778149.1514976,0.5330827169948154
1710778149.1516109,0.5061086350017123
1710778149.1517239,0.47913455300860935
1710778149.151837,0.45005861255857676
1710778149.1519504,0.4216832915941874
1710778149.1520636,0.39260735114415485
1710778149.1521766,0.3645823399225871
1710778149.1522899,0.3376082910431756
1710778149.152403,0.310283899307251
1710778149.1525164,0.28401046991348267
1710778149.1526294,0.2577370074060228
1710778149.1527426,0.23041263222694397
1710778149.1528559,0.20238762100537616
1710778149.1529691,0.17331168055534363
1710778149.1530821,0.14213386509153578
1710778149.1531954,0.11060572332806057
1710778149.1533086,0.07942790786425273
1710778149.1534219,0.046848836872312755
1710778149.1535351,0.016371639859345224
1710778149.1536481,-0.01375255174934864
1710778149.1537614,-0.04422378622823291
1710778149.1538746,-0.07469501760270861
1710778149.153988,-0.10481600960095723
1710778149.154101,-0.13563748863008288
1710778149.1542141,-0.16750969820552403
1710778149.1543274,-0.19833117723464966
1710778149.1544406,-0.2312541173564063
1710778149.1545537,-0.26207559638553196
1710778149.154667,-0.2928970588578118
1710778149.1547801,-0.32231758038202923
1710778149.1548934,-0.35068733824623954
1710778149.1550066,-0.37800636556413436
1710778149.1551197,-0.40532542599572075
1710778149.155233,-0.43264445331361556
1710778149.1553462,-0.46066396766238743
1710778149.1554594,-0.4890337586402893
1710778149.1555724,-0.5184542470508151
1710778149.1556857,-0.5468240049150255
1710778149.155799,-0.5741430653466119
1710778149.1559122,-0.6007615725199381
1710778149.1560252,-0.6266796588897705
1710778149.1561384,-0.6515469815995958
1710778149.1562517,-0.6757138172785441
1710778149.156365,-0.7002309295866225
1710778149.156478,-0.7236972782346938
1710778149.1565912,-0.748914877573649
1710778149.1567044,-0.7744826873143513
1710778149.1568177,-0.8000504970550537
1710778149.156931,-0.825268030166626
1710778149.157044,-0.8511861165364583
1710778149.1571572,-0.8746524651845295
1710778149.1572704,-0.8981188138326008
1710778149.1573837,-0.9201841884189181
1710778149.1574967,-0.9415490759743584
1710778149.15761,-0.9625637531280518
1710778149.1577232,-0.9846291277143691
1710778149.1578364,-1.0070447127024333
1710778149.1579494,-1.0280593898561265
1710778149.1580627,-1.0504749748441908
1710778149.158176,-1.0721901390287611
1710778149.1582892,-1.0925042629241943
1710778149.1584024,-1.1114174789852567
1710778149.1585155,-1.1299803521898057
1710778149.1586287,-1.147142383787367
1710778149.158742,-1.1636038621266682
1710778149.1588552,-1.1797149976094563
1710778149.1589682,-1.1965268188052707
1710778149.1590815,-1.2136887179480658
1710778149.1591947,-1.231551170349121
1710778149.159308,-1.2494136227501762
1710778149.159421,-1.2662253114912245
1710778149.1595342,-1.2819863690270317
1710778149.1596475,-1.2966965304480658
1710778149.1597607,-1.308955086602105
1710778149.159874,-1.320162879096137
1710778149.159987,-1.3313706715901692
1710778149.1601002,-1.3415278328789604
1710778149.1602135,-1.3509844409094915
1710778149.1603267,-1.3604410489400227
1710778149.1604397,-1.3702478673723009
1710778149.160553,-1.378653711742825
1710778149.1606662,-1.386709345711602
1710778149.1607795,-1.3933638731638591
1710778149.1608925,-1.3979171382056341
1710778149.1610057,-1.401069296730889
1710778149.161119,-1.4035210344526503
1710778149.1612322,-1.4049220085144043
1710778149.1613452,-1.4056224293178983
1710778149.1614585,-1.4077239566379123
1710778149.1615717,-1.4094751411014133
1710778149.161685,-1.4122770892249212
1710778149.1617982,-1.4140282736884222
1710778149.1619112,-1.4154292477501762
1710778149.1620245,-1.4147288269466824
1710778149.1621377,-1.4129776424831815
1710778149.162251,-1.4101756943596733
1710778149.162364,-1.4056224293178983
1710778149.1624773,-1.4007190863291423
1710778149.1625905,-1.3958156108856201
1710778149.1627038,-1.390561925040351
1710778149.1628168,-1.385658582051595
1710778149.16293,-1.3793541325463188
1710778149.1630433,-1.3726994726392958
1710778149.1631565,-1.3649941815270317
1710778149.1632698,-1.3558877838982475
1710778149.1633828,-1.3457307550642226
1710778149.163496,-1.3320712248484294
1710778149.1636093,-1.318411694632636
1710778149.1637225,-1.304401954015096
1710778149.1638355,-1.2903922133975558
1710778149.1639488,-1.2767326831817627
1710778149.164062,-1.2641239166259766
1710778149.1641753,-1.2508145968119304
1710778149.1642883,-1.2382058302561443
1710778149.1644015,-1.224546300040351
1710778149.1645148,-1.2105365594228108
1710778149.164628,-1.1947755018870037
1710778149.1647413,-1.1793647872077093
1710778149.1648543,-1.1615023348066542
1710778149.1649675,-1.1439900928073459
1710778149.1650808,-1.1271784040662978
1710778149.165194,-1.1114174789852567
1710778149.165307,-1.0949560006459553
1710778149.1654203,-1.079545219739278
1710778149.1655335,-1.061332556936476
1710778149.1656468,-1.0438203149371676
1710778149.1657598,-1.0235061910417345
1710778149.165873,-1.0021413034862943
1710778149.1659863,-0.9783246782090929
1710778149.1660995,-0.9548583295610216
1710778149.1662126,-0.9303412834803263
1710778149.1663258,-0.905473960770501
1710778149.166439,-0.8813071250915527
1710778149.1665523,-0.8574904998143513
1710778149.1666656,-0.8343744277954102
1710778149.1667786,-0.8091568284564548
1710778149.1668918,-0.7846397161483765
1710778149.167005,-0.7583714193767971
1710778149.1671183,-0.7314026355743408
1710778149.1672313,-0.7040835751427544
1710778149.1673446,-0.6757138172785441
1710778149.1674578,-0.6473440594143337
1710778149.167571,-0.6193245119518703
1710778149.167684,-0.5920055177476671
1710778149.1677973,-0.5646864573160807
1710778149.1679106,-0.5366669429673089
1710778149.1680238,-0.5082971851030985
1710778149.168137,-0.47957715060975814
1710778149.16825,-0.4484054446220398
1710778149.1683633,-0.41618297497431433
1710778149.1684766,-0.38326005140940345
1710778149.1685898,-0.34998685121536255
1710778149.1687028,-0.31671368413501316
1710778149.168816,-0.2837907274564107
1710778149.1689293,-0.2515682743655311
1710778149.1690426,-0.22074679533640543
1710778149.1691556,-0.1899253163072798
1710778149.1692688,-0.15910383727815416
1710778149.169382,-0.12863260176446703
1710778149.1694953,-0.09676039218902588
1710778149.1696086,-0.06523843026823467
1710778149.1697216,-0.033366220692793526
1710778149.1698349,-0.0018442538566887379
1710778149.169948,0.02863258123397827
1710778149.1700613,0.05946008695496453
1710778149.1701744,0.08888634542624156
1710778149.1702876,0.11761197613345252
1710778149.1704009,0.14738854434755114
1710778149.170514,0.17646448479758367
1710778149.170627,0.20624106129010517
1710778149.1707404,0.23776920305358037
1710778149.1708536,0.2692973282602098
1710778149.1709669,0.3015260895093282
1710778149.1710799,0.333404541015625
1710778149.1711931,0.3635314106941223
1710778149.1713064,0.39330797062979805
1710778149.1714196,0.4216832915941874
1710778149.1715329,0.4497083028157552
1710778149.1716459,0.47563145558039344
1710778149.1717591,0.5026055044598049
1710778149.1718724,0.5299298961957296
1710778149.1719856,0.5569039450751411
1710778149.1720986,0.5842283699247572
1710778149.172212,0.6115527285469903
1710778149.1723251,0.6378261910544502
1710778149.1724384,0.6633989678488837
1710778149.1725514,0.6872202290429009
1710778149.1726646,0.7110414902369181
1710778149.172778,0.733461512459649
1710778149.1728911,0.7551809151967366
1710778149.1730044,0.7783014906777276
1710778149.1731174,0.8014221323861016
1710778149.1732306,0.8255937364366319
1710778149.173344,0.8501156171162922
1710778149.1734571,0.8739368783103095
1710778149.1735702,0.8974077966478136
1710778149.1736834,0.9201780954996744
1710778149.1737967,0.9411968787511189
1710778149.17391,0.9618653191460503
1710778149.174023,0.9814827971988254
1710778149.1741362,1.0014506181081135
1710778149.1742494,1.0221190585030449
1710778149.1743627,1.0420868794123332
1710778149.1744757,1.0631056626637776
1710778149.174589,1.0834237602021959
1710778149.1747022,1.1037419239679973
1710778149.1748154,1.1233594682481554
1710778149.1749287,1.1419260501861572
1710778149.1750417,1.1587410502963595
1710778149.175155,1.1741546789805095
1710778149.1752682,1.187466647889879
1710778149.1753814,1.2018293804592557
1710778149.1754944,1.2147910065121121
1710778149.1756077,1.2288035286797416
1710778149.175721,1.241064469019572
1710778149.1758342,1.2533254093594022
1710778149.1759472,1.264885663986206
1710778149.1760604,1.27574536535475
1710778149.1761737,1.2848534848954942
1710778149.176287,1.2918598122066922
1710778149.1764002,1.2981654538048637
1710778149.1765132,1.3030697239769828
1710778149.1766264,1.3079741266038682
1710778149.1767397,1.3132288720872667
1710778149.176853,1.318833827972412
1710778149.176966,1.3244387838575575
1710778149.1770792,1.3289928436279297
1710778149.1771924,1.3338972462548149
1710778149.1773057,1.337400409910414
1710778149.1774187,1.3391519917382133
1710778149.177532,1.3391519917382133
1710778149.1776452,1.3370500670539007
1710778149.1777585,1.3345979319678412
1710778149.1778717,1.3310947683122423
1710778149.1779847,1.3272413942548964
1710778149.178098,1.3237382305992973
1710778149.1782112,1.3198847240871854
1710778149.1783245,1.3167319032880995
1710778149.1784375,1.3128785292307537
1710778149.1785507,1.306572887632582
1710778149.178664,1.3002672460344102
1710778149.1787772,1.2925603654649522
1710778149.1788902,1.2841529316372342
1710778149.1790035,1.27574536535475
1710778149.1791167,1.2673379315270317
1710778149.17923,1.2596310509575737
1710778149.179343,1.2519241703881157
1710778149.1794562,1.2449178430769179
1710778149.1795695,1.2386122014787462
1710778149.1796827,1.2309053209092882
1710778149.179796,1.222147544225057
1710778149.179909,1.2116381857130263
1710778149.1800222,1.1993772453731961
1710778149.1801355,1.1853647232055664
1710778149.1802487,1.1703013049231634
1710778149.1803617,1.1545372009277344
1710778149.180475,1.1398241255018446
1710778149.1805882,1.1240600215064154
1710778149.1807015,1.1079456408818562
1710778149.1808145,1.0928822225994534
1710778149.1809278,1.0753666030036078
1710778149.181041,1.0582012600368924
1710778149.1811543,1.0392844014697604
1710778149.1812675,1.0193165805604723
1710778149.1813805,0.9996991025076972
1710778149.1814938,0.9793809387418959
1710778149.181607,0.9594131178326076
1710778149.1817203,0.9408465358946059
1710778149.1818333,0.9219296773274739
1710778149.1819465,0.9044140577316284
1710778149.1820598,0.8861978186501397
1710778149.182173,0.8676312367121378
1710778149.182286,0.8487143781450059
1710778149.1823993,0.8269949754079182
1710778149.1825125,0.8042246765560573
1710778149.1826258,0.7804034153620402
1710778149.182739,0.7558815346823798
1710778149.182852,0.7313596540027194
1710778149.1829653,0.7064874304665459
1710778149.1830785,0.6823158926433986
1710778149.1831918,0.6577940119637383
1710778149.1833048,0.6325715117984347
1710778149.183418,0.6073489454057481
1710778149.1835313,0.5800245867835151
1710778149.1836445,0.5519995755619472
1710778149.1837575,0.5225733253690932
1710778149.1838708,0.493147075176239
1710778149.183984,0.4630202054977417
1710778149.1840973,0.4328933027055528
1710778149.1842103,0.40416767199834186
1710778149.1843235,0.3757923510339525
1710778149.1844368,0.3470667203267415
1710778149.18455,0.3200926383336385
1710778149.1846633,0.29136700762642753
1710778149.1847763,0.26264139347606236
1710778149.1848896,0.23216419749789768
1710778149.1850028,0.20098638203408983
1710778149.185116,0.1698085500134362
1710778149.185229,0.14073260956340367
1710778149.1853423,0.11060572332806057
1710778149.1854556,0.08223041064209408
1710778149.1855688,0.053154461913638644
1710778149.1856818,0.026530704150597252
1710778149.185795,-0.0018442538566887379
1710778149.1859083,-0.029163290229108598
1710778149.1860216,-0.05893403457270728
1710778149.1861348,-0.0880042960246404
1710778149.1862478,-0.11882577505376604
1710778149.186361,-0.14824627174271476
1710778149.1864743,-0.1783672637409634
1710778149.1865876,-0.20743752519289652
1710778149.1867006,-0.23545703954166836
1710778149.1868138,-0.2606746223237779
1710778149.186927,-0.2883438931571113
1710778149.1870403,-0.3146121899286906
1710778149.1871533,-0.33982978926764595
1710778149.1872666,-0.36749906010097927
1710778149.1873798,-0.3948180874188741
1710778149.187493,-0.42213714785046047
1710778149.1876063,-0.4501566621992323
1710778149.1877193,-0.4764249589708116
1710778149.1878326,-0.5023430122269524
1710778149.1879458,-0.5282610985967848
1710778149.188059,-0.5527781777911716
1710778149.188172,-0.5769450134701198
1710778149.1882854,-0.6014621257781982
1710778149.1883986,-0.6280806329515245
1710778149.1885118,-0.6543489297231039
1710778149.1886249,-0.6816679901546902
1710778149.188738,-0.7096875376171535
1710778149.1888514,-0.7370065318213569
1710778149.1889646,-0.7636251052220662
1710778149.1890776,-0.7891929149627686
1710778149.1891909,-0.8140602376725938
1710778149.189304,-0.8375265863206651
1710778149.1894174,-0.8602924479378594
1710778149.1895306,-0.8823578225241767
1710778149.1896436,-0.905824171172248
1710778149.1897569,-0.9278895457585652
1710778149.18987,-0.9506554073757595
1710778149.1899834,-0.9734212689929538
1710778149.1900964,-0.9954866435792711
1710778149.1902096,-1.0161510441038344
1710778149.1903229,-1.0354144705666435
1710778149.1904361,-1.053627199596829
1710778149.1905491,-1.0707891649670072
1710778149.1906624,-1.0883013407389324
1710778149.1907756,-1.1047628190782335
1710778149.190889,-1.1222750610775418
1710778149.1910021,-1.140837934282091
1710778149.1911151,-1.1587003866831462
1710778149.1912284,-1.1776136027442083
1710778149.1913416,-1.1944252914852567
1710778149.191455,-1.2112369802263048
1710778149.191568,-1.226297484503852
1710778149.1916811,-1.2399570147196453
1710778149.1917944,-1.2529159916771782
1710778149.1919076,-1.2648243374294705
1710778149.1920207,-1.2756819195217557
1710778149.192134,-1.2875902652740479
1710778149.1922472,-1.29879805776808
1710778149.1923604,-1.3100058502621121
1710778149.1924734,-1.3205132219526503
1710778149.1925867,-1.3299696975284152
1710778149.1927,-1.3380253314971924
1710778149.1928132,-1.3432790173424614
1710778149.1929264,-1.3488829135894775
1710778149.1930394,-1.3516848617129855
1710778149.1931527,-1.3548370202382405
1710778149.193266,-1.3572887579600017
1710778149.1933792,-1.3590399424235027
1710778149.1934922,-1.3628926542070177
1710778149.1936054,-1.3649941815270317
1710778149.1937187,-1.3681463400522869
1710778149.193832,-1.3698975245157878
1710778149.193945,-1.3698975245157878
1710778149.1940582,-1.3684965504540336
1710778149.1941714,-1.3663951555887859
1710778149.1942847,-1.3625424438052707
1710778149.194398,-1.3597404956817627
1710778149.194511,-1.3565883371565077
1710778149.1946242,-1.3534360461764865
1710778149.1947374,-1.3516848617129855
1710778149.1948507,-1.3492331239912245
1710778149.1949637,-1.3467815187242296
1710778149.195077,-1.3432790173424614
1710778149.1951902,-1.3380253314971924
1710778149.1953034,-1.3317210144466824
1710778149.1954165,-1.3243658012813992
1710778149.1955297,-1.315959956910875
1710778149.195643,-1.307203902138604
1710778149.1957562,-1.298447847366333
1710778149.1958694,-1.2903922133975558
1710778149.1959825,-1.2823365794287787
1710778149.1960957,-1.2749813662634955
1710778149.196209,-1.2658751010894775
1710778149.1963222,-1.2567687034606934
1710778149.1964352,-1.2459111213684082
1710778149.1965485,-1.235053671730889
1710778149.1966617,-1.221394141515096
1710778149.196775,-1.2080848217010498
1710778149.196888,-1.1937248706817627
1710778149.1970012,-1.1800653404659696
1710778149.1971145,-1.1667560206519232
1710778149.1972277,-1.15309649043613
1710778149.1973407,-1.13908674981859
1710778149.197454,-1.1240262455410428
1710778149.1975672,-1.1079150438308716
1710778149.1976805,-1.0900525914298163
1710778149.1977937,-1.070438888337877
1710778149.1979067,-1.0483735137515597
1710778149.19802,-1.0270086261961195
1710778149.1981332,-1.0045930412080553
1710778149.1982465,-0.982877877023485
1710778149.1983595,-0.9601120154062907
1710778149.1984727,-0.9390974044799805
1710778149.198586,-0.9173822402954102
1710778149.1986992,-0.8953168657090929
1710778149.1988122,-0.8722007274627686
1710778149.1989255,-0.8487343788146973
1710778149.1990387,-0.823867056104872
1710778149.199152,-0.7979490359624226
1710778149.1992652,-0.7720309495925903
1710778149.1993783,-0.745762652821011
1710778149.1994915,-0.7205450534820557
1710778149.1996047,-0.6956777307722304
1710778149.199718,-0.6715108950932821
1710778149.199831,-0.6459430853525797
1710778149.1999443,-0.6203752756118774
1710778149.2000575,-0.594457189242045
1710778149.2001708,-0.5664377080069648
1710778149.2002838,-0.5377176735136244
1710778149.200397,-0.5072464545567831
1710778149.2005103,-0.4771254460016886
1710778149.2006235,-0.4477049575911628
1710778149.2007368,-0.4186346795823839
1710778149.2008498,-0.39026492171817356
1710778149.200963,-0.3618951638539632
1710778149.2010763,-0.3335253728760613
1710778149.2011895,-0.30410488446553546
1710778149.2013025,-0.2746843794981639
1710778149.2014158,-0.24351265695359972
1710778149.201529,-0.21234093440903556
1710778149.2016423,-0.17976823780271742
1710778149.2017553,-0.1489467587735918
1710778149.2018685,-0.11812527974446614
1710778149.2019818,-0.0876540525092019
1710778149.202095,-0.05893403457270728
1710778149.202208,-0.030564266360468335
1710778149.2023213,-0.0018442538566887379
1710778149.2024345,0.026180392338169944
1710778149.2025478,0.05595696055226856
1710778149.202661,0.0860838426484002
1710778149.202774,0.11621072888374329
1710778149.2028873,0.14668792486190796
1710778149.2030005,0.17576386531194052
1710778149.2031138,0.20554044180446202
1710778149.2032268,0.2335654530260298
1710778149.20334,0.2615904476907518
1710778149.2034533,0.289265149169498
1710778149.2035666,0.31623923116260105
1710778149.2036796,0.3442642092704773
1710778149.2037928,0.37404080231984455
1710778149.203906,0.4027664330270555
1710778149.2040193,0.4328933027055528
1710778149.2041326,0.4630202054977417
1710778149.2042456,0.49279676543341744
1710778149.2043588,0.5218727058834499
1710778149.204472,0.5484964781337314
1710778149.2045853,0.5754705270131429
1710778149.2046983,0.6006930271784464
1710778149.2048116,0.6262658702002631
1710778149.2049248,0.6521889898512099
1710778149.205038,0.6781121095021566
1710778149.205151,0.7050861914952596
1710778149.2052643,0.7313596540027194
1710778149.2053776,0.7579833931393093
1710778149.2054908,0.783906512790256
1710778149.205604,0.8094793558120728
1710778149.205717,0.8336508936352199
1710778149.2058303,0.856771535343594
1710778149.2059436,0.8791915575663248
1710778149.2060568,0.9033630953894721
1710778149.2061698,0.9264837370978461
1710778149.206283,0.9510056177775065
1710778149.2063963,0.9751772218280368
1710778149.2065096,0.9996991025076972
1710778149.2066226,1.0231700208452013
1710778149.2067358,1.0466409391827054
1710778149.206849,1.0666087600919936
1710778149.2069623,1.0848250654008653
1710778149.2070754,1.1023406849967108
1710778149.2071886,1.1191556188795302
1710778149.2073019,1.1342191696166992
1710778149.207415,1.1482315593295627
1710778149.2075284,1.1636453204684787
1710778149.2076414,1.1790590816073947
1710778149.2077546,1.1927212609185112
1710778149.2078679,1.2067337830861409
1710778149.207981,1.218994723425971
1710778149.2080941,1.2316060066223145
1710778149.2082074,1.241414811876085
1710778149.2083206,1.2512234846750896
1710778149.2084339,1.260331604215834
1710778149.2085469,1.2704907523261175
1710778149.2086601,1.280299425125122
1710778149.2087734,1.2908087836371527
1710778149.2088866,1.3016684850056965
1710778149.2089999,1.3107766045464408
1710778149.209113,1.3209357526567247
1710778149.2092261,1.3286426332261827
1710778149.2093394,1.3342475891113281
1710778149.2094526,1.3384513060251872
1710778149.2095656,1.3402028878529866
1710778149.209679,1.3419544696807861
1710778149.2097921,1.3430053657955594
1710778149.2099054,1.3430053657955594
1710778149.2100184,1.3433557086520724
1710778149.2101316,1.3440563943650987
1710778149.210245,1.3440563943650987
1710778149.2103581,1.3433557086520724
1710778149.2104712,1.3416041268242729
1710778149.2105844,1.3381010956234403
1710778149.2106977,1.3338972462548149
1710778149.210811,1.3279419475131564
1710778149.2109241,1.3230375448862712
1710778149.2110372,1.3170822461446126
1710778149.2111504,1.3125281863742404
1710778149.2112637,1.3079741266038682
1710778149.211377,1.3030697239769828
1710778149.21149,1.2985156642066107
1710778149.2116032,1.2929107083214653
1710778149.2117164,1.2866050667232938
1710778149.2118297,1.2778472900390625
1710778149.2119427,1.268388827641805
1710778149.212056,1.257529126273261
1710778149.2121692,1.2463190820482042
1710778149.2122824,1.2347588274214003
1710778149.2123957,1.2235487831963432
1710778149.2125087,1.2126890818277996
1710778149.212622,1.2021797233157687
1710778149.2127352,1.1909698115454779
1710778149.2128484,1.1790590816073947
1710778149.2129614,1.1653969022962782
1710778149.2130747,1.1503334840138753
1710778149.213188,1.133518483903673
1710778149.2133012,1.1153022448221843
1710778149.2134142,1.0974362823698256
1710778149.2135274,1.0781690809461806
1710778149.2136407,1.0599528418646917
1710778149.213754,1.0403353638119168
1710778149.2138672,1.0221190585030449
1710778149.2139802,1.00250158045027
1710778149.2140934,0.9825337595409817
1710778149.2142067,0.9611646996604072
1710778149.21432,0.9383944008085463
1710778149.214433,0.914573139614529
1710778149.2145462,0.8897009160783556
1710778149.2146595,0.8655293782552083
1710778149.2147727,0.8406571547190348
1710778149.2148857,0.8164856168958876
1710778149.214999,0.7923140128453572
1710778149.2151122,0.7695437139934963
1710778149.2152255,0.745372109942966
1710778149.2153385,0.7201496097776625
1710778149.2154517,0.6942264901267158
1710778149.215565,0.6669021315044826
1710778149.2156782,0.6381764676835802
1710778149.2157915,0.6087502506044176
1710778149.2159045,0.5789736244413588
1710778149.2160177,0.5491970976193746
1710778149.216131,0.5208217766549852
1710778149.2162442,0.49279676543341744
1710778149.2163572,0.46442144446902806
1710778149.2164705,0.43604612350463867
1710778149.2165837,0.4076708025402493
1710778149.216697,0.3782445523473951
1710778149.21681,0.3477673398123847
1710778149.2169232,0.3172901603910658
1710778149.2170365,0.28751356734169853
1710778149.2171497,0.25668607817755806
1710778149.217263,0.22831075721316868
1710778149.217376,0.1999354362487793
1710778149.2174892,0.1722607347700331
1710778149.2176025,0.14493635959095424
1710778149.2177157,0.11691135664780934
1710778149.2178288,0.08748509817653231
1710778149.217942,0.05805883970525529
1710778149.2180552,0.026530704150597252
1710778149.2181685,-0.005696938476628727
1710778149.2182815,-0.037218903501828514
1710778149.2183948,-0.06979160010814667
1710778149.218508,-0.10166380968358782
1710778149.2186213,-0.13283553222815195
1710778149.2187345,-0.16330677602026197
1710778149.2188475,-0.19272726443078783
1710778149.2189608,-0.22354874345991346
1710778149.219074,-0.25366973545816207
1710778149.2191873,-0.2844912144872877
1710778149.2193003,-0.3153126769595676
1710778149.2194135,-0.3464844160609775
1710778149.2195268,-0.37660539150238037
1710778149.21964,-0.40532542599572075
1710778149.219753,-0.4336951838599311
1710778149.2198663,-0.4599634806315104
1710778149.2199795,-0.48623181051678127
1710778149.2200928,-0.512149863772922
1710778149.2202058,-0.5380679170290629
1710778149.220319,-0.5653869443469577
1710778149.2204323,-0.5920055177476671
1710778149.2205455,-0.6203752756118774
1710778149.2206588,-0.6490953101052178
1710778149.2207718,-0.6767645809385512
1710778149.220885,-0.7040835751427544
1710778149.2209983,-0.7303519381417168
1710778149.2211115,-0.7555694712532891
1710778149.2212245,-0.7797363069322374
1710778149.2213378,-0.8046036296420627
1710778149.221451,-0.8291207419501411
1710778149.2215643,-0.8539880646599664
1710778149.2216773,-0.8795558744006686
1710778149.2217906,-0.905123684141371
1710778149.2219038,-0.9303412834803263
1710778149.222017,-0.9545081191592746
1710778149.2221303,-0.9779744678073459
1710778149.2222433,-0.9996895657645332
1710778149.2223566,-1.0203539662890964
1710778149.2224698,-1.0406681564119127
1710778149.222583,-1.060281793276469
1710778149.222696,-1.079545219739278
1710778149.2228093,-1.0991589228312175
1710778149.2229226,-1.1198233233557806
1710778149.2230358,-1.139436960220337
1710778149.2231488,-1.1587003866831462
1710778149.223262,-1.1776136027442083
1710778149.2233753,-1.1947755018870037
1710778149.2234886,-1.2105365594228108
1710778149.2236018,-1.224896510442098
1710778149.2237148,-1.238556040657891
1710778149.223828,-1.2511648072136772
1710778149.2239413,-1.2637735737694633
1710778149.2240546,-1.2763824727800157
1710778149.2241676,-1.2889912393358018
1710778149.2242808,-1.301249795489841
1710778149.224394,-1.31210724512736
1710778149.2245073,-1.3219141960144043
1710778149.2246203,-1.3306702507866752
1710778149.2247336,-1.3366243574354384
1710778149.2248468,-1.3418780432807074
1710778149.22496,-1.3460809654659696
1710778149.225073,-1.3488829135894775
1710778149.2251863,-1.3530858357747395
1710778149.2252996,-1.3569385475582547
1710778149.2254128,-1.3607912593417697
1710778149.225526,-1.3656946023305256
1710778149.225639,-1.3702478673723009
1710778149.2257524,-1.3737502362993028
1710778149.2258656,-1.3758517636193168
1710778149.2259789,-1.3765521844228108
1710778149.2260919,-1.3758517636193168
1710778149.226205,-1.3758517636193168
1710778149.2263184,-1.3755014207628038
1710778149.2264316,-1.3751512103610568
1710778149.2265446,-1.3758517636193168
1710778149.2266579,-1.3744507895575628
1710778149.226771,-1.3748009999593098
1710778149.2268844,-1.3734000258975558
1710778149.2269976,-1.3702478673723009
1710778149.2271106,-1.366044945187039
1710778149.2272239,-1.3600907060835097
1710778149.2273371,-1.3527356253729925
1710778149.2274504,-1.3450302018059623
1710778149.2275634,-1.3348731729719374
1710778149.2276766,-1.3261171181996663
1710778149.2277899,-1.3191122478908963
1710778149.2279031,-1.3110566139221191
1710778149.2280161,-1.303000979953342
1710778149.2281294,-1.2942447927263048
1710778149.2282426,-1.2844379742940266
1710778149.228356,-1.2728799713982475
1710778149.228469,-1.2609716256459553
1710778149.2285821,-1.2480126486884222
1710778149.2286954,-1.234353118472629
1710778149.2288086,-1.220693588256836
1710778149.228922,-1.2070340580410428
1710778149.229035,-1.1940750810835097
1710778149.2291481,-1.1811159716712103
1710778149.2292614,-1.1685072051154242
1710778149.2293746,-1.154497464497884
1710778149.2294877,-1.13908674981859
1710778149.229601,-1.1222750610775418
1710778149.2297142,-1.1044125424491034
1710778149.2298274,-1.0844486289554172
1710778149.2299404,-1.064834992090861
1710778149.2300537,-1.0448710785971747
1710778149.230167,-1.0245569547017415
1710778149.2302802,-1.0045930412080553
1710778149.2303934,-0.9849793381161159
1710778149.2305064,-0.9646652142206827
1710778149.2306197,-0.9443510240978664
1710778149.230733,-0.9215851624806721
1710778149.2308462,-0.8974183268017238
1710778149.2309592,-0.8729012144936455
1710778149.2310724,-0.8476836813820733
1710778149.2311857,-0.8210651079813639
1710778149.231299,-0.7958475748697916
1710778149.231412,-0.7702797651290894
1710778149.2315252,-0.7461128632227579
1710778149.2316384,-0.7222963041729397
1710778149.2317517,-0.6974289814631144
1710778149.231865,-0.6736123561859131
1710778149.231978,-0.6469938490125868
1710778149.2320912,-0.6200249989827474
1710778149.2322044,-0.5927060047785441
1710778149.2323177,-0.5653869443469577
1710778149.2324307,-0.5370171864827474
1710778149.232544,-0.5100484026802911
1710778149.2326572,-0.4823790987332662
1710778149.2327704,-0.45681128899256385
1710778149.2328835,-0.430192748705546
1710778149.2329967,-0.4035742084185282
1710778149.23311,-0.3762551479869419
1710778149.2332232,-0.3478853901227315
1710778149.2333362,-0.31811465819676715
1710778149.2334495,-0.28729316261079574
1710778149.2335627,-0.2571721706125471
1710778149.233676,-0.22600044806798297
1710778149.2337892,-0.19657995965745714
1710778149.2339022,-0.16821018523640102
1710778149.2340155,-0.1394901672999064
1710778149.2341287,-0.1128716187344657
1710778149.234242,-0.08625307016902499
1710778149.234355,-0.05893403457270728
1710778149.2344682,-0.031614998976389565
1710778149.2345815,-0.002894986213909255
1710778149.2346947,0.025129454831282295
1710778149.2348077,0.053154461913638644
1710778149.234921,0.08117946485678355
1710778149.2350342,0.10850384831428528
1710778149.2351475,0.13442698452207777
1710778149.2352607,0.1621016694439782
1710778149.2353737,0.18837511539459229
1710778149.235487,0.21464856134520635
1710778149.2356002,0.2437245017952389
1710778149.2357135,0.27245014905929565
1710778149.2358265,0.30292732848061454
1710778149.2359397,0.33410516050126815
1710778149.236053,0.3645823399225871
1710778149.2361662,0.3947092427147759
1710778149.2362792,0.42378518316480845
1710778149.2363925,0.45216050412919784
1710778149.2365057,0.47913455300860935
1710778149.236619,0.5057583252588908
1710778149.2367322,0.5309808254241943
1710778149.2368453,0.5569039450751411
1710778149.2369585,0.583527750439114
1710778149.2370718,0.6094508700900607
1710778149.237185,0.6353739897410074
1710778149.237298,0.6612971093919542
1710778149.2374113,0.6865196095572578
1710778149.2375245,0.7099905941221449
1710778149.2376378,0.7331111696031358
1710778149.2377508,0.7555311918258667
1710778149.237864,0.7776008711920844
1710778149.2379773,0.8000208934148152
1710778149.2380905,0.8234918117523193
1710778149.2382035,0.8480136924319797
1710778149.2383168,0.87218529648251
1710778149.23843,0.8967071771621704
1710778149.2385433,0.9212290578418307
1710778149.2386565,0.9429484605789185
1710778149.2387695,0.9643175204594929
1710778149.2388828,0.9849859608544244
1710778149.238996,1.0035525427924261
1710778149.2391093,1.0221190585030449
1710778149.2392223,1.0396346780988905
1710778149.2393355,1.0578509834077623
1710778149.2394488,1.0753666030036078
1710778149.239562,1.0928822225994534
1710778149.239675,1.1096972227096558
1710778149.2397883,1.125811603334215
1710778149.2399015,1.141225364473131
1710778149.2400148,1.1538366476694744
1710778149.240128,1.1657472451527913
1710778149.240241,1.1773074997795951
1710778149.2403543,1.187116305033366
1710778149.2404675,1.1972753206888835
1710778149.2405808,1.2081350220574272
1710778149.2406938,1.217943827311198
1710778149.240807,1.2284531858232286
1710778149.2409203,1.2389625443352592
1710778149.2410336,1.2477204534742568
1710778149.2411466,1.2557775444454617
1710778149.2412598,1.2624335289001465
1710778149.241373,1.268388827641805
1710778149.2414863,1.272242334153917
1710778149.2415996,1.2767963939242892
1710778149.2417126,1.2813504536946614
1710778149.2418258,1.2862547238667805
1710778149.241939,1.291509469350179
1710778149.2420523,1.2967642148335774
1710778149.2421653,1.3016684850056965
1710778149.2422786,1.3055219915178087
1710778149.2423918,1.3079741266038682
1710778149.242505,1.3093753655751545
1710778149.242618,1.3083244694603813
1710778149.2427313,1.3076237837473552
1710778149.2428446,1.3051716486612956
1710778149.2429578,1.303420066833496
1710778149.2430708,1.3023691707187228
1710778149.243184,1.3013182746039496
1710778149.2432973,1.2995666927761502
1710778149.2434106,1.2981654538048637
1710778149.2435238,1.295713186264038
1710778149.2436368,1.291509469350179
1710778149.24375,1.2866050667232938
1710778149.2438633,1.2799490822686088
1710778149.2439766,1.272242334153917
1710778149.2440896,1.2655863496992323
1710778149.2442029,1.257529126273261
1710778149.244316,1.2501725885603163
1710778149.2444293,1.2428160508473713
1710778149.2445424,1.2351091702779133
1710778149.2446556,1.226701603995429
1710778149.2447689,1.2165425883399115
1710778149.244882,1.2053325441148546
1710778149.2449954,1.1920207076602511
1710778149.2451084,1.1766069465213351
1710778149.2452216,1.160842842525906
1710778149.2453349,1.1447285281287298
1710778149.245448,1.1289644241333008
1710778149.2455611,1.1114487383100722
1710778149.2456744,1.0960350433985393
1710778149.2457876,1.07992066277398
1710778149.2459009,1.0638062821494207
1710778149.2460139,1.0459403196970622
1710778149.2461271,1.0273737377590604
1710778149.2462404,1.0074059830771551
1710778149.2463536,0.9877884387969971
1710778149.2464666,0.9671199984020656
1710778149.24658,0.9468019008636475
1710778149.2466931,0.9264837370978461
1710778149.2468064,0.906866259045071
1710778149.2469196,0.8865480952792697
1710778149.2470326,0.8679815133412678
1710778149.247146,0.8462621768315632
1710778149.2472591,0.8252433935801188
1710778149.2473724,0.8007215129004585
1710778149.2474854,0.7772505945629543
1710778149.2475986,0.7506268554263644
1710778149.247712,0.7229521539476182
1710778149.2478251,0.6966786914401584
1710778149.2479382,0.6697046094470553
1710778149.2480514,0.6430808703104655
1710778149.2481647,0.6161067883173624
1710778149.248278,0.5905339452955458
1710778149.2483912,0.5632095866733127
1710778149.2485042,0.5362355377939012
1710778149.2486174,0.5078602168295119
1710778149.2487307,0.47913455300860935
1710778149.248844,0.4497083028157552
1710778149.248957,0.4202820526229011
1710778149.2490702,0.39155642191569007
1710778149.2491834,0.3628307912084791
1710778149.2492967,0.3355063994725545
1710778149.2494097,0.3088826603359646
1710778149.249523,0.28225888808568317
1710778149.2496362,0.2545842031637828
1710778149.2497494,0.22655919194221497
1710778149.2498627,0.19713294174936083
1710778149.2499757,0.16735636525683933
1710778149.250089,0.13652885953585306
1710778149.2502022,0.10570135381486681
1710778149.2503154,0.0759247773223453
1710778149.2504284,0.04649852299027973
1710778149.2505417,0.01812320202589035
1710778149.250655,-0.009899867905510796
1710778149.2507682,-0.038970125218232475
1710778149.2508812,-0.06663940432998869
1710778149.2509944,-0.09605990515814887
1710778149.2511077,-0.12688138418727452
1710778149.251221,-0.15735261970096165
1710778149.251334,-0.18852434224552578
1710778149.2514472,-0.2193458212746514
1710778149.2515604,-0.24981705678833854
1710778149.2516737,-0.2799380487865872
1710778149.251787,-0.30830780665079754
1710778149.2519,-0.33667756451500785
1710778149.2520132,-0.36539759900834823
1710778149.2521265,-0.3941176003879971
1710778149.2522397,-0.42283763488133747
1710778149.2523527,-0.4536590973536173
1710778149.252466,-0.4837800727950202
1710778149.2525792,-0.5146015683809916
1710778149.2526925,-0.5450727873378329
1710778149.2528055,-0.5744932757483588
1710778149.2529187,-0.6025128232108222
1710778149.253032,-0.6308825810750326
1710778149.2531452,-0.6585518519083658
1710778149.2532585,-0.6855207019382052
1710778149.2533715,-0.7135401831732856
1710778149.2534847,-0.742610428068373
1710778149.253598,-0.7713304625617133
1710778149.2537112,-0.8000504970550537
1710778149.2538242,-0.828770465321011
1710778149.2539375,-0.8567900127834743
1710778149.2540507,-0.8827080991533067
1710778149.254164,-0.907925632264879
1710778149.254277,-0.9313919809129503
1710778149.2543902,-0.9534573554992676
1710778149.2545035,-0.9762232171164619
1710778149.2546167,-0.9979383813010322
1710778149.25473,-1.0200037558873494
1710778149.254843,-1.0420691304736667
1710778149.2549562,-1.0637842284308539
1710778149.2550695,-1.0851491159862943
1710778149.2551827,-1.1051130294799805
1710778149.2552958,-1.1240262455410428
1710778149.255409,-1.141188144683838
1710778149.2555223,-1.157649623023139
1710778149.2556355,-1.1737608909606934
1710778149.2557485,-1.1891716056399875
1710778149.2558618,-1.2052828735775418
1710778149.255975,-1.221744351916843
1710778149.2560883,-1.237505276997884
1710778149.2562013,-1.2546673085954454
1710778149.2563145,-1.2700780232747395
1710778149.2564278,-1.2840877638922796
1710778149.256541,-1.2970467408498128
1710778149.2566543,-1.3086048762003581
1710778149.2567673,-1.318411694632636
1710778149.2568805,-1.3271677494049072
1710778149.2569938,-1.3366243574354384
1710778149.257107,-1.3450302018059623
1710778149.25722,-1.3541365994347465
1710778149.2573333,-1.3625424438052707
1710778149.2574465,-1.3709482881757948
1710778149.2575598,-1.3779531584845648
1710778149.2576728,-1.384607818391588
1710778149.257786,-1.3895112938351102
1710778149.2578993,-1.3926634523603652
1710778149.2580125,-1.3951151900821261
1710778149.2581258,-1.3979171382056341
1710778149.2582388,-1.400018533070882
1710778149.258352,-1.4035210344526503
1710778149.2584653,-1.4063229825761583
1710778149.2585785,-1.4087747202979193
1710778149.2586915,-1.4129776424831815
1710778149.2588048,-1.4150790373484294
1710778149.258918,-1.4164800114101834
1710778149.2590313,-1.4150790373484294
1710778149.2591443,-1.4126272996266682
1710778149.2592576,-1.4094751411014133
1710778149.2593708,-1.4052722189161513
1710778149.259484,-1.401069296730889
1710778149.2595973,-1.397566795349121
1710778149.2597103,-1.3926634523603652
1710778149.2598236,-1.388460530175103
1710778149.2599368,-1.383557054731581
1710778149.26005,-1.3762019740210638
1710778149.260163,-1.3688468933105469
1710778149.2602763,-1.3593902852800157
1710778149.2603896,-1.3485327031877306
1710778149.2605028,-1.3366243574354384
1710778149.2606158,-1.3240155908796523
1710778149.260729,-1.3117570347256131
1710778149.2608423,-1.299498478571574
1710778149.2609556,-1.2882906860775418
1710778149.2610686,-1.2760321299235027
1710778149.2611818,-1.2637735737694633
1710778149.261295,-1.2508145968119304
1710778149.2614083,-1.235754092534383
1710778149.2615216,-1.220343377855089
1710778149.2616346,-1.2024809254540336
1710778149.2617478,-1.1842682626512315
1710778149.261861,-1.1660554673936632
1710778149.2619743,-1.147492594189114
1710778149.2620873,-1.1278789573245578
1710778149.2622006,-1.1096662282943726
1710778149.2623138,-1.0907530784606934
1710778149.262427,-1.0707891649670072
1710778149.26254,-1.0501247644424438
1710778149.2626534,-1.0277091132269964
1710778149.2627666,-1.0031920671463013
1710778149.2628798,-0.9779744678073459
1710778149.262993,-0.9513558944066365
1710778149.263106,-0.9250875976350572
1710778149.2632194,-0.8995197878943549
1710778149.2633326,-0.8746524651845295
1710778149.2634459,-0.8494348658455743
1710778149.2635589,-0.825268030166626
1710778149.263672,-0.8007509840859307
1710778149.2637854,-0.7758836613761054
1710778149.2638986,-0.749615364604526
1710778149.2640116,-0.7229967912038168
1710778149.2641249,-0.6953275203704834
1710778149.264238,-0.666957762506273
1710778149.2643514,-0.6396387020746866
1710778149.2644644,-0.6119694312413534
1710778149.2645776,-0.585701134469774
1710778149.2646909,-0.5590825610690646
1710778149.2648041,-0.5317635337511698
1710778149.2649174,-0.5051449603504604
1710778149.2650304,-0.4764249589708116
1710778149.2651436,-0.44665422704484725
1710778149.265257,-0.4175839490360684
1710778149.2653701,-0.385711756017473
1710778149.2654831,-0.3541897734006246
1710778149.2655964,-0.3237185544437832
1710778149.2657096,-0.2935975458886888
1710778149.265823,-0.26347657044728595
1710778149.265936,-0.23475655251079136
1710778149.2660491,-0.20673703816201952
1710778149.2661624,-0.1783672637409634
1710778149.2662756,-0.14929700228903028
1710778149.266389,-0.12057699263095856
1710778149.266502,-0.09080624414814843
1710778149.2666152,-0.05998476925823423
1710778149.2667284,-0.029863779329591326
1710778149.2668417,0.00025726080315911933
1710778149.2669547,0.02863258123397827
1710778149.267068,0.056307274434301585
1710778149.2671812,0.0839819676346249
1710778149.2672944,0.1120069788561927
1710778149.2674074,0.1400319900777605
1710778149.2675207,0.1680569847424825
1710778149.267634,0.19818387097782558
1710778149.2677472,0.22796044747034708
1710778149.2678604,0.2594885726769765
1710778149.2679734,0.289265149169498
1710778149.2680867,0.31939201884799534
1710778149.2682,0.3491686118973626
1710778149.2683132,0.377543932861752
1710778149.2684262,0.4055689109696282
1710778149.2685394,0.4328933027055528
1710778149.2686527,0.4619692431555854
1710778149.268766,0.49174583620495266
1710778149.268879,0.5218727058834499
1710778149.2689922,0.5516492658191257
1710778149.2691054,0.5817761686113145
1710778149.2692187,0.6112023856904771
1710778149.2693317,0.6402783923678927
1710778149.269445,0.6665517886479696
1710778149.2695582,0.6935258706410726
1710778149.2696714,0.7183980941772461
1710778149.2697847,0.7418690125147501
1710778149.2698977,0.7663908931944106
1710778149.270011,0.7909127738740709
1710778149.2701242,0.8150843116972182
1710778149.2702374,0.8396061923768785
1710778149.2703505,0.8623765574561225
1710778149.2704637,0.8851468563079834
1710778149.270577,0.9065159161885579
1710778149.2706902,0.9268340799543593
1710778149.2708032,0.9457509385214912
1710778149.2709165,0.9632665581173366
1710778149.2710297,0.9807821777131822
1710778149.271143,0.9993487596511841
1710778149.2712562,1.0182656182183158
1710778149.2713692,1.0368322001563177
1710778149.2714825,1.0553987820943196
1710778149.2715957,1.0743156406614516
1710778149.271709,1.0921816031138103
1710778149.271822,1.1079456408818562
1710778149.2719352,1.1230091253916423
1710778149.2720485,1.1356204085879855
1710778149.2721617,1.1482315593295627
1710778149.2722747,1.1594416035546196
1710778149.272388,1.17170254389445
1710778149.2725012,1.1825622452629936
1710778149.2726145,1.1941224998897977
1710778149.2727277,1.2049822012583415
1710778149.2728407,1.2154916922251384
1710778149.272954,1.225650707880656
1710778149.2730672,1.234058141708374
1710778149.2731805,1.241765022277832
1710778149.2732935,1.2480706638760037
1710778149.2734067,1.2540259626176622
1710778149.27352,1.259981393814087
1710778149.2736332,1.2669875886705186
1710778149.2737463,1.2739937835269504
1710778149.2738595,1.2813504536946614
1710778149.2739727,1.2887069914076064
1710778149.274086,1.295713186264038
1710778149.274199,1.3013182746039496
1710778149.2743123,1.3051716486612956
1710778149.2744255,1.3076237837473552
1710778149.2745388,1.3086748123168945
1710778149.274652,1.3079741266038682
1710778149.274765,1.3072735733456082
1710778149.2748783,1.306572887632582
1710778149.2749915,1.3051716486612956
1710778149.2751048,1.3041207525465224
1710778149.2752178,1.3041207525465224
1710778149.275331,1.302719513575236
1710778149.2754443,1.2995666927761502
1710778149.2755575,1.2960635291205511
1710778149.2756705,1.2908087836371527
1710778149.2757838,1.2841529316372342
1710778149.275897,1.2781976328955755
1710778149.2760103,1.2708409627278645
1710778149.2761235,1.265236006842719
1710778149.2762365,1.2582298119862874
1710778149.2763498,1.2533254093594022
1710778149.276463,1.2466694249047172
1710778149.2765763,1.2396632300482855
1710778149.2766893,1.2312556637658012
1710778149.2768025,1.2207463052537706
1710778149.2769158,1.2091860506269667
1710778149.277029,1.19552387131585
1710778149.277142,1.180460320578681
1710778149.2772553,1.1660975880093045
1710778149.2773685,1.1517347229851616
1710778149.2774818,1.137722200817532
1710778149.277595,1.1237096786499023
1710778149.277708,1.110397842195299
1710778149.2778213,1.094984081056383
1710778149.2779346,1.0795703199174669
1710778149.2780478,1.0627553198072646
1710778149.2781608,1.0434881183836195
1710778149.278274,1.025622222158644
1710778149.2783873,1.0049537817637126
1710778149.2785006,0.9856865803400675
1710778149.2786136,0.9657187594307793
1710778149.2787268,0.9471521774927775
1710778149.27884,0.9275346994400024
1710778149.2789533,0.9082674980163574
1710778149.2790663,0.8879493342505561
1710778149.2791796,0.8658796548843384
1710778149.2792928,0.8434596326616075
1710778149.279406,0.8192880948384602
1710778149.2795193,0.7944158713022867
1710778149.2796323,0.7688430945078532
1710778149.2797456,0.7443212138281928
1710778149.2798588,0.7201496097776625
1710778149.279972,0.6966786914401584
1710778149.280085,0.6739083925882975
1710778149.2801983,0.6500871313942803
1710778149.2803116,0.6266161468293932
1710778149.2804248,0.6020942661497328
1710778149.2805378,0.5761711464987861
1710778149.280651,0.5502480268478394
1710778149.2807643,0.5225733253690932
1710778149.2808776,0.49559927648968166
1710778149.2809908,0.4693258139822218
1710778149.2811038,0.4430523845884535
1710778149.281217,0.4174795415666368
1710778149.2813303,0.3922570414013333
1710778149.2814436,0.3677351607216729
1710778149.2815566,0.34181204107072616
1710778149.2816699,0.31483795907762313
1710778149.281783,0.28751356734169853
1710778149.2818964,0.25913826293415493
1710778149.2820094,0.23006232248412237
1710778149.2821226,0.2020373112625546
1710778149.2822359,0.1740123000409868
1710778149.282349,0.14738854434755114
1710778149.2824621,0.12006416916847229
1710778149.2825754,0.09309009545379214
1710778149.2826886,0.06576571613550186
1710778149.2828019,0.03774070905314551
1710778149.282915,0.00866476291169723
1710778149.2830281,-0.021107676956388686
1710778149.2831414,-0.05262964301639133
1710778149.2832546,-0.08415160907639398
1710778149.2833679,-0.11497308810551961
1710778149.283481,-0.14544432361920676
1710778149.2835941,-0.17486482858657837
1710778149.2837074,-0.2035848299662272
1710778149.2838206,-0.2312541173564063
1710778149.2839336,-0.2599741352929009
1710778149.284047,-0.2893946237034268
1710778149.2841601,-0.31881514522764415
1710778149.2842734,-0.34893612066904706
1710778149.2843866,-0.37870685259501136
1710778149.2844996,-0.4077771306037903
1710778149.284613,-0.43719761901431614
1710778149.2847261,-0.4652171664767795
1710778149.2848394,-0.49288643731011283
1710778149.2849524,-0.5195049775971307
1710778149.2850657,-0.5454230308532715
1710778149.285179,-0.5720416042539809
1710778149.2852921,-0.5986601114273071
1710778149.2854052,-0.6270299355189005
1710778149.2855184,-0.6557499037848579
1710778149.2856317,-0.6837694512473212
1710778149.285745,-0.7131899727715386
1710778149.2858582,-0.7398084799448649
1710778149.2859712,-0.7664270533455743
1710778149.2860844,-0.7919948630862765
1710778149.2861977,-0.8154612117343478
1710778149.286311,-0.8399783240424262
1710778149.286424,-0.8634446726904975
1710778149.2865372,-0.8869110213385688
1710778149.2866504,-0.910727580388387
1710778149.2867637,-0.9345442056655884
1710778149.2868767,-0.9583607647154067
1710778149.28699,-0.981827179590861
1710778149.2871032,-1.0017910930845473
1710778149.2872164,-1.0214047299491034
1710778149.2873294,-1.0403178797827826
1710778149.2874427,-1.057830121782091
1710778149.287556,-1.074291600121392
1710778149.2876692,-1.0911032888624403
1710778149.2877824,-1.1068642801708646
1710778149.2878954,-1.1247266663445366
1710778149.2880087,-1.141538487540351
1710778149.288122,-1.159050597084893
1710778149.2882352,-1.1744614442189534
1710778149.2883482,-1.1902223692999945
1710778149.2884614,-1.2045823203192816
1710778149.2885747,-1.217191219329834
1710778149.288688,-1.2294496430291069
1710778149.288801,-1.2410077783796523
1710778149.2889142,-1.2539667553371854
1710778149.2890275,-1.2658751010894775
1710778149.2891407,-1.2784838676452637
1710778149.289254,-1.2910926342010498
1710778149.289367,-1.303000979953342
1710778149.2894802,-1.314558982849121
1710778149.2895935,-1.3243658012813992
1710778149.2897067,-1.3327716456519232
1710778149.2898197,-1.3397766484154594
1710778149.289933,-1.3457307550642226
1710778149.2900462,-1.3509844409094915
1710778149.2901595,-1.3569385475582547
1710778149.2902725,-1.3618420230017767
1710778149.2903857,-1.3674459192487929
1710778149.290499,-1.3737502362993028
1710778149.2906122,-1.3793541325463188
1710778149.2907255,-1.384607818391588
1710778149.2908385,-1.387759976916843
1710778149.2909517,-1.390211714638604
1710778149.291065,-1.3916126887003581
1710778149.2911782,-1.391962899102105
1710778149.2912912,-1.3926634523603652
1710778149.2914045,-1.3926634523603652
1710778149.2915177,-1.3923132419586182
1710778149.291631,-1.3926634523603652
1710778149.291744,-1.3926634523603652
1710778149.2918572,-1.3912624782986112
1710778149.2919705,-1.3895112938351102
1710778149.2920837,-1.384607818391588
1710778149.2921968,-1.3776029480828178
1710778149.29231,-1.3691971037122939
1710778149.2924232,-1.3597404956817627
1710778149.2925365,-1.3499336772494845
1710778149.2926497,-1.3404770692189534
1710778149.2927628,-1.3310204611884222
1710778149.292876,-1.3226146168178983
1710778149.2929893,-1.313158008787367
1710778149.2931025,-1.303701400756836
1710778149.2932155,-1.2931941615210638
1710778149.2933288,-1.2819863690270317
1710778149.293442,-1.2693774700164795
1710778149.2935553,-1.2557180722554524
1710778149.2936683,-1.2413579887813992
1710778149.2937815,-1.2280486689673529
1710778149.2938948,-1.212988297144572
1710778149.294008,-1.1993287669287787
1710778149.2941213,-1.1849686834547255
1710778149.2942343,-1.1709589428371854
1710778149.2943475,-1.1551980177561443
1710778149.2944608,-1.137685775756836
1710778149.294574,-1.1191227700975206
1710778149.294687,-1.0988086462020874
1710778149.2948003,-1.07674327161577
1710778149.2949135,-1.053627199596829
1710778149.2950268,-1.0308613379796345
1710778149.2951398,-1.0080954763624403
1710778149.295253,-0.9856798251469929
1710778149.2953663,-0.9639647271898057
1710778149.2954795,-0.9418993526034884
1710778149.2955928,-0.9194837013880411
1710778149.2957058,-0.8960173527399699
1710778149.295819,-0.8715002404318916
1710778149.2959323,-0.8469831943511963
1710778149.2960455,-0.8210651079813639
1710778149.2961586,-0.7951470878389146
1710778149.2962718,-0.7695792118708292
1710778149.296385,-0.744011402130127
1710778149.2964983,-0.7191440794203017
1710778149.2966113,-0.6953275203704834
1710778149.2967246,-0.6711606846915351
1710778149.2968378,-0.6466435723834567
1710778149.296951,-0.6203752756118774
1710778149.297064,-0.5934064918094211
1710778149.2971773,-0.5660874313778347
1710778149.2972906,-0.5370171864827474
1710778149.2974038,-0.5079469415876601
1710778149.297517,-0.47922690709431964
1710778149.29763,-0.45155763626098633
1710778149.2977433,-0.42318787839677596
1710778149.2978566,-0.39621906148062813
1710778149.2979698,-0.36854979064729476
1710778149.2980828,-0.3391293022367689
1710778149.298196,-0.31040926774342853
1710778149.2983093,-0.2795878052711487
1710778149.2984226,-0.24806583921114603
1710778149.2985356,-0.21619362963570488
1710778149.2986488,-0.18362091647254095
1710778149.298762,-0.15244919392797682
1710778149.2988753,-0.12162772317727406
1710778149.2989886,-0.09220722648832533
1710778149.2991016,-0.0620862344900767
1710778149.2992148,-0.0323154880768723
1710778149.299328,-0.0021944978895286718
1710778149.2994413,0.02898289304640558
1710778149.2995543,0.06016071471903059
1710778149.2996676,0.09309009545379214
1710778149.2997808,0.1260194761885537
1710778149.299894,0.15859855545891655
1710778149.300007,0.19047699040836757
1710778149.3001204,0.22200513217184278
1710778149.3002336,0.2517816921075185
1710778149.3003469,0.28225888808568317
1710778149.3004599,0.3127361006206936
1710778149.300573,0.3439138995276557
1710778149.3006864,0.3750917315483093
1710778149.3007996,0.4069701830546061
1710778149.3009129,0.4398995637893677
1710778149.3010259,0.47142770555284286
1710778149.301139,0.5022551947169833
1710778149.3012524,0.5323820975091722
1710778149.3013656,0.56040710873074
1710778149.3014786,0.587381190723843
1710778149.3015919,0.6136545870039198
1710778149.3017051,0.6388770871692233
1710778149.3018184,0.6648002730475532
1710778149.3019314,0.6907233926984999
1710778149.3020446,0.7166465123494467
1710778149.3021579,0.7425696320003933
1710778149.3022711,0.7677921321656969
1710778149.3023844,0.7930146323310004
1710778149.3024974,0.8175365130106608
1710778149.3026106,0.8399565352333916
1710778149.302724,0.8620262145996094
1710778149.3028371,0.8833952744801838
1710778149.3029501,0.9058152967029147
1710778149.3030634,0.9285855955547756
1710778149.3031766,0.9513559606340196
1710778149.30329,0.9744766023423936
1710778149.303403,0.9975971778233845
1710778149.3035161,1.0200172000461154
1710778149.3036294,1.04103598329756
1710778149.3037426,1.0610038042068481
1710778149.303856,1.0788697004318237
1710778149.303969,1.094984081056383
1710778149.3040822,1.111098461680942
1710778149.3041954,1.125811603334215
1710778149.3043087,1.1405246787601047
1710778149.3044217,1.1559384398990207
1710778149.304535,1.1703013049231634
1710778149.3046482,1.1843138270907931
1710778149.3047614,1.1986766921149359
1710778149.3048744,1.210937632454766
1710778149.3049877,1.222147544225057
1710778149.305101,1.2323066923353407
1710778149.3052142,1.241064469019572
1710778149.3053272,1.2501725885603163
1710778149.3054404,1.2592807081010606
1710778149.3055537,1.268388827641805
1710778149.305667,1.2781976328955755
1710778149.3057802,1.288356648551093
1710778149.3058932,1.2985156642066107
1710778149.3060064,1.3076237837473552
1710778149.3061197,1.3156810071733263
1710778149.306233,1.3230375448862712
1710778149.306346,1.3275916046566434
1710778149.3064592,1.3324960072835286
1710778149.3065724,1.3352984852261014
1710778149.3066857,1.3395023345947266
1710778149.3067987,1.3426551553938124
1710778149.306912,1.3472092151641846
1710778149.3070252,1.3510625892215304
1710778149.3071384,1.35351472430759
1710778149.3072517,1.3556166489919026
1710778149.3073647,1.3556166489919026
1710778149.307478,1.3549160957336426
1710778149.3075912,1.3517632749345567
1710778149.3077044,1.3472092151641846
1710778149.3078175,1.3416041268242729
1710778149.3079307,1.3366997241973877
1710778149.308044,1.3307444254557292
1710778149.3081572,1.3247891267140706
1710778149.3082702,1.3198847240871854
1710778149.3083835,1.3132288720872667
1710778149.3084967,1.3055219915178087
1710778149.30861,1.2978151109483507
1710778149.3087232,1.2887069914076064
1710778149.3088362,1.2767963939242892
1710778149.3089495,1.265236006842719
1710778149.3090627,1.252624723646376
1710778149.309176,1.2403637833065457
1710778149.309289,1.2270519468519423
1710778149.3094022,1.2161922454833984
1710778149.3095155,1.2042816480000813
1710778149.3096287,1.1916703648037381
1710778149.3097417,1.1776578426361084
1710778149.309855,1.1618937386406791
1710778149.3099682,1.14542908138699
1710778149.3100815,1.1268624994489882
1710778149.3101945,1.1075953642527263
1710778149.3103077,1.087977819972568
1710778149.310421,1.068360341919793
1710778149.3105342,1.0494434833526611
1710778149.3106475,1.0298259390725029
1710778149.3107605,1.0112594233618841
1710778149.3108737,0.9926928414238824
1710778149.310987,0.9730752971437242
1710778149.3111002,0.9524068567487929
1710778149.3112133,0.9317384163538615
1710778149.3113265,0.9089681175020006
1710778149.3114398,0.8861978186501397
1710778149.311553,0.8637777964274088
1710778149.311666,0.8410074975755479
1710778149.3117793,0.8189377519819472
1710778149.3118925,0.7972184154722426
1710778149.3120058,0.7754990127351549
1710778149.312119,0.752728713883294
1710778149.312232,0.7299584150314331
1710778149.3123453,0.7050861914952596
1710778149.3124585,0.6777618328730265
1710778149.3125718,0.6511380275090536
1710778149.3126848,0.6234633260303073
1710778149.312798,0.5954383479224311
1710778149.3129113,0.5670630269580417
1710778149.3130245,0.5404392878214518
1710778149.3131375,0.5127645863427056
1710778149.3132508,0.48684143357806736
1710778149.313364,0.45986738469865585
1710778149.3134773,0.4318423734770881
1710778149.3135905,0.40521860122680664
1710778149.3137035,0.37614266077677405
1710778149.3138168,0.3470667203267415
1710778149.31393,0.31834108961953056
1710778149.3140433,0.289265149169498
1710778149.3141563,0.26053951846228707
1710778149.3142695,0.23321512672636244
1710778149.3143828,0.20694168077574834
1710778149.314496,0.17926699585384792
1710778149.314609,0.15159229437510172
1710778149.3147223,0.12321698168913522
1710778149.3148355,0.09344041347503662
1710778149.3149488,0.0629632133576605
1710778149.3150618,0.03143508194221391
1710778149.315175,0.0006075733755197789
1710778149.3152883,-0.03126475546095106
1710778149.3154016,-0.061735990974638194
1710778149.3155148,-0.09185697469446394
1710778149.3156278,-0.12092723614639705
1710778149.315741,-0.1503477328353458
1710778149.3158543,-0.1804687248335944
1710778149.3159676,-0.21023947331640455
1710778149.3160806,-0.24141119586096868
1710778149.3161938,-0.27363364895184833
1710778149.316307,-0.30480537149641246
1710778149.3164203,-0.33702780803044635
1710778149.3165333,-0.36714881658554077
1710778149.3166466,-0.3969195485115051
1710778149.3167598,-0.425289339489407
1710778149.316873,-0.4529586103227403
1710778149.3169863,-0.4809781246715122
1710778149.3170993,-0.5082971851030985
1710778149.3172126,-0.5359664559364319
1710778149.3173258,-0.5646864573160807
1710778149.317439,-0.593756702211168
1710778149.317552,-0.6228270133336385
1710778149.3176653,-0.6511967711978488
1710778149.3177786,-0.6781655550003052
1710778149.3178918,-0.7037333647410074
1710778149.3180048,-0.7286006874508327
1710778149.318118,-0.7534680101606581
1710778149.3182313,-0.7765841484069824
1710778149.3183446,-0.8007509840859307
1710778149.3184576,-0.823867056104872
1710778149.3185709,-0.8487343788146973
1710778149.318684,-0.8718505170610216
1710778149.3187973,-0.8960173527399699
1710778149.3189106,-0.9184330039554172
1710778149.3190236,-0.9387471278508503
1710778149.3191369,-0.9583607647154067
1710778149.31925,-0.9769237041473389
1710778149.3193634,-0.9947861565483941
1710778149.3194764,-1.0115979115168254
1710778149.3195896,-1.0284096002578735
1710778149.3197029,-1.0466223292880588
1710778149.319816,-1.064484715461731
1710778149.3199291,-1.0826974444919162
1710778149.3200424,-1.1012603839238484
1710778149.3201556,-1.1187725596957736
1710778149.3202689,-1.1355842484368217
1710778149.320382,-1.151345305972629
1710778149.3204951,-1.1657052569919162
1710778149.3206084,-1.1800653404659696
1710778149.3207216,-1.1944252914852567
1710778149.3208349,-1.2084350321027968
1710778149.320948,-1.222444772720337
1710778149.3210611,-1.23680485619439
1710778149.3211744,-1.2518653604719374
1710778149.3212876,-1.2648243374294705
1710778149.3214006,-1.2767326831817627
1710778149.321514,-1.2879404756757948
1710778149.3216271,-1.297397083706326
1710778149.3217404,-1.304752164416843
1710778149.3218536,-1.3114068243238661
1710778149.3219666,-1.318061484230889
1710778149.32208,-1.3250663545396593
1710778149.3221931,-1.3320712248484294
1710778149.3223064,-1.3397766484154594
1710778149.3224194,-1.3471317291259766
1710778149.3225327,-1.3541365994347465
1710778149.322646,-1.3593902852800157
1710778149.3227592,-1.364643971125285
1710778149.3228722,-1.3681463400522869
1710778149.3229854,-1.3702478673723009
1710778149.3230987,-1.3716488414340549
1710778149.323212,-1.3737502362993028
1710778149.323325,-1.3748009999593098
1710778149.3234382,-1.3765521844228108
1710778149.3235514,-1.3783033688863118
1710778149.3236647,-1.3793541325463188
1710778149.323778,-1.380054685804579
1710778149.323891,-1.3793541325463188
1710778149.3240042,-1.3769023948245578
1710778149.3241174,-1.3723492622375488
1710778149.3242307,-1.3670955763922796
1710778149.3243437,-1.3600907060835097
1710778149.324457,-1.3534360461764865
1710778149.3245702,-1.3464311758677165
1710778149.3246834,-1.3394263055589464
1710778149.3247964,-1.3324214352501762
1710778149.3249097,-1.3254165649414062
1710778149.325023,-1.317010720570882
1710778149.3251362,-1.307203902138604
1710778149.3252494,-1.2956457667880588
1710778149.3253624,-1.2826867898305256
1710778149.3254757,-1.2686770492129855
1710778149.325589,-1.2536165449354384
1710778149.3257022,-1.238556040657891
1710778149.3258152,-1.224546300040351
1710778149.3259284,-1.2101862165662978
1710778149.3260417,-1.1965268188052707
1710778149.326155,-1.1818165249294705
1710778149.326268,-1.1678067843119304
1710778149.3263812,-1.152045726776123
1710778149.3264945,-1.135234038035075
1710778149.3266077,-1.1180721388922796
1710778149.326721,-1.0991589228312175
1710778149.326834,-1.080946193801032
1710778149.3269472,-1.061682767338223
1710778149.3270605,-1.0431198279062908
1710778149.3271737,-1.0249071651034884
1710778149.3272867,-1.0080954763624403
1710778149.3274,-0.989532536930508
1710778149.3275132,-0.9706193208694458
1710778149.3276265,-0.9499549203448825
1710778149.3277395,-0.9289403094185723
1710778149.3278527,-0.905824171172248
1710778149.327966,-0.8820076121224297
1710778149.3280792,-0.8578407764434814
1710778149.3281922,-0.8350749148262872
1710778149.3283055,-0.8112582895490859
1710778149.3284187,-0.7898934019936455
1710778149.328532,-0.7671275403764513
1710778149.3286452,-0.745762652821011
1710778149.3287582,-0.7229967912038168
1710778149.3288715,-0.7002309295866225
1710778149.3289847,-0.6753636068767971
1710778149.329098,-0.6504962841669718
1710778149.329211,-0.6252786848280165
1710778149.3293242,-0.5983099010255601
1710778149.3294375,-0.5737927887174818
1710778149.3295507,-0.547874735461341
1710778149.3296638,-0.5230074127515157
1710778149.329777,-0.49673911597993636
1710778149.3298903,-0.4715215497546726
1710778149.3300035,-0.4435020354059007
1710778149.3301167,-0.41548248794343734
1710778149.3302298,-0.385011268986596
1710778149.330343,-0.3541897734006246
1710778149.3304563,-0.32301806741290623
1710778149.3305695,-0.2921965718269348
1710778149.3306825,-0.2610248658392164
1710778149.3307958,-0.2312541173564063
1710778149.330909,-0.20253409941991168
1710778149.3310223,-0.17451458507113987
1710778149.3311353,-0.14719554119639927
1710778149.3312485,-0.11777503622902764
1710778149.3313618,-0.08905502657095592
1710778149.331475,-0.059284282227357224
1710778149.3315883,-0.029163290229108598
1710778149.3317013,0.00025726080315911933
1710778149.3318145,0.02968351874086592
1710778149.3319278,0.059109777212142944
1710778149.332041,0.0878354079193539
1710778149.332154,0.11551010111967722
1710778149.3322673,0.14493635959095424
1710778149.3323805,0.1736619902981652
1710778149.3324938,0.20413918627632988
1710778149.3326068,0.23566732803980509
1710778149.33272,0.26684514350361294
1710778149.3328333,0.29977450768152875
1710778149.3329465,0.3320032689306471
1710778149.3330595,0.3635314106941223
1710778149.3331728,0.39365831348631114
1710778149.333286,0.42378518316480845
1710778149.3333993,0.45181019438637626
1710778149.3335125,0.47983520560794407
1710778149.3336256,0.5071595642301772
1710778149.3337388,0.5341336462232802
1710778149.333852,0.5621586243311564
1710778149.3339653,0.5898333258099026
1710778149.3340783,0.6175080272886488
1710778149.3341916,0.6444821092817519
1710778149.3343048,0.6700549523035685
1710778149.334418,0.6949271096123589
1710778149.334531,0.7183980941772461
1710778149.3346443,0.7401174306869507
1710778149.3347576,0.7632380723953247
1710778149.3348708,0.7842568556467692
1710778149.334984,0.8063265350129869
1710778149.335097,0.8301477962070041
1710778149.3352103,0.852918095058865
1710778149.3353236,0.8753381172815958
1710778149.3354368,0.8981084161334567
1710778149.3355498,0.9191271993849013
1710778149.335663,0.9387446774376763
1710778149.3357763,0.9583622217178345
1710778149.3358896,0.9769287374284532
1710778149.3360026,0.9937437375386555
1710778149.3361158,1.0119600428475273
1710778149.336229,1.0312271780437894
1710778149.3363423,1.0494434833526611
1710778149.3364553,1.068360341919793
1710778149.3365686,1.0865765810012817
1710778149.3366818,1.1054935057957966
1710778149.336795,1.121958229276869
1710778149.3369083,1.137722200817532
1710778149.3370214,1.1520850658416748
1710778149.3371346,1.1657472451527913
1710778149.3372478,1.179759767320421
1710778149.337361,1.1934219466315374
1710778149.337474,1.2070841259426541
1710778149.3375874,1.2207463052537706
1710778149.3377006,1.2358097235361736
1710778149.3378139,1.24877134958903
1710778149.3379269,1.2617328431871202
1710778149.33804,1.2732932302686903
1710778149.3381534,1.283452245924208
1710778149.3382666,1.2929107083214653
1710778149.3383799,1.2995666927761502
1710778149.3384929,1.3072735733456082
1710778149.338606,1.31427976820204
1710778149.3387194,1.3209357526567247
1710778149.3388326,1.3275916046566434
1710778149.3389456,1.3338972462548149
1710778149.3390589,1.3395023345947266
1710778149.3391721,1.3440563943650987
1710778149.3392854,1.3472092151641846
1710778149.3393984,1.3482601112789578
1710778149.3395116,1.3472092151641846
1710778149.339625,1.3458079761928983
1710778149.3397381,1.3437060515085857
1710778149.3398514,1.3412537839677598
1710778149.3399644,1.3388016488817003
1710778149.3400776,1.337400409910414
1710778149.340191,1.3359991709391277
1710778149.3403041,1.3328463501400418
1710778149.3404171,1.3303942150539823
1710778149.3405304,1.32584015528361
1710778149.3406436,1.3191841708289251
1710778149.340757,1.3121778435177274
1710778149.34087,1.3044709629482694
1710778149.3409832,1.2960635291205511
1710778149.3410964,1.28800630569458
1710778149.3412097,1.280299425125122
1710778149.3413227,1.271891991297404
1710778149.341436,1.264185110727946
1710778149.3415492,1.2547266483306885
1710778149.3416624,1.244567632675171
1710778149.3417757,1.2326569027370877
1710778149.3418887,1.218994723425971
1710778149.342002,1.2042816480000813
1710778149.3421152,1.187466647889879
1710778149.3422284,1.1713522010379367
1710778149.3423414,1.1552378866407607
1710778149.3424547,1.1384228865305583
1710778149.342568,1.122658782535129
1710778149.3426812,1.106894744767083
1710778149.3427942,1.0897294018003676
1710778149.3429074,1.072213782204522
1710778149.3430207,1.0536472002665203
1710778149.343134,1.0326284832424588
1710778149.3432472,1.0123103194766574
1710778149.3433602,0.991291602452596
1710778149.3434734,0.9702728192011515
1710778149.3435867,0.949254035949707
1710778149.3437,0.9296365578969319
1710778149.343813,0.9089681175020006
1710778149.3439262,0.8893506394492255
1710778149.3440394,0.8700834380255805
1710778149.3441527,0.8480136924319797
1710778149.3442657,0.8262943559222751
1710778149.344379,0.8024730947282579
1710778149.3444922,0.7776008711920844
1710778149.3446054,0.752728713883294
1710778149.3447187,0.7285571098327637
1710778149.3448317,0.7040352291531032
1710778149.344945,0.679863691329956
1710778149.3450582,0.6556920872794257
1710778149.3451715,0.6311702065997653
1710778149.3452845,0.606298049290975
1710778149.3453977,0.5807252062691582
1710778149.345511,0.5523498853047689
1710778149.3456242,0.5239745643403795
1710778149.3457372,0.49454831414752537
1710778149.3458505,0.4640711347262064
1710778149.3459637,0.4342945416768392
1710778149.346077,0.40486829148398507
1710778149.34619,0.37614266077677405
1710778149.3463032,0.3474170300695631
1710778149.3464165,0.3200926383336385
1710778149.3465297,0.29101669788360596
1710778149.346643,0.2612401379479302
1710778149.346756,0.23041263222694397
1710778149.3468692,0.19888449046346876
1710778149.3469825,0.1659551097287072
1710778149.3470957,0.1340766665008333
1710778149.3472087,0.1018479135301378
1710778149.347322,0.06961915228101942
1710778149.3474352,0.03844133267800013
1710778149.3475485,0.007263512557579411
1710778149.3476615,-0.023909629219108157
1710778149.3477747,-0.056132082309987806
1710778149.347888,-0.0880042960246404
1710778149.3480012,-0.12127747966183557
1710778149.3481145,-0.15560140212376913
1710778149.3482275,-0.18782385521464878
1710778149.3483407,-0.22144728236728245
1710778149.348454,-0.2529692484272851
1710778149.3485672,-0.2844912144872877
1710778149.3486803,-0.31321121586693657
1710778149.3487935,-0.342631737391154
1710778149.3489068,-0.3706512517399258
1710778149.34902,-0.39972149663501316
1710778149.349133,-0.42809128761291504
1710778149.3492463,-0.4578620195388794
1710778149.3493595,-0.48763278457853526
1710778149.3494728,-0.5177537600199381
1710778149.349586,-0.547874735461341
1710778149.349699,-0.5769450134701198
1710778149.3498123,-0.6032133102416992
1710778149.3499255,-0.6305323706732856
1710778149.3500388,-0.6578513648774889
1710778149.3501518,-0.6837694512473212
1710778149.350265,-0.7103880246480306
1710778149.3503783,-0.7377070188522339
1710778149.3504915,-0.7657265663146973
1710778149.3506045,-0.7930456267462836
1710778149.3507178,-0.8200144105487399
1710778149.350831,-0.8459324306911892
1710778149.3509443,-0.8704495429992676
1710778149.3510573,-0.8932154046164619
1710778149.3511705,-0.915630989604526
1710778149.3512838,-0.9366456667582194
1710778149.351397,-0.9576602776845295
1710778149.3515103,-0.9783246782090929
1710778149.3516233,-1.0003900527954102
1710778149.3517365,-1.0221052169799805
1710778149.3518498,-1.0438203149371676
1710778149.351963,-1.065185268719991
1710778149.352076,-1.0851491159862943
1710778149.3521893,-1.1044125424491034
1710778149.3523026,-1.1222750610775418
1710778149.3524158,-1.13838619656033
1710778149.3525288,-1.1551980177561443
1710778149.352642,-1.1706087324354384
1710778149.3527553,-1.1870702107747395
1710778149.3528686,-1.2042321099175346
1710778149.3529818,-1.220693588256836
1710778149.3530948,-1.2378556198543973
1710778149.353208,-1.2539667553371854
1710778149.3533213,-1.2693774700164795
1710778149.3534346,-1.2830370002322726
1710778149.3535476,-1.2952955563863118
1710778149.3536608,-1.307904322942098
1710778149.353774,-1.317711141374376
1710778149.3538873,-1.3285687234666612
1710778149.3540003,-1.3394263055589464
1710778149.3541136,-1.3509844409094915
1710778149.3542268,-1.3621922334035237
1710778149.35434,-1.3726994726392958
1710778149.354453,-1.382156080669827
1710778149.3545663,-1.390211714638604
1710778149.3546796,-1.396165821287367
1710778149.3547928,-1.4007190863291423
1710778149.354906,-1.4035210344526503
1710778149.355019,-1.4066731929779053
1710778149.3551323,-1.4084243774414062
1710778149.3552456,-1.4101756943596733
1710778149.3553588,-1.4126272996266682
1710778149.3554718,-1.4147288269466824
1710778149.355585,-1.4164800114101834
1710778149.3556983,-1.4175307750701904
1710778149.3558116,-1.4171805646684434
1710778149.3559246,-1.4154292477501762
1710778149.3560379,-1.4115766684214275
1710778149.356151,-1.4070234033796523
1710778149.3562644,-1.401769717534383
1710778149.3563776,-1.3958156108856201
1710778149.3564906,-1.390561925040351
1710778149.3566039,-1.384607818391588
1710778149.356717,-1.378653711742825
1710778149.3568304,-1.3723492622375488
1710778149.3569434,-1.3639434178670247
1710778149.3570566,-1.3544868098364935
1710778149.3571699,-1.3429288069407146
1710778149.357283,-1.3299696975284152
1710778149.3573961,-1.315609746509128
1710778149.3575094,-1.301600005891588
1710778149.3576226,-1.2875902652740479
1710778149.3577359,-1.2742809454600017
1710778149.3578491,-1.2616721789042156
1710778149.3579621,-1.2490634123484294
1710778149.3580754,-1.237155066596137
1710778149.3581886,-1.224196089638604
1710778149.3583019,-1.2119375334845648
1710778149.358415,-1.1975774500105116
1710778149.3585281,-1.1818165249294705
1710778149.3586414,-1.1664058102501762
1710778149.3587546,-1.150294542312622
1710778149.3588676,-1.134883827633328
1710778149.358981,-1.1191227700975206
1710778149.3590941,-1.1030115683873494
1710778149.3592074,-1.0872506433063083
1710778149.3593204,-1.070438888337877
1710778149.3594337,-1.0518759489059448
1710778149.359547,-1.0312115483813815
1710778149.3596601,-1.0094964504241943
1710778149.3597734,-0.9856798251469929
1710778149.3598864,-0.9611627790662978
1710778149.3599997,-0.9366456667582194
1710778149.360113,-0.9131793181101481
1710778149.3602262,-0.8893626928329468
1710778149.3603392,-0.8665968312157525
1710778149.3604524,-0.8441812462276882
1710778149.3605657,-0.8214153846104939
1710778149.360679,-0.7986495229932997
1710778149.360792,-0.7748328977160983
1710778149.3609052,-0.750315851635403
1710778149.3610184,-0.7250982522964478
1710778149.3611317,-0.6998806529574924
1710778149.361245,-0.6743128432167901
1710778149.361358,-0.6487450334760878
1710778149.3614712,-0.6249284744262695
1710778149.3615844,-0.6011118491490682
1710778149.3616977,-0.5755440394083658
1710778149.3618107,-0.5506767166985406
1710778149.361924,-0.5244083868132697
1710778149.3620372,-0.49603862894905937
1710778149.3621504,-0.4673186275694105
1710778149.3622634,-0.43684737549887764
1710778149.3623767,-0.40602591302659774
1710778149.36249,-0.3762551479869419
1710778149.3626032,-0.34543368551466197
1710778149.3627164,-0.3156629204750061
1710778149.3628294,-0.28694291909535724
1710778149.3629427,-0.2571721706125471
1710778149.363056,-0.22705119517114428
1710778149.3631692,-0.19622971614201862
1710778149.3632822,-0.165408237112893
1710778149.3633955,-0.13388626277446747
1710778149.3635087,-0.10131356616814931
1710778149.363622,-0.06874086956183116
1710778149.363735,-0.03686865998639001
1710778149.3638482,-0.006397426542308595
1710778149.3639615,0.02337789162993431
1710778149.3640747,0.051402900781896375
1710778149.3641877,0.08047884537114038
1710778149.364301,0.10990510384241739
1710778149.3644142,0.13863073454962835
1710778149.3645275,0.16840731104214987
1710778149.3646407,0.19818387097782558
1710778149.3647537,0.22866106695599026
1710778149.364867,0.25808733370569015
1710778149.3649802,0.28751356734169853
1710778149.3650935,0.31553857856326634
1710778149.3652065,0.34251266055636936
1710778149.3653197,0.36983705229229397
1710778149.365433,0.3957601719432407
1710778149.3655462,0.4230845636791653
1710778149.3656592,0.4511095749007331
1710778149.3657725,0.47913455300860935
1710778149.3658857,0.5075098739729987
1710778149.365999,0.5355348851945665
1710778149.3661122,0.5632095866733127
1710778149.3662252,0.5898333258099026
1710778149.3663385,0.6150558259752061
1710778149.3664517,0.6388770871692233
1710778149.366565,0.6612971093919542
1710778149.366678,0.6844177511003282
1710778149.3667912,0.7061371538374159
1710778149.3669045,0.7299584150314331
1710778149.3670177,0.753078990512424
1710778149.3671308,0.776199632220798
1710778149.367244,0.799320273929172
1710778149.3673573,0.8224409156375461
1710778149.3674705,0.8448609378602769
1710778149.3675838,0.8658796548843384
1710778149.3676968,0.8858474757936265
1710778149.36781,0.9051146772172716
1710778149.3679233,0.9247321552700466
1710778149.3680365,0.9457509385214912
1710778149.3681495,0.9657187594307793
1710778149.3682628,0.9863871998257107
1710778149.368376,1.007055640220642
1710778149.3684893,1.0270234611299303
1710778149.3686023,1.0466409391827054
1710778149.3687155,1.0648572444915771
1710778149.3688288,1.0809716251161363
1710778149.368942,1.094984081056383
1710778149.369055,1.1093469460805256
1710778149.3691683,1.122658782535129
1710778149.3692815,1.1356204085879855
1710778149.3693948,1.148581902186076
1710778149.369508,1.1629447672102187
1710778149.369621,1.1766069465213351
1710778149.3697343,1.1902691258324516
1710778149.3698475,1.2018293804592557
1710778149.3699608,1.2126890818277996
1710778149.3700738,1.2228482299380832
1710778149.370187,1.2316060066223145
1710778149.3703003,1.2403637833065457
1710778149.3704135,1.2477204534742568
1710778149.3705266,1.257529126273261
1710778149.3706398,1.2659366925557454
1710778149.370753,1.276095708211263
1710778149.3708663,1.2845032744937472
1710778149.3709795,1.2918598122066922
1710778149.3710926,1.298866007063124
1710778149.3712058,1.3044709629482694
1710778149.371319,1.3076237837473552
1710778149.3714323,1.3086748123168945
1710778149.3715453,1.310426394144694
1710778149.3716586,1.310426394144694
1710778149.3717718,1.3097257084316678
1710778149.371885,1.3107766045464408
1710778149.371998,1.310426394144694
1710778149.3721113,1.310426394144694
1710778149.3722246,1.3093753655751545
1710778149.3723378,1.306923230489095
1710778149.3724508,1.3030697239769828
1710778149.372564,1.2985156642066107
1710778149.3726773,1.2925603654649522
1710778149.3727906,1.2848534848954942
1710778149.3729038,1.2781976328955755
1710778149.3730168,1.2711913055843778
1710778149.37313,1.2655863496992323
1710778149.3732433,1.2585800223880343
1710778149.3733566,1.252624723646376
1710778149.3734696,1.2456185287899442
1710778149.3735828,1.237561305363973
1710778149.373696,1.2274022897084553
1710778149.3738093,1.2161922454833984
1710778149.3739223,1.2042816480000813
1710778149.3740356,1.1913200219472249
1710778149.3741488,1.1790590816073947
1710778149.374262,1.1657472451527913
1710778149.3743753,1.1541869905259874
1710778149.3744884,1.141575707329644
1710778149.3746016,1.1293147669898138
1710778149.3747149,1.1167034837934706
1710778149.374828,1.102690961625841
1710778149.374941,1.087627543343438
1710778149.3750544,1.0711628198623657
1710778149.3751676,1.0536472002665203
1710778149.3752809,1.0361315806706746
1710778149.3753939,1.0193165805604723
1710778149.375507,1.0021512375937567
1710778149.3756204,0.9860368569691975
1710778149.3757336,0.9695721997155083
1710778149.3758469,0.953107476234436
1710778149.3759599,0.9373434384663899
1710778149.3760731,0.9180762370427449
1710778149.3761864,0.8988090356190999
1710778149.3762996,0.8774399757385254
1710778149.3764126,0.8557205730014377
1710778149.3765259,0.8333006170060899
1710778149.3766391,0.810880594783359
1710778149.3767524,0.787759953074985
1710778149.3768654,0.7649896542231241
1710778149.3769786,0.7436205943425497
1710778149.377092,0.7208502292633057
1710778149.3772051,0.6966786914401584
1710778149.3773181,0.6718064679039849
1710778149.3774314,0.6455330716239082
1710778149.3775446,0.617858370145162
1710778149.377658,0.591234564781189
1710778149.3777711,0.5635599295298258
1710778149.3778841,0.5362355377939012
1710778149.3779974,0.5099620752864413
1710778149.3781106,0.4836886458926731
1710778149.378224,0.4581158028708564
1710778149.378337,0.43149206373426646
1710778149.3784502,0.40521860122680664
1710778149.3785634,0.3782445523473951
1710778149.3786767,0.3484679592980279
1710778149.3787897,0.31904170910517377
1710778149.378903,0.289265149169498
1710778149.3790162,0.25878795319133335
1710778149.3791294,0.22936168644163343
1710778149.3792427,0.20063605573442247
1710778149.3793557,0.1715601152843899
1710778149.379469,0.14283448457717896
1710778149.3795822,0.11270759834183587
1710778149.3796954,0.08328134814898173
1710778149.3798084,0.05245383828878403
1710778149.3799217,0.020925702734125983
1710778149.380035,-0.011300844036870532
1710778149.3801482,-0.043523299197355904
1710778149.3802612,-0.07539550463358562
1710778149.3803744,-0.10656722717814975
1710778149.3804877,-0.13668821917639837
1710778149.380601,-0.1664589676592085
1710778149.3807142,-0.19517898559570312
1710778149.3808272,-0.22319849994447497
1710778149.3809404,-0.2522687613964081
1710778149.3810537,-0.2830902404255337
1710778149.381167,-0.31251072883605957
1710778149.38128,-0.3429819809065925
1710778149.3813932,-0.37275271283255684
1710778149.3815064,-0.4018229908413357
1710778149.3816197,-0.42949226167466903
1710778149.3817327,-0.45576055844624835
1710778149.381846,-0.4816786117023892
1710778149.3819592,-0.5072464545567831
1710778149.3820724,-0.5328142642974854
1710778149.3821855,-0.5590825610690646
1710778149.3822987,-0.585000647438897
1710778149.382412,-0.6130201286739773
1710778149.3825252,-0.6406893995073106
1710778149.3826385,-0.668008459938897
1710778149.3827515,-0.6949772437413534
1710778149.3828647,-0.7212455405129327
1710778149.382978,-0.7461128632227579
1710778149.3830912,-0.7702797651290894
1710778149.3832042,-0.7954972982406616
1710778149.3833175,-0.8189636468887329
1710778149.3834307,-0.8441812462276882
1710778149.383544,-0.8693987793392605
1710778149.383657,-0.8942661020490859
1710778149.3837702,-0.9194837013880411
1710778149.3838835,-0.9436505370669894
1710778149.3839967,-0.9667666753133137
1710778149.38411,-0.989182260301378
1710778149.384223,-1.0087959633933172
1710778149.3843362,-1.0280593898561265
1710778149.3844495,-1.0476730267206829
1710778149.3845627,-1.066235966152615
1710778149.3846757,-1.0858496030171711
1710778149.384789,-1.1054633061091106
1710778149.3849022,-1.1257774300045438
1710778149.3850155,-1.14609162012736
1710778149.3851285,-1.1657052569919162
1710778149.3852417,-1.1846184730529785
1710778149.385355,-1.2021307150522869
1710778149.3854682,-1.218942403793335
1710778149.3855815,-1.235754092534383
1710778149.3856945,-1.2508145968119304
1710778149.3858078,-1.2662253114912245
1710778149.385921,-1.2812858157687717
1710778149.3860343,-1.2970467408498128
1710778149.3861473,-1.3114068243238661
1710778149.3862605,-1.3261171181996663
1710778149.3863738,-1.3383755418989394
1710778149.386487,-1.3495834668477376
1710778149.3866,-1.3583395216200087
1710778149.3867133,-1.364643971125285
1710778149.3868265,-1.3705980777740479
1710778149.3869398,-1.3765521844228108
1710778149.3870528,-1.381455659866333
1710778149.387166,-1.386359002855089
1710778149.3872793,-1.3926634523603652
1710778149.3873925,-1.398267348607381
1710778149.3875058,-1.4035210344526503
1710778149.3876188,-1.4087747202979193
1710778149.387732,-1.4129776424831815
1710778149.3878453,-1.4150790373484294
1710778149.3879585,-1.4157795906066895
1710778149.3880715,-1.4161298010084364
1710778149.3881848,-1.4161298010084364
1710778149.388298,-1.4154292477501762
1710778149.3884113,-1.4147288269466824
1710778149.3885243,-1.4147288269466824
1710778149.3886375,-1.4129776424831815
1710778149.3887508,-1.4112263255649142
1710778149.388864,-1.4080741670396593
1710778149.3889773,-1.401769717534383
1710778149.3890903,-1.3951151900821261
1710778149.3892035,-1.385658582051595
1710778149.3893168,-1.3765521844228108
1710778149.38943,-1.3656946023305256
1710778149.389543,-1.3565883371565077
1710778149.3896563,-1.3474819395277235
1710778149.3897696,-1.3376751210954454
1710778149.3898828,-1.3282185130649142
1710778149.3899958,-1.3194624582926433
1710778149.390109,-1.3086048762003581
1710778149.3902223,-1.2963463200463188
1710778149.3903356,-1.2847883171505399
1710778149.3904486,-1.2693774700164795
1710778149.3905618,-1.2553677293989394
1710778149.390675,-1.2399570147196453
1710778149.3907883,-1.225246720843845
1710778149.3909016,-1.2112369802263048
1710778149.3910146,-1.1968770292070177
1710778149.3911278,-1.1825169457329643
1710778149.391241,-1.1678067843119304
1710778149.3913543,-1.151695516374376
1710778149.3914673,-1.1341832743750677
1710778149.3915806,-1.1152701907687717
1710778149.3916938,-1.0953062110477023
1710778149.391807,-1.0756925741831462
1710778149.39192,-1.0546778970294528
1710778149.3920333,-1.0340134965048895
1710778149.3921466,-1.0147500700420804
1710778149.3922598,-0.9944359461466471
1710778149.392373,-0.9744720326529609
1710778149.392486,-0.9534573554992676
1710778149.3925993,-0.9310417705112033
1710778149.3927126,-0.907925632264879
1710778149.3928258,-0.8827080991533067
1710778149.3929389,-0.8564398023817275
1710778149.393052,-0.830871926413642
1710778149.3931653,-0.8039031426111857
1710778149.3932786,-0.7779851224687364
1710778149.3933916,-0.752767523129781
1710778149.3935049,-0.7264992263582017
1710778149.393618,-0.7016319036483765
1710778149.3937314,-0.6750133302476671
1710778149.3938446,-0.6473440594143337
1710778149.3939576,-0.6182738145192465
1710778149.3940709,-0.5885030825932821
1710778149.394184,-0.5583820740381876
1710778149.3942974,-0.5275606115659078
1710778149.3944104,-0.49708935949537486
1710778149.3945236,-0.466968384053972
1710778149.3946369,-0.43719761901431614
1710778149.39475,-0.4081273741192288
1710778149.3948631,-0.37800636556413436
1710778149.3949764,-0.34823563363817
1710778149.3950896,-0.31671368413501316
1710778149.3952029,-0.2844912144872877
1710778149.395316,-0.25051754381921554
1710778149.3954291,-0.2179448472128974
1710778149.3955424,-0.18572239412201774
1710778149.3956556,-0.15420042806201512
1710778149.395769,-0.12267845372358957
1710778149.395882,-0.09290771351920234
1710778149.3959951,-0.06418769558270772
1710778149.3961084,-0.03441695123910904
1710778149.3962216,-0.005696938476628727
1710778149.3963346,0.02442882913682196
1710778149.396448,0.054555713302559324
1710778149.3965611,0.0860838426484002
1710778149.3966744,0.11691135664780934
1710778149.3967874,0.1477388540903727
1710778149.3969007,0.17821605006853738
1710778149.397014,0.2076423168182373
1710778149.3971272,0.23671825726826984
1710778149.3972404,0.2650935782326592
1710778149.3973534,0.29416951868269176
1710778149.3974667,0.32429642147488064
1710778149.39758,0.3547736008961995
1710778149.3976932,0.38560112317403156
1710778149.3978062,0.41677892208099365
1710778149.3979194,0.4469058248731825
1710778149.3980327,0.4780836237801446
1710778149.398146,0.5071595642301772
1710778149.398259,0.5341336462232802
1710778149.3983722,0.56040710873074
1710778149.3984854,0.5852792660395304
1710778149.3985987,0.6108521090613471
1710778149.398712,0.6360746092266506
1710778149.398825,0.6612971093919542
1710778149.3989382,0.6868699524137709
1710778149.3990514,0.7127930720647176
1710778149.3991647,0.737665229373508
1710778149.3992777,0.7625374529096816
1710778149.399391,0.7860083712471856
1710778149.3995042,0.8077277739842732
1710778149.3996174,0.8301477962070041
1710778149.3997304,0.8511665132310655
1710778149.3998437,0.8728859159681532
1710778149.399957,0.895305938190884
1710778149.4000702,0.9177259604136149
1710778149.4001832,0.9404962592654758
1710778149.4002964,0.9636169009738498
1710778149.4004097,0.9863871998257107
1710778149.400523,1.0074059830771551
1710778149.4006362,1.0280744234720867
1710778149.4007492,1.0469912820392184
1710778149.4008625,1.0652075211207073
1710778149.4009757,1.0830734835730658
1710778149.401089,1.0998884836832683
1710778149.401202,1.1170538266499836
1710778149.4013152,1.1356204085879855
1710778149.4014285,1.1527856190999348
1710778149.4015417,1.1703013049231634
1710778149.4016547,1.187116305033366
1710778149.401768,1.2021797233157687
1710778149.4018812,1.2161922454833984
1710778149.4019945,1.2281028429667156
1710778149.4021077,1.2382619910769992
1710778149.4022207,1.2484210067325168
1710778149.402334,1.257178783416748
1710778149.4024472,1.2666372458140056
1710778149.4025605,1.27574536535475
1710778149.4026735,1.2852038277520073
1710778149.4027867,1.2946622901492648
1710778149.4029,1.3023691707187228
1710778149.4030132,1.3090251551734076
1710778149.4031262,1.31427976820204
1710778149.4032395,1.3177829318576388
1710778149.4033527,1.3209357526567247
1710778149.403466,1.3233878877427843
1710778149.4035792,1.3251394695705838
1710778149.4036922,1.3272413942548964
1710778149.4038055,1.3293431864844427
1710778149.4039187,1.3310947683122423
1710778149.404032,1.3328463501400418
1710778149.404145,1.333547035853068
1710778149.4042583,1.3324960072835286
1710778149.4043715,1.330043872197469
1710778149.4044847,1.3254898124270968
1710778149.4045978,1.3202350669436984
1710778149.404711,1.31427976820204
1710778149.4048243,1.3090251551734076
1710778149.4049375,1.3037704096900091
1710778149.4050505,1.2978151109483507
1710778149.4051638,1.2932610511779785
1710778149.405277,1.28800630569458
1710778149.4053903,1.2820510069529216
1710778149.4055035,1.2753950224982367
1710778149.4056165,1.2673379315270317
1710778149.4057298,1.257529126273261
1710778149.405843,1.2473701106177435
1710778149.4059563,1.2365104092491996
1710778149.4060693,1.226351261138916
1710778149.4061825,1.2165425883399115
1710778149.4062958,1.2056828869713676
1710778149.406409,1.195874081717597
1710778149.406522,1.1846641699473064
1710778149.4066353,1.172753440009223
1710778149.4067485,1.1597919464111328
1710778149.4068618,1.1433272891574435
1710778149.406975,1.1275631851620145
1710778149.407088,1.1096972227096558
1710778149.4072013,1.0925318797429402
1710778149.4073145,1.0750162601470947
1710778149.4074278,1.0571503639221191
1710778149.4075408,1.0403353638119168
1710778149.407654,1.0231700208452013
1710778149.4077673,1.0060046778784857
1710778149.4078805,0.9884890582826402
1710778149.4079936,0.9695721997155083
1710778149.4081068,0.949254035949707
1710778149.40822,0.9285855955547756
1710778149.4083333,0.9065159161885579
1710778149.4084463,0.8854971991644965
1710778149.4085596,0.8641280730565388
1710778149.4086728,0.8424087365468342
1710778149.408786,0.8217402961519029
1710778149.4088993,0.8010718557569716
1710778149.4090123,0.779702795876397
1710778149.4091256,0.7572827736536661
1710778149.4092388,0.7331111696031358
1710778149.409352,0.7078886694378322
1710778149.409465,0.6812649303012424
1710778149.4095783,0.6542908483081393
1710778149.4096916,0.6262658702002631
1710778149.4098048,0.5999924076928033
1710778149.4099178,0.5723177062140571
1710778149.410031,0.5470952060487535
1710778149.4101443,0.520121157169342
1710778149.4102576,0.4924464556905958
1710778149.4103708,0.4654723736974928
1710778149.4104838,0.43744736247592503
1710778149.410597,0.4076708025402493
1710778149.4107103,0.37684328026241726
1710778149.4108236,0.3474170300695631
1710778149.4109366,0.317990779876709
1710778149.4110498,0.28891483942667645
1710778149.411163,0.2598388824197981
1710778149.4112763,0.23251450724071926
1710778149.4113894,0.2051901320616404
1710778149.4115026,0.17646448479758367
1710778149.4116158,0.14843949013286167
1710778149.411729,0.11866291364034016
1710778149.4118423,0.0878354079193539
1710778149.4119554,0.05700790219836765
1710778149.4120686,0.025830080525742635
1710778149.4121819,-0.0049964504109488595
1710778149.412295,-0.03441695123910904
1710778149.412408,-0.06313696503639221
1710778149.4125214,-0.09185697469446394
1710778149.4126346,-0.12022674911552005
1710778149.4127479,-0.14824627174271476
1710778149.4128609,-0.1762658026483324
1710778149.412974,-0.20533604754341972
1710778149.4130874,-0.23510679602622986
1710778149.4132006,-0.2645273009936015
1710778149.4133136,-0.2932473023732503
1710778149.4134269,-0.3212668498357137
1710778149.4135401,-0.347535146607293
1710778149.4136534,-0.37275271283255684
1710778149.4137666,-0.3979702790578206
1710778149.4138796,-0.42318787839677596
1710778149.413993,-0.4477049575911628
1710778149.4141061,-0.47362301084730357
1710778149.4142194,-0.5012922816806369
1710778149.4143324,-0.5286113421122233
1710778149.4144456,-0.5562806129455566
1710778149.414559,-0.58430016040802
1710778149.4146721,-0.6112689442104763
1710778149.4147851,-0.6382377280129327
1710778149.4148984,-0.6634552611245049
1710778149.4150116,-0.6883226500617133
1710778149.415125,-0.7131899727715386
1710778149.4152381,-0.7373568084504869
1710778149.4153512,-0.7625743415620592
1710778149.4154644,-0.7874416642718844
1710778149.4155777,-0.8130095402399699
1710778149.415691,-0.8371763759189181
1710778149.415804,-0.8613432115978664
1710778149.4159172,-0.8837587965859307
1710778149.4160304,-0.904773473739624
1710778149.4161437,-0.9243871106041802
1710778149.4162567,-0.9440008136961195
1710778149.41637,-0.9629139635297987
1710778149.4164832,-0.9835783640543619
1710778149.4165964,-1.0031920671463013
1710778149.4167097,-1.0238564676708646
1710778149.4168227,-1.0455715656280518
1710778149.416936,-1.066235966152615
1710778149.4170492,-1.0872506433063083
1710778149.4171624,-1.1068642801708646
1710778149.4172754,-1.1243764559427898
1710778149.4173887,-1.141888697942098
1710778149.417502,-1.1583501762813992
1710778149.4176152,-1.1751618650224473
1710778149.4177282,-1.1919735537634955
1710778149.4178414,-1.2073842684427898
1710778149.4179547,-1.223145325978597
1710778149.418068,-1.2396068043178983
1710778149.418181,-1.2546673085954454
1710778149.4182942,-1.2690272596147325
1710778149.4184074,-1.2812858157687717
1710778149.4185207,-1.2917931874593098
1710778149.418634,-1.301249795489841
1710778149.418747,-1.309305297003852
1710778149.4188602,-1.318061484230889
1710778149.4189734,-1.3254165649414062
1710778149.4190867,-1.3334721989101834
1710778149.4191997,-1.3422282536824544
1710778149.419313,-1.3499336772494845
1710778149.4194262,-1.3569385475582547
1710778149.4195395,-1.3618420230017767
1710778149.4196525,-1.366044945187039
1710778149.4197657,-1.3681463400522869
1710778149.419879,-1.3688468933105469
1710778149.4199922,-1.3691971037122939
1710778149.4201055,-1.3684965504540336
1710778149.4202185,-1.3688468933105469
1710778149.4203317,-1.3691971037122939
1710778149.420445,-1.3691971037122939
1710778149.4205582,-1.3702478673723009
1710778149.4206712,-1.3702478673723009
1710778149.4207845,-1.3688468933105469
1710778149.4208977,-1.3674459192487929
1710778149.421011,-1.3632429970635307
1710778149.421124,-1.3593902852800157
1710778149.4212372,-1.3544868098364935
1710778149.4213505,-1.3499336772494845
1710778149.4214637,-1.3453805446624756
1710778149.421577,-1.3411776224772136
1710778149.42169,-1.3369745678371854
1710778149.4218032,-1.3320712248484294
1710778149.4219165,-1.3264673286014133
1710778149.4220297,-1.3191122478908963
1710778149.4221427,-1.3100058502621121
1710778149.422256,-1.299848821428087
1710778149.4223692,-1.2882906860775418
1710778149.4224825,-1.2767326831817627
1710778149.4225955,-1.2641239166259766
1710778149.4227087,-1.2522155708736844
1710778149.422822,-1.2406575679779053
1710778149.4229352,-1.230150196287367
1710778149.4230483,-1.218942403793335
1710778149.4231615,-1.2066838476392958
1710778149.4232748,-1.1940750810835097
1710778149.423388,-1.1797149976094563
1710778149.4235013,-1.1650048361884222
1710778149.4236143,-1.149243778652615
1710778149.4237275,-1.1320818795098198
1710778149.4238408,-1.1156204011705186
1710778149.423954,-1.0991589228312175
1710778149.424067,-1.0830476548936632
1710778149.4241803,-1.066235966152615
1710778149.4242935,-1.0487237903806899
1710778149.4244068,-1.0301608509487576
1710778149.4245198,-1.0094964504241943
1710778149.424633,-0.988481773270501
1710778149.4247463,-0.9646652142206827
1710778149.4248595,-0.9408485889434814
1710778149.4249728,-0.916331476635403
1710778149.4250858,-0.8925149175855849
1710778149.425199,-0.8683480819066365
1710778149.4253123,-0.8462827073203193
1710778149.4254255,-0.823867056104872
1710778149.4255385,-0.8007509840859307
1710778149.4256518,-0.7776348458396064
1710778149.425765,-0.752767523129781
1710778149.4258783,-0.7279002004199557
1710778149.4259913,-0.7019821140501235
1710778149.4261045,-0.6750133302476671
1710778149.4262178,-0.6480445464452108
1710778149.426331,-0.6207254860136244
1710778149.426444,-0.5941069788402981
1710778149.4265573,-0.5681888924704658
1710778149.4266706,-0.540869865152571
1710778149.4267838,-0.5142513248655531
1710778149.426897,-0.4851810799704658
1710778149.42701,-0.45611080196168685
1710778149.4271233,-0.4249390959739685
1710778149.4272366,-0.39271662632624305
1710778149.4273498,-0.3601439462767707
1710778149.4274628,-0.3286219636599223
1710778149.427576,-0.2967497706413269
1710778149.4276893,-0.266278518570794
1710778149.4278026,-0.23650777008798388
1710778149.4279156,-0.20708728167745802
1710778149.4280288,-0.1780170202255249
1710778149.428142,-0.14824627174271476
1710778149.4282553,-0.11812527974446614
1710778149.4283686,-0.0876540525092019
1710778149.4284816,-0.056482329964637756
1710778149.4285948,-0.026011094450950623
1710778149.428708,0.004110699260814322
1710778149.4288213,0.03423758265044954
1710778149.4289343,0.06191227585077286
1710778149.4290476,0.08958697319030762
1710778149.4291608,0.11726166639063093
1710778149.429274,0.14528666933377585
1710778149.429387,0.1740123000409868
1710778149.4295003,0.20308825704786512
1710778149.4296136,0.23146356145540872
1710778149.4297268,0.2619407574335734
1710778149.42984,0.29276827971140545
1710778149.429953,0.3214939104186164
1710778149.4300663,0.35021954112582737
1710778149.4301796,0.3782445523473951
1710778149.4302928,0.40486829148398507
1710778149.4304059,0.4328933027055528
1710778149.430519,0.4591667652130127
1710778149.4306324,0.48719174332088894
1710778149.4307456,0.5155670642852783
1710778149.4308586,0.5446430378490024
1710778149.4309719,0.5726680490705702
1710778149.431085,0.6010433700349596
1710778149.4311984,0.6290683481428359
1710778149.4313114,0.6556920872794257
1710778149.4314246,0.6812649303012424
1710778149.4315379,0.7054365343517727
1710778149.431651,0.7313596540027194
1710778149.4317644,0.7558815346823798
1710778149.4318774,0.7807536919911702
1710778149.4319906,0.8073774973551432
1710778149.4321039,0.8333006170060899
1710778149.4322171,0.8599243561426798
1710778149.4323301,0.8858474757936265
1710778149.4324434,0.9107196993298
1710778149.4325566,0.9345409605238173
1710778149.4326699,0.9566106398900349
1710778149.432783,0.9776293569140964
1710778149.4328961,0.9996991025076972
1710778149.4330094,1.0200172000461154
1710778149.4331226,1.0413862599266899
1710778149.433236,1.0624050431781344
1710778149.433349,1.0830734835730658
1710778149.4334621,1.102690961625841
1710778149.4335754,1.1212575435638428
1710778149.4336886,1.1384228865305583
1710778149.4338017,1.1538366476694744
1710778149.433915,1.1681993802388508
1710778149.4340281,1.1811610062917073
1710778149.4341414,1.1934219466315374
1710778149.4342544,1.2056828869713676
1710778149.4343677,1.217943827311198
1710778149.434481,1.2312556637658012
1710778149.4345942,1.2435166041056316
1710778149.4347074,1.2554272015889485
1710778149.4348204,1.268038484785292
1710778149.4349337,1.2781976328955755
1710778149.435047,1.2876559628380668
1710778149.4351602,1.2960635291205511
1710778149.4352732,1.3023691707187228
1710778149.4353864,1.3086748123168945
1710778149.4354997,1.3153306643168132
1710778149.435613,1.322336991628011
1710778149.435726,1.3286426332261827
1710778149.4358392,1.3345979319678412
1710778149.4359524,1.3402028878529866
1710778149.4360657,1.3437060515085857
1710778149.4361787,1.3468588723076713
1710778149.436292,1.3472092151641846
1710778149.4364052,1.3465085294511583
1710778149.4365184,1.3440563943650987
1710778149.4366317,1.3419544696807861
1710778149.4367447,1.3398525449964735
1710778149.436858,1.3366997241973877
1710778149.4369712,1.3356488280826144
1710778149.4370844,1.3324960072835286
1710778149.4371974,1.3303942150539823
1710778149.4373107,1.3265407085418701
1710778149.437424,1.322336991628011
1710778149.4375372,1.3167319032880995
1710778149.4376502,1.3097257084316678
1710778149.4377635,1.3020188278622098
1710778149.4378767,1.2946622901492648
1710778149.43799,1.2876559628380668
1710778149.4381032,1.280649767981635
1710778149.4382162,1.2743441263834636
1710778149.4383295,1.2669875886705186
1710778149.4384427,1.2592807081010606
1710778149.438556,1.2515738275316026
1710778149.438669,1.241414811876085
1710778149.4387822,1.2295040819380019
1710778149.4388955,1.2154916922251384
1710778149.4390087,1.2014791700575087
1710778149.4391217,1.1867659621768527
1710778149.439235,1.172052886750963
1710778149.4393482,1.157339678870307
1710778149.4394615,1.1426266034444172
1710778149.4395747,1.1279135280185275
1710778149.4396877,1.1121494240230985
1710778149.439801,1.095334423912896
1710778149.4399142,1.0785194238026936
1710778149.4400275,1.0578509834077623
1710778149.4401405,1.0375328196419609
1710778149.4402537,1.0165141026178997
1710778149.440367,0.995145042737325
1710778149.4404802,0.9744766023423936
1710778149.4405932,0.9545087814331055
1710778149.4407065,0.9334899981816609
1710778149.4408197,0.9128215577867296
1710778149.440933,0.891452497906155
1710778149.441046,0.8693828185399373
1710778149.4411592,0.8455615573459201
1710778149.4412725,0.8199887143241035
1710778149.4413857,0.7937152518166436
1710778149.441499,0.7667412360509236
1710778149.441612,0.7401174306869507
1710778149.4417253,0.7131433486938477
1710778149.4418385,0.6861693329281277
1710778149.4419518,0.6595455275641547
1710778149.4420648,0.633272131284078
1710778149.442178,0.6059477064344618
1710778149.4422913,0.5782730049557155
1710778149.4424045,0.5484964781337314
1710778149.4425175,0.5194205045700073
1710778149.4426308,0.48894332514868843
1710778149.442744,0.45951707495583427
1710778149.4428573,0.4293901721636454
1710778149.4429705,0.40136516094207764
1710778149.4430835,0.37404080231984455
1710778149.4431968,0.34671641058391994
1710778149.44331,0.3197423285908169
1710778149.4434233,0.2917173504829407
1710778149.4435363,0.2640426324473487
1710778149.4436495,0.23391576276885137
1710778149.4437628,0.20308825704786512
1710778149.443876,0.17191042502721152
1710778149.443989,0.14108291930622524
1710778149.4441023,0.11025541358523898
1710778149.4442155,0.07942790786425273
1710778149.4443288,0.04965133551094267
1710778149.4444418,0.019524453414811026
1710778149.444555,-0.009899867905510796
1710778149.4446683,-0.04002085576454798
1710778149.4447815,-0.07084233065446217
1710778149.4448948,-0.10166380968358782
1710778149.4450078,-0.13458675808376735
1710778149.445121,-0.16750969820552403
1710778149.4452343,-0.19763069020377264
1710778149.4453475,-0.22705119517114428
1710778149.4454606,-0.2561214400662316
1710778149.4455738,-0.2844912144872877
1710778149.445687,-0.3111097547743055
1710778149.4458003,-0.33947954575220746
1710778149.4459133,-0.36714881658554077
1710778149.4460266,-0.3948180874188741
1710778149.4461398,-0.42353812191221446
1710778149.446253,-0.4533088538381788
1710778149.4463663,-0.4816786117023892
1710778149.4464793,-0.5110991332266066
1710778149.4465926,-0.5391186475753784
1710778149.4467058,-0.5660874313778347
1710778149.446819,-0.5920055177476671
1710778149.446932,-0.6186240249209933
1710778149.4470453,-0.6445421112908257
1710778149.4471586,-0.670810408062405
1710778149.4472718,-0.6977791918648614
1710778149.4473848,-0.7257987393273247
1710778149.447498,-0.7538182867897881
1710778149.4476113,-0.7818377680248684
1710778149.4477246,-0.8088065518273247
1710778149.4478378,-0.83402415116628
1710778149.4479508,-0.8592417505052354
1710778149.448064,-0.8827080991533067
1710778149.4481773,-0.905824171172248
1710778149.4482906,-0.9296407964494493
1710778149.4484036,-0.9527568684683906
1710778149.4485168,-0.9758730067147149
1710778149.44863,-0.9993393553627862
1710778149.4487433,-1.0231559806399875
1710778149.4488564,-1.0448710785971747
1710778149.4489696,-1.066586242781745
1710778149.4490829,-1.0861998796463013
1710778149.449196,-1.1040623320473564
1710778149.449309,-1.1208740870157878
1710778149.4494224,-1.137685775756836
1710778149.4495356,-1.153446700837877
1710778149.4496489,-1.1699081791771782
1710778149.449762,-1.1860194471147325
1710778149.449875,-1.2031813462575276
1710778149.4499884,-1.219993167453342
1710778149.4501016,-1.235754092534383
1710778149.4502149,-1.2497638331519232
1710778149.4503279,-1.2627229425642226
1710778149.4504411,-1.2746311558617485
1710778149.4505544,-1.2847883171505399
1710778149.4506676,-1.2945951355828178
1710778149.4507806,-1.303701400756836
1710778149.4508939,-1.3128077983856201
1710778149.4510071,-1.3208634323543973
1710778149.4511204,-1.3303200403849285
1710778149.4512336,-1.3380253314971924
1710778149.4513466,-1.3453805446624756
1710778149.45146,-1.3520350721147325
1710778149.4515731,-1.3551873630947537
1710778149.4516864,-1.3576389683617485
1710778149.4517994,-1.3604410489400227
1710778149.4519126,-1.3621922334035237
1710778149.452026,-1.3635932074652777
1710778149.4521391,-1.3656946023305256
1710778149.4522521,-1.3688468933105469
1710778149.4523654,-1.3723492622375488
1710778149.4524786,-1.3758517636193168
1710778149.452592,-1.3779531584845648
1710778149.4527051,-1.3797043429480658
1710778149.4528182,-1.3797043429480658
1710778149.4529314,-1.378653711742825
1710778149.4530447,-1.3765521844228108
1710778149.453158,-1.3734000258975558
1710778149.453271,-1.3691971037122939
1710778149.4533842,-1.366044945187039
1710778149.4534974,-1.3628926542070177
1710778149.4536107,-1.3586897320217557
1710778149.4537237,-1.3534360461764865
1710778149.453837,-1.3478321499294705
1710778149.4539502,-1.3397766484154594
1710778149.4540634,-1.3303200403849285
1710778149.4541764,-1.320162879096137
1710778149.4542897,-1.3086048762003581
1710778149.454403,-1.2970467408498128
1710778149.4545162,-1.2861892912122939
1710778149.4546294,-1.2753317091200087
1710778149.4547424,-1.2651745478312175
1710778149.4548557,-1.2553677293989394
1710778149.454969,-1.2455609109666612
1710778149.4550822,-1.234703328874376
1710778149.4551952,-1.223145325978597
1710778149.4553084,-1.2098360061645508
1710778149.4554217,-1.1958262655470107
1710778149.455535,-1.1804155508677165
1710778149.455648,-1.1657052569919162
1710778149.4557612,-1.150644752714369
1710778149.4558744,-1.134883827633328
1710778149.4559877,-1.1198233233557806
1710778149.456101,-1.1051130294799805
1710778149.456214,-1.0876008537080553
1710778149.4563272,-1.0711393753687541
1710778149.4564404,-1.0518759489059448
1710778149.4565537,-1.0312115483813815
1710778149.4566667,-1.0094964504241943
1710778149.45678,-0.987080799208747
1710778149.4568932,-0.9639647271898057
1710778149.4570065,-0.9411988655726115
1710778149.4571195,-0.9187832143571641
1710778149.4572327,-0.8967178397708468
1710778149.457346,-0.8743021885553995
1710778149.4574592,-0.8518866035673354
1710778149.4575725,-0.82666900422838
1710778149.4576855,-0.8021519581476847
1710778149.4577987,-0.7755333847469753
1710778149.457912,-0.748564600944519
1710778149.4580252,-0.7205450534820557
1710778149.4581382,-0.6935762696795993
1710778149.4582515,-0.666257275475396
1710778149.4583647,-0.6403391891055636
1710778149.458478,-0.6144211027357314
1710778149.458591,-0.588853292995029
1710778149.4587042,-0.5629352728525797
1710778149.4588175,-0.5373674299981859
1710778149.4589307,-0.5089976721339755
1710778149.4590437,-0.4806278811560737
1710778149.459157,-0.4526083668073018
1710778149.4592702,-0.42388836542765296
1710778149.4593835,-0.3951683309343126
1710778149.4594967,-0.36749906010097927
1710778149.4596097,-0.34053027629852295
1710778149.459723,-0.31391170289781356
1710778149.4598362,-0.28729316261079574
1710778149.4599495,-0.2596238917774624
1710778149.4600625,-0.2305536303255293
1710778149.4601758,-0.2021838559044732
1710778149.460289,-0.17241310742166308
1710778149.4604023,-0.14264237549569872
1710778149.4605153,-0.11322187052832709
1710778149.4606285,-0.08450185259183247
1710778149.4607418,-0.056482329964637756
1710778149.460855,-0.028813046713670094
1710778149.4609683,-0.0021944978895286718
1710778149.4610813,0.02442882913682196
1710778149.4611945,0.05105258689986335
1710778149.4613078,0.07872728010018666
1710778149.461421,0.1078032288286421
1710778149.461534,0.13652885953585306
1710778149.4616473,0.16630543602837455
1710778149.4617605,0.1957316862212287
1710778149.4618738,0.22550826271375018
1710778149.4619868,0.2535332573784722
1710778149.4621,0.2819085783428616
1710778149.4622133,0.3099335895644294
1710778149.4623265,0.3376082910431756
1710778149.4624395,0.3656333022647434
1710778149.4625528,0.39435893297195435
1710778149.462666,0.42378518316480845
1710778149.4627793,0.4535617431004842
1710778149.4628925,0.48333833614985144
1710778149.4630055,0.512414276599884
1710778149.4631188,0.5386877059936523
1710778149.463232,0.5660120646158854
1710778149.4633453,0.5905339452955458
1710778149.4634583,0.6150558259752061
1710778149.4635715,0.6385268105400933
1710778149.4636848,0.6633989678488837
1710778149.463798,0.6875705718994141
1710778149.463911,0.7120924525790744
1710778149.4640243,0.737665229373508
1710778149.4641376,0.7628877957661946
1710778149.4642508,0.7867089907328287
1710778149.464364,0.8112308714124892
1710778149.464477,0.8336508936352199
1710778149.4645903,0.8557205730014377
1710778149.4647036,0.8770896991093953
1710778149.4648168,0.8984587589899699
1710778149.4649298,0.9201780954996744
1710778149.465043,0.9418974982367622
1710778149.4651563,0.9643175204594929
1710778149.4652696,0.9863871998257107
1710778149.4653826,1.0081066025627983
1710778149.4654958,1.0284247001012166
1710778149.465609,1.0476919015248616
1710778149.4657223,1.0648572444915771
1710778149.4658356,1.08027093940311
1710778149.4659486,1.095684700542026
1710778149.4660618,1.1093469460805256
1710778149.466175,1.1237096786499023
1710778149.4662883,1.137722200817532
1710778149.4664013,1.1524354086981878
1710778149.4665146,1.1671484841240776
1710778149.4666278,1.1808106634351943
1710778149.466741,1.1937722894880507
1710778149.466854,1.2039313051435683
1710778149.4669673,1.2144406636555989
1710778149.4670806,1.2228482299380832
1710778149.4671938,1.2309053209092882
1710778149.4673069,1.2393128871917725
1710778149.46742,1.2484210067325168
1710778149.4675333,1.256828573015001
1710778149.4676466,1.265236006842719
1710778149.4677598,1.2736435731252034
1710778149.4678729,1.280649767981635
1710778149.467986,1.2876559628380668
1710778149.4680994,1.2929107083214653
1710778149.4682126,1.2960635291205511
1710778149.4683256,1.298866007063124
1710778149.4684389,1.2999169031778972
1710778149.468552,1.3013182746039496
1710778149.4686654,1.3023691707187228
1710778149.4687784,1.3048213058047824
1710778149.4688916,1.3062225447760687
1710778149.4690049,1.3079741266038682
1710778149.469118,1.3086748123168945
1710778149.4692314,1.3086748123168945
1710778149.4693444,1.3072735733456082
1710778149.4694576,1.3044709629482694
1710778149.4695709,1.3016684850056965
1710778149.4696841,1.2978151109483507
1710778149.4697971,1.2946622901492648
1710778149.4699104,1.2918598122066922
1710778149.4700236,1.2897578875223796
1710778149.470137,1.2869554095798068
1710778149.47025,1.2831019030676947
1710778149.4703631,1.279598871866862
1710778149.4704764,1.2746944692399766
1710778149.4705896,1.2676881419287787
1710778149.470703,1.2592807081010606
1710778149.470816,1.2484210067325168
1710778149.4709291,1.237561305363973
1710778149.4710424,1.2253003650241427
1710778149.4711556,1.2140903207990859
1710778149.4712687,1.2018293804592557
1710778149.471382,1.1895684401194255
1710778149.4714952,1.1769572893778484
1710778149.4716084,1.164346006181505
1710778149.4717214,1.148932245042589
1710778149.4718347,1.133518483903673
1710778149.471948,1.1167034837934706
1710778149.4720612,1.099538140826755
1710778149.4721742,1.0820225212309096
1710778149.4722874,1.064156625005934
1710778149.4724007,1.0473415586683485
1710778149.472514,1.0312271780437894
1710778149.4726272,1.0147625207901
1710778149.4727402,0.9982977973090278
1710778149.4728534,0.9807821777131822
1710778149.4729667,0.9615149762895372
1710778149.47308,0.941547155380249
1710778149.473193,0.9198278188705444
1710778149.4733062,0.8967071771621704
1710778149.4734194,0.8728859159681532
1710778149.4735327,0.849064654774136
1710778149.4736457,0.8252433935801188
1710778149.473759,0.8014221323861016
1710778149.4738722,0.7783014906777276
1710778149.4739854,0.7548305723402235
1710778149.4740987,0.7299584150314331
1710778149.4742117,0.7040352291531032
1710778149.474325,0.6777618328730265
1710778149.4744382,0.6497367885377672
1710778149.4745514,0.6206608480877346
1710778149.4746644,0.5933364894655015
1710778149.4747777,0.5646108256445991
1710778149.474891,0.5376367767651876
1710778149.4750042,0.5106626947720846
1710778149.4751172,0.4843892653783162
1710778149.4752305,0.4574151833852132
1710778149.4753437,0.4300907916492886
1710778149.475457,0.40241612328423393
1710778149.4755702,0.3733401828342014
1710778149.4756832,0.3439138995276557
1710778149.4757965,0.3134367201063368
1710778149.4759097,0.2847110893991258
1710778149.476023,0.25598545869191486
1710778149.476136,0.22831075721316868
1710778149.4762492,0.20098638203408983
1710778149.4763625,0.17471293608347574
1710778149.4764757,0.1477388540903727
1710778149.4765887,0.12041447891129388
1710778149.476702,0.0916888482040829
1710778149.4768152,0.06156196196873982
1710778149.4769285,0.030734456247753568
1710778149.4770415,-0.0007935216934937569
1710778149.4771547,-0.031614998976389565
1710778149.477268,-0.0627867215209537
1710778149.4773812,-0.09360820055007935
1710778149.4774945,-0.12372919254832797
1710778149.4776075,-0.15420042806201512
1710778149.4777207,-0.18502190709114075
1710778149.477834,-0.21654387315114337
1710778149.4779472,-0.24806583921114603
1710778149.4780602,-0.28133902284834117
1710778149.4781735,-0.31391170289781356
1710778149.4782867,-0.344733198483785
1710778149.4784,-0.3762551479869419
1710778149.478513,-0.40532542599572075
1710778149.4786263,-0.4336951838599311
1710778149.4787395,-0.4610142111778259
1710778149.4788527,-0.48763278457853526
1710778149.478966,-0.5142513248655531
1710778149.479079,-0.5419205956988864
1710778149.4791923,-0.5702903535630968
1710778149.4793055,-0.5993605984581841
1710778149.4794188,-0.6294816070132785
1710778149.4795318,-0.6592523389392428
1710778149.479645,-0.6883226500617133
1710778149.4797583,-0.7173928949568007
1710778149.4798715,-0.7454123761918809
1710778149.4799845,-0.7723812262217203
1710778149.4800978,-0.8000504970550537
1710778149.480211,-0.827369491259257
1710778149.4803243,-0.8539880646599664
1710778149.4804373,-0.8820076121224297
1710778149.4805505,-0.908976395924886
1710778149.4806638,-0.9348944160673354
1710778149.480777,-0.9590612517462836
1710778149.4808903,-0.982177389992608
1710778149.4810033,-1.0042427645789251
1710778149.4811165,-1.0228057040108574
1710778149.4812298,-1.0413686434427898
1710778149.481343,-1.0595813062455919
1710778149.481456,-1.07674327161577
1710778149.4815693,-1.0953062110477023
1710778149.4816825,-1.1149198479122586
1710778149.4817958,-1.1341832743750677
1710778149.4819088,-1.15309649043613
1710778149.482022,-1.1720097064971924
1710778149.4821353,-1.1902223692999945
1710778149.4822485,-1.2070340580410428
1710778149.4823618,-1.223495536380344
1710778149.4824748,-1.237505276997884
1710778149.482588,-1.2522155708736844
1710778149.4827013,-1.2658751010894775
1710778149.4828146,-1.2802350521087646
1710778149.4829276,-1.2935443719228108
1710778149.4830408,-1.307203902138604
1710778149.483154,-1.31981266869439
1710778149.4832673,-1.3303200403849285
1710778149.4833803,-1.3401268588172064
1710778149.4834936,-1.3474819395277235
1710778149.4836068,-1.3537863890329997
1710778149.48372,-1.3593902852800157
1710778149.4838333,-1.364643971125285
1710778149.4839463,-1.3702478673723009
1710778149.4840596,-1.3762019740210638
1710778149.4841728,-1.382856633928087
1710778149.484286,-1.3898615042368572
1710778149.484399,-1.396165821287367
1710778149.4845123,-1.401769717534383
1710778149.4846256,-1.4056224293178983
1710778149.4847388,-1.4084243774414062
1710778149.4848518,-1.4105259047614203
1710778149.484965,-1.4108761151631672
1710778149.4850783,-1.4115766684214275
1710778149.4851916,-1.4108761151631672
1710778149.4853046,-1.4105259047614203
1710778149.4854178,-1.4112263255649142
1710778149.485531,-1.4108761151631672
1710778149.4856443,-1.4094751411014133
1710778149.4857576,-1.4070234033796523
1710778149.4858706,-1.4031708240509033
1710778149.4859838,-1.397216584947374
1710778149.486097,-1.390561925040351
1710778149.4862103,-1.383557054731581
1710778149.4863234,-1.3755014207628038
1710778149.4864366,-1.3677961296505399
1710778149.4865499,-1.3611414697435167
1710778149.486663,-1.3537863890329997
1710778149.486776,-1.3464311758677165
1710778149.4868894,-1.3380253314971924
1710778149.4870026,-1.3289190663231742
1710778149.4871159,-1.318061484230889
1710778149.487229,-1.306153138478597
1710778149.4873421,-1.2924936082628038
1710778149.4874554,-1.2774331039852567
1710778149.4875686,-1.2630731529659696
1710778149.4876819,-1.2476624382866752
1710778149.4877949,-1.232952144410875
1710778149.4879081,-1.218592193391588
1710778149.4880214,-1.2031813462575276
1710778149.4881346,-1.1867198679182265
1710778149.4882476,-1.1695579687754314
1710778149.488361,-1.149944331910875
1710778149.4884741,-1.1299803521898057
1710778149.4885874,-1.1075647672017415
1710778149.4887006,-1.0851491159862943
1710778149.4888136,-1.0620330439673529
1710778149.488927,-1.0389169057210286
1710778149.4890401,-1.0168515311347113
1710778149.4891534,-0.9947861565483941
1710778149.4892664,-0.9720202949311998
1710778149.4893796,-0.9485539462831285
1710778149.489493,-0.9240369002024332
1710778149.4896061,-0.8988193008634779
1710778149.4897192,-0.8729012144936455
1710778149.4898324,-0.8452319436603122
1710778149.4899457,-0.8186134364869859
1710778149.490059,-0.7930456267462836
1710778149.490172,-0.7671275403764513
1710778149.4902852,-0.742260217666626
1710778149.4903984,-0.7180933819876777
1710778149.4905117,-0.6946270333396064
1710778149.490625,-0.6704601976606581
1710778149.490738,-0.6459430853525797
1710778149.4908512,-0.6193245119518703
1710778149.4909644,-0.5913050307167901
1710778149.4910777,-0.5643362469143337
1710778149.4911907,-0.5366669429673089
1710778149.491304,-0.5086474286185371
1710778149.4914172,-0.4806278811560737
1710778149.4915304,-0.4529586103227403
1710778149.4916434,-0.425989826520284
1710778149.4917567,-0.3972697920269436
1710778149.49187,-0.36819954713185626
1710778149.4919832,-0.3377283281750149
1710778149.4920964,-0.306556589073605
1710778149.4922094,-0.2753848665290409
1710778149.4923227,-0.2417614393764072
1710778149.492436,-0.21023947331640455
1710778149.4925492,-0.1783672637409634
1710778149.4926622,-0.14929700228903028
1710778149.4927754,-0.11952626208464304
1710778149.4928887,-0.09185697469446394
1710778149.493002,-0.06383745206726922
1710778149.493115,-0.035817929440074496
1710778149.4932282,-0.0070979151253898936
1710778149.4933414,0.022326954123046663
1710778149.4934547,0.051753210524717964
1710778149.493568,0.08117946485678355
1710778149.493681,0.11060572332806057
1710778149.4937942,0.13933135403527153
1710778149.4939075,0.1680569847424825
1710778149.4940207,0.1960819959640503
1710778149.4941337,0.22445731692843968
1710778149.494247,0.25213201840718585
1710778149.4943602,0.28225888808568317
1710778149.4944735,0.3127361006206936
1710778149.4945865,0.3439138995276557
1710778149.4946997,0.3754420412911309
1710778149.494813,0.40802111228307086
1710778149.4949262,0.43919894430372447
1710778149.4950392,0.4696761237250434
1710778149.4951525,0.4984017544322544
1710778149.4952657,0.5267770753966438
1710778149.495379,0.5541014671325684
1710778149.4954922,0.5803749296400282
1710778149.4956052,0.6087502506044176
1710778149.4957185,0.6353739897410074
1710778149.4958317,0.6633989678488837
1710778149.495945,0.6907233926984999
1710778149.496058,0.7176974746916029
1710778149.4961712,0.7439708709716797
1710778149.4962845,0.7688430945078532
1710778149.4963977,0.7923140128453572
1710778149.4965107,0.8140334155824449
1710778149.496624,0.8364534378051758
1710778149.4967372,0.8578224976857503
1710778149.4968505,0.8791915575663248
1710778149.4969637,0.9023121992746989
1710778149.4970767,0.9247321552700466
1710778149.49719,0.9464515580071343
1710778149.4973032,0.9681709607442219
1710778149.4974165,0.9884890582826402
1710778149.4975295,1.007055640220642
1710778149.4976428,1.0242209831873577
1710778149.497756,1.0403353638119168
1710778149.4978693,1.0550484392378066
1710778149.4979823,1.0704622003767226
1710778149.4980955,1.0851753420299954
1710778149.4982088,1.0998884836832683
1710778149.498322,1.114601559109158
1710778149.498435,1.129665109846327
1710778149.4985483,1.1433272891574435
1710778149.4986615,1.15698946846856
1710778149.4987748,1.1678491698371039
1710778149.498888,1.1780081854926214
1710778149.499001,1.187816990746392
1710778149.4991143,1.1972753206888835
1710778149.4992275,1.2063834402296278
1710778149.4993408,1.2165425883399115
1710778149.4994538,1.226701603995429
1710778149.499567,1.237561305363973
1710778149.4996803,1.2480706638760037
1710778149.4997935,1.257529126273261
1710778149.4999065,1.2659366925557454
1710778149.5000198,1.2732932302686903
1710778149.500133,1.2788981861538358
1710778149.5002463,1.2824013498094347
1710778149.5003595,1.2866050667232938
1710778149.5004725,1.2897578875223796
1710778149.5005858,1.2932610511779785
1710778149.500699,1.2967642148335774
1710778149.5008123,1.2999169031778972
1710778149.5009253,1.3037704096900091
1710778149.5010386,1.3055219915178087
1710778149.5011518,1.306572887632582
1710778149.501265,1.3062225447760687
1710778149.501378,1.3044709629482694
1710778149.5014913,1.3020188278622098
1710778149.5016046,1.2995666927761502
1710778149.5017178,1.2971144252353244
1710778149.501831,1.2946622901492648
1710778149.501944,1.2918598122066922
1710778149.5020573,1.2897578875223796
1710778149.5021706,1.2869554095798068
1710778149.5022838,1.2824013498094347
1710778149.5023968,1.2778472900390625
1710778149.50251,1.2701404094696045
1710778149.5026233,1.2620831860436332
1710778149.5027366,1.252624723646376
1710778149.5028496,1.242115365134345
1710778149.5029628,1.2316060066223145
1710778149.503076,1.222147544225057
1710778149.5031893,1.2123388714260526
1710778149.5033023,1.203230751885308
1710778149.5034156,1.1930716037750244
1710778149.5035288,1.1825622452629936
1710778149.503642,1.1699509620666504
1710778149.5037553,1.156639125612047
1710778149.5038683,1.141225364473131
1710778149.5039816,1.1247607072194417
1710778149.5040948,1.1089966032240126
1710778149.504208,1.0925318797429402
1710778149.504321,1.076067222489251
1710778149.5044343,1.0592522223790486
1710778149.5045476,1.0424372222688463
1710778149.5046608,1.025622222158644
1710778149.5047739,1.0074059830771551
1710778149.504887,0.9881387816535102
1710778149.5050004,0.9678206178877089
1710778149.5051136,0.9457509385214912
1710778149.5052269,0.9240315357844034
1710778149.5053399,0.9026624759038289
1710778149.505453,0.8812934160232544
1710778149.5055664,0.8602746327718098
1710778149.5056796,0.8399565352333916
1710778149.5057926,0.8206893338097466
1710778149.5059059,0.8007215129004585
1710778149.506019,0.779702795876397
1710778149.5061324,0.7579833931393093
1710778149.5062454,0.7341621319452921
1710778149.5063586,0.7085892889234755
1710778149.5064719,0.6833667887581719
1710778149.5065851,0.6570933924780952
1710778149.5066984,0.6311702065997653
1710778149.5068114,0.6055974298053317
1710778149.5069246,0.5800245867835151
1710778149.5070379,0.5541014671325684
1710778149.5071511,0.5278280046251085
1710778149.5072641,0.5005036460028754
1710778149.5073774,0.4731792542669508
1710778149.5074906,0.4448039333025614
1710778149.507604,0.4164286123381721
1710778149.507717,0.38840360111660427
1710778149.5078301,0.3607288996378581
1710778149.5079434,0.33480577998691136
1710778149.5080566,0.3099335895644294
1710778149.5081697,0.2857620186275906
1710778149.508283,0.2619407574335734
1710778149.5083961,0.23706856701109144
1710778149.5085094,0.2121963765886095
1710778149.5086226,0.18487200140953064
1710778149.5087357,0.15649668044514126
1710778149.508849,0.12742073171668583
1710778149.5089622,0.09729384548134273
1710778149.5090754,0.0668166536423895
1710778149.5091884,0.03704008128907945
1710778149.5093017,0.006913200227750672
1710778149.509415,-0.02250865308774842
1710778149.5095282,-0.05262964301639133
1710778149.5096412,-0.08205014798376295
1710778149.5097544,-0.1128716187344657
1710778149.5098677,-0.14439359307289124
1710778149.509981,-0.17521507210201687
1710778149.5100942,-0.20533604754341972
1710778149.5102072,-0.23615752657254535
1710778149.5103204,-0.26382681396272445
1710778149.5104337,-0.2921965718269348
1710778149.510547,-0.31811465819676715
1710778149.51066,-0.344032711452908
1710778149.5107732,-0.3696005211936103
1710778149.5108864,-0.3944678439034356
1710778149.5109997,-0.421786904335022
1710778149.5111127,-0.4501566621992323
1710778149.511226,-0.47852642006344265
1710778149.5113392,-0.5079469415876601
1710778149.5114524,-0.5380679170290629
1710778149.5115657,-0.5681888924704658
1710778149.5116787,-0.5962084399329292
1710778149.511792,-0.6252786848280165
1710778149.5119052,-0.6525977452596029
1710778149.5120184,-0.6809675031238132
1710778149.5121315,-0.7089870505862765
1710778149.5122447,-0.7373568084504869
1710778149.512358,-0.7650260792838203
1710778149.5124712,-0.7937461137771606
1710778149.5125842,-0.8214153846104939
1710778149.5126975,-0.8476836813820733
1710778149.5128107,-0.8711500300301446
1710778149.512924,-0.8939158916473389
1710778149.513037,-0.916331476635403
1710778149.5131502,-0.9359451797273424
1710778149.5132635,-0.9559090932210286
1710778149.5133767,-0.9762232171164619
1710778149.51349,-0.9954866435792711
1710778149.513603,-1.0158008337020874
1710778149.5137162,-1.0354144705666435
1710778149.5138295,-1.0557286606894598
1710778149.5139427,-1.074641810523139
1710778149.5140557,-1.0914535654915702
1710778149.514169,-1.1079150438308716
1710778149.5142822,-1.1229754818810356
1710778149.5143955,-1.137685775756836
1710778149.5145085,-1.152045726776123
1710778149.5146217,-1.1667560206519232
1710778149.514735,-1.1821667353312175
1710778149.5148482,-1.1972272396087646
1710778149.5149615,-1.2126379542880588
1710778149.5150745,-1.2273482481638591
1710778149.5151877,-1.2417081991831462
1710778149.515301,-1.2546673085954454
1710778149.5154142,-1.2662253114912245
1710778149.5155272,-1.2774331039852567
1710778149.5156405,-1.2872399224175346
1710778149.5157537,-1.297397083706326
1710778149.515867,-1.307904322942098
1710778149.51598,-1.317711141374376
1710778149.5160933,-1.3289190663231742
1710778149.5162065,-1.3397766484154594
1710778149.5163198,-1.3499336772494845
1710778149.5164328,-1.3583395216200087
1710778149.516546,-1.364643971125285
1710778149.5166593,-1.3705980777740479
1710778149.5167725,-1.3748009999593098
1710778149.5168858,-1.3779531584845648
1710778149.5169988,-1.3811053170098198
1710778149.517112,-1.384607818391588
1710778149.5172253,-1.387409766515096
1710778149.5173385,-1.3916126887003581
1710778149.5174515,-1.3947648472256131
1710778149.5175648,-1.397566795349121
1710778149.517678,-1.398617559009128
1710778149.5177913,-1.398267348607381
1710778149.5179043,-1.3968663745456271
1710778149.5180175,-1.3937142160203722
1710778149.5181308,-1.390211714638604
1710778149.518244,-1.386008792453342
1710778149.5183573,-1.38180587026808
1710778149.5184703,-1.3779531584845648
1710778149.5185835,-1.3737502362993028
1710778149.5186968,-1.3684965504540336
1710778149.51881,-1.3621922334035237
1710778149.518923,-1.3548370202382405
1710778149.5190363,-1.3446799914042156
1710778149.5191495,-1.3341726197136772
1710778149.5192628,-1.3212136427561443
1710778149.5193758,-1.309305297003852
1710778149.519489,-1.295996109644572
1710778149.5196023,-1.2847883171505399
1710778149.5197155,-1.2728799713982475
1710778149.5198288,-1.2616721789042156
1710778149.5199418,-1.2497638331519232
1710778149.520055,-1.2378556198543973
1710778149.5201683,-1.224546300040351
1710778149.5202816,-1.2105365594228108
1710778149.5203946,-1.1951258447435167
1710778149.5205078,-1.1786643664042156
1710778149.520621,-1.1622028880649142
1710778149.5207343,-1.1450408564673529
1710778149.5208473,-1.1282291677263048
1710778149.5209606,-1.1114174789852567
1710778149.5210738,-1.0942555136150784
1710778149.521187,-1.07674327161577
1710778149.5213,-1.0571296347512138
1710778149.5214133,-1.0368154446283977
1710778149.5215266,-1.0140495830112033
1710778149.5216398,-0.990583234363132
1710778149.521753,-0.9660661882824367
1710778149.521866,-0.9404983785417345
1710778149.5219793,-0.916331476635403
1710778149.5220926,-0.8921646409564548
1710778149.5222058,-0.8690485689375136
1710778149.5223188,-0.8459324306911892
1710778149.522432,-0.8231665690739949
1710778149.5225453,-0.7982992463641696
1710778149.5226586,-0.7741324106852213
1710778149.5227716,-0.748214324315389
1710778149.5228848,-0.7215958171420627
1710778149.522998,-0.6946270333396064
1710778149.5231113,-0.66765824953715
1710778149.5232246,-0.6410396761364406
1710778149.5233376,-0.6144211027357314
1710778149.5234509,-0.5892035696241591
1710778149.523564,-0.5636357598834567
1710778149.5236773,-0.5373674299981859
1710778149.5237904,-0.510748889711168
1710778149.5239036,-0.4823790987332662
1710778149.5240169,-0.4529586103227403
1710778149.52413,-0.42283763488133747
1710778149.524243,-0.39271662632624305
1710778149.5243564,-0.3618951638539632
1710778149.5244696,-0.33247464232974583
1710778149.5245829,-0.30340439743465847
1710778149.524696,-0.2743341359827253
1710778149.5248091,-0.24596436156166923
1710778149.5249224,-0.2168941166665819
1710778149.5250356,-0.18712336818377176
1710778149.5251489,-0.15665213267008463
1710778149.5252619,-0.125830653640959
1710778149.5253751,-0.09395844406551784
1710778149.5254884,-0.0624364780055152
1710778149.5256016,-0.03126475546095106
1710778149.5257146,-9.303357930750483e-05
1710778149.525828,0.030033830553293228
1710778149.5259411,0.05946008695496453
1710778149.5260544,0.08958697319030762
1710778149.5261674,0.11936354140440622
1710778149.5262806,0.15054136514663696
1710778149.526394,0.18277012639575535
1710778149.5265071,0.21499887108802795
1710778149.5266204,0.24792826837963527
1710778149.5267334,0.2808576491143968
1710778149.5268466,0.3130864103635152
1710778149.52696,0.3453151716126336
1710778149.5270731,0.37474142180548775
1710778149.5271862,0.40416767199834186
1710778149.5272994,0.433593922191196
1710778149.5274127,0.46266986264122856
1710778149.527526,0.4924464556905958
1710778149.527639,0.5218727058834499
1710778149.5277522,0.5519995755619472
1710778149.5278654,0.5814258257548014
1710778149.5279787,0.610151489575704
1710778149.528092,0.6381764676835802
1710778149.528205,0.66444993019104
1710778149.5283182,0.6903730498419868
1710778149.5284314,0.7155955500072902
1710778149.5285447,0.7397671540578207
1710778149.5286577,0.7649896542231241
1710778149.528771,0.7905624310175577
1710778149.5288842,0.8161352740393745
1710778149.5289974,0.8424087365468342
1710778149.5291104,0.8672808938556247
1710778149.5292237,0.8925033940209283
1710778149.529337,0.9156240357293023
1710778149.5294502,0.9383944008085463
1710778149.5295634,0.9590628412034776
1710778149.5296764,0.9786803192562527
1710778149.5297897,0.9986481401655409
1710778149.529903,1.0172147221035428
1710778149.5300162,1.0368322001563177
1710778149.5301292,1.056449744436476
1710778149.5302424,1.0753666030036078
1710778149.5303557,1.0942834615707397
1710778149.530469,1.1121494240230985
1710778149.530582,1.1282637384202745
1710778149.5306952,1.1433272891574435
1710778149.5308084,1.15698946846856
1710778149.5309217,1.1696006192101371
1710778149.5310347,1.1822119024064806
1710778149.531148,1.195173528459337
1710778149.5312612,1.2070841259426541
1710778149.5313745,1.2193450662824843
1710778149.5314877,1.2316060066223145
1710778149.5316007,1.2442172898186576
1710778149.531714,1.2557775444454617
1710778149.5318272,1.2666372458140056
1710778149.5319405,1.2743441263834636
1710778149.5320535,1.283452245924208
1710778149.5321667,1.2897578875223796
1710778149.53228,1.2974647680918376
1710778149.5323932,1.3044709629482694
1710778149.5325062,1.3125281863742404
1710778149.5326195,1.3205854098002117
1710778149.5327327,1.3293431864844427
1710778149.532846,1.3363495137956407
1710778149.5329592,1.3426551553938124
1710778149.5330722,1.3479097684224446
1710778149.5331855,1.3517632749345567
1710778149.5332987,1.3524638281928167
1710778149.533412,1.35281417104933
1710778149.533525,1.35281417104933
1710778149.5336382,1.3524638281928167
1710778149.5337515,1.3517632749345567
1710778149.5338647,1.3507122463650174
1710778149.5339777,1.3500116931067572
1710778149.534091,1.3472092151641846
1710778149.5342042,1.3437060515085857
1710778149.5343175,1.3395023345947266
1710778149.5344305,1.3328463501400418
1710778149.5345438,1.3254898124270968
1710778149.534657,1.3170822461446126
1710778149.5347703,1.3093753655751545
1710778149.5348835,1.3023691707187228
1710778149.5349965,1.2943119472927518
1710778149.5351098,1.28730575243632
1710778149.535223,1.280299425125122
1710778149.5353363,1.272592544555664
1710778149.5354493,1.2631340821584065
1710778149.5355625,1.252624723646376
1710778149.5356758,1.2403637833065457
1710778149.535789,1.226001050737169
1710778149.535902,1.2098866038852267
1710778149.5360153,1.1941224998897977
1710778149.5361285,1.1776578426361084
1710778149.5362418,1.1611931853824191
1710778149.536355,1.1447285281287298
1710778149.536468,1.1282637384202745
1710778149.5365813,1.111098461680942
1710778149.5366945,1.0928822225994534
1710778149.5368078,1.0732647445466783
1710778149.5369208,1.0536472002665203
1710778149.537034,1.033329102728102
1710778149.5371473,1.0119600428475273
1710778149.5372605,0.9919922219382392
1710778149.5373735,0.9727250205145942
1710778149.5374868,0.9538080957200792
1710778149.5376,0.9352415800094604
1710778149.5377133,0.9173756175571017
1710778149.5378265,0.8988090356190999
1710778149.5379395,0.8788412147098117
1710778149.5380528,0.856771535343594
1710778149.538166,0.8329502741495768
1710778149.5382793,0.8080781168407863
1710778149.5383923,0.7821549309624566
1710778149.5385056,0.7562318113115098
1710778149.5386188,0.72960807217492
1710778149.538732,0.7033346096674601
1710778149.538845,0.6774114900165134
1710778149.5389583,0.6511380275090536
1710778149.5390716,0.6241640117433336
1710778149.5391848,0.5964893102645874
1710778149.5392978,0.568113989300198
1710778149.539411,0.5383373962508308
1710778149.5395243,0.5092614558007982
1710778149.5396376,0.47913455300860935
1710778149.5397508,0.4514598846435547
1710778149.5398638,0.4241354929076301
1710778149.539977,0.3978620635138618
1710778149.5400903,0.3719389107492235
1710778149.5402036,0.34566548135545516
1710778149.5403166,0.31939201884799534
1710778149.5404298,0.29206766022576225
1710778149.540543,0.2636923227045271
1710778149.5406563,0.23461638225449455
1710778149.5407693,0.20448949601915148
1710778149.5408826,0.17471293608347574
1710778149.5409958,0.14528666933377585
1710778149.541109,0.11551010111967722
1710778149.5412223,0.08748509817653231
1710778149.5413353,0.05875946333010991
1710778149.5414486,0.030033830553293228
1710778149.5415618,0.0009578859640492334
1710778149.541675,-0.029163290229108598
1710778149.541788,-0.06033501277367274
1710778149.5419014,-0.09185697469446394
1710778149.5420146,-0.12442967957920498
1710778149.5421278,-0.1552511586083306
1710778149.5422409,-0.18677312466833326
1710778149.542354,-0.21619362963570488
1710778149.5424674,-0.24596436156166923
1710778149.5425806,-0.27643559707535637
1710778149.5426939,-0.3055058585272895
1710778149.5428069,-0.33492634693781537
1710778149.54292,-0.3657478425237867
1710778149.5430334,-0.39656930499606663
1710778149.5431466,-0.42774104409747654
1710778149.5432596,-0.4582122630543179
1710778149.5433729,-0.48763278457853526
1710778149.543486,-0.5163527859581841
1710778149.5435994,-0.542971326245202
1710778149.5437124,-0.5695898665322198
1710778149.5438256,-0.595157676272922
1710778149.5439389,-0.6200249989827474
1710778149.5440521,-0.6462933619817098
1710778149.5441651,-0.6725616587532891
1710778149.5442784,-0.6988299555248684
1710778149.5443916,-0.7257987393273247
1710778149.544505,-0.7517168256971571
1710778149.5446181,-0.7769343588087294
1710778149.5447311,-0.8018016815185547
1710778149.5448444,-0.824917819764879
1710778149.5449576,-0.8466329177220662
1710778149.545071,-0.8686982923083835
1710778149.545184,-0.8897129694620768
1710778149.5452971,-0.9110778570175171
1710778149.5454104,-0.9331432316038344
1710778149.5455236,-0.9545081191592746
1710778149.5456367,-0.9755227300855849
1710778149.54575,-0.9954866435792711
1710778149.5458632,-1.0151003466712103
1710778149.5459764,-1.0326125224431355
1710778149.5460896,-1.0490740007824368
1710778149.5462027,-1.064484715461731
1710778149.546316,-1.0788447327084012
1710778149.5464292,-1.0949560006459553
1710778149.5465424,-1.1110672023561265
1710778149.5466554,-1.1275286144680448
1710778149.5467687,-1.1453910668690999
1710778149.546882,-1.1636038621266682
1710778149.5469952,-1.1804155508677165
1710778149.5471082,-1.1979277928670247
1710778149.5472214,-1.2133385075463188
1710778149.5473347,-1.2283990118238661
1710778149.547448,-1.2413579887813992
1710778149.5475612,-1.2550175189971924
1710778149.5476742,-1.2669258647494845
1710778149.5477874,-1.2788340780470107
1710778149.5479007,-1.2910926342010498
1710778149.548014,-1.302650769551595
1710778149.548127,-1.313508219189114
1710778149.5482402,-1.3226146168178983
1710778149.5483534,-1.3303200403849285
1710778149.5484667,-1.3362741470336914
1710778149.5485797,-1.3408272796207004
1710778149.548693,-1.3439795706007216
1710778149.5488062,-1.3478321499294705
1710778149.5489194,-1.3509844409094915
1710778149.5490324,-1.3555375734965007
1710778149.5491457,-1.3600907060835097
1710778149.549259,-1.3653443919287787
1710778149.5493722,-1.3705980777740479
1710778149.5494854,-1.3758517636193168
1710778149.5495985,-1.3793541325463188
1710778149.5497117,-1.38250642352634
1710778149.549825,-1.382856633928087
1710778149.5499382,-1.38250642352634
1710778149.5500512,-1.381455659866333
1710778149.5501645,-1.380755106608073
1710778149.5502777,-1.3793541325463188
1710778149.550391,-1.3765521844228108
1710778149.550504,-1.3748009999593098
1710778149.5506172,-1.3709482881757948
1710778149.5507305,-1.366044945187039
1710778149.5508437,-1.3597404956817627
1710778149.550957,-1.3509844409094915
1710778149.55107,-1.3415278328789604
1710778149.5511832,-1.3303200403849285
1710778149.5512965,-1.318411694632636
1710778149.5514097,-1.307203902138604
1710778149.5515227,-1.2963463200463188
1710778149.551636,-1.2865395016140408
1710778149.5517492,-1.2770828935835097
1710778149.5518625,-1.2665755218929715
1710778149.5519755,-1.2543169657389324
1710778149.5520887,-1.2420585420396593
1710778149.552202,-1.2280486689673529
1710778149.5523152,-1.2133385075463188
1710778149.5524282,-1.1972272396087646
1710778149.5525415,-1.1814663145277235
1710778149.5526547,-1.1657052569919162
1710778149.552768,-1.150294542312622
1710778149.5528812,-1.135234038035075
1710778149.5529943,-1.1194731129540336
1710778149.5531075,-1.1037120554182265
1710778149.5532207,-1.0865501562754314
1710778149.553334,-1.069037914276123
1710778149.553447,-1.0487237903806899
1710778149.5535603,-1.0291100872887504
1710778149.5536735,-1.0077451997333102
1710778149.5537868,-0.987781286239624
1710778149.5538998,-0.9653657012515597
1710778149.554013,-0.9464524851904975
1710778149.5541263,-0.9261383612950642
1710778149.5542395,-0.906524658203125
1710778149.5543528,-0.8869110213385688
1710778149.5544658,-0.8658963441848755
1710778149.554579,-0.8431304825676812
1710778149.5546923,-0.8203646209504869
1710778149.5548055,-0.7965480619006686
1710778149.5549185,-0.7720309495925903
1710778149.5550318,-0.748214324315389
1710778149.555145,-0.7243977652655708
1710778149.5552583,-0.7012816270192465
1710778149.5553713,-0.6778152783711752
1710778149.5554845,-0.6550494167539809
1710778149.5555978,-0.6319333447350396
1710778149.555711,-0.6067157453960842
1710778149.5558243,-0.5800972382227579
1710778149.5559373,-0.5534786648220485
1710778149.5560505,-0.5240581432978312
1710778149.5561638,-0.49638887246449787
1710778149.556277,-0.467668871084849
1710778149.55639,-0.43859859307607013
1710778149.5565033,-0.4119800527890523
1710778149.5566165,-0.3846610254711575
1710778149.5567298,-0.3569917215241326
1710778149.5568428,-0.3300229377216763
1710778149.556956,-0.30060244931115043
1710778149.5570693,-0.2711819443437788
1710778149.5571826,-0.23965997828377616
1710778149.5572956,-0.20883849925465053
1710778149.5574088,-0.1783672637409634
1710778149.557522,-0.14684529768096075
1710778149.5576353,-0.11777503622902764
1710778149.5577486,-0.08940527008639441
1710778149.5578616,-0.06033501277367274
1710778149.5579748,-0.031614998976389565
1710778149.558088,-0.0021944978895286718
1710778149.5582013,0.026530704150597252
1710778149.5583143,0.05735821194118924
1710778149.5584276,0.08818571766217549
1710778149.5585408,0.12076478865411547
1710778149.558654,0.15264324016041225
1710778149.558767,0.18312043613857693
1710778149.5588803,0.21289699607425266
1710778149.5589936,0.24267357256677416
1710778149.5591068,0.2710488935311635
1710778149.55922,0.29977450768152875
1710778149.559333,0.32990141047371757
1710778149.5594463,0.35932766066657174
1710778149.5595596,0.3891042206022474
1710778149.5596728,0.42098267210854423
1710778149.5597858,0.4514598846435547
1710778149.559899,0.4808861348364088
1710778149.5600123,0.5106626947720846
1710778149.5601256,0.5376367767651876
1710778149.5602386,0.564260549015469
1710778149.5603518,0.5898333258099026
1710778149.560465,0.6154061688317193
1710778149.5605783,0.641329288482666
1710778149.5606916,0.6662015120188395
1710778149.5608046,0.6917742888132731
1710778149.5609179,0.7169967889785767
1710778149.561031,0.7425696320003933
1710778149.5611444,0.7663908931944106
1710778149.5612574,0.7895115349027846
1710778149.5613706,0.8115812142690022
1710778149.5614839,0.8315490351782905
1710778149.561597,0.8511665132310655
1710778149.5617101,0.8718349536259968
1710778149.5618234,0.8925033940209283
1710778149.5619366,0.9131718344158596
1710778149.5620499,0.9341906176673042
1710778149.5621629,0.9559100204043918
1710778149.5622761,0.9772790802849664
1710778149.5623894,0.9979475206798977
1710778149.5625026,1.017915341589186
1710778149.5626159,1.0364819235271878
1710778149.562729,1.0532969236373901
1710778149.5628421,1.0697615808910794
1710778149.5629554,1.0858759615156386
1710778149.5630686,1.1019903421401978
1710778149.5631816,1.1191556188795302
1710778149.563295,1.1349197228749592
1710778149.5634081,1.1506838268703885
1710778149.5635214,1.1657472451527913
1710778149.5636344,1.179759767320421
1710778149.5637476,1.1927212609185112
1710778149.563861,1.2046319908565946
1710778149.5639741,1.2161922454833984
1710778149.5640874,1.226001050737169
1710778149.5642004,1.2372109625074599
1710778149.5643137,1.249121692445543
1710778149.564427,1.2613826327853732
1710778149.5645401,1.2746944692399766
1710778149.5646532,1.28800630569458
1710778149.5647664,1.3002672460344102
1710778149.5648797,1.3107766045464408
1710778149.564993,1.3202350669436984
1710778149.565106,1.3275916046566434
1710778149.5652192,1.333547035853068
1710778149.5653324,1.337750752766927
1710778149.5654457,1.3402028878529866
1710778149.565559,1.3433557086520724
1710778149.565672,1.3447569476233587
1710778149.5657852,1.3468588723076713
1710778149.5658984,1.3472092151641846
1710778149.5660117,1.3465085294511583
1710778149.5661247,1.3444066047668457
1710778149.566238,1.3416041268242729
1710778149.5663512,1.3370500670539007
1710778149.5664644,1.3310947683122423
1710778149.5665774,1.3265407085418701
1710778149.5666907,1.322336991628011
1710778149.566804,1.318833827972412
1710778149.5669172,1.3156810071733263
1710778149.5670302,1.3128785292307537
1710778149.5671434,1.3100760512881808
1710778149.5672567,1.306923230489095
1710778149.56737,1.3016684850056965
1710778149.5674832,1.2953628434075248
1710778149.5675962,1.2869554095798068
1710778149.5677094,1.276095708211263
1710778149.5678227,1.265236006842719
1710778149.567936,1.252624723646376
1710778149.568049,1.2400135729047987
1710778149.5681622,1.226701603995429
1710778149.5682755,1.2130394246843126
1710778149.5683887,1.1993772453731961
1710778149.5685017,1.18396348423428
1710778149.568615,1.1678491698371039
1710778149.5687282,1.1503334840138753
1710778149.5688415,1.1314165592193604
1710778149.5689547,1.1128499772813585
1710778149.5690677,1.0932325654559665
1710778149.569181,1.0753666030036078
1710778149.5692942,1.0578509834077623
1710778149.5694075,1.0413862599266899
1710778149.5695205,1.0249216026730008
1710778149.5696337,1.0084568791919284
1710778149.569747,0.9909412595960829
1710778149.5698602,0.9730752971437242
1710778149.5699732,0.9527571996053059
1710778149.5700865,0.9317384163538615
1710778149.5701997,0.9107196993298
1710778149.570313,0.8890002965927124
1710778149.570426,0.8658796548843384
1710778149.5705392,0.8459118339750502
1710778149.5706525,0.8241924974653456
1710778149.5707657,0.803173714213901
1710778149.570879,0.7818046543333266
1710778149.570992,0.7593846321105957
1710778149.5711052,0.7359137137730917
1710778149.5712185,0.7106912136077881
1710778149.5713317,0.6851183705859714
1710778149.5714447,0.6581442885928683
1710778149.571558,0.6311702065997653
1710778149.5716712,0.6052470869488186
1710778149.5717845,0.5782730049557155
1710778149.5718975,0.5516492658191257
1710778149.5720108,0.5250255266825358
1710778149.572124,0.4973508252037896
1710778149.5722373,0.4689755042394002
1710778149.5723505,0.44024987353218925
1710778149.5724635,0.4104733135965135
1710778149.5725768,0.37859486209021675
1710778149.57269,0.3460157910982768
1710778149.5728033,0.31518826882044476
1710778149.5729163,0.2836601601706611
1710778149.5730295,0.2535332573784722
1710778149.5731428,0.22410700718561807
1710778149.573256,0.19538137647840711
1710778149.573369,0.16630543602837455
1710778149.5734823,0.13652885953585306
1710778149.5735955,0.10570135381486681
1710778149.5737088,0.07312228282292683
1710778149.573822,0.040893521573808454
1710778149.573935,0.009365388088756137
1710778149.5740483,-0.02320914218823115
1710778149.5741615,-0.055431595279110804
1710778149.5742748,-0.08625307016902499
1710778149.5743878,-0.11672430568271212
1710778149.574501,-0.14719554119639927
1710778149.5746143,-0.17731653319464788
1710778149.5747275,-0.20848825573921204
1710778149.5748405,-0.24001022179921466
1710778149.5749538,-0.27363364895184833
1710778149.575067,-0.3055058585272895
1710778149.5751803,-0.33702780803044635
1710778149.5752933,-0.36854979064729476
1710778149.5754066,-0.3983205225732591
1710778149.5755198,-0.426690313551161
1710778149.575633,-0.45541031493080986
1710778149.5757463,-0.4813283681869507
1710778149.5758593,-0.5089976721339755
1710778149.5759726,-0.5370171864827474
1710778149.5760858,-0.5660874313778347
1710778149.576199,-0.5948074658711752
1710778149.576312,-0.6242279873953925
1710778149.5764253,-0.6532982322904799
1710778149.5765386,-0.6820182005564371
1710778149.5766518,-0.7093372609880235
1710778149.5767648,-0.7356055577596029
1710778149.576878,-0.7611733675003052
1710778149.5769913,-0.7870914538701375
1710778149.5771046,-0.8119587765799628
1710778149.5772178,-0.8378768629497951
1710778149.5773308,-0.8637948830922444
1710778149.577444,-0.8886622058020698
1710778149.5775573,-0.9142300155427721
1710778149.5776706,-0.9383968512217203
1710778149.5777836,-0.9604622920354207
1710778149.5778968,-0.981827179590861
1710778149.57801,-1.0014408164554172
1710778149.5781233,-1.0203539662890964
1710778149.5782363,-1.0382164186901517
1710778149.5783496,-1.056429147720337
1710778149.5784628,-1.0749920871522691
1710778149.578576,-1.0939052369859483
1710778149.5786893,-1.1124682426452637
1710778149.5788023,-1.131731669108073
1710778149.5789156,-1.149944331910875
1710778149.5790288,-1.1678067843119304
1710778149.579142,-1.1832174989912245
1710778149.579255,-1.1989784240722656
1710778149.5793684,-1.2126379542880588
1710778149.5794816,-1.2276984585656059
1710778149.5795949,-1.2417081991831462
1710778149.5797079,-1.2567687034606934
1710778149.579821,-1.2718292077382405
1710778149.5799344,-1.2872399224175346
1710778149.5800476,-1.301600005891588
1710778149.5801606,-1.315609746509128
1710778149.5802739,-1.3271677494049072
1710778149.580387,-1.3383755418989394
1710778149.5805004,-1.3478321499294705
1710778149.5806136,-1.3562379942999945
1710778149.5807266,-1.3632429970635307
1710778149.5808399,-1.3702478673723009
1710778149.5809531,-1.3779531584845648
1710778149.5810664,-1.384958028793335
1710778149.5811794,-1.391962899102105
1710778149.5812926,-1.398267348607381
1710778149.5814059,-1.4024702707926433
1710778149.5815191,-1.4063229825761583
1710778149.5816321,-1.4073737462361653
1710778149.5817454,-1.4077239566379123
1710778149.5818586,-1.4073737462361653
1710778149.581972,-1.4070234033796523
1710778149.5820851,-1.4052722189161513
1710778149.5821981,-1.4052722189161513
1710778149.5823114,-1.4059727721744113
1710778149.5824246,-1.4045717981126573
1710778149.582538,-1.4038712448543973
1710778149.582651,-1.401069296730889
1710778149.5827641,-1.3965161641438801
1710778149.5828774,-1.390211714638604
1710778149.5829906,-1.383206844329834
1710778149.5831037,-1.3744507895575628
1710778149.583217,-1.3649941815270317
1710778149.5833302,-1.3551873630947537
1710778149.5834434,-1.3460809654659696
1710778149.5835567,-1.3366243574354384
1710778149.5836697,-1.3271677494049072
1710778149.583783,-1.317010720570882
1710778149.5838962,-1.30580292807685
1710778149.5840094,-1.2924936082628038
1710778149.5841224,-1.2784838676452637
1710778149.5842357,-1.2644741270277235
1710778149.584349,-1.2501140435536702
1710778149.5844622,-1.23610430293613
1710778149.5845752,-1.221744351916843
1710778149.5846884,-1.2084350321027968
1710778149.5848017,-1.1965268188052707
1710778149.584915,-1.1832174989912245
1710778149.585028,-1.1702583895789251
1710778149.5851412,-1.155548228157891
1710778149.5852544,-1.13908674981859
1710778149.5853677,-1.1208740870157878
1710778149.585481,-1.1019608709547255
1710778149.585594,-1.0812964704301622
1710778149.5857072,-1.0606320699055989
1710778149.5858204,-1.0392671823501587
1710778149.5859337,-1.0189529922273424
1710778149.5860467,-0.9989890787336562
1710778149.58616,-0.9779744678073459
1710778149.5862732,-0.9562593036227756
1710778149.5863864,-0.9341939290364583
1710778149.5864995,-0.910727580388387
1710778149.5866127,-0.8862105343076918
1710778149.586726,-0.8623939090304904
1710778149.5868392,-0.8378768629497951
1710778149.5869524,-0.8133597506417168
1710778149.5870655,-0.7909441656536526
1710778149.5871787,-0.7685285144382052
1710778149.587292,-0.7468133502536349
1710778149.5874052,-0.7243977652655708
1710778149.5875182,-0.7023323906792535
1710778149.5876315,-0.6778152783711752
1710778149.5877447,-0.6525977452596029
1710778149.587858,-0.6256289614571465
1710778149.587971,-0.5986601114273071
1710778149.5880842,-0.5702903535630968
1710778149.5881975,-0.5426210827297634
1710778149.5883107,-0.5149518118964301
1710778149.5884237,-0.48693229754765827
1710778149.588537,-0.4589127500851949
1710778149.5886502,-0.43159372276730007
1710778149.5887635,-0.4025234778722127
1710778149.5888767,-0.3717019822862413
1710778149.5889897,-0.34053027629852295
1710778149.589103,-0.30935853719711304
1710778149.5892162,-0.27748632762167186
1710778149.5893295,-0.24491363101535374
1710778149.5894425,-0.2130414214399126
1710778149.5895557,-0.18292042944166395
1710778149.589669,-0.1534999410311381
1710778149.5897822,-0.12442967957920498
1710778149.5898952,-0.09465893109639485
1710778149.5900085,-0.06453794323735766
1710778149.5901217,-0.03441695123910904
1710778149.590235,-0.0021944978895286718
1710778149.5903482,0.02933320485883289
1710778149.5904613,0.06051102446185218
1710778149.5905745,0.0920391579469045
1710778149.5906878,0.12181572616100311
1710778149.590801,0.15124198463228014
1710778149.590914,0.17891668611102635
1710778149.5910273,0.2058907515472836
1710778149.5911405,0.23321512672636244
1710778149.5912538,0.26053951846228707
1710778149.5913668,0.28891483942667645
1710778149.59148,0.3172901603910658
1710778149.5915933,0.3460157910982768
1710778149.5917065,0.37474142180548775
1710778149.5918198,0.40206581354141235
1710778149.5919328,0.4300907916492886
1710778149.592046,0.4563642541567484
1710778149.5921593,0.4812364445792304
1710778149.5922725,0.5061086350017123
1710778149.5923855,0.5313311351670159
1710778149.5924988,0.556553668446011
1710778149.592612,0.5814258257548014
1710778149.5927253,0.6091005272335476
1710778149.5928383,0.6346733702553643
1710778149.5929515,0.660596489906311
1710778149.5930648,0.6854687134424845
1710778149.593178,0.7099905941221449
1710778149.593291,0.7313596540027194
1710778149.5934043,0.7537796099980671
1710778149.5935175,0.7747983932495117
1710778149.5936308,0.795466833644443
1710778149.593744,0.8182371324963039
1710778149.593857,0.8406571547190348
1710778149.5939703,0.8630771769417657
1710778149.5940835,0.8847965796788533
1710778149.5941968,0.9075668785307143
1710778149.5943098,0.9296365578969319
1710778149.594423,0.9499546554353502
1710778149.5945363,0.9681709607442219
1710778149.5946496,0.9863871998257107
1710778149.5947626,1.0039028194215562
1710778149.5948758,1.021768781873915
1710778149.594989,1.0392844014697604
1710778149.5951023,1.0568000210656059
1710778149.5952156,1.0746659835179646
1710778149.5953286,1.0928822225994534
1710778149.5954418,1.1093469460805256
1710778149.595555,1.1251109176211886
1710778149.5956683,1.1391234397888184
1710778149.5957813,1.1517347229851616
1710778149.5958946,1.1636453204684787
1710778149.5960078,1.1759062608083088
1710778149.596121,1.187116305033366
1710778149.596234,1.1979760064019096
1710778149.5963473,1.210587289598253
1710778149.5964606,1.2228482299380832
1710778149.5965738,1.2351091702779133
1710778149.596687,1.2459688716464572
1710778149.5968,1.256478230158488
1710778149.5969133,1.264535453584459
1710778149.5970266,1.271891991297404
1710778149.5971398,1.2788981861538358
1710778149.5972528,1.2841529316372342
1710778149.597366,1.2904585732354057
1710778149.5974793,1.2967642148335774
1710778149.5975926,1.3016684850056965
1710778149.5977056,1.3079741266038682
1710778149.5978189,1.3132288720872667
1710778149.597932,1.3170822461446126
1710778149.5980453,1.3198847240871854
1710778149.5981584,1.3195345136854384
1710778149.5982716,1.318133274714152
1710778149.5983849,1.3160313500298393
1710778149.598498,1.3132288720872667
1710778149.5986114,1.3090251551734076
1710778149.5987244,1.3055219915178087
1710778149.5988376,1.3023691707187228
1710778149.5989509,1.2981654538048637
1710778149.599064,1.2943119472927518
1710778149.5991771,1.2890573342641194
1710778149.5992904,1.2820510069529216
1710778149.5994036,1.2753950224982367
1710778149.5995169,1.2666372458140056
1710778149.5996299,1.256828573015001
1710778149.5997431,1.2480706638760037
1710778149.5998564,1.2400135729047987
1710778149.5999696,1.2319563494788275
1710778149.6000829,1.2249500221676297
1710778149.600196,1.2165425883399115
1710778149.6003091,1.2084853649139404
1710778149.6004224,1.1997275882297092
1710778149.6005356,1.1899187829759386
1710778149.6006486,1.1776578426361084
1710778149.600762,1.164346006181505
1710778149.6008751,1.148932245042589
1710778149.6009884,1.1342191696166992
1710778149.6011014,1.1191556188795302
1710778149.6012146,1.103391581111484
1710778149.601328,1.0886785056855943
1710778149.6014411,1.0736150211758084
1710778149.6015544,1.0582012600368924
1710778149.6016674,1.0417366027832031
1710778149.6017807,1.0242209831873577
1710778149.601894,1.006355020734999
1710778149.6020072,0.9867375426822238
1710778149.6021202,0.9674703412585788
1710778149.6022334,0.9482031398349338
1710778149.6023467,0.9303371773825752
1710778149.60246,0.9124712149302164
1710778149.602573,0.8960065576765273
1710778149.6026862,0.8784909380806817
1710778149.6027994,0.8609753184848361
1710778149.6029127,0.8410074975755479
1710778149.6030257,0.8206893338097466
1710778149.603139,0.7975686921013726
1710778149.6032522,0.7733971542782253
1710778149.6033654,0.7474740346272787
1710778149.6034787,0.7215508487489488
1710778149.6035917,0.6952774524688721
1710778149.603705,0.668653647104899
1710778149.6038182,0.6437814897961086
1710778149.6039314,0.6171577506595187
1710778149.6040444,0.5905339452955458
1710778149.6041577,0.5635599295298258
1710778149.604271,0.5355348851945665
1710778149.6043842,0.5068092544873556
1710778149.6044972,0.47843393352296615
1710778149.6046104,0.4497083028157552
1710778149.6047237,0.4216832915941874
1710778149.604837,0.3947092427147759
1710778149.6049502,0.3687860899501377
1710778149.6050632,0.3432132800420125
1710778149.6051764,0.317990779876709
1710778149.6052897,0.29136700762642753
1710778149.605403,0.2640426324473487
1710778149.605516,0.2360176377826267
1710778149.6056292,0.20483980576197305
1710778149.6057425,0.17331168055534363
1710778149.6058557,0.14178353879186842
1710778149.6059687,0.11025541358523898
1710778149.606082,0.07767634259329902
1710778149.6061952,0.046848836872312755
1710778149.6063085,0.016021327012115054
1710778149.6064215,-0.015153527880708376
1710778149.6065347,-0.04562476028998693
1710778149.606648,-0.07714673048920101
1710778149.6067612,-0.10866869654920366
1710778149.6068745,-0.14089114136166042
1710778149.6069875,-0.17346383796797857
1710778149.6071007,-0.2039350734816657
1710778149.607214,-0.23440630899535284
1710778149.6073272,-0.26242583990097046
1710778149.6074402,-0.29079559776518077
1710778149.6075535,-0.31846490171220565
1710778149.6076667,-0.3457839290301005
1710778149.60778,-0.3720522258016798
1710778149.607893,-0.40042198366589016
1710778149.6080062,-0.42879177464379203
1710778149.6081195,-0.4575117760234409
1710778149.6082327,-0.48623181051678127
1710778149.608346,-0.5146015683809916
1710778149.608459,-0.542270839214325
1710778149.6085722,-0.5688893795013428
1710778149.6086855,-0.594457189242045
1710778149.6087987,-0.6189743015501235
1710778149.6089118,-0.6441919008890787
1710778149.609025,-0.669059223598904
1710778149.6091383,-0.6946270333396064
1710778149.6092515,-0.7205450534820557
1710778149.6093645,-0.7475138372845119
1710778149.6094778,-0.7741324106852213
1710778149.609591,-0.7993500100241767
1710778149.6097043,-0.824567543135749
1710778149.6098175,-0.8476836813820733
1710778149.6099305,-0.8711500300301446
1710778149.6100438,-0.8939158916473389
1710778149.610157,-0.916331476635403
1710778149.6102703,-0.9383968512217203
1710778149.6103833,-0.9618632660971748
1710778149.6104965,-0.986030101776123
1710778149.6106098,-1.0091461737950642
1710778149.610723,-1.0326125224431355
1710778149.610836,-1.05537838406033
1710778149.6109493,-1.076042784584893
1710778149.6110625,-1.0956564876768324
1710778149.6111758,-1.1138692167070177
1710778149.6112888,-1.1320818795098198
1710778149.611402,-1.149594121509128
1710778149.6115153,-1.1678067843119304
1710778149.6116285,-1.1856692367129855
1710778149.6117418,-1.2038818995157878
1710778149.6118548,-1.22279511557685
1710778149.611968,-1.2410077783796523
1710778149.6120813,-1.2574692567189534
1710778149.6121945,-1.2728799713982475
1710778149.6123075,-1.2858389483557806
1710778149.6124208,-1.29879805776808
1710778149.612534,-1.3096556398603652
1710778149.6126473,-1.3208634323543973
1710778149.6127603,-1.3310204611884222
1710778149.6128736,-1.3415278328789604
1710778149.6129868,-1.3534360461764865
1710778149.6131,-1.3621922334035237
1710778149.6132133,-1.3709482881757948
1710778149.6133263,-1.378653711742825
1710778149.6134396,-1.385308371649848
1710778149.6135528,-1.389160950978597
1710778149.613666,-1.3933638731638591
1710778149.613779,-1.396165821287367
1710778149.6138923,-1.398967769410875
1710778149.6140056,-1.4021200603908963
1710778149.6141188,-1.4052722189161513
1710778149.6142318,-1.4094751411014133
1710778149.614345,-1.4122770892249212
1710778149.6144583,-1.4157795906066895
1710778149.6145716,-1.4171805646684434
1710778149.6146848,-1.4171805646684434
1710778149.6147978,-1.4147288269466824
1710778149.614911,-1.4122770892249212
1710778149.6150243,-1.4077239566379123
1710778149.6151376,-1.4031708240509033
1710778149.6152506,-1.398267348607381
1710778149.6153638,-1.3940644264221191
1710778149.615477,-1.3898615042368572
1710778149.6155903,-1.383206844329834
1710778149.6157033,-1.3776029480828178
1710778149.6158166,-1.3691971037122939
1710778149.6159298,-1.3597404956817627
1710778149.616043,-1.3488829135894775
1710778149.616156,-1.3366243574354384
1710778149.6162694,-1.3247161441379123
1710778149.6163826,-1.3124575879838731
1710778149.6164958,-1.300899452633328
1710778149.616609,-1.2896916601392958
1710778149.616722,-1.2791844209035237
1710778149.6168354,-1.2672760751512315
1710778149.6169486,-1.2560682826571994
1710778149.6170619,-1.2431091732449002
1710778149.6171749,-1.2283990118238661
1710778149.617288,-1.212988297144572
1710778149.6174014,-1.1965268188052707
1710778149.6175146,-1.1797149976094563
1710778149.6176276,-1.1629033088684082
1710778149.6177409,-1.1457414097256131
1710778149.617854,-1.1299803521898057
1710778149.6179674,-1.1128184530470107
1710778149.6180806,-1.0960066980785794
1710778149.6181936,-1.0774437586466472
1710778149.6183069,-1.057830121782091
1710778149.6184201,-1.0371657212575276
1710778149.6185334,-1.0147500700420804
1710778149.6186464,-0.9916339980231391
1710778149.6187596,-0.9674671623441908
1710778149.618873,-0.9443510240978664
1710778149.6189861,-0.9205344650480483
1710778149.6190991,-0.897768603430854
1710778149.6192124,-0.8750026755862765
1710778149.6193256,-0.8511861165364583
1710778149.619439,-0.82701928085751
1710778149.6195521,-0.8018016815185547
1710778149.6196651,-0.7755333847469753
1710778149.6197784,-0.747864113913642
1710778149.6198916,-0.7205450534820557
1710778149.620005,-0.6925255722469753
1710778149.620118,-0.665206511815389
1710778149.6202312,-0.6396387020746866
1710778149.6203444,-0.6123196416431003
1710778149.6204576,-0.586751831902398
1710778149.6205707,-0.5597830480999416
1710778149.620684,-0.5310630467202928
1710778149.6207972,-0.5023430122269524
1710778149.6209104,-0.4715215497546726
1710778149.6210234,-0.4392990801069471
1710778149.6211367,-0.4070766435729133
1710778149.62125,-0.37450393040974933
1710778149.6213632,-0.34123076332939994
1710778149.6214764,-0.31005902422799003
1710778149.6215894,-0.2792375617557102
1710778149.6217027,-0.24701509210798475
1710778149.621816,-0.2168941166665819
1710778149.6219292,-0.18502190709114075
1710778149.6220422,-0.1527994540002611
1710778149.6221554,-0.12092723614639705
1710778149.6222687,-0.0887047830555174
1710778149.622382,-0.057182816995514765
1710778149.622495,-0.025660850935512118
1710778149.6226082,0.004110699260814322
1710778149.6227214,0.03318664514356189
1710778149.6228347,0.06156196196873982
1710778149.622948,0.08958697319030762
1710778149.623061,0.11901323166158465
1710778149.6231742,0.14878979987568325
1710778149.6232874,0.17926699585384792
1710778149.6234007,0.21009450157483417
1710778149.6235137,0.24197295308113098
1710778149.623627,0.27350107828776044
1710778149.6237402,0.3050292200512356
1710778149.6238534,0.33480577998691136
1710778149.6239665,0.36423203017976546
1710778149.6240797,0.3922570414013333
1710778149.624193,0.4195814331372579
1710778149.6243062,0.4472561346160041
1710778149.6244192,0.47528114583757186
1710778149.6245325,0.5022551947169833
1710778149.6246457,0.5306305156813728
1710778149.624759,0.5579549074172974
1710778149.6248722,0.5852792660395304
1710778149.6249852,0.610501766204834
1710778149.6250985,0.6353739897410074
1710778149.6252117,0.6588449080785116
1710778149.625325,0.6816152731577555
1710778149.625438,0.7050861914952596
1710778149.6255512,0.7289074526892768
1710778149.6256645,0.7523783710267808
1710778149.6257777,0.7776008711920844
1710778149.6258907,0.803173714213901
1710778149.626004,0.8280459377500746
1710778149.6261172,0.8532684379153781
1710778149.6262305,0.8777903185950385
1710778149.6263437,0.9005606174468994
1710778149.6264567,0.922280020183987
1710778149.62657,0.9432987372080485
1710778149.6266832,0.9639671776029799
1710778149.6267965,0.9849859608544244
1710778149.6269095,1.006355020734999
1710778149.6270227,1.0270234611299303
1710778149.627136,1.0480422443813748
1710778149.6272492,1.0687106847763062
1710778149.6273623,1.0890287823147244
1710778149.6274755,1.106894744767083
1710778149.6275887,1.1237096786499023
1710778149.627702,1.1391234397888184
1710778149.6278152,1.1541869905259874
1710778149.6279283,1.1681993802388508
1710778149.6280415,1.1822119024064806
1710778149.6281548,1.1972753206888835
1710778149.628268,1.211287842856513
1710778149.628381,1.2249500221676297
1710778149.6284943,1.2386122014787462
1710778149.6286075,1.2505229314168294
1710778149.6287208,1.2613826327853732
1710778149.6288338,1.2704907523261175
1710778149.628947,1.2785478432973225
1710778149.6290603,1.2855541706085205
1710778149.6291735,1.291159126493666
1710778149.6292865,1.2978151109483507
1710778149.6293998,1.3041207525465224
1710778149.629513,1.3107766045464408
1710778149.6296263,1.3167319032880995
1710778149.6297395,1.3216363059149847
1710778149.6298525,1.3261903656853569
1710778149.6299658,1.3289928436279297
1710778149.630079,1.3303942150539823
1710778149.6301923,1.330043872197469
1710778149.6303053,1.3282922903696697
1710778149.6304185,1.3268910513983831
1710778149.6305318,1.3247891267140706
1710778149.630645,1.3230375448862712
1710778149.630758,1.3212860955132377
1710778149.6308713,1.318833827972412
1710778149.6309845,1.3163816928863525
1710778149.6310978,1.3125281863742404
1710778149.631211,1.3079741266038682
1710778149.631324,1.3020188278622098
1710778149.6314373,1.2946622901492648
1710778149.6315506,1.2876559628380668
1710778149.6316638,1.280299425125122
1710778149.6317768,1.272592544555664
1710778149.63189,1.2662869029574924
1710778149.6320033,1.259981393814087
1710778149.6321166,1.2536757522159152
1710778149.6322296,1.2466694249047172
1710778149.6323428,1.2379116482204862
1710778149.632456,1.2288035286797416
1710778149.6325693,1.2168929311964247
1710778149.6326826,1.2039313051435683
1710778149.6327956,1.1902691258324516
1710778149.6329088,1.176256603664822
1710778149.633022,1.1618937386406791
1710778149.6331353,1.1478813489278157
1710778149.6332483,1.133518483903673
1710778149.6333616,1.1188054084777832
1710778149.6334748,1.1047928200827704
1710778149.633588,1.0893791251712375
1710778149.633701,1.0732647445466783
1710778149.6338143,1.0543478197521634
1710778149.6339276,1.0364819235271878
1710778149.6340408,1.017915341589186
1710778149.6341538,1.0003997219933403
1710778149.634267,0.9825337595409817
1710778149.6343803,0.9657187594307793
1710778149.6344936,0.9496043788062202
1710778149.6346068,0.9324390358395046
1710778149.6347198,0.9152737591001723
1710778149.634833,0.8949555953343709
1710778149.6349463,0.8756883939107258
1710778149.6350596,0.852918095058865
1710778149.6351726,0.8301477962070041
1710778149.6352859,0.8049252960417006
1710778149.635399,0.7811040348476833
1710778149.6355124,0.7572827736536661
1710778149.6356254,0.7324105501174927
1710778149.6357386,0.7089396317799886
1710778149.6358519,0.6840674082438151
1710778149.635965,0.6591952509350246
1710778149.6360784,0.6325715117984347
1710778149.6361914,0.6052470869488186
1710778149.6363046,0.5765214893552992
1710778149.6364179,0.5470952060487535
1710778149.636531,0.5187198850843642
1710778149.6366441,0.4896439446343316
1710778149.6367574,0.462319552898407
1710778149.6368706,0.4342945416768392
1710778149.6369839,0.4066198733117845
1710778149.637097,0.3796457913186815
1710778149.6372101,0.3516207800971137
1710778149.6373234,0.32289514938990277
1710778149.6374366,0.2938192089398702
1710778149.6375499,0.2633420129617055
1710778149.637663,0.23321512672636244
1710778149.6377761,0.20238762100537616
1710778149.6378894,0.17261106106970045
1710778149.6380026,0.14423574010531107
1710778149.6381156,0.11480947335561116
1710778149.638229,0.08678447041246626
1710778149.6383421,0.05875946333010991
1710778149.6384554,0.030384144435326256
1710778149.6385684,0.0013081985525786877
1710778149.6386817,-0.029163290229108598
1710778149.638795,-0.05963452574279573
1710778149.6389081,-0.09045600063270992
1710778149.6390212,-0.12022674911552005
1710778149.6391344,-0.14999748931990728
1710778149.6392477,-0.1787175072564019
1710778149.639361,-0.2060365511311425
1710778149.6394742,-0.23335557844903734
1710778149.6395872,-0.2592736482620239
1710778149.6397004,-0.28729316261079574
1710778149.6398137,-0.3146121899286906
1710778149.639927,-0.342631737391154
1710778149.64004,-0.3706512517399258
1710778149.6401532,-0.3979702790578206
1710778149.6402664,-0.4249390959739685
1710778149.6403797,-0.45120739274554783
1710778149.6404927,-0.4760747154553731
1710778149.640606,-0.5005917946497599
1710778149.6407192,-0.5240581432978312
1710778149.6408324,-0.5492757426367866
1710778149.6409457,-0.5737927887174818
1710778149.6410587,-0.6004113621181911
1710778149.641172,-0.6273801459206475
1710778149.6412852,-0.6557499037848579
1710778149.6413984,-0.6830689642164443
1710778149.6415114,-0.7107382350497775
1710778149.6416247,-0.7363060447904799
1710778149.641738,-0.7615236441294352
1710778149.6418512,-0.7863909668392605
1710778149.6419642,-0.8098573154873318
1710778149.6420774,-0.8336739407645332
1710778149.6421907,-0.8567900127834743
1710778149.642304,-0.8809568484624226
1710778149.642417,-0.904072986708747
1710778149.6425302,-0.9282398223876953
1710778149.6426435,-0.9510056840048896
1710778149.6427567,-0.9723705715603298
1710778149.64287,-0.9926846954557631
1710778149.642983,-1.0115979115168254
1710778149.6430962,-1.0298105743196275
1710778149.6432095,-1.0473228163189359
1710778149.6433227,-1.065885755750868
1710778149.6434357,-1.0837481419245403
1710778149.643549,-1.1037120554182265
1710778149.6436622,-1.1233256922827826
1710778149.6437755,-1.143289672003852
1710778149.6438885,-1.1625530984666612
1710778149.6440017,-1.1800653404659696
1710778149.644115,-1.1979277928670247
1710778149.6442282,-1.212988297144572
1710778149.6443415,-1.2273482481638591
1710778149.6444545,-1.240307225121392
1710778149.6445677,-1.2536165449354384
1710778149.644681,-1.2665755218929715
1710778149.6447942,-1.2795346313052707
1710778149.6449072,-1.2914428446027968
1710778149.6450205,-1.302300426695082
1710778149.6451337,-1.3124575879838731
1710778149.645247,-1.3219141960144043
1710778149.64536,-1.3285687234666612
1710778149.6454732,-1.3334721989101834
1710778149.6455865,-1.3373249106936984
1710778149.6456997,-1.3408272796207004
1710778149.645813,-1.3446799914042156
1710778149.645926,-1.3488829135894775
1710778149.6460392,-1.3534360461764865
1710778149.6461525,-1.3576389683617485
1710778149.6462657,-1.3618420230017767
1710778149.6463788,-1.364643971125285
1710778149.646492,-1.3667453659905326
1710778149.6466053,-1.3674459192487929
1710778149.6467185,-1.3674459192487929
1710778149.6468315,-1.366044945187039
1710778149.6469448,-1.3653443919287787
1710778149.647058,-1.3625424438052707
1710778149.6471713,-1.3618420230017767
1710778149.6472843,-1.3607912593417697
1710778149.6473975,-1.3600907060835097
1710778149.6475108,-1.3590399424235027
1710778149.647624,-1.3565883371565077
1710778149.6477373,-1.3520350721147325
1710778149.6478503,-1.3467815187242296
1710778149.6479635,-1.3401268588172064
1710778149.6480768,-1.3324214352501762
1710778149.64819,-1.3254165649414062
1710778149.648303,-1.317711141374376
1710778149.6484163,-1.3100058502621121
1710778149.6485295,-1.303000979953342
1710778149.6486428,-1.295996109644572
1710778149.6487558,-1.2889912393358018
1710778149.648869,-1.2802350521087646
1710778149.6489823,-1.2704282336764865
1710778149.6490955,-1.2592204411824544
1710778149.6492088,-1.2462614642249212
1710778149.6493218,-1.233652565214369
1710778149.649435,-1.220343377855089
1710778149.6495483,-1.2066838476392958
1710778149.6496615,-1.1947755018870037
1710778149.6497746,-1.1821667353312175
1710778149.6498878,-1.1692077583736844
1710778149.650001,-1.155898438559638
1710778149.6501143,-1.140487723880344
1710778149.6502273,-1.1243764559427898
1710778149.6503406,-1.1054633061091106
1710778149.6504538,-1.0869003666771782
1710778149.650567,-1.066586242781745
1710778149.6506803,-1.0459218422571819
1710778149.6507933,-1.0263081391652424
1710778149.6509066,-1.0056437386406791
1710778149.6510198,-0.985329614745246
1710778149.651133,-0.9657159116533067
1710778149.651246,-0.9443510240978664
1710778149.6513593,-0.9222856495115492
1710778149.6514726,-0.899870064523485
1710778149.6515858,-0.8750026755862765
1710778149.6516988,-0.8504856295055813
1710778149.651812,-0.823516845703125
1710778149.6519253,-0.7986495229932997
1710778149.6520386,-0.7727314366234673
1710778149.6521516,-0.7475138372845119
1710778149.6522648,-0.7226465145746866
1710778149.652378,-0.6974289814631144
1710778149.6524913,-0.6715108950932821
1710778149.6526046,-0.6445421112908257
1710778149.6527176,-0.6165225638283623
1710778149.6528308,-0.586401621500651
1710778149.652944,-0.5566308233473036
1710778149.6530573,-0.5258093608750237
1710778149.6531703,-0.4953381419181824
1710778149.6532836,-0.4652171664767795
1710778149.6533968,-0.4364971319834391
1710778149.65351,-0.4081273741192288
1710778149.653623,-0.3801078597704569
1710778149.6537364,-0.35103758176167804
1710778149.6538496,-0.3209166063202752
1710778149.6539629,-0.29079559776518077
1710778149.654076,-0.25892340474658543
1710778149.654189,-0.22810192571745977
1710778149.6543024,-0.19693020317289564
1710778149.6544156,-0.1664589676592085
1710778149.6545289,-0.1370384626918369
1710778149.6546419,-0.10831845303376515
1710778149.654755,-0.08064916564358605
1710778149.6548684,-0.052279399500952825
1710778149.6549816,-0.023909629219108157
1710778149.6550946,0.005511949873632855
1710778149.6552079,0.03458789446287685
1710778149.6553211,0.06541540225346883
1710778149.6554344,0.0958925982316335
1710778149.6555476,0.1263697942097982
1710778149.6556606,0.15509542491700914
1710778149.6557739,0.18452167510986328
1710778149.6558871,0.21254668633143106
1710778149.6560004,0.24092200729582045
1710778149.6561134,0.26859670877456665
1710778149.6562266,0.29697202973895603
1710778149.65634,0.3253473507033454
1710778149.6564531,0.3551239106390211
1710778149.6565661,0.3852507803175184
1710778149.6566794,0.41572799285252887
1710778149.6567926,0.4448039333025614
1710778149.656906,0.4735295640097724
1710778149.657019,0.5012042654885186
1710778149.6571321,0.5278280046251085
1710778149.6572454,0.5541014671325684
1710778149.6573586,0.5807252062691582
1710778149.657472,0.6073489454057481
1710778149.657585,0.633272131284078
1710778149.6576982,0.660596489906311
1710778149.6578114,0.6886214680141872
1710778149.6579247,0.7155955500072902
1710778149.6580377,0.7422193553712633
1710778149.658151,0.7688430945078532
1710778149.6582642,0.7930146323310004
1710778149.6583774,0.8182371324963039
1710778149.6584904,0.8417081170611911
1710778149.6586037,0.8658796548843384
1710778149.658717,0.8904015355639987
1710778149.6588302,0.9149234162436591
1710778149.6589434,0.9404962592654758
1710778149.6590564,0.9653684165742662
1710778149.6591697,0.9895400206247965
1710778149.659283,1.0133612818188138
1710778149.6593962,1.0347303416993883
1710778149.6595092,1.0550484392378066
1710778149.6596224,1.0736150211758084
1710778149.6597357,1.091130640771654
1710778149.659849,1.107245021396213
1710778149.659962,1.1233594682481554
1710778149.6600752,1.1394737826453314
1710778149.6601884,1.1555882294972737
1710778149.6603017,1.1713522010379367
1710778149.6604147,1.1864157517751057
1710778149.660528,1.2004281414879692
1710778149.6606412,1.2119885285695393
1710778149.6607544,1.2245998117658827
1710778149.6608677,1.234408484564887
1710778149.6609807,1.2449178430769179
1710778149.661094,1.2554272015889485
1710778149.6612072,1.2666372458140056
1710778149.6613204,1.2788981861538358
1710778149.6614335,1.2901082303788927
1710778149.6615467,1.3009679317474365
1710778149.66166,1.3121778435177274
1710778149.6617732,1.3212860955132377
1710778149.6618862,1.3286426332261827
1710778149.6619995,1.3338972462548149
1710778149.6621127,1.3381010956234403
1710778149.662226,1.3405532307094998
1710778149.6623392,1.3416041268242729
1710778149.6624522,1.3440563943650987
1710778149.6625655,1.3444066047668457
1710778149.6626787,1.3458079761928983
1710778149.662792,1.3461581865946453
1710778149.662905,1.3458079761928983
1710778149.6630182,1.345107290479872
1710778149.6631315,1.3423048125372992
1710778149.6632447,1.3381010956234403
1710778149.6633577,1.333547035853068
1710778149.663471,1.3293431864844427
1710778149.6635842,1.3254898124270968
1710778149.6636975,1.3209357526567247
1710778149.6638107,1.3184834851158989
1710778149.6639237,1.314630111058553
1710778149.664037,1.311126947402954
1710778149.6641502,1.3076237837473552
1710778149.6642635,1.3020188278622098
1710778149.6643765,1.295012633005778
1710778149.6644897,1.2869554095798068
1710778149.664603,1.2771466043260362
1710778149.6647162,1.2673379315270317
1710778149.6648293,1.257178783416748
1710778149.6649425,1.2470197677612305
1710778149.6650558,1.236860752105713
1710778149.665169,1.2270519468519423
1710778149.665282,1.2172431415981717
1710778149.6653953,1.2056828869713676
1710778149.6655085,1.1937722894880507
1710778149.6656218,1.179409424463908
1710778149.665735,1.1632951100667317
1710778149.665848,1.1471806632147894
1710778149.6659613,1.130015320248074
1710778149.6660745,1.1135506629943848
1710778149.6661878,1.095334423912896
1710778149.6663008,1.0788697004318237
1710778149.666414,1.0620547003216214
1710778149.6665273,1.0434881183836195
1710778149.6666405,1.0252718793021307
1710778149.6667535,1.0046034389071994
1710778149.6668668,0.9828841023974948
1710778149.66698,0.9594131178326076
1710778149.6670933,0.9352415800094604
1710778149.6672065,0.9107196993298
1710778149.6673195,0.8865480952792697
1710778149.6674328,0.8623765574561225
1710778149.667546,0.8389055728912354
1710778149.6676593,0.8157849974102444
1710778149.6677723,0.791263116730584
1710778149.6678855,0.7677921321656969
1710778149.6679988,0.7418690125147501
1710778149.668112,0.7152452733781602
1710778149.668225,0.6879208485285441
1710778149.6683383,0.6598958704206679
1710778149.6684515,0.6318708260854086
1710778149.6685648,0.6038458479775323
1710778149.668678,0.5772221088409424
1710778149.668791,0.5498977171050178
1710778149.6689043,0.5225733253690932
1710778149.6690176,0.4962998959753248
1710778149.6691308,0.46792457501093543
1710778149.6692438,0.4388486345609029
1710778149.669357,0.4094223512543572
1710778149.6694703,0.3792954815758599
1710778149.6695836,0.348818302154541
1710778149.6696966,0.31834108961953056
1710778149.6698098,0.2885645296838548
1710778149.669923,0.2598388824197981
1710778149.6700363,0.23181388775507608
1710778149.6701493,0.20413918627632988
1710778149.6702626,0.17506324582629734
1710778149.6703758,0.14598730537626478
1710778149.670489,0.11621072888374329
1710778149.6706023,0.08468259539869097
1710778149.6707153,0.053154461913638644
1710778149.6708286,0.021626328428586323
1710778149.6709418,-0.009899867905510796
1710778149.671055,-0.04002085576454798
1710778149.671168,-0.07014184362358517
1710778149.6712813,-0.09886186156007978
1710778149.6713946,-0.12863260176446703
1710778149.6715078,-0.15735261970096165
1710778149.6716208,-0.18677312466833326
1710778149.671734,-0.2158433695634206
1710778149.6718473,-0.24596436156166923
1710778149.6719606,-0.27608535355991787
1710778149.6720738,-0.3062063455581665
1710778149.6721869,-0.33492634693781537
1710778149.6723,-0.36294589440027875
1710778149.6724133,-0.389214191171858
1710778149.6725266,-0.41583273145887584
1710778149.6726396,-0.44175078471501666
1710778149.6727529,-0.46801911460028756
1710778149.672866,-0.4953381419181824
1710778149.6729794,-0.5233576562669542
1710778149.6730924,-0.5524279342757331
1710778149.6732056,-0.5814982122845119
1710778149.6733189,-0.6109186675813463
1710778149.673432,-0.6392884254455566
1710778149.6735454,-0.666607485877143
1710778149.6736584,-0.6935762696795993
1710778149.6737716,-0.7198445664511787
1710778149.6738849,-0.7461128632227579
1710778149.673998,-0.7720309495925903
1710778149.6741111,-0.8000504970550537
1710778149.6742244,-0.825968517197503
1710778149.6743376,-0.8529373009999592
1710778149.6744509,-0.8806066380606757
1710778149.674564,-0.906524658203125
1710778149.6746771,-0.9303412834803263
1710778149.6747904,-0.9541578425301446
1710778149.6749036,-0.9758730067147149
1710778149.6750166,-0.9968876176410251
1710778149.67513,-1.0168515311347113
1710778149.6752431,-1.0375159316592746
1710778149.6753564,-1.0571296347512138
1710778149.6754696,-1.0774437586466472
1710778149.6755826,-1.0984584358003404
1710778149.675696,-1.1180721388922796
1710778149.6758091,-1.136985222498576
1710778149.6759224,-1.154497464497884
1710778149.6760354,-1.1723599168989394
1710778149.6761487,-1.1863696575164795
1710778149.676262,-1.2003793981340196
1710778149.6763752,-1.214389271206326
1710778149.6764882,-1.2280486689673529
1710778149.6766014,-1.2424087524414062
1710778149.6767147,-1.2560682826571994
1710778149.676828,-1.2707784440782335
1710778149.6769412,-1.2844379742940266
1710778149.6770542,-1.295996109644572
1710778149.6771674,-1.306503348880344
1710778149.6772807,-1.315609746509128
1710778149.677394,-1.3226146168178983
1710778149.677507,-1.3282185130649142
1710778149.6776202,-1.3341726197136772
1710778149.6777334,-1.3397766484154594
1710778149.6778467,-1.3453805446624756
1710778149.6779597,-1.3506340980529785
1710778149.678073,-1.3558877838982475
1710778149.6781862,-1.3607912593417697
1710778149.6782994,-1.3653443919287787
1710778149.6784124,-1.3677961296505399
1710778149.6785257,-1.3688468933105469
1710778149.678639,-1.3691971037122939
1710778149.6787522,-1.3702478673723009
1710778149.6788654,-1.3698975245157878
1710778149.6789784,-1.3702478673723009
1710778149.6790917,-1.3716488414340549
1710778149.679205,-1.3734000258975558
1710778149.6793182,-1.3751512103610568
1710778149.6794312,-1.3755014207628038
1710778149.6795444,-1.3748009999593098
1710778149.6796577,-1.3726994726392958
1710778149.679771,-1.3691971037122939
1710778149.679884,-1.3635932074652777
1710778149.6799972,-1.3572887579600017
1710778149.6801105,-1.3509844409094915
1710778149.6802237,-1.3443297810024686
1710778149.680337,-1.3373249106936984
1710778149.68045,-1.3317210144466824
1710778149.6805632,-1.3247161441379123
1710778149.6806765,-1.317711141374376
1710778149.6807897,-1.3086048762003581
1710778149.6809027,-1.29879805776808
1710778149.681016,-1.2879404756757948
1710778149.6811292,-1.2749813662634955
1710778149.6812425,-1.2623725997077093
1710778149.6813555,-1.2501140435536702
1710778149.6814687,-1.237155066596137
1710778149.681582,-1.225246720843845
1710778149.6816952,-1.2140389283498128
1710778149.6818085,-1.2014301617940266
1710778149.6819215,-1.1888213952382405
1710778149.6820347,-1.1741111013624403
1710778149.682148,-1.1587003866831462
1710778149.6822612,-1.141538487540351
1710778149.6823742,-1.1226252714792888
1710778149.6824875,-1.1047628190782335
1710778149.6826007,-1.0851491159862943
1710778149.682714,-1.066235966152615
1710778149.682827,-1.0473228163189359
1710778149.6829402,-1.0280593898561265
1710778149.6830535,-1.0098466608259413
1710778149.6831667,-0.989882747332255
1710778149.6832798,-0.9688681364059448
1710778149.683393,-0.9450515111287434
1710778149.6835063,-0.9219354391098022
1710778149.6836195,-0.897068116399977
1710778149.6837327,-0.8722007274627686
1710778149.6838458,-0.8480338917838203
1710778149.683959,-0.8231665690739949
1710778149.6840723,-0.7986495229932997
1710778149.6841855,-0.7751831743452284
1710778149.6842985,-0.752067036098904
1710778149.6844118,-0.7261489497290717
1710778149.684525,-0.7009314166174995
1710778149.6846383,-0.6743128432167901
1710778149.6847513,-0.6459430853525797
1710778149.6848645,-0.6172230508592393
1710778149.6849778,-0.5892035696241591
1710778149.685091,-0.5618845091925727
1710778149.6852043,-0.5342152383592393
1710778149.6853173,-0.5079469415876601
1710778149.6854305,-0.4827293422487047
1710778149.6855438,-0.45611080196168685
1710778149.685657,-0.430192748705546
1710778149.68577,-0.4025234778722127
1710778149.6858833,-0.37485417392518783
1710778149.6859965,-0.3457839290301005
1710778149.6861098,-0.31671368413501316
1710778149.6862228,-0.28764340612623424
1710778149.686336,-0.2592736482620239
1710778149.6864493,-0.23195460438728333
1710778149.6865625,-0.20463556051254272
1710778149.6866758,-0.1787175072564019
1710778149.6867888,-0.1513984633816613
1710778149.686902,-0.12407943606376648
1710778149.6870153,-0.09641014867358737
1710778149.6871285,-0.06698965198463863
1710778149.6872416,-0.03756914701726701
1710778149.6873548,-0.00849889125674963
1710778149.687468,0.021276016616159014
1710778149.6875813,0.04965133551094267
1710778149.6876943,0.0780266523361206
1710778149.6878076,0.10605166355768839
1710778149.6879208,0.13337604701519012
1710778149.688034,0.16070043047269186
1710778149.688147,0.18942606117990282
1710778149.6882603,0.21920262111557853
1710778149.6883736,0.24862888786527845
1710778149.6884868,0.27910606728659737
1710778149.6886,0.30958327982160777
1710778149.688713,0.33900953001446194
1710778149.6888263,0.3677351607216729
1710778149.6889396,0.39540986220041907
1710778149.6890528,0.4223839441935221
1710778149.6891658,0.44795675410164726
1710778149.689279,0.47458049323823714
1710778149.6893923,0.500853955745697
1710778149.6895056,0.5278280046251085
1710778149.6896186,0.5555027061038547
1710778149.6897318,0.5828270647260878
1710778149.689845,0.610151489575704
1710778149.6899583,0.6367752287122939
1710778149.6900716,0.6626983483632406
1710778149.6901846,0.6879208485285441
1710778149.6902978,0.7117421097225612
1710778149.690411,0.7359137137730917
1710778149.6905243,0.760785871081882
1710778149.6906374,0.7863587141036987
1710778149.6907506,0.8119315571255153
1710778149.6908638,0.8375043339199489
1710778149.690977,0.8630771769417657
1710778149.69109,0.8882996771070693
1710778149.6912034,0.9124712149302164
1710778149.6913166,0.9345409605238173
1710778149.6914299,0.9555596775478786
1710778149.691543,0.9755274984571669
1710778149.691656,0.9944443570242988
1710778149.6917694,1.0133612818188138
1710778149.6918826,1.0322781403859456
1710778149.6919959,1.0511949989530776
1710778149.6921089,1.0697615808910794
1710778149.692222,1.0872772004869249
1710778149.6923354,1.1047928200827704
1710778149.6924486,1.1202066474490695
1710778149.6925616,1.1349197228749592
1710778149.6926749,1.1475310060713027
1710778149.6927881,1.1580403645833333
1710778149.6929014,1.1699509620666504
1710778149.6930144,1.180110110176934
1710778149.6931276,1.1906194686889648
1710778149.693241,1.2014791700575087
1710778149.6933541,1.2119885285695393
1710778149.6934674,1.2217972013685439
1710778149.6935804,1.2312556637658012
1710778149.6936936,1.2400135729047987
1710778149.693807,1.2470197677612305
1710778149.6939201,1.2540259626176622
1710778149.6940331,1.2596310509575737
1710778149.6941464,1.2655863496992323
1710778149.6942596,1.271891991297404
1710778149.694373,1.2788981861538358
1710778149.694486,1.2859045134650335
1710778149.6945992,1.2939616044362385
1710778149.6947124,1.3009679317474365
1710778149.6948256,1.3072735733456082
1710778149.694939,1.3114772902594671
1710778149.695052,1.3156810071733263
1710778149.6951652,1.3156810071733263
1710778149.6952784,1.3163816928863525
1710778149.6953917,1.3163816928863525
1710778149.6955047,1.3153306643168132
1710778149.695618,1.3139294253455267
1710778149.6957312,1.3128785292307537
1710778149.6958444,1.3118276331159804
1710778149.6959574,1.3090251551734076
1710778149.6960707,1.3072735733456082
1710778149.696184,1.302719513575236
1710778149.6962972,1.2985156642066107
1710778149.6964102,1.291159126493666
1710778149.6965234,1.2848534848954942
1710778149.6966367,1.2788981861538358
1710778149.69675,1.272942887412177
1710778149.6968632,1.2673379315270317
1710778149.6969762,1.2627838717566595
1710778149.6970894,1.257178783416748
1710778149.6972027,1.2515738275316026
1710778149.697316,1.244567632675171
1710778149.697429,1.2358097235361736
1710778149.6975422,1.2249500221676297
1710778149.6976554,1.2123388714260526
1710778149.6977687,1.1972753206888835
1710778149.6978817,1.1825622452629936
1710778149.697995,1.1678491698371039
1710778149.6981082,1.1517347229851616
1710778149.6982214,1.1363209618462455
1710778149.6983347,1.1198563045925565
1710778149.6984477,1.103391581111484
1710778149.698561,1.0862263043721516
1710778149.6986742,1.0676597224341497
1710778149.6987875,1.0476919015248616
1710778149.6989005,1.0277240806155734
1710778149.6990137,1.0077562597062852
1710778149.699127,0.9870878193113539
1710778149.6992402,0.968521237373352
1710778149.6993532,0.9496043788062202
1710778149.6994665,0.9310377968682183
1710778149.6995797,0.9121209383010864
1710778149.699693,0.8928537368774414
1710778149.6998062,0.8728859159681532
1710778149.6999192,0.8497652742597792
1710778149.7000325,0.8262943559222751
1710778149.7001457,0.8010718557569716
1710778149.700259,0.7751487361060249
1710778149.700372,0.748875273598565
1710778149.7004852,0.7226018110911051
1710778149.7005985,0.6966786914401584
1710778149.7007117,0.6707555717892116
1710778149.7008247,0.6458833482530382
1710778149.700938,0.6189092662599351
1710778149.7010512,0.5919352504942152
1710778149.7011645,0.5639102061589559
1710778149.7012775,0.5351845754517449
1710778149.7013907,0.5064589447445339
1710778149.701504,0.477733314037323
1710778149.7016172,0.4493579930729336
1710778149.7017305,0.4213329818513658
1710778149.7018435,0.3947092427147759
1710778149.7019567,0.3677351607216729
1710778149.70207,0.341111421585083
1710778149.7021832,0.31448764933480156
1710778149.7022963,0.28716325759887695
1710778149.7024095,0.25808733370569015
1710778149.7025228,0.22796044747034708
1710778149.702636,0.1974832514921824
1710778149.702749,0.16735636525683933
1710778149.7028623,0.13722947902149624
1710778149.7029755,0.1078032288286421
1710778149.7030888,0.07907758984300825
1710778149.703202,0.05105258689986335
1710778149.703315,0.021976642310619354
1710778149.7034283,-0.006747670575148529
1710778149.7035415,-0.03546768592463599
1710778149.7036548,-0.06593891729911168
1710778149.7037678,-0.09711063570446438
1710778149.703881,-0.12793211473359
1710778149.7039943,-0.15910383727815416
1710778149.7041075,-0.1895750727918413
1710778149.7042205,-0.2189955777592129
1710778149.7043338,-0.24806583921114603
1710778149.704447,-0.27783658769395614
1710778149.7045603,-0.3062063455581665
1710778149.7046735,-0.33562683396869236
1710778149.7047865,-0.3657478425237867
1710778149.7048998,-0.3969195485115051
1710778149.705013,-0.42809128761291504
1710778149.7051263,-0.4596132371160719
1710778149.7052393,-0.4904347327020433
1710778149.7053525,-0.5202054646280077
1710778149.7054658,-0.5499762296676636
1710778149.705579,-0.5783459875318739
1710778149.705692,-0.6067157453960842
1710778149.7058053,-0.6343850162294176
1710778149.7059186,-0.6627547740936279
1710778149.7060318,-0.6918250852160983
1710778149.7061448,-0.7212455405129327
1710778149.706258,-0.75101633866628
1710778149.7063713,-0.7790358199013604
1710778149.7064846,-0.8070553673638238
1710778149.7065978,-0.8343744277954102
1710778149.7067108,-0.8588914738761054
1710778149.706824,-0.8834085861841837
1710778149.7069373,-0.906874934832255
1710778149.7070506,-0.9289403094185723
1710778149.7071636,-0.9513558944066365
1710778149.7072768,-0.9751725196838379
1710778149.70739,-0.9979383813010322
1710778149.7075033,-1.0207042429182265
1710778149.7076163,-1.0431198279062908
1710778149.7077296,-1.0637842284308539
1710778149.7078428,-1.0837481419245403
1710778149.707956,-1.1023110813564725
1710778149.7080693,-1.1201735337575276
1710778149.7081823,-1.136635012096829
1710778149.7082956,-1.15379704369439
1710778149.7084088,-1.1702583895789251
1710778149.708522,-1.1874204211764865
1710778149.708635,-1.2056330839792888
1710778149.7087483,-1.222444772720337
1710778149.7088616,-1.2396068043178983
1710778149.7089748,-1.2553677293989394
1710778149.7090878,-1.2690272596147325
1710778149.709201,-1.2819863690270317
1710778149.7093143,-1.2924936082628038
1710778149.7094276,-1.303000979953342
1710778149.7095408,-1.3128077983856201
1710778149.7096539,-1.3226146168178983
1710778149.709767,-1.3331219885084364
1710778149.7098804,-1.3425785965389676
1710778149.7099936,-1.3530858357747395
1710778149.7101066,-1.3625424438052707
1710778149.7102199,-1.3702478673723009
1710778149.710333,-1.3762019740210638
1710778149.7104464,-1.38180587026808
1710778149.7105594,-1.386008792453342
1710778149.7106726,-1.3898615042368572
1710778149.7107859,-1.3937142160203722
1710778149.710899,-1.397566795349121
1710778149.7110121,-1.401769717534383
1710778149.7111254,-1.4059727721744113
1710778149.7112386,-1.4105259047614203
1710778149.7113519,-1.4133278528849285
1710778149.7114651,-1.4154292477501762
1710778149.7115781,-1.4157795906066895
1710778149.7116914,-1.4147288269466824
1710778149.7118046,-1.4122770892249212
1710778149.7119179,-1.4091249306996663
1710778149.712031,-1.4052722189161513
1710778149.7121441,-1.401769717534383
1710778149.7122574,-1.398617559009128
1710778149.7123706,-1.3951151900821261
1710778149.7124836,-1.3912624782986112
1710778149.712597,-1.386359002855089
1710778149.7127101,-1.3793541325463188
1710778149.7128234,-1.3709482881757948
1710778149.7129366,-1.3614916801452637
1710778149.7130497,-1.3513346513112385
1710778149.713163,-1.3394263055589464
1710778149.7132761,-1.3271677494049072
1710778149.7133894,-1.317010720570882
1710778149.7135024,-1.305452717675103
1710778149.7136157,-1.2935443719228108
1710778149.713729,-1.2826867898305256
1710778149.7138422,-1.2704282336764865
1710778149.7139552,-1.2567687034606934
1710778149.7140684,-1.2420585420396593
1710778149.7141817,-1.225947274102105
1710778149.714295,-1.2091355853610568
1710778149.714408,-1.1923238966200087
1710778149.7145212,-1.1758624182807074
1710778149.7146344,-1.1583501762813992
1710778149.7147477,-1.141888697942098
1710778149.714861,-1.1257774300045438
1710778149.714974,-1.1079150438308716
1710778149.7150872,-1.0886516173680623
1710778149.7152004,-1.067636940214369
1710778149.7153137,-1.0469725396898057
1710778149.7154267,-1.0214047299491034
1710778149.71554,-0.9975881046719021
1710778149.7156532,-0.9720202949311998
1710778149.7157664,-0.9468027618196275
1710778149.7158794,-0.9212349520789253
1710778149.7159927,-0.8974183268017238
1710778149.716106,-0.8736017015245225
1710778149.7162192,-0.8490846554438273
1710778149.7163324,-0.824917819764879
1710778149.7164454,-0.7993500100241767
1710778149.7165587,-0.7741324106852213
1710778149.716672,-0.747864113913642
1710778149.7167852,-0.7215958171420627
1710778149.7168982,-0.6949772437413534
1710778149.7170115,-0.669409434000651
1710778149.7171247,-0.6445421112908257
1710778149.717238,-0.6189743015501235
1710778149.717351,-0.593756702211168
1710778149.7174642,-0.5681888924704658
1710778149.7175775,-0.541570352183448
1710778149.7176907,-0.512149863772922
1710778149.717804,-0.4823790987332662
1710778149.717917,-0.45085714923010933
1710778149.7180302,-0.41933516661326087
1710778149.7181435,-0.387813217110104
1710778149.7182567,-0.3562912344932556
1710778149.7183697,-0.32582001553641426
1710778149.718483,-0.2967497706413269
1710778149.7185962,-0.266979005601671
1710778149.7187095,-0.23860924773746067
1710778149.7188225,-0.20918874277008903
1710778149.7189357,-0.18011848131815592
1710778149.719049,-0.14999748931990728
1710778149.7191622,-0.12092723614639705
1710778149.7192752,-0.09150673117902544
1710778149.7193885,-0.0624364780055152
1710778149.7195017,-0.03511743826998605
1710778149.719615,-0.007798403191069761
1710778149.7197282,0.01882382772035069
1710778149.7198412,0.0461482091082467
1710778149.7199545,0.07417322032981448
1710778149.7200677,0.10289885103702545
1710778149.720181,0.13302572899394566
1710778149.720294,0.1642035444577535
1710778149.7204072,0.19538137647840711
1710778149.7205205,0.22725981142785814
1710778149.7206337,0.2584376434485118
1710778149.7207468,0.2896154589123196
1710778149.72086,0.31869139936235213
1710778149.7209733,0.3477673398123847
1710778149.7210865,0.377543932861752
1710778149.7211998,0.4069701830546061
1710778149.7213128,0.4370970527331034
1710778149.721426,0.4672239555252923
1710778149.7215393,0.49770113494661117
1710778149.7216525,0.5274776948822869
1710778149.7217655,0.5569039450751411
1710778149.7218788,0.5859798855251735
1710778149.721992,0.6122533480326334
1710778149.7221053,0.6385268105400933
1710778149.7222183,0.6640995873345269
1710778149.7223315,0.6886214680141872
1710778149.7224448,0.7138440344068739
1710778149.722558,0.7390665345721774
1710778149.7226713,0.7649896542231241
1710778149.7227843,0.7905624310175577
1710778149.7228975,0.8168358935250176
1710778149.7230108,0.8413577742046779
1710778149.723124,0.864478415913052
1710778149.723237,0.8868984381357828
1710778149.7233503,0.9072165356742011
1710778149.7234635,0.9275346994400024
1710778149.7235768,0.9475025203492906
1710778149.7236898,0.9671199984020656
1710778149.723803,0.9870878193113539
1710778149.7239163,1.0060046778784857
1710778149.7240295,1.0259724987877739
1710778149.7241426,1.0441888040966458
1710778149.7242558,1.0624050431781344
1710778149.724369,1.0792200432883368
1710778149.7244823,1.0932325654559665
1710778149.7245955,1.106894744767083
1710778149.7247086,1.1188054084777832
1710778149.7248218,1.1310663488176134
1710778149.724935,1.1436774995591905
1710778149.7250483,1.1559384398990207
1710778149.7251613,1.1678491698371039
1710778149.7252746,1.1811610062917073
1710778149.7253878,1.1930716037750244
1710778149.725501,1.203580962287055
1710778149.725614,1.2154916922251384
1710778149.7257273,1.2242494689093695
1710778149.7258406,1.2323066923353407
1710778149.7259538,1.2403637833065457
1710778149.726067,1.2484210067325168
1710778149.72618,1.2557775444454617
1710778149.7262933,1.264535453584459
1710778149.7264066,1.272942887412177
1710778149.7265198,1.2817006640964084
1710778149.7266328,1.2890573342641194
1710778149.726746,1.295713186264038
1710778149.7268593,1.3009679317474365
1710778149.7269726,1.3037704096900091
1710778149.7270856,1.3055219915178087
1710778149.7271988,1.306923230489095
1710778149.727312,1.306923230489095
1710778149.7274253,1.306923230489095
1710778149.7275386,1.3072735733456082
1710778149.7276516,1.3076237837473552
1710778149.7277648,1.3076237837473552
1710778149.727878,1.3083244694603813
1710778149.7279913,1.3076237837473552
1710778149.7281044,1.3048213058047824
1710778149.7282176,1.3009679317474365
1710778149.7283309,1.2964138719770644
1710778149.728444,1.291509469350179
1710778149.728557,1.2859045134650335
1710778149.7286704,1.280649767981635
1710778149.7287836,1.276095708211263
1710778149.7288969,1.2715416484408908
1710778149.7290099,1.2662869029574924
1710778149.729123,1.260331604215834
1710778149.7292364,1.2536757522159152
1710778149.7293496,1.2449178430769179
1710778149.7294629,1.2351091702779133
1710778149.7295759,1.2224978870815701
1710778149.7296891,1.210937632454766
1710778149.7298024,1.1983263492584229
1710778149.7299156,1.1853647232055664
1710778149.7300286,1.1734541257222493
1710778149.7301419,1.1601422892676458
1710778149.7302551,1.1475310060713027
1710778149.7303684,1.1342191696166992
1710778149.7304814,1.1188054084777832
1710778149.7305946,1.103391581111484
1710778149.730708,1.0858759615156386
1710778149.7308211,1.0666087600919936
1710778149.7309344,1.0480422443813748
1710778149.7310474,1.0284247001012166
1710778149.7311606,1.0091574986775715
1710778149.731274,0.9909412595960829
1710778149.7313871,0.9716740581724379
1710778149.7315001,0.9527571996053059
1710778149.7316134,0.933840341038174
1710778149.7317266,0.9128215577867296
1710778149.73184,0.8918027745352851
1710778149.731953,0.8686821990542941
1710778149.7320662,0.845211214489407
1710778149.7321794,0.8220905727810329
1710778149.7322927,0.7982693115870158
1710778149.7324057,0.7754990127351549
1710778149.732519,0.7534293333689371
1710778149.7326322,0.7310093111462063
1710778149.7327454,0.7085892889234755
1710778149.7328587,0.6858189900716146
1710778149.7329717,0.6609468327628242
1710778149.733085,0.6360746092266506
1710778149.7331982,0.6094508700900607
1710778149.7333114,0.5817761686113145
1710778149.7334244,0.5548020866182115
1710778149.7335377,0.5281783474816216
1710778149.733651,0.5022551947169833
1710778149.7337642,0.47633207506603664
1710778149.7338772,0.45181019438637626
1710778149.7339904,0.4269380039638943
1710778149.7341037,0.40206581354141235
1710778149.734217,0.3764929705195957
1710778149.7343302,0.34951892164018417
1710778149.7344432,0.32289514938990277
1710778149.7345564,0.2955707576539781
1710778149.7346697,0.2678960727320777
1710778149.734783,0.24162262678146362
1710778149.734896,0.21464856134520635
1710778149.7350092,0.18872544169425964
1710778149.7351224,0.161401049958335
1710778149.7352357,0.1340766665008333
1710778149.7353487,0.10675229132175446
1710778149.735462,0.07627509534358978
1710778149.7355752,0.04544758548339208
1710778149.7356884,0.012518201644221941
1710778149.7358017,-0.019006213794151943
1710778149.7359147,-0.052279399500952825
1710778149.736028,-0.08345112204551697
1710778149.7361412,-0.1139223575592041
1710778149.7362545,-0.14334286252657572
1710778149.7363675,-0.17241310742166308
1710778149.7364807,-0.2011331253581577
1710778149.736594,-0.2305536303255293
1710778149.7367072,-0.2599741352929009
1710778149.7368202,-0.2893946237034268
1710778149.7369335,-0.31881514522764415
1710778149.7370467,-0.34823563363817
1710778149.73716,-0.37695563501781887
1710778149.737273,-0.40427469544940525
1710778149.7373862,-0.4308932357364231
1710778149.7374995,-0.4575117760234409
1710778149.7376127,-0.4841303163104587
1710778149.737726,-0.5110991332266066
1710778149.737839,-0.5387684040599399
1710778149.7379522,-0.5674884054395888
1710778149.7380655,-0.5965586503346761
1710778149.7381787,-0.6273801459206475
1710778149.7382917,-0.6568006674448649
1710778149.738405,-0.6855207019382052
1710778149.7385182,-0.7128396961424086
1710778149.7386315,-0.7391079929139879
1710778149.7387445,-0.7653762896855671
1710778149.7388577,-0.7891929149627686
1710778149.738971,-0.8137100272708468
1710778149.7390842,-0.8371763759189181
1710778149.7391975,-0.8616934219996134
1710778149.7393105,-0.8855100472768147
1710778149.7394238,-0.908976395924886
1710778149.739537,-0.9313919809129503
1710778149.7396502,-0.9520563814375136
1710778149.7397633,-0.9723705715603298
1710778149.7398765,-0.991984208424886
1710778149.7399898,-1.0087959633933172
1710778149.740103,-1.0263081391652424
1710778149.740216,-1.0431198279062908
1710778149.7403293,-1.0609822803073459
1710778149.7404425,-1.079195009337531
1710778149.7405558,-1.0967071851094563
1710778149.740669,-1.1159706115722656
1710778149.740782,-1.1338330639733207
1710778149.7408953,-1.150644752714369
1710778149.7410085,-1.1657052569919162
1710778149.7411218,-1.1790145768059623
1710778149.7412348,-1.1937248706817627
1710778149.741348,-1.2063336372375488
1710778149.7414613,-1.219642824596829
1710778149.7415745,-1.232952144410875
1710778149.7416875,-1.2466116746266682
1710778149.7418008,-1.2609716256459553
1710778149.741914,-1.2746311558617485
1710778149.7420273,-1.2875902652740479
1710778149.7421403,-1.299148268169827
1710778149.7422535,-1.3096556398603652
1710778149.7423668,-1.318411694632636
1710778149.74248,-1.3264673286014133
1710778149.7425933,-1.3341726197136772
1710778149.7427063,-1.3411776224772136
1710778149.7428195,-1.3492331239912245
1710778149.7429328,-1.3569385475582547
1710778149.743046,-1.3653443919287787
1710778149.743159,-1.3723492622375488
1710778149.7432723,-1.378653711742825
1710778149.7433856,-1.383206844329834
1710778149.7434988,-1.386359002855089
1710778149.7436118,-1.38881074057685
1710778149.743725,-1.3898615042368572
1710778149.7438383,-1.390561925040351
1710778149.7439516,-1.3912624782986112
1710778149.7440648,-1.3923132419586182
1710778149.7441778,-1.3930136627621121
1710778149.744291,-1.3940644264221191
1710778149.7444043,-1.3944146368238661
1710778149.7445176,-1.3933638731638591
1710778149.7446306,-1.390211714638604
1710778149.7447438,-1.385308371649848
1710778149.744857,-1.3793541325463188
1710778149.7449703,-1.3723492622375488
1710778149.7450833,-1.364643971125285
1710778149.7451966,-1.3572887579600017
1710778149.7453098,-1.3492331239912245
1710778149.745423,-1.3422282536824544
1710778149.7455363,-1.3345229625701904
1710778149.7456493,-1.3254165649414062
1710778149.7457626,-1.317010720570882
1710778149.7458758,-1.30580292807685
1710778149.745989,-1.2935443719228108
1710778149.746102,-1.2805853949652777
1710778149.7462153,-1.2655248906877306
1710778149.7463286,-1.2515150176154242
1710778149.7464418,-1.237505276997884
1710778149.7465549,-1.223495536380344
1710778149.746668,-1.2098360061645508
1710778149.7467813,-1.1954760551452637
1710778149.7468946,-1.1807657612694633
1710778149.7470076,-1.1650048361884222
1710778149.7471209,-1.1464418305291069
1710778149.747234,-1.1282291677263048
1710778149.7473474,-1.1075647672017415
1710778149.7474606,-1.0876008537080553
1710778149.7475736,-1.065885755750868
1710778149.7476869,-1.0452213552263048
1710778149.7478,-1.0242066780726116
1710778149.7479134,-1.0045930412080553
1710778149.7480264,-0.983928640683492
1710778149.7481396,-0.9625637531280518
1710778149.7482529,-0.9401481019126045
1710778149.748366,-0.91703196366628
1710778149.7484791,-0.8921646409564548
1710778149.7485924,-0.8669471078448825
1710778149.7487056,-0.8406788110733032
1710778149.7488189,-0.8154612117343478
1710778149.7489321,-0.7898934019936455
1710778149.7490451,-0.7657265663146973
1710778149.7491584,-0.742610428068373
1710778149.7492716,-0.7184435923894247
1710778149.7493849,-0.6946270333396064
1710778149.749498,-0.6697597106297811
1710778149.7496111,-0.6445421112908257
1710778149.7497244,-0.6175733274883694
1710778149.7498376,-0.5909547540876601
1710778149.7499506,-0.5632854832543267
1710778149.750064,-0.5359664559364319
1710778149.7501771,-0.5089976721339755
1710778149.7502904,-0.4827293422487047
1710778149.7504034,-0.45611080196168685
1710778149.7505167,-0.42914201815923053
1710778149.75063,-0.4014727473258972
1710778149.7507432,-0.3720522258016798
1710778149.7508564,-0.34158100684483844
1710778149.7509694,-0.30970878071255153
1710778149.7510827,-0.27713608410623336
1710778149.751196,-0.2445633874999152
1710778149.7513092,-0.21199069089359707
1710778149.7514222,-0.18151945537990993
1710778149.7515354,-0.1510482198662228
1710778149.7516487,-0.12127747966183557
1710778149.751762,-0.09220722648832533
1710778149.751875,-0.06138574331998825
1710778149.7519882,-0.03196524249182807
1710778149.7521014,-9.303357930750483e-05
1710778149.7522147,0.031084768060180876
1710778149.752328,0.062262589732805886
1710778149.752441,0.09379072321785821
1710778149.7525542,0.12461822893884447
1710778149.7526674,0.15439480543136597
1710778149.7527807,0.18452167510986328
1710778149.7528937,0.21324732237392002
1710778149.753007,0.24232326282395256
1710778149.7531202,0.273851388030582
1710778149.7532334,0.3060801492797004
1710778149.7533464,0.33795860078599715
1710778149.7534597,0.3712382912635803
1710778149.753573,0.40416767199834186
1710778149.7536862,0.43639643324746025
1710778149.7537994,0.46792457501093543
1710778149.7539124,0.4973508252037896
1710778149.7540257,0.5260764559110006
1710778149.754139,0.552700228161282
1710778149.7542522,0.5789736244413588
1710778149.7543652,0.606298049290975
1710778149.7544785,0.6329217884275649
1710778149.7545917,0.6584946314493815
1710778149.754705,0.6858189900716146
1710778149.754818,0.7106912136077881
1710778149.7549312,0.7366143332587348
1710778149.7550445,0.7614864905675252
1710778149.7551577,0.7846071322758992
1710778149.7552707,0.8077277739842732
1710778149.755384,0.8308484156926472
1710778149.7554972,0.8543193340301514
1710778149.7556105,0.8774399757385254
1710778149.7557237,0.9037134382459853
1710778149.7558367,0.9292862150404189
1710778149.75595,0.9541584385765923
1710778149.7560632,0.9776293569140964
1710778149.7561765,1.0014506181081135
1710778149.7562895,1.022469401359558
1710778149.7564027,1.0424372222688463
1710778149.756516,1.0596024990081787
1710778149.7566292,1.0757168796327379
1710778149.7567422,1.091480983628167
1710778149.7568555,1.1075953642527263
1710778149.7569687,1.122308439678616
1710778149.757082,1.1359706189897325
1710778149.7571952,1.1510341697269015
1710778149.7573082,1.164696349038018
1710778149.7574215,1.1780081854926214
1710778149.7575347,1.1892182297176785
1710778149.757648,1.2000779310862224
1710778149.757761,1.21023694674174
1710778149.7578743,1.2210966481102836
1710778149.7579875,1.2316060066223145
1710778149.7581007,1.2428160508473713
1710778149.7582138,1.2554272015889485
1710778149.758327,1.2669875886705186
1710778149.7584403,1.2785478432973225
1710778149.7585535,1.2904585732354057
1710778149.7586668,1.3009679317474365
1710778149.7587798,1.3090251551734076
1710778149.758893,1.3167319032880995
1710778149.7590063,1.321986648771498
1710778149.7591195,1.3268910513983831
1710778149.7592325,1.3324960072835286
1710778149.7593458,1.3356488280826144
1710778149.759459,1.3412537839677598
1710778149.7595723,1.345107290479872
1710778149.7596853,1.3496613502502441
1710778149.7597985,1.3524638281928167
1710778149.7599118,1.3542154100206163
1710778149.760025,1.3545657528771293
1710778149.760138,1.3521134853363037
1710778149.7602513,1.3496613502502441
1710778149.7603645,1.3465085294511583
1710778149.7604778,1.3419544696807861
1710778149.760591,1.3381010956234403
1710778149.760704,1.3349482748243544
1710778149.7608173,1.3303942150539823
1710778149.7609305,1.3254898124270968
1710778149.7610438,1.3198847240871854
1710778149.7611568,1.3128785292307537
1710778149.76127,1.3044709629482694
1710778149.7613833,1.2943119472927518
1710778149.7614965,1.283452245924208
1710778149.7616096,1.2711913055843778
1710778149.7617228,1.2596310509575737
1710778149.761836,1.24877134958903
1710778149.7619493,1.236860752105713
1710778149.7620625,1.226351261138916
1710778149.7621756,1.2154916922251384
1710778149.7622888,1.2021797233157687
1710778149.762402,1.1885175440046523
1710778149.7625153,1.1731037828657362
1710778149.7626283,1.156288782755534
1710778149.7627416,1.1387732293870714
1710778149.7628548,1.1205568578508165
1710778149.762968,1.1019903421401978
1710778149.763081,1.0848250654008653
1710778149.7631943,1.0669591029485066
1710778149.7633076,1.0497937599817913
1710778149.7634208,1.0326284832424588
1710778149.763534,1.0137115584479437
1710778149.763647,0.995145042737325
1710778149.7637603,0.9737759166293674
1710778149.7638736,0.9524068567487929
1710778149.7639868,0.9306875202390883
1710778149.7640998,0.9082674980163574
1710778149.764213,0.8865480952792697
1710778149.7643263,0.8655293782552083
1710778149.7644396,0.8441603183746338
1710778149.7645526,0.8231415351231892
1710778149.7646658,0.8014221323861016
1710778149.764779,0.7786518335342407
1710778149.7648923,0.7548305723402235
1710778149.7650054,0.7292577293184068
1710778149.7651186,0.7026339901818169
1710778149.7652318,0.6749592887030708
1710778149.765345,0.6476349300808376
1710778149.7654583,0.6199602286020914
1710778149.7655714,0.5926358699798584
1710778149.7656846,0.5667126841015285
1710778149.7657979,0.5404392878214518
1710778149.765911,0.5141658253139919
1710778149.766024,0.48684143357806736
1710778149.7661374,0.45951707495583427
1710778149.7662506,0.43044113450580174
1710778149.7663639,0.40241612328423393
1710778149.7664769,0.3722892204920451
1710778149.76659,0.3442642092704773
1710778149.7667034,0.3158888883060879
1710778149.7668166,0.28821421994103325
1710778149.7669299,0.2615904476907518
1710778149.7670429,0.23496669199731615
1710778149.7671561,0.2072920070754157
1710778149.7672694,0.17856637636820474
1710778149.7673826,0.14914010961850485
1710778149.7674956,0.11866291364034016
1710778149.767609,0.08678447041246626
1710778149.7677221,0.05420539942052629
1710778149.7678354,0.02372820344236162
1710778149.7679484,-0.007448159158229828
1710778149.7680616,-0.03791939467191696
1710778149.768175,-0.06769013901551564
1710778149.7682881,-0.09711063570446438
1710778149.7684011,-0.126531140671836
1710778149.7685144,-0.15700237618552312
1710778149.7686276,-0.18782385521464878
1710778149.768741,-0.2193458212746514
1710778149.7688541,-0.2512180308500926
1710778149.7689672,-0.2816892663637797
1710778149.7690804,-0.31251072883605957
1710778149.7691936,-0.34158100684483844
1710778149.769307,-0.3692502776781718
1710778149.76942,-0.3969195485115051
1710778149.7695332,-0.4242386089430915
1710778149.7696464,-0.45120739274554783
1710778149.7697597,-0.47922690709431964
1710778149.7698727,-0.5068962110413445
1710778149.769986,-0.5352659689055549
1710778149.7700992,-0.5643362469143337
1710778149.7702124,-0.5923557281494141
1710778149.7703257,-0.6193245119518703
1710778149.7704387,-0.6459430853525797
1710778149.770552,-0.670810408062405
1710778149.7706652,-0.6953275203704834
1710778149.7707784,-0.7194943560494317
1710778149.7708914,-0.744361678759257
1710778149.7710047,-0.7695792118708292
1710778149.771118,-0.7944466008080376
1710778149.7712312,-0.8207148975796169
1710778149.7713442,-0.8459324306911892
1710778149.7714574,-0.8700992663701375
1710778149.7715707,-0.8932154046164619
1710778149.771684,-0.914930502573649
1710778149.7717972,-0.9352446926964654
1710778149.7719102,-0.9548583295610216
1710778149.7720234,-0.9734212689929538
1710778149.7721367,-0.9926846954557631
1710778149.77225,-1.0115979115168254
1710778149.772363,-1.0308613379796345
1710778149.7724762,-1.0494242774115667
1710778149.7725894,-1.069037914276123
1710778149.7727027,-1.0876008537080553
1710778149.7728157,-1.1040623320473564
1710778149.772929,-1.1205237441592746
1710778149.7730422,-1.134883827633328
1710778149.7731555,-1.150294542312622
1710778149.7732685,-1.1646544933319092
1710778149.7733817,-1.1797149976094563
1710778149.773495,-1.1947755018870037
1710778149.7736082,-1.2105365594228108
1710778149.7737215,-1.2255970637003581
1710778149.7738345,-1.240307225121392
1710778149.7739477,-1.2543169657389324
1710778149.774061,-1.2669258647494845
1710778149.7741742,-1.2770828935835097
1710778149.7742872,-1.2872399224175346
1710778149.7744005,-1.2956457667880588
1710778149.7745137,-1.303351190355089
1710778149.774627,-1.31210724512736
1710778149.77474,-1.31981266869439
1710778149.7748532,-1.3285687234666612
1710778149.7749665,-1.3380253314971924
1710778149.7750797,-1.3450302018059623
1710778149.775193,-1.3520350721147325
1710778149.775306,-1.3576389683617485
1710778149.7754192,-1.3618420230017767
1710778149.7755325,-1.3653443919287787
1710778149.7756457,-1.3681463400522869
1710778149.7757587,-1.3705980777740479
1710778149.775872,-1.3734000258975558
1710778149.7759852,-1.3765521844228108
1710778149.7760985,-1.378653711742825
1710778149.7762115,-1.38180587026808
1710778149.7763247,-1.383907397588094
1710778149.776438,-1.384958028793335
1710778149.7765512,-1.382856633928087
1710778149.7766645,-1.380755106608073
1710778149.7767775,-1.3765521844228108
1710778149.7768908,-1.3716488414340549
1710778149.777004,-1.3653443919287787
1710778149.7771173,-1.3597404956817627
1710778149.7772303,-1.3544868098364935
1710778149.7773435,-1.3488829135894775
1710778149.7774568,-1.3432790173424614
1710778149.77757,-1.3359239366319444
1710778149.777683,-1.3261171181996663
1710778149.7777963,-1.316310167312622
1710778149.7779095,-1.30510237481859
1710778149.7780228,-1.2921433978610568
1710778149.7781358,-1.2784838676452637
1710778149.778249,-1.2651745478312175
1710778149.7783623,-1.2518653604719374
1710778149.7784755,-1.238556040657891
1710778149.7785888,-1.226297484503852
1710778149.7787018,-1.2133385075463188
1710778149.778815,-1.2003793981340196
1710778149.7789283,-1.1863696575164795
1710778149.7790415,-1.1706087324354384
1710778149.7791545,-1.15379704369439
1710778149.7792678,-1.136284801695082
1710778149.779381,-1.1187725596957736
1710778149.7794943,-1.1009101072947185
1710778149.7796073,-1.0837481419245403
1710778149.7797205,-1.066235966152615
1710778149.7798338,-1.0501247644424438
1710778149.779947,-1.0326125224431355
1710778149.7800603,-1.0147500700420804
1710778149.7801733,-0.9954866435792711
1710778149.7802866,-0.9741217560238308
1710778149.7803998,-0.9524066580666436
1710778149.780513,-0.9303412834803263
1710778149.780626,-0.906174447801378
1710778149.7807393,-0.8837587965859307
1710778149.7808526,-0.8613432115978664
1710778149.7809658,-0.8392778370115492
1710778149.7810788,-0.8186134364869859
1710778149.781192,-0.7958475748697916
1710778149.7813053,-0.7741324106852213
1710778149.7814186,-0.75101633866628
1710778149.7815318,-0.7264992263582017
1710778149.7816448,-0.7016319036483765
1710778149.781758,-0.6764143043094211
1710778149.7818713,-0.6508464945687188
1710778149.7819846,-0.6252786848280165
1710778149.7820976,-0.6004113621181911
1710778149.7822108,-0.5755440394083658
1710778149.782324,-0.5506767166985406
1710778149.7824373,-0.5251088738441467
1710778149.7825503,-0.4988405770725674
1710778149.7826636,-0.47082106272379554
1710778149.7827768,-0.44105029768413967
1710778149.78289,-0.4116298092736138
1710778149.783003,-0.38080834680133396
1710778149.7831163,-0.34963660769992405
1710778149.7832296,-0.3202161192893982
1710778149.7833428,-0.29079559776518077
1710778149.783456,-0.26172535287009346
1710778149.783569,-0.23405606547991434
1710778149.7836823,-0.205686307615704
1710778149.7837956,-0.1776667767100864
1710778149.7839088,-0.14789602822727627
1710778149.7840219,-0.11777503622902764
1710778149.784135,-0.0880042960246404
1710778149.7842484,-0.05683257348007626
1710778149.7843616,-0.027412070582310356
1710778149.7844746,0.002709448906696505
1710778149.7845879,0.031084768060180876
1710778149.784701,0.05946008695496453
1710778149.7848144,0.08818571766217549
1710778149.7849276,0.11761197613345252
1710778149.7850406,0.14808918039004007
1710778149.7851539,0.17926699585384792
1710778149.785267,0.2114957571029663
1710778149.7853804,0.24407482809490627
1710778149.7854934,0.2763035727871789
1710778149.7856066,0.30783169799380833
1710778149.7857199,0.33795860078599715
1710778149.7858331,0.3673848509788513
1710778149.7859461,0.3957601719432407
1710778149.7860594,0.4234348734219869
1710778149.7861726,0.45181019438637626
1710778149.7862859,0.47983520560794407
1710778149.786399,0.5071595642301772
1710778149.7865121,0.5355348851945665
1710778149.7866254,0.5639102061589559
1710778149.7867386,0.5915849076377021
1710778149.786852,0.617858370145162
1710778149.786965,0.6423802508248223
1710778149.7870781,0.6676027509901259
1710778149.7871914,0.6896724303563436
1710778149.7873046,0.7120924525790744
1710778149.7874177,0.7341621319452921
1710778149.787531,0.7576330502827961
1710778149.7876441,0.780053072505527
1710778149.7877574,0.8035240570704142
1710778149.7878704,0.8266446325514052
1710778149.7879837,0.8497652742597792
1710778149.788097,0.8714846769968668
1710778149.7882102,0.8921531173917983
1710778149.7883234,0.9121209383010864
1710778149.7884364,0.9310377968682183
1710778149.7885497,0.9499546554353502
1710778149.788663,0.9699224763446384
1710778149.7887762,0.9888394011391534
1710778149.7888892,1.0091574986775715
1710778149.7890024,1.0298259390725029
1710778149.7891157,1.0501441028383043
1710778149.789229,1.0694113042619493
1710778149.789342,1.0886785056855943
1710778149.7894552,1.1054935057957966
1710778149.7895684,1.1205568578508165
1710778149.7896817,1.1356204085879855
1710778149.789795,1.149282587899102
1710778149.789908,1.1636453204684787
1710778149.7900212,1.1780081854926214
1710778149.7901344,1.1923710505167644
1710778149.7902477,1.2060332298278809
1710778149.7903607,1.2200457519955106
1710778149.790474,1.233357588450114
1710778149.7905872,1.2459688716464572
1710778149.7907004,1.256478230158488
1710778149.7908134,1.2655863496992323
1710778149.7909267,1.2750448120964897
1710778149.79104,1.283452245924208
1710778149.7911532,1.2922100226084392
1710778149.7912662,1.3006175888909233
1710778149.7913795,1.3097257084316678
1710778149.7914927,1.3184834851158989
1710778149.791606,1.3261903656853569
1710778149.7917192,1.3328463501400418
1710778149.7918322,1.3370500670539007
1710778149.7919455,1.3402028878529866
1710778149.7920587,1.3419544696807861
1710778149.792172,1.3412537839677598
1710778149.792285,1.3402028878529866
1710778149.7923982,1.3391519917382133
1710778149.7925115,1.3381010956234403
1710778149.7926247,1.337400409910414
1710778149.7927377,1.3356488280826144
1710778149.792851,1.3338972462548149
1710778149.7929642,1.3317954540252686
1710778149.7930775,1.3286426332261827
1710778149.7931907,1.3237382305992973
1710778149.7933037,1.3174325890011258
1710778149.793417,1.311126947402954
1710778149.7935302,1.3048213058047824
1710778149.7936435,1.2981654538048637
1710778149.7937565,1.2918598122066922
1710778149.7938697,1.2855541706085205
1710778149.793983,1.2792485290103488
1710778149.7940962,1.2715416484408908
1710778149.7942092,1.2627838717566595
1710778149.7943225,1.2519241703881157
1710778149.7944357,1.2393128871917725
1710778149.794549,1.2253003650241427
1710778149.7946622,1.2098866038852267
1710778149.7947752,1.1941224998897977
1710778149.7948885,1.1780081854926214
1710778149.7950017,1.1622440814971924
1710778149.795115,1.1464801099565294
1710778149.795228,1.1310663488176134
1710778149.7953413,1.114951901965671
1710778149.7954545,1.098837521341112
1710778149.7955678,1.0816722446017795
1710778149.7956808,1.0634559392929077
1710778149.795794,1.0438384612401326
1710778149.7959073,1.0245712598164876
1710778149.7960205,1.0060046778784857
1710778149.7961335,0.987438162167867
1710778149.7962468,0.9688715802298652
1710778149.79636,0.9510056177775065
1710778149.7964733,0.933840341038174
1710778149.7965865,0.9159743785858154
1710778149.7966995,0.8960065576765273
1710778149.7968128,0.8749877744250827
1710778149.796926,0.852918095058865
1710778149.7970393,0.8283962143792046
1710778149.7971523,0.8042246765560573
1710778149.7972655,0.7804034153620402
1710778149.7973788,0.7558815346823798
1710778149.797492,0.7324105501174927
1710778149.797605,0.7089396317799886
1710778149.7977183,0.6847680277294582
1710778149.7978315,0.6591952509350246
1710778149.7979448,0.6339727507697211
1710778149.798058,0.6073489454057481
1710778149.798171,0.579323967297872
1710778149.7982843,0.5491970976193746
1710778149.7983975,0.5208217766549852
1710778149.7985108,0.4924464556905958
1710778149.7986238,0.46372082498338485
1710778149.798737,0.43639643324746025
1710778149.7988503,0.40872173176871407
1710778149.7989635,0.381397373146481
1710778149.7990766,0.3530220521820916
1710778149.7991898,0.3235957688755459
1710778149.799303,0.2938192089398702
1710778149.7994163,0.26264139347606236
1710778149.7995293,0.23076294196976554
1710778149.7996426,0.19888449046346876
1710778149.7997558,0.16700605551401773
1710778149.799869,0.13547792202896541
1710778149.7999823,0.10570135381486681
1710778149.8000953,0.07487383981545766
1710778149.8002086,0.04439664797650443
1710778149.8003218,0.01356913915110959
1710778149.800435,-0.01830572469366921
1710778149.800548,-0.051578912470075816
1710778149.8006613,-0.08450185259183247
1710778149.8007746,-0.11777503622902764
1710778149.8008878,-0.1506979763507843
1710778149.8010008,-0.18257018592622545
1710778149.801114,-0.21339166495535108
1710778149.8012273,-0.2431624134381612
1710778149.8013406,-0.27258291840553284
1710778149.8014538,-0.302353666888343
1710778149.8015668,-0.3314239117834303
1710778149.80168,-0.3615449203385247
1710778149.8017933,-0.39166589577992755
1710778149.8019066,-0.42318787839677596
1710778149.8020196,-0.4536590973536173
1710778149.8021328,-0.4827293422487047
1710778149.802246,-0.5125001072883606
1710778149.8023593,-0.540869865152571
1710778149.8024724,-0.5681888924704658
1710778149.8025856,-0.5955079529020522
1710778149.8026989,-0.6224767367045084
1710778149.802812,-0.6494455205069648
1710778149.8029253,-0.6778152783711752
1710778149.8030384,-0.7051343388027614
1710778149.8031516,-0.7338543732961019
1710778149.8032649,-0.7611733675003052
1710778149.803378,-0.7881421513027614
1710778149.803491,-0.8133597506417168
1710778149.8036044,-0.8371763759189181
1710778149.8037176,-0.8602924479378594
1710778149.8038309,-0.8820076121224297
1710778149.8039439,-0.9037227100796169
1710778149.8040571,-0.9261383612950642
1710778149.8041704,-0.9478534592522515
1710778149.8042836,-0.9709695974985758
1710778149.8043966,-0.9940856695175171
1710778149.8045099,-1.0154505570729573
1710778149.8046231,-1.0368154446283977
1710778149.8047364,-1.0571296347512138
1710778149.8048496,-1.0753422975540161
1710778149.8049626,-1.0935550265842013
1710778149.805076,-1.1110672023561265
1710778149.8051891,-1.1282291677263048
1710778149.8053024,-1.14609162012736
1710778149.8054154,-1.1643042829301622
1710778149.8055286,-1.1821667353312175
1710778149.805642,-1.2007297409905326
1710778149.8057551,-1.218942403793335
1710778149.8058681,-1.235403882132636
1710778149.8059814,-1.2504643864101834
1710778149.8060946,-1.2637735737694633
1710778149.806208,-1.2763824727800157
1710778149.8063211,-1.2882906860775418
1710778149.8064342,-1.300199031829834
1710778149.8065474,-1.3114068243238661
1710778149.8066607,-1.3240155908796523
1710778149.806774,-1.3366243574354384
1710778149.806887,-1.3478321499294705
1710778149.8070002,-1.3576389683617485
1710778149.8071134,-1.3674459192487929
1710778149.8072267,-1.3744507895575628
1710778149.8073397,-1.380054685804579
1710778149.807453,-1.384958028793335
1710778149.8075662,-1.3881103197733562
1710778149.8076794,-1.3912624782986112
1710778149.8077927,-1.3951151900821261
1710778149.8079057,-1.398967769410875
1710778149.808019,-1.4021200603908963
1710778149.8081322,-1.4049220085144043
1710778149.8082454,-1.4073737462361653
1710778149.8083584,-1.4080741670396593
1710778149.8084717,-1.4066731929779053
1710778149.808585,-1.4049220085144043
1710778149.8086982,-1.401769717534383
1710778149.8088112,-1.397566795349121
1710778149.8089244,-1.3933638731638591
1710778149.8090377,-1.38881074057685
1710778149.809151,-1.384958028793335
1710778149.809264,-1.380755106608073
1710778149.8093772,-1.3762019740210638
1710778149.8094904,-1.3705980777740479
1710778149.8096037,-1.3632429970635307
1710778149.809717,-1.3544868098364935
1710778149.80983,-1.3436292277442083
1710778149.8099432,-1.3324214352501762
1710778149.8100564,-1.3208634323543973
1710778149.8101697,-1.3096556398603652
1710778149.8102827,-1.298447847366333
1710778149.810396,-1.2872399224175346
1710778149.8105092,-1.2781336572435167
1710778149.8106225,-1.2676262855529785
1710778149.8107355,-1.2553677293989394
1710778149.8108487,-1.2427589628431532
1710778149.810962,-1.2297999858856201
1710778149.8110752,-1.214389271206326
1710778149.8111885,-1.1982780032687717
1710778149.8113015,-1.1818165249294705
1710778149.8114147,-1.1650048361884222
1710778149.811528,-1.149243778652615
1710778149.8116412,-1.1327823003133137
1710778149.8117542,-1.1159706115722656
1710778149.8118675,-1.0984584358003404
1710778149.8119807,-1.080595983399285
1710778149.812094,-1.060281793276469
1710778149.812207,-1.0389169057210286
1710778149.8123202,-1.0172018077638414
1710778149.8124335,-0.9940856695175171
1710778149.8125467,-0.9702691104676988
1710778149.81266,-0.9478534592522515
1710778149.812773,-0.9264885716968112
1710778149.8128862,-0.905473960770501
1710778149.8129995,-0.8844592836168077
1710778149.8131127,-0.8644953701231215
1710778149.8132257,-0.8420797851350572
1710778149.813339,-0.8189636468887329
1710778149.8134522,-0.7951470878389146
1710778149.8135655,-0.7706299755308363
1710778149.8136785,-0.7461128632227579
1710778149.8137918,-0.7208953301111857
1710778149.813905,-0.6960280074013604
1710778149.8140182,-0.6711606846915351
1710778149.8141313,-0.6476943360434638
1710778149.8142445,-0.6231772237353854
1710778149.8143578,-0.5979596243964301
1710778149.814471,-0.5716913276248508
1710778149.8145843,-0.5443723003069559
1710778149.8146973,-0.5163527859581841
1710778149.8148105,-0.48658205403221977
1710778149.8149238,-0.4571615325080024
1710778149.815037,-0.426690313551161
1710778149.81515,-0.3976200355423821
1710778149.8152633,-0.36890003416273326
1710778149.8153765,-0.34018003278308445
1710778149.8154898,-0.3118102418051826
1710778149.8156028,-0.2823897533946567
1710778149.815716,-0.2515682743655311
1710778149.8158293,-0.22004630830552843
1710778149.8159425,-0.18852434224552578
1710778149.8160558,-0.1552511586083306
1710778149.8161688,-0.12302869723902808
1710778149.816282,-0.09115648766358693
1710778149.8163953,-0.05963452574279573
1710778149.8165085,-0.029513535814152822
1710778149.8166215,-0.0011437657910088699
1710778149.8167348,0.027581643727090623
1710778149.816848,0.05735821194118924
1710778149.8169613,0.0860838426484002
1710778149.8170743,0.11551010111967722
1710778149.8171875,0.14528666933377585
1710778149.8173008,0.17576386531194052
1710778149.817414,0.2051901320616404
1710778149.817527,0.23391576276885137
1710778149.8176403,0.2622910837332408
1710778149.8177536,0.289265149169498
1710778149.8178668,0.31553857856326634
1710778149.81798,0.34251266055636936
1710778149.818093,0.36983705229229397
1710778149.8182063,0.39716141091452706
1710778149.8183196,0.425887041621738
1710778149.8184328,0.45566363467110527
1710778149.8185458,0.4847395751211378
1710778149.818659,0.5127645863427056
1710778149.8187723,0.5400889449649386
1710778149.8188856,0.5670630269580417
1710778149.8189986,0.5919352504942152
1710778149.8191118,0.6157565116882324
1710778149.819225,0.6392274300257365
1710778149.8193383,0.6626983483632406
1710778149.8194516,0.6861693329281277
1710778149.8195646,0.7099905941221449
1710778149.8196778,0.7345124748018053
1710778149.819791,0.7579833931393093
1710778149.8199043,0.7807536919911702
1710778149.8200173,0.8035240570704142
1710778149.8201306,0.8248931169509888
1710778149.8202438,0.8448609378602769
1710778149.820357,0.8655293782552083
1710778149.82047,0.8847965796788533
1710778149.8205833,0.9058152967029147
1710778149.8206966,0.9268340799543593
1710778149.8208098,0.9485534164640639
1710778149.820923,0.9702728192011515
1710778149.821036,0.9919922219382392
1710778149.8211493,1.0123103194766574
1710778149.8212626,1.0315775209003024
1710778149.8213758,1.0494434833526611
1710778149.8214889,1.0666087600919936
1710778149.821602,1.0813219017452664
1710778149.8217154,1.0960350433985393
1710778149.8218286,1.111098461680942
1710778149.8219416,1.125811603334215
1710778149.8220549,1.1405246787601047
1710778149.822168,1.1552378866407607
1710778149.8222814,1.1692504088083904
1710778149.8223944,1.1822119024064806
1710778149.8225076,1.195173528459337
1710778149.8226209,1.2060332298278809
1710778149.822734,1.2151413493686252
1710778149.8228474,1.2245998117658827
1710778149.8229604,1.234408484564887
1710778149.8230736,1.2435166041056316
1710778149.8231869,1.2536757522159152
1710778149.8233001,1.2634844250149198
1710778149.8234131,1.2732932302686903
1710778149.8235264,1.2824013498094347
1710778149.8236396,1.2897578875223796
1710778149.8237529,1.2960635291205511
1710778149.823866,1.3009679317474365
1710778149.8239791,1.3037704096900091
1710778149.8240924,1.3051716486612956
1710778149.8242056,1.3072735733456082
1710778149.824319,1.3079741266038682
1710778149.824432,1.3086748123168945
1710778149.8245451,1.3107766045464408
1710778149.8246584,1.3107766045464408
1710778149.8247716,1.311126947402954
1710778149.8248847,1.3107766045464408
1710778149.824998,1.3083244694603813
1710778149.8251112,1.3044709629482694
1710778149.8252244,1.2999169031778972
1710778149.8253374,1.2939616044362385
1710778149.8254507,1.288356648551093
1710778149.825564,1.283452245924208
1710778149.8256772,1.2781976328955755
1710778149.8257904,1.2736435731252034
1710778149.8259034,1.268038484785292
1710778149.8260167,1.2624335289001465
1710778149.82613,1.2554272015889485
1710778149.8262432,1.2470197677612305
1710778149.8263562,1.2372109625074599
1710778149.8264694,1.225650707880656
1710778149.8265827,1.2144406636555989
1710778149.826696,1.203580962287055
1710778149.826809,1.1913200219472249
1710778149.8269222,1.1808106634351943
1710778149.8270354,1.1699509620666504
1710778149.8271487,1.1587410502963595
1710778149.8272617,1.1471806632147894
1710778149.827375,1.1342191696166992
1710778149.8274882,1.1198563045925565
1710778149.8276014,1.1044425434536405
1710778149.8277147,1.087977819972568
1710778149.8278277,1.0711628198623657
1710778149.827941,1.0550484392378066
1710778149.8280542,1.0375328196419609
1710778149.8281674,1.0214184390174017
1710778149.8282804,1.0060046778784857
1710778149.8283937,0.9891896777682834
1710778149.828507,0.9730752971437242
1710778149.8286202,0.9552094009187486
1710778149.8287332,0.9359421994951036
1710778149.8288465,0.9149234162436591
1710778149.8289597,0.8939046992195977
1710778149.829073,0.8728859159681532
1710778149.8291862,0.8504658937454224
1710778149.8292992,0.8297974533504909
1710778149.8294125,0.8084283934699165
1710778149.8295257,0.7867089907328287
1710778149.829639,0.7653399308522542
1710778149.829752,0.7425696320003933
1710778149.8298652,0.7190987136628892
1710778149.8299785,0.6938762134975857
1710778149.8300917,0.6676027509901259
1710778149.8302047,0.6406286689970229
1710778149.830318,0.6133043103747897
1710778149.8304312,0.58703084786733
1710778149.8305445,0.56040710873074
1710778149.8306577,0.5348342657089233
1710778149.8307707,0.5096117655436198
1710778149.830884,0.48403895563549465
1710778149.8309972,0.4574151833852132
1710778149.8311105,0.4300907916492886
1710778149.8312235,0.4017155037985908
1710778149.8313367,0.3719389107492235
1710778149.83145,0.34286297029919094
1710778149.8315632,0.3127361006206936
1710778149.8316762,0.2836601601706611
1710778149.8317895,0.2545842031637828
1710778149.8319027,0.2258585724565718
1710778149.832016,0.19713294174936083
1710778149.832129,0.16840731104214987
1710778149.8322423,0.13933135403527153
1710778149.8323555,0.10885416633552975
1710778149.8324687,0.07627509534358978
1710778149.832582,0.04439664797650443
1710778149.832695,0.012167888796991771
1710778149.8328083,-0.01970670082502895
1710778149.8329215,-0.050528177784548864
1710778149.8330348,-0.08134965267446306
1710778149.8331478,-0.11077015764183468
1710778149.833261,-0.1398404108153449
1710778149.8333743,-0.16785994172096252
1710778149.8334875,-0.19798093371921116
1710778149.8336005,-0.22775168220202127
1710778149.8337138,-0.25787265764342415
1710778149.833827,-0.2890443801879883
1710778149.8339403,-0.3198658757739597
1710778149.8340535,-0.34823563363817
1710778149.8341665,-0.37695563501781887
1710778149.8342798,-0.40427469544940525
1710778149.834393,-0.4298425051901075
1710778149.8345063,-0.45611080196168685
1710778149.8346193,-0.4820288552178277
1710778149.8347325,-0.5079469415876601
1710778149.8348458,-0.5352659689055549
1710778149.834959,-0.5632854832543267
1710778149.835072,-0.5906045436859131
1710778149.8351853,-0.6182738145192465
1710778149.8352985,-0.6459430853525797
1710778149.8354118,-0.6718611717224121
1710778149.8355248,-0.6970787048339844
1710778149.835638,-0.7219460275438097
1710778149.8357513,-0.7464631398518881
1710778149.8358645,-0.7713304625617133
1710778149.8359778,-0.7958475748697916
1710778149.8360908,-0.822816358672248
1710778149.836204,-0.8483841684129503
1710778149.8363173,-0.8739519781536526
1710778149.8364305,-0.8995197878943549
1710778149.8365436,-0.9233364131715562
1710778149.8366568,-0.9461022747887505
1710778149.83677,-0.9674671623441908
1710778149.8368833,-0.989182260301378
1710778149.8369963,-1.0094964504241943
1710778149.8371096,-1.0298105743196275
1710778149.8372228,-1.0494242774115667
1710778149.837336,-1.07008867793613
1710778149.8374493,-1.0914535654915702
1710778149.8375623,-1.1131686634487576
1710778149.8376756,-1.133482853571574
1710778149.8377888,-1.15309649043613
1710778149.837902,-1.1713091532389324
1710778149.838015,-1.1888213952382405
1710778149.8381283,-1.2052828735775418
1710778149.8382416,-1.221394141515096
1710778149.8383548,-1.237155066596137
1710778149.8384678,-1.2536165449354384
1710778149.838581,-1.2704282336764865
1710778149.8386943,-1.2854887379540336
1710778149.8388076,-1.300899452633328
1710778149.8389208,-1.314909193250868
1710778149.8390338,-1.3275180922614203
1710778149.839147,-1.3373249106936984
1710778149.8392603,-1.3467815187242296
1710778149.8393736,-1.3544868098364935
1710778149.8394866,-1.3600907060835097
1710778149.8395998,-1.3674459192487929
1710778149.839713,-1.3744507895575628
1710778149.8398263,-1.38180587026808
1710778149.8399394,-1.3895112938351102
1710778149.8400526,-1.396165821287367
1710778149.8401659,-1.4021200603908963
1710778149.840279,-1.4066731929779053
1710778149.840392,-1.4101756943596733
1710778149.8405054,-1.4122770892249212
1710778149.8406186,-1.4133278528849285
1710778149.8407319,-1.4136780632866752
1710778149.840845,-1.4143786165449355
1710778149.840958,-1.4143786165449355
1710778149.8410714,-1.4150790373484294
1710778149.8411846,-1.4147288269466824
1710778149.8412979,-1.4126272996266682
1710778149.8414109,-1.4105259047614203
1710778149.8415241,-1.4066731929779053
1710778149.8416374,-1.400368743472629
1710778149.8417506,-1.3926634523603652
1710778149.8418636,-1.384607818391588
1710778149.841977,-1.3758517636193168
1710778149.8420901,-1.3681463400522869
1710778149.8422034,-1.3593902852800157
1710778149.8423166,-1.3520350721147325
1710778149.8424296,-1.3453805446624756
1710778149.842543,-1.3366243574354384
1710778149.8426561,-1.3275180922614203
1710778149.8427694,-1.317010720570882
1710778149.8428824,-1.30580292807685
1710778149.8429956,-1.2931941615210638
1710778149.843109,-1.2798848417070177
1710778149.8432221,-1.2665755218929715
1710778149.8433352,-1.2525657812754314
1710778149.8434484,-1.2399570147196453
1710778149.8435616,-1.2273482481638591
1710778149.843675,-1.214739481608073
1710778149.8437881,-1.2007297409905326
1710778149.8439012,-1.1863696575164795
1710778149.8440144,-1.1699081791771782
1710778149.8441277,-1.152746280034383
1710778149.844241,-1.134533617231581
1710778149.844354,-1.1156204011705186
1710778149.8444672,-1.0956564876768324
1710778149.8445804,-1.07674327161577
1710778149.8446937,-1.057830121782091
1710778149.8448067,-1.0392671823501587
1710778149.84492,-1.0193032688564725
1710778149.8450332,-0.9993393553627862
1710778149.8451464,-0.9772739807764689
1710778149.8452594,-0.9548583295610216
1710778149.8453727,-0.9299910068511963
1710778149.845486,-0.9037227100796169
1710778149.8455992,-0.8785051769680446
1710778149.8457124,-0.8515363269382052
1710778149.8458254,-0.825968517197503
1710778149.8459387,-0.8007509840859307
1710778149.846052,-0.7755333847469753
1710778149.8461652,-0.75066606203715
1710778149.8462782,-0.7250982522964478
1710778149.8463914,-0.6977791918648614
1710778149.8465047,-0.6711606846915351
1710778149.846618,-0.6420903735690646
1710778149.846731,-0.6123196416431003
1710778149.8468442,-0.5832493967480129
1710778149.8469574,-0.5538289083374871
1710778149.8470707,-0.5251088738441467
1710778149.847184,-0.49673911597993636
1710778149.847297,-0.467668871084849
1710778149.8474102,-0.4392990801069471
1710778149.8475235,-0.40987859169642127
1710778149.8476367,-0.3794073396258884
1710778149.8477497,-0.34823563363817
1710778149.847863,-0.3149624334441291
1710778149.8479762,-0.2823897533946567
1710778149.8480895,-0.24946681327290005
1710778149.8482025,-0.2172443601820204
1710778149.8483157,-0.18572239412201774
1710778149.848429,-0.15595164563920763
1710778149.8485422,-0.12688138418727452
1710778149.8486555,-0.09746088749832577
1710778149.8487685,-0.06769013901551564
1710778149.8488817,-0.03791939467191696
1710778149.848995,-0.006747670575148529
1710778149.8491082,0.02442882913682196
1710778149.8492212,0.05525633692741394
1710778149.8493345,0.08678447041246626
1710778149.8494477,0.11761197613345252
1710778149.849561,0.14703823460472953
1710778149.849674,0.17646448479758367
1710778149.8497872,0.20483980576197305
1710778149.8499005,0.23496669199731615
1710778149.8500137,0.26439295874701607
1710778149.8501267,0.2955707576539781
1710778149.85024,0.32639827993181014
1710778149.8503532,0.3579264216952854
1710778149.8504665,0.38945453034506905
1710778149.8505797,0.4195814331372579
1710778149.8506927,0.45005861255857676
1710778149.850806,0.477733314037323
1710778149.8509192,0.5040067765447829
1710778149.8510325,0.5302802059385512
1710778149.8511455,0.5558530489603678
1710778149.8512588,0.5817761686113145
1710778149.851372,0.6069986687766181
1710778149.8514853,0.633272131284078
1710778149.8515983,0.6584946314493815
1710778149.8517115,0.6844177511003282
1710778149.8518248,0.7099905941221449
1710778149.851938,0.733461512459649
1710778149.8520513,0.756582154168023
1710778149.8521643,0.7790021763907539
1710778149.8522775,0.8017724752426147
1710778149.8523908,0.8245427740944756
1710778149.852504,0.8480136924319797
1710778149.852617,0.8714846769968668
1710778149.8527303,0.895305938190884
1710778149.8528435,0.9198278188705444
1710778149.8529568,0.9439993566936916
1710778149.8530698,0.9664193789164225
1710778149.853183,0.9884890582826402
1710778149.8532963,1.0088072220484416
1710778149.8534095,1.0284247001012166
1710778149.8535225,1.0469912820392184
1710778149.8536358,1.0659081406063504
1710778149.853749,1.084124379687839
1710778149.8538623,1.1037419239679973
1710778149.8539755,1.121958229276869
1710778149.8540885,1.1405246787601047
1710778149.8542018,1.1580403645833333
1710778149.854315,1.1745050218370225
1710778149.8544283,1.1895684401194255
1710778149.8545413,1.202880409028795
1710778149.8546546,1.2144406636555989
1710778149.8547678,1.2253003650241427
1710778149.854881,1.2354595131344266
1710778149.854994,1.2470197677612305
1710778149.8551073,1.257529126273261
1710778149.8552206,1.2676881419287787
1710778149.8553338,1.2778472900390625
1710778149.855447,1.28730575243632
1710778149.85556,1.295012633005778
1710778149.8556733,1.3020188278622098
1710778149.8557866,1.306923230489095
1710778149.8558998,1.311126947402954
1710778149.8560128,1.31427976820204
1710778149.856126,1.3177829318576388
1710778149.8562393,1.3205854098002117
1710778149.8563526,1.3237382305992973
1710778149.8564656,1.3275916046566434
1710778149.8565788,1.330043872197469
1710778149.856692,1.3317954540252686
1710778149.8568053,1.3324960072835286
1710778149.8569186,1.3314451111687553
1710778149.8570316,1.3286426332261827
1710778149.8571448,1.3244387838575575
1710778149.857258,1.3198847240871854
1710778149.8573713,1.3156810071733263
1710778149.8574843,1.310426394144694
1710778149.8575976,1.3072735733456082
1710778149.8577108,1.3037704096900091
1710778149.857824,1.2995666927761502
1710778149.857937,1.2943119472927518
1710778149.8580503,1.2894075446658664
1710778149.8581636,1.2810001108381484
1710778149.8582768,1.2736435731252034
1710778149.8583899,1.264185110727946
1710778149.858503,1.2547266483306885
1710778149.8586164,1.2456185287899442
1710778149.8587296,1.236860752105713
1710778149.8588428,1.2270519468519423
1710778149.8589559,1.218294170167711
1710778149.859069,1.2088357077704535
1710778149.8591824,1.1979760064019096
1710778149.8592956,1.1857150660620794
1710778149.8594086,1.1713522010379367
1710778149.8595219,1.1555882294972737
1710778149.859635,1.1398241255018446
1710778149.8597484,1.1233594682481554
1710778149.8598614,1.106894744767083
1710778149.8599746,1.0907803641425238
1710778149.8600879,1.0746659835179646
1710778149.8602011,1.0592522223790486
1710778149.8603144,1.0438384612401326
1710778149.8604274,1.0273737377590604
1710778149.8605406,1.0095078415340848
1710778149.8606539,0.9905909167395698
1710778149.8607671,0.9709734386867946
1710778149.8608801,0.9499546554353502
1710778149.8609934,0.9292862150404189
1710778149.8611066,0.9093184603585137
1710778149.86122,0.8890002965927124
1710778149.861333,0.8693828185399373
1710778149.8614461,0.849064654774136
1710778149.8615594,0.8283962143792046
1710778149.8616726,0.8063265350129869
1710778149.861786,0.783556236161126
1710778149.861899,0.7583336697684394
1710778149.8620121,0.7324105501174927
1710778149.8621254,0.7061371538374159
1710778149.8622386,0.6788127289877998
1710778149.8623517,0.6518386469946967
1710778149.862465,0.62591552734375
1710778149.8625782,0.5999924076928033
1710778149.8626914,0.5744195646709865
1710778149.8628044,0.5481461352772182
1710778149.8629177,0.5211720863978068
1710778149.863031,0.493147075176239
1710778149.8631442,0.4640711347262064
1710778149.8632572,0.4342945416768392
1710778149.8633704,0.40486829148398507
1710778149.8634837,0.3764929705195957
1710778149.863597,0.3477673398123847
1710778149.8637102,0.3207932909329732
1710778149.8638232,0.2934688991970486
1710778149.8639364,0.26684514350361294
1710778149.8640497,0.23952075176768833
1710778149.864163,0.2114957571029663
1710778149.864276,0.18277012639575535
1710778149.8643892,0.15334385964605543
1710778149.8645024,0.12216604418224758
1710778149.8646157,0.09273978571097057
1710778149.8647287,0.06191227585077286
1710778149.864842,0.03248601944910155
1710778149.8649552,0.0034100740837554135
1710778149.8650684,-0.024610118319590885
1710778149.8651817,-0.05333013004726834
1710778149.8652947,-0.08134965267446306
1710778149.865408,-0.11041991412639618
1710778149.8655212,-0.14019065433078343
1710778149.8656344,-0.17066188984447056
1710778149.8657475,-0.20078288184271917
1710778149.8658607,-0.22985314329465228
1710778149.865974,-0.2592736482620239
1710778149.8660872,-0.28764340612623424
1710778149.8662002,-0.31391170289781356
1710778149.8663135,-0.33982978926764595
1710778149.8664267,-0.3657478425237867
1710778149.86654,-0.39166589577992755
1710778149.8666532,-0.4186346795823839
1710778149.8667662,-0.44560349649853176
1710778149.8668795,-0.47362301084730357
1710778149.8669927,-0.5019927687115139
1710778149.867106,-0.5300123161739773
1710778149.867219,-0.5573313103781806
1710778149.8673322,-0.58394988377889
1710778149.8674455,-0.6102181805504693
1710778149.8675587,-0.6350855032602946
1710778149.8676717,-0.6599528259701198
1710778149.867785,-0.6858709123399522
1710778149.8678982,-0.7103880246480306
1710778149.8680115,-0.7359558343887329
1710778149.8681245,-0.7625743415620592
1710778149.8682377,-0.7874416642718844
1710778149.868351,-0.8119587765799628
1710778149.8684642,-0.8350749148262872
1710778149.8685775,-0.8574904998143513
1710778149.8686905,-0.8778046899371676
1710778149.8688037,-0.8981188138326008
1710778149.868917,-0.9187832143571641
1710778149.8690302,-0.9383968512217203
1710778149.8691432,-0.9597618050045437
1710778149.8692565,-0.980776415930854
1710778149.8693697,-1.0038925541771782
1710778149.869483,-1.0252574417326186
1710778149.869596,-1.0462720526589286
1710778149.8697093,-1.066235966152615
1710778149.8698225,-1.0861998796463013
1710778149.8699358,-1.1044125424491034
1710778149.870049,-1.1215745078192816
1710778149.870162,-1.138035986158583
1710778149.8702753,-1.155548228157891
1710778149.8703885,-1.1723599168989394
1710778149.8705018,-1.1895218160417345
1710778149.8706148,-1.2066838476392958
1710778149.870728,-1.22279511557685
1710778149.8708413,-1.238556040657891
1710778149.8709545,-1.2518653604719374
1710778149.8710675,-1.2637735737694633
1710778149.8711808,-1.2735803922017415
1710778149.871294,-1.2840877638922796
1710778149.8714073,-1.2928438186645508
1710778149.8715203,-1.301249795489841
1710778149.8716335,-1.3110566139221191
1710778149.8717468,-1.3205132219526503
1710778149.87186,-1.3289190663231742
1710778149.8719733,-1.3369745678371854
1710778149.8720863,-1.3429288069407146
1710778149.8721995,-1.3485327031877306
1710778149.8723128,-1.3520350721147325
1710778149.872426,-1.3541365994347465
1710778149.872539,-1.3558877838982475
1710778149.8726523,-1.3562379942999945
1710778149.8727655,-1.3572887579600017
1710778149.8728788,-1.3590399424235027
1710778149.8729918,-1.3600907060835097
1710778149.873105,-1.3625424438052707
1710778149.8732183,-1.3639434178670247
1710778149.8733315,-1.3642936282687717
1710778149.8734448,-1.3632429970635307
1710778149.8735578,-1.3614916801452637
1710778149.873671,-1.3583395216200087
1710778149.8737843,-1.3555375734965007
1710778149.8738976,-1.3513346513112385
1710778149.8740106,-1.3485327031877306
1710778149.8741238,-1.3464311758677165
1710778149.874237,-1.3429288069407146
1710778149.8743503,-1.3401268588172064
1710778149.8744633,-1.3355735937754314
1710778149.8745766,-1.3296194871266682
1710778149.8746898,-1.3233151700761583
1710778149.874803,-1.314558982849121
1710778149.8749163,-1.304051743613349
1710778149.8750293,-1.2931941615210638
1710778149.8751426,-1.2826867898305256
1710778149.8752558,-1.2721794181399875
1710778149.875369,-1.2623725997077093
1710778149.875482,-1.2518653604719374
1710778149.8755953,-1.2424087524414062
1710778149.8757086,-1.231551170349121
1710778149.8758218,-1.219642824596829
1710778149.8759348,-1.2070340580410428
1710778149.876048,-1.1926741070217557
1710778149.8761613,-1.1769130494859483
1710778149.8762746,-1.1618525452084012
1710778149.8763876,-1.1453910668690999
1710778149.8765008,-1.1299803521898057
1710778149.876614,-1.1138692167070177
1710778149.8767273,-1.0981081591712103
1710778149.8768406,-1.080946193801032
1710778149.8769536,-1.0634340180291069
1710778149.8770669,-1.0441705915662978
1710778149.87718,-1.0224554273817275
1710778149.8772933,-1.0000398423936632
1710778149.8774064,-0.9758730067147149
1710778149.8775196,-0.9524066580666436
1710778149.8776329,-0.9282398223876953
1710778149.877746,-0.905123684141371
1710778149.877859,-0.8834085861841837
1710778149.8779724,-0.8606427245669894
1710778149.8780856,-0.8385773499806721
1710778149.8781989,-0.8161616987652248
1710778149.878312,-0.7930456267462836
1710778149.8784251,-0.7685285144382052
1710778149.8785384,-0.74331091509925
1710778149.8786516,-0.7173928949568007
1710778149.8787649,-0.6914748085869683
1710778149.8788779,-0.666257275475396
1710778149.8789911,-0.6396387020746866
1710778149.8791044,-0.6137206157048544
1710778149.8792176,-0.588152805964152
1710778149.8793306,-0.5625849962234497
1710778149.879444,-0.5345654818746779
1710778149.8795571,-0.5051449603504604
1710778149.8796704,-0.4746737413936191
1710778149.8797836,-0.4442025224367777
1710778149.8798966,-0.4116298092736138
1710778149.88001,-0.3801078597704569
1710778149.8801231,-0.34893612066904706
1710778149.8802364,-0.31881514522764415
1710778149.8803494,-0.2890443801879883
1710778149.8804626,-0.2599741352929009
1710778149.880576,-0.2305536303255293
1710778149.8806891,-0.2018336123890347
1710778149.8808022,-0.17136237687534756
1710778149.8809154,-0.14089114136166042
1710778149.8810287,-0.11041991412639618
1710778149.881142,-0.07854770455095503
1710778149.881255,-0.04877696020735635
1710778149.8813682,-0.019006213794151943
1710778149.8814814,0.009715700935986307
1710778149.8815947,0.037390395171112485
1710778149.881708,0.06471477862861422
1710778149.881821,0.09238946768972608
1710778149.8819342,0.12111510667535993
1710778149.8820474,0.15054136514663696
1710778149.8821607,0.17926699585384792
1710778149.8822737,0.21044481131765577
1710778149.882387,0.2398710780673557
1710778149.8825002,0.27034827404552036
1710778149.8826134,0.29907388819588554
1710778149.8827264,0.32709889941745335
1710778149.8828397,0.3547736008961995
1710778149.882953,0.38279861211776733
1710778149.8830662,0.4104733135965135
1710778149.8831794,0.43919894430372447
1710778149.8832924,0.46827488475375706
1710778149.8834057,0.49805144468943274
1710778149.883519,0.5281783474816216
1710778149.8836322,0.5572542879316542
1710778149.8837452,0.5856296088960435
1710778149.8838584,0.6129539675182766
1710778149.8839717,0.6388770871692233
1710778149.884085,0.6640995873345269
1710778149.884198,0.6893221537272135
1710778149.8843112,0.7145446538925171
1710778149.8844244,0.7408180501725938
1710778149.8845377,0.7663908931944106
1710778149.884651,0.7930146323310004
1710778149.884764,0.8192880948384602
1710778149.8848772,0.845211214489407
1710778149.8849905,0.8707840575112237
1710778149.8851037,0.895305938190884
1710778149.8852167,0.9177259604136149
1710778149.88533,0.9401459164089626
1710778149.8854432,0.9615149762895372
1710778149.8855565,0.983584721883138
1710778149.8856695,1.0056544012493558
1710778149.8857827,1.0270234611299303
1710778149.885896,1.0501441028383043
1710778149.8860092,1.0701119237475925
1710778149.8861222,1.091130640771654
1710778149.8862355,1.1093469460805256
1710778149.8863487,1.126161946190728
1710778149.886462,1.1419260501861572
1710778149.8865752,1.1552378866407607
1710778149.8866882,1.1689000659518771
1710778149.8868015,1.1818615595499675
1710778149.8869147,1.19552387131585
1710778149.887028,1.2091860506269667
1710778149.887141,1.2224978870815701
1710778149.8872542,1.2351091702779133
1710778149.8873675,1.2484210067325168
1710778149.8874807,1.2582298119862874
1710778149.8875937,1.2690895133548312
1710778149.887707,1.2774969471825492
1710778149.8878202,1.2855541706085205
1710778149.8879335,1.2929107083214653
1710778149.8880467,1.3002672460344102
1710778149.8881598,1.3086748123168945
1710778149.888273,1.3156810071733263
1710778149.8883862,1.3230375448862712
1710778149.8884995,1.330043872197469
1710778149.8886125,1.3356488280826144
1710778149.8887258,1.3398525449964735
1710778149.888839,1.3419544696807861
1710778149.8889523,1.3426551553938124
1710778149.8890653,1.3419544696807861
1710778149.8891785,1.3409035735660129
1710778149.8892918,1.3402028878529866
1710778149.889405,1.3388016488817003
1710778149.889518,1.3381010956234403
1710778149.8896313,1.3370500670539007
1710778149.8897445,1.3349482748243544
1710778149.8898578,1.3331966929965549
1710778149.889971,1.329693529340956
1710778149.890084,1.3251394695705838
1710778149.8901973,1.3191841708289251
1710778149.8903105,1.3132288720872667
1710778149.8904238,1.3072735733456082
1710778149.8905368,1.3013182746039496
1710778149.89065,1.2964138719770644
1710778149.8907633,1.291509469350179
1710778149.8908765,1.2866050667232938
1710778149.8909895,1.2817006640964084
1710778149.8911028,1.2739937835269504
1710778149.891216,1.2662869029574924
1710778149.8913293,1.2561278873019748
1710778149.8914425,1.2442172898186576
1710778149.8915555,1.2326569027370877
1710778149.8916688,1.2196954091389973
1710778149.891782,1.2067337830861409
1710778149.8918953,1.1937722894880507
1710778149.8920083,1.180460320578681
1710778149.8921216,1.1671484841240776
1710778149.8922348,1.1527856190999348
1710778149.892348,1.1370216475592718
1710778149.892461,1.1198563045925565
1710778149.8925743,1.1009394460254245
1710778149.8926876,1.0806212822596233
1710778149.8928008,1.060653461350335
1710778149.892914,1.0389340586132474
1710778149.893027,1.0189662377039592
1710778149.8931403,0.9979475206798977
1710778149.8932536,0.9779796997706095
1710778149.8933668,0.9576615360048082
1710778149.8934798,0.9369930956098769
1710778149.893593,0.9149234162436591
1710778149.8937063,0.8911021550496419
1710778149.8938196,0.8672808938556247
1710778149.8939326,0.8406571547190348
1710778149.8940458,0.8150843116972182
1710778149.894159,0.7895115349027846
1710778149.8942723,0.7632380723953247
1710778149.8943853,0.7380155722300211
1710778149.8944986,0.7127930720647176
1710778149.8946118,0.6879208485285441
1710778149.894725,0.6619977288775973
1710778149.8948383,0.6357242663701376
1710778149.8949513,0.6076992882622613
1710778149.8950646,0.5786233478122287
1710778149.8951778,0.5488467878765529
1710778149.895291,0.5204714669121636
1710778149.895404,0.49104518360561794
1710778149.8955173,0.4630202054977417
1710778149.8956306,0.4349951942761739
1710778149.8957438,0.40802111228307086
1710778149.8958569,0.3803464108043247
1710778149.89597,0.35337236192491317
1710778149.8960834,0.32429642147488064
1710778149.8961966,0.29487013816833496
1710778149.8963099,0.2640426324473487
1710778149.8964229,0.2335654530260298
1710778149.896536,0.20098638203408983
1710778149.8966494,0.17085949579874674
1710778149.8967626,0.14073260956340367
1710778149.8968756,0.11130635109212664
1710778149.8969889,0.08223041064209408
1710778149.897102,0.052804148031605616
1710778149.8972154,0.023027579817507002
1710778149.8973284,-0.0070979151253898936
1710778149.8974416,-0.03756914701726701
1710778149.8975549,-0.06874086956183116
1710778149.8976681,-0.1002628356218338
1710778149.8977814,-0.13213504519727495
1710778149.8978944,-0.1619057854016622
1710778149.8980076,-0.1906258033381568
1710778149.8981209,-0.2196960647900899
1710778149.8982341,-0.24841608272658453
1710778149.8983471,-0.27573511004447937
1710778149.8984604,-0.30410488446553546
1710778149.8985736,-0.3328248858451843
1710778149.898687,-0.36294589440027875
1710778149.8988,-0.39271662632624305
1710778149.8989131,-0.42353812191221446
1710778149.8990264,-0.4526083668073018
1710778149.8991396,-0.4813283681869507
1710778149.8992527,-0.5093479156494141
1710778149.899366,-0.5356162124209933
1710778149.8994792,-0.5615342987908257
1710778149.8995924,-0.5885030825932821
1710778149.8997056,-0.6154718663957384
1710778149.8998187,-0.6424406501981947
1710778149.899932,-0.669409434000651
1710778149.9000452,-0.6991801659266154
1710778149.9001584,-0.7271997133890787
1710778149.9002714,-0.7538182867897881
1710778149.9003847,-0.7807870705922444
1710778149.900498,-0.8063548803329468
1710778149.9006112,-0.8312222030427721
1710778149.9007242,-0.8557393153508503
1710778149.9008374,-0.8802563614315456
1710778149.9009507,-0.904072986708747
1710778149.901064,-0.9289403094185723
1710778149.9011772,-0.9545081191592746
1710778149.9012902,-0.9790251652399699
1710778149.9014034,-1.0028417905171711
1710778149.9015167,-1.0252574417326186
1710778149.90163,-1.0462720526589286
1710778149.901743,-1.065185268719991
1710778149.9018562,-1.0830476548936632
1710778149.9019694,-1.0998594098620944
1710778149.9020827,-1.1170213752322726
1710778149.9021957,-1.1338330639733207
1710778149.902309,-1.151345305972629
1710778149.9024222,-1.1695579687754314
1710778149.9025354,-1.1860194471147325
1710778149.9026487,-1.2038818995157878
1710778149.9027617,-1.219642824596829
1710778149.902875,-1.233652565214369
1710778149.9029882,-1.2473120954301622
1710778149.9031014,-1.2599209944407146
1710778149.9032145,-1.2714789973364935
1710778149.9033277,-1.2826867898305256
1710778149.903441,-1.2945951355828178
1710778149.9035542,-1.305452717675103
1710778149.9036672,-1.315959956910875
1710778149.9037805,-1.3275180922614203
1710778149.9038937,-1.3362741470336914
1710778149.904007,-1.3439795706007216
1710778149.90412,-1.3492331239912245
1710778149.9042332,-1.3537863890329997
1710778149.9043465,-1.3569385475582547
1710778149.9044597,-1.3590399424235027
1710778149.904573,-1.3611414697435167
1710778149.904686,-1.364643971125285
1710778149.9047992,-1.3681463400522869
1710778149.9049125,-1.3726994726392958
1710778149.9050257,-1.3765521844228108
1710778149.9051387,-1.380054685804579
1710778149.905252,-1.38250642352634
1710778149.9053652,-1.384257607989841
1710778149.9054785,-1.384257607989841
1710778149.9055915,-1.383907397588094
1710778149.9057047,-1.382856633928087
1710778149.905818,-1.380404896206326
1710778149.9059312,-1.379003922144572
1710778149.9060445,-1.3769023948245578
1710778149.9061575,-1.3737502362993028
1710778149.9062707,-1.3709482881757948
1710778149.906384,-1.3663951555887859
1710778149.9064972,-1.3600907060835097
1710778149.9066103,-1.3520350721147325
1710778149.9067235,-1.3415278328789604
1710778149.9068367,-1.3317210144466824
1710778149.90695,-1.3205132219526503
1710778149.907063,-1.3100058502621121
1710778149.9071763,-1.300549242231581
1710778149.9072895,-1.2903922133975558
1710778149.9074028,-1.2816360261705186
1710778149.9075158,-1.2728799713982475
1710778149.907629,-1.2637735737694633
1710778149.9077423,-1.2529159916771782
1710778149.9078555,-1.2413579887813992
1710778149.9079688,-1.2287492222256131
1710778149.9080818,-1.214389271206326
1710778149.908195,-1.2007297409905326
1710778149.9083083,-1.1867198679182265
1710778149.9084215,-1.1723599168989394
1710778149.9085345,-1.157299412621392
1710778149.9086478,-1.143289672003852
1710778149.908761,-1.1275286144680448
1710778149.9088743,-1.1103667153252494
1710778149.9089873,-1.0918037758933172
1710778149.9091005,-1.071489651997884
1710778149.9092138,-1.0504749748441908
1710778149.909327,-1.0284096002578735
1710778149.9094403,-1.0056437386406791
1710778149.9095533,-0.982877877023485
1710778149.9096665,-0.9611627790662978
1710778149.9097798,-0.9401481019126045
1710778149.909893,-0.9187832143571641
1710778149.910006,-0.8967178397708468
1710778149.9101193,-0.8743021885553995
1710778149.9102325,-0.8494348658455743
1710778149.9103458,-0.824567543135749
1710778149.9104588,-0.7989997333950466
1710778149.910572,-0.7730817132525973
1710778149.9106853,-0.7464631398518881
1710778149.9107985,-0.7205450534820557
1710778149.9109118,-0.6953275203704834
1710778149.9110248,-0.6704601976606581
1710778149.911138,-0.6462933619817098
1710778149.9112513,-0.6207254860136244
1710778149.9113646,-0.5948074658711752
1710778149.9114776,-0.5681888924704658
1710778149.9115908,-0.5412201086680094
1710778149.911704,-0.512149863772922
1710778149.9118173,-0.4844805598258972
1710778149.9119303,-0.45646104547712535
1710778149.9120436,-0.42879177464379203
1710778149.9121568,-0.4025234778722127
1710778149.91227,-0.37660539150238037
1710778149.912383,-0.35033709473080105
1710778149.9124963,-0.3233683109283447
1710778149.9126096,-0.2956990400950114
1710778149.9127228,-0.266278518570794
1710778149.912836,-0.23755851719114515
1710778149.912949,-0.20743752519289652
1710778149.9130623,-0.17731653319464788
1710778149.9131756,-0.1485965152581533
1710778149.9132888,-0.11987650560008155
1710778149.9134018,-0.09185697469446394
1710778149.913515,-0.06488818675279617
1710778149.9136283,-0.038269638187355466
1710778149.9137416,-0.010600355971190665
1710778149.9138546,0.017422578401035733
1710778149.9139678,0.046848836872312755
1710778149.914081,0.07662540508641137
1710778149.9141943,0.10710260106457604
1710778149.9143076,0.13687916927867466
1710778149.9144206,0.16665574577119616
1710778149.9145339,0.1957316862212287
1710778149.914647,0.22270575165748596
1710778149.9147604,0.25073076287905377
1710778149.9148734,0.27840544780095416
1710778149.9149866,0.30678076876534355
1710778149.9150999,0.3355063994725545
1710778149.915213,0.36598361200756496
1710778149.915326,0.3957601719432407
1710778149.9154394,0.425887041621738
1710778149.9155526,0.45566363467110527
1710778149.9156659,0.4843892653783162
1710778149.915779,0.5117136240005493
1710778149.9158921,0.5379870865080092
1710778149.9160054,0.5639102061589559
1710778149.9161186,0.5887824296951294
1710778149.9162319,0.6147055493460761
1710778149.916345,0.6402783923678927
1710778149.9164581,0.6662015120188395
1710778149.9165714,0.6921246316697862
1710778149.9166846,0.718047751320733
1710778149.9167976,0.7432702514860365
1710778149.916911,0.76814247502221
1710778149.9170241,0.791263116730584
1710778149.9171374,0.8133327960968018
1710778149.9172504,0.8354024754630195
1710778149.9173636,0.856771535343594
1710778149.917477,0.8788412147098117
1710778149.9175901,0.9009108940760294
1710778149.9177034,0.9247321552700466
1710778149.9178164,0.9464515580071343
1710778149.9179296,0.9688715802298652
1710778149.918043,0.9902406401104397
1710778149.9181561,1.010208461019728
1710778149.9182692,1.0284247001012166
1710778149.9183824,1.0459403196970622
1710778149.9184957,1.0613540808359783
1710778149.918609,1.0767678419748943
1710778149.918722,1.0928822225994534
1710778149.9188352,1.1093469460805256
1710778149.9189484,1.1251109176211886
1710778149.9190617,1.1394737826453314
1710778149.919175,1.1548875437842474
1710778149.919288,1.1689000659518771
1710778149.9194012,1.180460320578681
1710778149.9195144,1.1920207076602511
1710778149.9196277,1.2014791700575087
1710778149.9197407,1.210587289598253
1710778149.919854,1.218994723425971
1710778149.9199672,1.2284531858232286
1710778149.9200804,1.2372109625074599
1710778149.9201934,1.2470197677612305
1710778149.9203067,1.256478230158488
1710778149.92042,1.2655863496992323
1710778149.9205332,1.272942887412177
1710778149.9206464,1.280299425125122
1710778149.9207594,1.2852038277520073
1710778149.9208727,1.2897578875223796
1710778149.920986,1.2929107083214653
1710778149.9210992,1.2967642148335774
1710778149.9212122,1.3002672460344102
1710778149.9213254,1.3041207525465224
1710778149.9214387,1.3079741266038682
1710778149.921552,1.3114772902594671
1710778149.921665,1.3149804539150662
1710778149.9217782,1.3163816928863525
1710778149.9218915,1.3167319032880995
1710778149.9220047,1.3156810071733263
1710778149.9221177,1.3135792149437797
1710778149.922231,1.310426394144694
1710778149.9223442,1.3072735733456082
1710778149.9224575,1.3044709629482694
1710778149.9225707,1.3023691707187228
1710778149.9226837,1.2999169031778972
1710778149.922797,1.2974647680918376
1710778149.9229102,1.2939616044362385
1710778149.9230235,1.2890573342641194
1710778149.9231365,1.283452245924208
1710778149.9232497,1.2750448120964897
1710778149.923363,1.2662869029574924
1710778149.9234762,1.256828573015001
1710778149.9235892,1.2470197677612305
1710778149.9237025,1.236860752105713
1710778149.9238157,1.2274022897084553
1710778149.923929,1.2172431415981717
1710778149.9240422,1.2060332298278809
1710778149.9241552,1.195173528459337
1710778149.9242685,1.1822119024064806
1710778149.9243817,1.1674988269805908
1710778149.924495,1.1513843801286485
1710778149.924608,1.1349197228749592
1710778149.9247212,1.117754379908244
1710778149.9248345,1.1009394460254245
1710778149.9249477,1.0851753420299954
1710778149.9250607,1.068360341919793
1710778149.925174,1.052596304151747
1710778149.9252872,1.0361315806706746
1710778149.9254005,1.0193165805604723
1710778149.9255135,1.0011003414789836
1710778149.9256268,0.9814827971988254
1710778149.92574,0.9597634606891208
1710778149.9258533,0.93769371509552
1710778149.9259665,0.9149234162436591
1710778149.9260795,0.8918027745352851
1710778149.9261928,0.8697330951690674
1710778149.926306,0.8480136924319797
1710778149.9264193,0.8248931169509888
1710778149.9265323,0.8017724752426147
1710778149.9266455,0.7786518335342407
1710778149.9267588,0.7537796099980671
1710778149.926872,0.7275062137179904
1710778149.926985,0.7001817888683742
1710778149.9270983,0.6718064679039849
1710778149.9272115,0.6444821092817519
1710778149.9273248,0.6164571311738756
1710778149.927438,0.5898333258099026
1710778149.927551,0.5628593100441827
1710778149.9276643,0.5369361572795444
1710778149.9277775,0.5106626947720846
1710778149.9278908,0.48403895563549465
1710778149.9280038,0.45566363467110527
1710778149.928117,0.42763862344953746
1710778149.9282303,0.3985626829995049
1710778149.9283435,0.3684357802073161
1710778149.9284565,0.3400604592429267
1710778149.9285698,0.31133482853571576
1710778149.928683,0.28401046991348267
1710778149.9287963,0.25703638792037964
1710778149.9289095,0.23076294196976554
1710778149.9290226,0.2034385667906867
1710778149.9291358,0.1761141750547621
1710778149.929249,0.1477388540903727
1710778149.9293623,0.11761197613345252
1710778149.9294753,0.0860838426484002
1710778149.9295886,0.05560665080944697
1710778149.9297018,0.02442882913682196
1710778149.929815,-0.005696938476628727
1710778149.929928,-0.035817929440074496
1710778149.9300413,-0.06593891729911168
1710778149.9301546,-0.09570966164271036
1710778149.9302678,-0.1254804101255205
1710778149.9303808,-0.15560140212376913
1710778149.930494,-0.18747361169921026
1710778149.9306073,-0.2189955777592129
1710778149.9307206,-0.25086778733465404
1710778149.9308338,-0.2841409709718492
1710778149.9309468,-0.3146121899286906
1710778149.93106,-0.344032711452908
1710778149.9311733,-0.37310295634799534
1710778149.9312866,-0.4007722602950202
1710778149.9313996,-0.42844153112835354
1710778149.9315128,-0.45611080196168685
1710778149.931626,-0.4841303163104587
1710778149.9317393,-0.5132005943192376
1710778149.9318523,-0.542971326245202
1710778149.9319656,-0.5737927887174818
1710778149.9320788,-0.6035635868708292
1710778149.932192,-0.6329840421676636
1710778149.9323053,-0.6613538000318739
1710778149.9324183,-0.6897236241234673
1710778149.9325316,-0.7173928949568007
1710778149.9326448,-0.744361678759257
1710778149.932758,-0.7713304625617133
1710778149.932871,-0.7989997333950466
1710778149.9329844,-0.826318793826633
1710778149.9330976,-0.8532875776290894
1710778149.9332108,-0.8799061510297987
1710778149.9333239,-0.905473960770501
1710778149.933437,-0.9296407964494493
1710778149.9335504,-0.9520563814375136
1710778149.9336636,-0.9727207819620768
1710778149.9337769,-0.9930349720848931
1710778149.9338899,-1.0122983985477023
1710778149.934003,-1.0319120354122586
1710778149.9341164,-1.0518759489059448
1710778149.9342296,-1.0725403494305081
1710778149.9343426,-1.0928545395533245
1710778149.9344559,-1.1138692167070177
1710778149.9345691,-1.134883827633328
1710778149.9346824,-1.154147254096137
1710778149.9347954,-1.1727101273006864
1710778149.9349086,-1.1895218160417345
1710778149.9350219,-1.2056330839792888
1710778149.9351351,-1.221744351916843
1710778149.9352481,-1.23680485619439
1710778149.9353614,-1.2525657812754314
1710778149.9354746,-1.2676262855529785
1710778149.935588,-1.2826867898305256
1710778149.9357011,-1.2966965304480658
1710778149.9358141,-1.309305297003852
1710778149.9359274,-1.31981266869439
1710778149.9360406,-1.3285687234666612
1710778149.936154,-1.3359239366319444
1710778149.936267,-1.3429288069407146
1710778149.9363801,-1.3485327031877306
1710778149.9364934,-1.3544868098364935
1710778149.9366066,-1.3604410489400227
1710778149.9367197,-1.3677961296505399
1710778149.936833,-1.3744507895575628
1710778149.9369462,-1.3811053170098198
1710778149.9370594,-1.387409766515096
1710778149.9371727,-1.3916126887003581
1710778149.9372857,-1.3954654004838731
1710778149.937399,-1.3979171382056341
1710778149.9375122,-1.399668322669135
1710778149.9376254,-1.4007190863291423
1710778149.9377384,-1.4024702707926433
1710778149.9378517,-1.4038712448543973
1710778149.937965,-1.4056224293178983
1710778149.9380782,-1.4077239566379123
1710778149.9381912,-1.4094751411014133
1710778149.9383044,-1.4084243774414062
1710778149.9384177,-1.4063229825761583
1710778149.938531,-1.40282048119439
1710778149.9386442,-1.398617559009128
1710778149.9387572,-1.3933638731638591
1710778149.9388704,-1.387409766515096
1710778149.9389837,-1.38180587026808
1710778149.939097,-1.3751512103610568
1710778149.93921,-1.3702478673723009
1710778149.9393232,-1.3632429970635307
1710778149.9394364,-1.3565883371565077
1710778149.9395497,-1.3478321499294705
1710778149.9396627,-1.3373249106936984
1710778149.939776,-1.3254165649414062
1710778149.9398892,-1.3117570347256131
1710778149.9400024,-1.297397083706326
1710778149.9401155,-1.2830370002322726
1710778149.9402287,-1.2669258647494845
1710778149.940342,-1.2525657812754314
1710778149.9404552,-1.2392565939161513
1710778149.9405684,-1.224196089638604
1710778149.9406815,-1.2091355853610568
1710778149.9407947,-1.1919735537634955
1710778149.940908,-1.1748116546207004
1710778149.9410212,-1.155898438559638
1710778149.9411342,-1.135234038035075
1710778149.9412475,-1.1149198479122586
1710778149.9413607,-1.0942555136150784
1710778149.941474,-1.0739413234922621
1710778149.941587,-1.053627199596829
1710778149.9417002,-1.0340134965048895
1710778149.9418135,-1.0140495830112033
1710778149.9419267,-0.9923344850540161
1710778149.94204,-0.9702691104676988
1710778149.942153,-0.9461022747887505
1710778149.9422662,-0.9219354391098022
1710778149.9423795,-0.8963676293690999
1710778149.9424927,-0.8704495429992676
1710778149.9426057,-0.8441812462276882
1710778149.942719,-0.8193139235178629
1710778149.9428322,-0.7940963241789076
1710778149.9429455,-0.7706299755308363
1710778149.9430585,-0.7464631398518881
1710778149.9431717,-0.7215958171420627
1710778149.943285,-0.6960280074013604
1710778149.9433982,-0.669409434000651
1710778149.9435112,-0.6417401631673177
1710778149.9436245,-0.6133704053031074
1710778149.9437377,-0.585701134469774
1710778149.943851,-0.5569810999764336
1710778149.9439642,-0.5296620726585388
1710778149.9440773,-0.5023430122269524
1710778149.9441905,-0.4750239849090576
1710778149.9443038,-0.4480552011066013
1710778149.944417,-0.4196854101286994
1710778149.94453,-0.38991467820273507
1710778149.9446433,-0.3597937027613322
1710778149.9447565,-0.3286219636599223
1710778149.9448698,-0.2974502576722039
1710778149.9449828,-0.26487754450904
1710778149.945096,-0.23440630899535284
1710778149.9452093,-0.205686307615704
1710778149.9453225,-0.17661604616377088
1710778149.9454358,-0.14824627174271476
1710778149.9455488,-0.12057699263095856
1710778149.945662,-0.09150673117902544
1710778149.9457753,-0.0624364780055152
1710778149.9458885,-0.0323154880768723
1710778149.9460015,-0.0021944978895286718
1710778149.9461148,0.02793195553951793
1710778149.946228,0.05805883970525529
1710778149.9463413,0.08748509817653231
1710778149.9464543,0.11761197613345252
1710778149.9465675,0.14528666933377585
1710778149.9466808,0.1736619902981652
1710778149.946794,0.2020373112625546
1710778149.9469073,0.23181388775507608
1710778149.9470203,0.2619407574335734
1710778149.9471335,0.29276827971140545
1710778149.9472468,0.3249970409605238
1710778149.94736,0.3561748398674859
1710778149.947473,0.3873526718881395
1710778149.9475863,0.4171292318238152
1710778149.9476995,0.44620517227384776
1710778149.9478128,0.47423018349541557
1710778149.9479258,0.5022551947169833
1710778149.948039,0.5292292767100863
1710778149.9481523,0.556553668446011
1710778149.9482656,0.5849289894104004
1710778149.9483786,0.6129539675182766
1710778149.9484918,0.6402783923678927
1710778149.948605,0.668303370475769
1710778149.9487183,0.6949271096123589
1710778149.9488316,0.7208502292633057
1710778149.9489446,0.7443212138281928
1710778149.9490578,0.7674418555365669
1710778149.949171,0.7895115349027846
1710778149.9492843,0.8126321766111586
1710778149.9493973,0.8350521326065063
1710778149.9495106,0.8581727743148804
1710778149.9496238,0.8809431393941243
1710778149.949737,0.9037134382459853
1710778149.94985,0.926133460468716
1710778149.9499633,0.9471521774927775
1710778149.9500766,0.9667697217729356
1710778149.9501898,0.9856865803400675
1710778149.950303,1.00250158045027
1710778149.950416,1.0196669234169853
1710778149.9505293,1.0361315806706746
1710778149.9506426,1.0529465807808769
1710778149.9507558,1.0694113042619493
1710778149.9508688,1.0865765810012817
1710778149.950982,1.1023406849967108
1710778149.9510953,1.118104722764757
1710778149.9512086,1.1324675877888997
1710778149.9513216,1.145779424243503
1710778149.9514349,1.15698946846856
1710778149.951548,1.1681993802388508
1710778149.9516613,1.1783585283491347
1710778149.9517746,1.1892182297176785
1710778149.9518876,1.2000779310862224
1710778149.9520009,1.211287842856513
1710778149.952114,1.2228482299380832
1710778149.9522274,1.234408484564887
1710778149.9523404,1.244567632675171
1710778149.9524536,1.2547266483306885
1710778149.9525669,1.2631340821584065
1710778149.95268,1.2694397237565782
1710778149.9527931,1.2753950224982367
1710778149.9529064,1.280649767981635
1710778149.9530196,1.2859045134650335
1710778149.9531329,1.2904585732354057
1710778149.9532459,1.2960635291205511
1710778149.9533591,1.3002672460344102
1710778149.9534724,1.3044709629482694
1710778149.9535856,1.3083244694603813
1710778149.9536989,1.310426394144694
1710778149.953812,1.311126947402954
1710778149.9539251,1.310426394144694
1710778149.9540384,1.3093753655751545
1710778149.9541516,1.306572887632582
1710778149.9542646,1.3055219915178087
1710778149.954378,1.3044709629482694
1710778149.9544911,1.3030697239769828
1710778149.9546044,1.3020188278622098
1710778149.9547174,1.3002672460344102
1710778149.9548306,1.2981654538048637
1710778149.954944,1.295713186264038
1710778149.9550571,1.2897578875223796
1710778149.9551704,1.2831019030676947
1710778149.9552834,1.2753950224982367
1710778149.9553967,1.2669875886705186
1710778149.95551,1.2589303652445476
1710778149.9556231,1.2508731418185763
1710778149.9557362,1.242115365134345
1710778149.9558494,1.234408484564887
1710778149.9559627,1.2253003650241427
1710778149.956076,1.2151413493686252
1710778149.956189,1.2042816480000813
1710778149.9563022,1.1909698115454779
1710778149.9564154,1.1766069465213351
1710778149.9565287,1.1604924996693928
1710778149.956642,1.1450787385304768
1710778149.956755,1.1286140812767875
1710778149.9568682,1.1124997668796115
1710778149.9569814,1.0974362823698256
1710778149.9570947,1.0816722446017795
1710778149.9572077,1.0648572444915771
1710778149.957321,1.0480422443813748
1710778149.9574342,1.0298259390725029
1710778149.9575474,1.0098581181632147
1710778149.9576604,0.9891896777682834
1710778149.9577737,0.9674703412585788
1710778149.957887,0.9464515580071343
1710778149.9580002,0.9268340799543593
1710778149.9581132,0.9061656395594279
1710778149.9582264,0.8865480952792697
1710778149.9583397,0.8665802743699815
1710778149.958453,0.8469627963172065
1710778149.9585662,0.8259440130657619
1710778149.9586792,0.803173714213901
1710778149.9587924,0.780053072505527
1710778149.9589057,0.7555311918258667
1710778149.959019,0.7299584150314331
1710778149.959132,0.7050861914952596
1710778149.9592452,0.6802139679590861
1710778149.9593585,0.6553418106502956
1710778149.9594717,0.6322211689419216
1710778149.9595847,0.6087502506044176
1710778149.959698,0.583527750439114
1710778149.9598112,0.5579549074172974
1710778149.9599245,0.5323820975091722
1710778149.9600377,0.5050577057732476
1710778149.9601507,0.477733314037323
1710778149.960264,0.4497083028157552
1710778149.9603772,0.42273425393634373
1710778149.9604905,0.39646079142888385
1710778149.9606035,0.3715886010064019
1710778149.9607167,0.3460157910982768
1710778149.96083,0.32044298119015163
1710778149.9609432,0.2955707576539781
1710778149.9610562,0.2692973282602098
1710778149.9611695,0.24232326282395256
1710778149.9612827,0.21289699607425266
1710778149.961396,0.18312043613857693
1710778149.961509,0.1540444791316986
1710778149.9616222,0.1239176011747784
1710778149.9617355,0.09379072321785821
1710778149.9618487,0.06541540225346883
1710778149.961962,0.036339457664224833
1710778149.962075,0.00796413773463832
1710778149.9621882,-0.02075743344095018
1710778149.9623015,-0.050528177784548864
1710778149.9624147,-0.08064916564358605
1710778149.9625278,-0.11147064467271169
1710778149.962641,-0.14264237549569872
1710778149.9627542,-0.17241310742166308
1710778149.9628675,-0.2018336123890347
1710778149.9629805,-0.2288024127483368
1710778149.9630938,-0.2564716835816701
1710778149.963207,-0.2834404839409722
1710778149.9633203,-0.30970878071255153
1710778149.9634335,-0.33702780803044635
1710778149.9635465,-0.36434686846203274
1710778149.9636598,-0.39271662632624305
1710778149.963773,-0.42248739136589897
1710778149.9638863,-0.4519078797764248
1710778149.9639993,-0.4823790987332662
1710778149.9641125,-0.511449376742045
1710778149.9642258,-0.5394688910908169
1710778149.964339,-0.5674884054395888
1710778149.964452,-0.595157676272922
1710778149.9645653,-0.6228270133336385
1710778149.9646785,-0.6508464945687188
1710778149.9647918,-0.6781655550003052
1710778149.964905,-0.7075860765245225
1710778149.965018,-0.7366563214196099
1710778149.9651313,-0.7650260792838203
1710778149.9652445,-0.7926953501171535
1710778149.9653578,-0.8179129494561089
1710778149.9654708,-0.8424299955368042
1710778149.965584,-0.8655461337831285
1710778149.9656973,-0.8883119954003228
1710778149.9658105,-0.9096768829557631
1710778149.9659235,-0.9313919809129503
1710778149.9660368,-0.9534573554992676
1710778149.96615,-0.9758730067147149
1710778149.9662633,-0.9982885917027791
1710778149.9663763,-1.0196534792582195
1710778149.9664896,-1.0396173927519057
1710778149.9666028,-1.058530608812968
1710778149.966716,-1.0763930612140231
1710778149.9668293,-1.0928545395533245
1710778149.9669423,-1.1075647672017415
1710778149.9670556,-1.1233256922827826
1710778149.9671688,-1.13838619656033
1710778149.967282,-1.15379704369439
1710778149.967395,-1.1706087324354384
1710778149.9675083,-1.1863696575164795
1710778149.9676216,-1.2021307150522869
1710778149.9677348,-1.217541429731581
1710778149.9678478,-1.231901380750868
1710778149.967961,-1.2441599369049072
1710778149.9680743,-1.2560682826571994
1710778149.9681876,-1.2676262855529785
1710778149.9683008,-1.2788340780470107
1710778149.9684138,-1.2900418705410428
1710778149.968527,-1.301600005891588
1710778149.9686403,-1.313508219189114
1710778149.9687536,-1.3254165649414062
1710778149.9688666,-1.3362741470336914
1710778149.9689798,-1.3460809654659696
1710778149.969093,-1.3541365994347465
1710778149.9692063,-1.3604410489400227
1710778149.9693193,-1.3656946023305256
1710778149.9694326,-1.3702478673723009
1710778149.9695458,-1.3741004467010498
1710778149.969659,-1.3779531584845648
1710778149.9697723,-1.38250642352634
1710778149.9698853,-1.387759976916843
1710778149.9699986,-1.391962899102105
1710778149.9701118,-1.3958156108856201
1710778149.970225,-1.398617559009128
1710778149.970338,-1.3993181122673881
1710778149.9704514,-1.400018533070882
1710778149.9705646,-1.398617559009128
1710778149.9706779,-1.397216584947374
1710778149.9707909,-1.3951151900821261
1710778149.970904,-1.3930136627621121
1710778149.9710174,-1.3916126887003581
1710778149.9711306,-1.3895112938351102
1710778149.9712436,-1.386359002855089
1710778149.9713569,-1.38250642352634
1710778149.97147,-1.3769023948245578
1710778149.9715834,-1.3688468933105469
1710778149.9716966,-1.3600907060835097
1710778149.9718096,-1.3499336772494845
1710778149.9719229,-1.3383755418989394
1710778149.9720361,-1.3268175390031602
1710778149.9721494,-1.316310167312622
1710778149.9722624,-1.30580292807685
1710778149.9723756,-1.2956457667880588
1710778149.9724889,-1.2851385275522869
1710778149.9726021,-1.2735803922017415
1710778149.9727151,-1.2616721789042156
1710778149.9728284,-1.2476624382866752
1710778149.9729416,-1.232952144410875
1710778149.973055,-1.217891640133328
1710778149.9731681,-1.2010799513922796
1710778149.9732811,-1.1849686834547255
1710778149.9733944,-1.1688574155171711
1710778149.9735076,-1.152396069632636
1710778149.973621,-1.135934591293335
1710778149.973734,-1.1184223492940266
1710778149.9738472,-1.0998594098620944
1710778149.9739604,-1.0802457067701552
1710778149.9740736,-1.058530608812968
1710778149.9741867,-1.0357647471957736
1710778149.9743,-1.0115979115168254
1710778149.9744132,-0.987781286239624
1710778149.9745264,-0.9632642401589288
1710778149.9746397,-0.9401481019126045
1710778149.9747527,-0.9180827273262872
1710778149.974866,-0.8949665890799628
1710778149.9749792,-0.8729012144936455
1710778149.9750924,-0.8497851424747043
1710778149.9752054,-0.825268030166626
1710778149.9753187,-0.8007509840859307
1710778149.975432,-0.7744826873143513
1710778149.9755452,-0.748214324315389
1710778149.9756582,-0.7222963041729397
1710778149.9757714,-0.6956777307722304
1710778149.9758847,-0.6704601976606581
1710778149.975998,-0.6455928749508327
1710778149.976111,-0.6200249989827474
1710778149.9762242,-0.5948074658711752
1710778149.9763374,-0.5678386820687188
1710778149.9764507,-0.5405196216371324
1710778149.976564,-0.5117996202574836
1710778149.976677,-0.4827293422487047
1710778149.9767902,-0.4533088538381788
1710778149.9769034,-0.42213714785046047
1710778149.9770167,-0.3934171133571201
1710778149.9771297,-0.36399662494659424
1710778149.977243,-0.33597707748413086
1710778149.9773562,-0.3069068325890435
1710778149.9774694,-0.2785370747248332
1710778149.9775825,-0.24806583921114603
1710778149.9776957,-0.2175946036974589
1710778149.977809,-0.18607263763745627
1710778149.9779222,-0.1545506715774536
1710778149.9780354,-0.12197796669271257
1710778149.9781485,-0.09045600063270992
1710778149.9782617,-0.059284282227357224
1710778149.978375,-0.029163290229108598
1710778149.9784882,0.0006075733755197789
1710778149.9786012,0.031084768060180876
1710778149.9787145,0.060861338343885206
1710778149.9788277,0.0920391579469045
1710778149.978941,0.12461822893884447
1710778149.979054,0.15649668044514126
1710778149.9791672,0.19047699040836757
1710778149.9792805,0.22305606140030754
1710778149.9793937,0.2552848226494259
1710778149.9795067,0.28786391019821167
1710778149.97962,0.3176404701338874
1710778149.9797332,0.3470667203267415
1710778149.9798465,0.37684328026241726
1710778149.9799597,0.4066198733117845
1710778149.9800727,0.43639643324746025
1710778149.980186,0.466172993183136
1710778149.9802992,0.497000515460968
1710778149.9804125,0.5267770753966438
1710778149.9805255,0.5555027061038547
1710778149.9806387,0.5838780270682441
1710778149.980752,0.6108521090613471
1710778149.9808652,0.6378261910544502
1710778149.9809783,0.6626983483632406
1710778149.9810915,0.6882711913850572
1710778149.9812047,0.7120924525790744
1710778149.981318,0.7387161917156643
1710778149.9814312,0.7653399308522542
1710778149.9815443,0.7902121543884277
1710778149.9816575,0.8164856168958876
1710778149.9817708,0.8427590131759644
1710778149.981884,0.8676312367121378
1710778149.981997,0.8911021550496419
1710778149.9821103,0.9128215577867296
1710778149.9822235,0.9341906176673042
1710778149.9823368,0.9552094009187486
1710778149.9824498,0.9751772218280368
1710778149.982563,0.9954953193664551
1710778149.9826763,1.0168643792470295
1710778149.9827895,1.037182543012831
1710778149.9829028,1.0571503639221191
1710778149.9830158,1.076067222489251
1710778149.983129,1.0939331849416096
1710778149.9832423,1.1096972227096558
1710778149.9833555,1.1244103643629286
1710778149.9834685,1.1387732293870714
1710778149.9835818,1.1520850658416748
1710778149.983695,1.165046559439765
1710778149.9838083,1.179759767320421
1710778149.9839213,1.1937722894880507
1710778149.9840345,1.2074344687991672
1710778149.9841478,1.2217972013685439
1710778149.984261,1.234058141708374
1710778149.984374,1.2459688716464572
1710778149.9844873,1.256478230158488
1710778149.9846005,1.2662869029574924
1710778149.9847138,1.2750448120964897
1710778149.984827,1.2831019030676947
1710778149.98494,1.2929107083214653
1710778149.9850533,1.3016684850056965
1710778149.9851665,1.310426394144694
1710778149.9852798,1.3198847240871854
1710778149.9853928,1.3282922903696697
1710778149.985506,1.3366997241973877
1710778149.9856193,1.3419544696807861
1710778149.9857326,1.3468588723076713
1710778149.9858456,1.3500116931067572
1710778149.9859588,1.3507122463650174
1710778149.986072,1.35281417104933
1710778149.9861853,1.353164513905843
1710778149.9862986,1.35351472430759
1710778149.9864116,1.3542154100206163
1710778149.9865248,1.3542154100206163
1710778149.986638,1.35351472430759
1710778149.9867513,1.3510625892215304
1710778149.9868643,1.3482601112789578
1710778149.9869776,1.3433557086520724
1710778149.9870908,1.3363495137956407
1710778149.987204,1.329693529340956
1710778149.987317,1.321986648771498
1710778149.9874303,1.3149804539150662
1710778149.9875436,1.3079741266038682
1710778149.9876568,1.3009679317474365
1710778149.98777,1.2946622901492648
1710778149.987883,1.2866050667232938
1710778149.9879963,1.2771466043260362
1710778149.9881096,1.2676881419287787
1710778149.9882228,1.2557775444454617
1710778149.9883358,1.2428160508473713
1710778149.988449,1.2284531858232286
1710778149.9885623,1.2140903207990859
1710778149.9886756,1.2000779310862224
1710778149.9887886,1.1853647232055664
1710778149.9889019,1.1713522010379367
1710778149.989015,1.156639125612047
1710778149.9891284,1.1419260501861572
1710778149.9892414,1.125811603334215
1710778149.9893546,1.1086462603674994
1710778149.9894679,1.0900797446568806
1710778149.989581,1.0708125432332356
1710778149.9896944,1.0508447223239474
1710778149.9898074,1.0312271780437894
1710778149.9899206,1.0119600428475273
1710778149.9900339,0.9930431180530124
1710778149.990147,0.9751772218280368
1710778149.9902601,0.9566106398900349
1710778149.9903734,0.9373434384663899
1710778149.9904866,0.9177259604136149
1710778149.9905999,0.8963568343056573
1710778149.990713,0.8735865354537964
1710778149.9908261,0.8494149976306491
1710778149.9909394,0.8252433935801188
1710778149.9910526,0.8007215129004585
1710778149.9911659,0.776199632220798
1710778149.991279,0.752728713883294
1710778149.9913921,0.7285571098327637
1710778149.9915054,0.7047358486387465
1710778149.9916186,0.679863691329956
1710778149.9917316,0.6542908483081393
1710778149.991845,0.6283677286571926
1710778149.9919581,0.6006930271784464
1710778149.9920714,0.5726680490705702
1710778149.9921844,0.5453436573346456
1710778149.9922976,0.5173186461130778
1710778149.992411,0.49034456411997474
1710778149.9925241,0.46477175421184963
1710778149.9926374,0.4384983248180813
1710778149.9927504,0.4125751720534431
1710778149.9928637,0.38595143291685313
1710778149.992977,0.3589773509237501
1710778149.9930902,0.3306020299593608
1710778149.9932032,0.30012485053804183
1710778149.9933164,0.27034827404552036
1710778149.9934297,0.2398710780673557
1710778149.993543,0.2097441918320126
1710778149.993656,0.18101856112480164
1710778149.9937692,0.15194260411792332
1710778149.9938824,0.12321698168913522
1710778149.9939957,0.0941410329606798
1710778149.9941087,0.06401415086454815
1710778149.994222,0.03388726876841651
1710778149.9943352,0.0020088237296375963
1710778149.9944484,-0.03021402284502983
1710778149.9945617,-0.06313696503639221
1710778149.9946747,-0.09535941812727186
1710778149.994788,-0.12688138418727452
1710778149.9949012,-0.15770286321640015
1710778149.9950144,-0.18782385521464878
1710778149.9951274,-0.2168941166665819
1710778149.9952407,-0.24736533562342325
1710778149.995354,-0.27713608410623336
1710778149.9954672,-0.3076073196199205
1710778149.9955802,-0.3384288152058919
1710778149.9956934,-0.36890003416273326
1710778149.9958067,-0.40007174015045166
1710778149.99592,-0.4298425051901075
1710778149.9960332,-0.4585625065697564
1710778149.9961462,-0.4851810799704658
1710778149.9962595,-0.510748889711168
1710778149.9963727,-0.5366669429673089
1710778149.996486,-0.5622347858217027
1710778149.996599,-0.588152805964152
1710778149.9967122,-0.6151215897666084
1710778149.9968255,-0.6417401631673177
1710778149.9969387,-0.669059223598904
1710778149.9970517,-0.6949772437413534
1710778149.997165,-0.7215958171420627
1710778149.9972782,-0.7468133502536349
1710778149.9973915,-0.7702797651290894
1710778149.9975045,-0.7937461137771606
1710778149.9976177,-0.8158114883634779
1710778149.997731,-0.8385773499806721
1710778149.9978442,-0.8609929349687364
1710778149.9979575,-0.8841090732150607
1710778149.9980705,-0.906874934832255
1710778149.9981837,-0.9292905198203193
1710778149.998297,-0.9513558944066365
1710778149.9984102,-0.9723705715603298
1710778149.9985232,-0.991984208424886
1710778149.9986365,-1.0094964504241943
1710778149.9987497,-1.0263081391652424
1710778149.998863,-1.0424193408754137
1710778149.998976,-1.059231095843845
1710778149.9990892,-1.076042784584893
1710778149.9992025,-1.0928545395533245
1710778149.9993157,-1.1107169919543796
1710778149.999429,-1.1285793781280518
1710778149.999542,-1.1467920409308539
1710778149.9996552,-1.1629033088684082
1710778149.9997685,-1.1783140235477023
1710778149.9998817,-1.1930243174235027
1710778149.9999948,-1.2066838476392958
1710778150.000108,-1.219642824596829
1710778150.0002213,-1.232952144410875
1710778150.0003345,-1.2448604901631672
1710778150.0004475,-1.2581696775224473
1710778150.0005608,-1.2711287869347465
1710778150.000674,-1.2833873430887859
1710778150.0007873,-1.2949453459845648
1710778150.0009005,-1.304752164416843
1710778150.0010135,-1.3124575879838731
1710778150.0011268,-1.3191122478908963
1710778150.00124,-1.3240155908796523
1710778150.0013533,-1.3289190663231742
1710778150.0014663,-1.3341726197136772
1710778150.0015795,-1.3397766484154594
1710778150.0016928,-1.3450302018059623
1710778150.001806,-1.3509844409094915
1710778150.001919,-1.3565883371565077
1710778150.0020323,-1.3621922334035237
1710778150.0021455,-1.366044945187039
1710778150.0022588,-1.3684965504540336
1710778150.0023718,-1.3702478673723009
1710778150.002485,-1.3702478673723009
1710778150.0025983,-1.3698975245157878
1710778150.0027115,-1.3695473141140408
1710778150.0028248,-1.3695473141140408
1710778150.0029378,-1.3695473141140408
1710778150.003051,-1.3695473141140408
1710778150.0031643,-1.3677961296505399
1710778150.0032775,-1.3653443919287787
1710778150.0033906,-1.3604410489400227
1710778150.0035038,-1.3541365994347465
1710778150.003617,-1.3467815187242296
1710778150.0037303,-1.3380253314971924
1710778150.0038433,-1.3296194871266682
1710778150.0039566,-1.320162879096137
1710778150.0040698,-1.3103560606638591
1710778150.004183,-1.301950216293335
1710778150.0042963,-1.2928438186645508
1710778150.0044093,-1.2826867898305256
1710778150.0045226,-1.2728799713982475
1710778150.0046358,-1.2609716256459553
1710778150.004749,-1.2469618850284152
1710778150.004862,-1.233302354812622
1710778150.0049753,-1.217541429731581
1710778150.0050886,-1.2028311358557806
1710778150.0052018,-1.1874204211764865
1710778150.0053148,-1.1730604701571994
1710778150.005428,-1.1594009399414062
1710778150.0055413,-1.1457414097256131
1710778150.0056546,-1.1310311158498128
1710778150.0057678,-1.1159706115722656
1710778150.0058808,-1.0995091332329643
1710778150.005994,-1.0819969574610393
1710778150.0061073,-1.06273353099823
1710778150.0062206,-1.0445208681954277
1710778150.0063336,-1.0245569547017415
1710778150.0064468,-1.0056437386406791
1710778150.00656,-0.987080799208747
1710778150.0066733,-0.9674671623441908
1710778150.0067863,-0.9489042229122585
1710778150.0068996,-0.9292905198203193
1710778150.0070128,-0.908626119295756
1710778150.007126,-0.8869110213385688
1710778150.007239,-0.8637948830922444
1710778150.0073524,-0.8399783240424262
1710778150.0074656,-0.8158114883634779
1710778150.0075788,-0.7923451397154067
1710778150.007692,-0.7685285144382052
1710778150.007805,-0.744711889161004
1710778150.0079184,-0.7229967912038168
1710778150.0080316,-0.6995304425557455
1710778150.0081449,-0.6764143043094211
1710778150.0082579,-0.6522474686304728
1710778150.008371,-0.6252786848280165
1710778150.0084844,-0.5990103880564371
1710778150.0085976,-0.5706406301922268
1710778150.0087106,-0.5433215697606405
1710778150.0088239,-0.5153020554118686
1710778150.0089371,-0.48763278457853526
1710778150.0090504,-0.4599634806315104
1710778150.0091636,-0.43299469682905406
1710778150.0092766,-0.40637615654203624
1710778150.0093899,-0.37835660907957286
1710778150.0095031,-0.34963660769992405
1710778150.0096164,-0.3195156322585212
1710778150.0097294,-0.2897448672188653
1710778150.0098426,-0.25857316123114693
1710778150.009956,-0.22810192571745977
1710778150.0100691,-0.19763069020377264
1710778150.0101821,-0.16821018523640102
1710778150.0102954,-0.14019065433078343
1710778150.0104086,-0.1118208881881502
1710778150.010522,-0.08450185259183247
1710778150.0106351,-0.0550813517636723
1710778150.0107481,-0.026011094450950623
1710778150.0108614,0.004811324696573946
1710778150.0109746,0.03423758265044954
1710778150.011088,0.06576571613550186
1710778150.011201,0.09694353573852114
1710778150.0113142,0.12672010395261976
1710778150.0114274,0.157547609673606
1710778150.0115407,0.18662355012363857
1710778150.0116537,0.2156995071305169
1710778150.011767,0.24477544758054945
1710778150.0118802,0.27350107828776044
1710778150.0119934,0.3032776382234361
1710778150.0121064,0.33410516050126815
1710778150.0122197,0.36423203017976546
1710778150.012333,0.39540986220041907
1710778150.0124462,0.42448580265045166
1710778150.0125594,0.4532114333576626
1710778150.0126724,0.4812364445792304
1710778150.0127857,0.5078602168295119
1710778150.012899,0.5330827169948154
1710778150.0130122,0.5583051840464274
1710778150.0131252,0.583527750439114
1710778150.0132384,0.6094508700900607
1710778150.0133517,0.6353739897410074
1710778150.013465,0.6609468327628242
1710778150.013578,0.6872202290429009
1710778150.0136912,0.7120924525790744
1710778150.0138044,0.7366143332587348
1710778150.0139177,0.7600852515962389
1710778150.014031,0.7814543114768134
1710778150.014144,0.8035240570704142
1710778150.0142572,0.8252433935801188
1710778150.0143704,0.8476634158028497
1710778150.0144837,0.8704337146547105
1710778150.0145967,0.8942549758487277
1710778150.01471,0.9166749980714586
1710778150.0148232,0.9394452969233195
1710778150.0149364,0.9615149762895372
1710778150.0150495,0.9818331400553385
1710778150.0151627,1.0018009609646268
1710778150.015276,1.0200172000461154
1710778150.0153892,1.0375328196419609
1710778150.0155022,1.0550484392378066
1710778150.0156155,1.0725641250610352
1710778150.0157287,1.0900797446568806
1710778150.015842,1.1079456408818562
1710778150.0159552,1.126161946190728
1710778150.0160682,1.1433272891574435
1710778150.0161815,1.1601422892676458
1710778150.0162947,1.1755560504065619
1710778150.016408,1.1888678868611653
1710778150.016521,1.2014791700575087
1710778150.0166342,1.2137401103973389
1710778150.0167475,1.225650707880656
1710778150.0168607,1.2382619910769992
1710778150.0169737,1.2505229314168294
1710778150.017087,1.2631340821584065
1710778150.0172002,1.2753950224982367
1710778150.0173135,1.28730575243632
1710778150.0174267,1.2974647680918376
1710778150.0175397,1.306923230489095
1710778150.017653,1.3135792149437797
1710778150.0177662,1.3191841708289251
1710778150.0178795,1.3237382305992973
1710778150.0179925,1.3275916046566434
1710778150.0181057,1.3314451111687553
1710778150.018219,1.3359991709391277
1710778150.0183322,1.3398525449964735
1710778150.0184453,1.3423048125372992
1710778150.0185585,1.345107290479872
1710778150.0186718,1.3465085294511583
1710778150.018785,1.3461581865946453
1710778150.0188982,1.3447569476233587
1710778150.0190113,1.3419544696807861
1710778150.0191245,1.3384513060251872
1710778150.0192378,1.3352984852261014
1710778150.019351,1.3328463501400418
1710778150.019464,1.3303942150539823
1710778150.0195773,1.3275916046566434
1710778150.0196905,1.3251394695705838
1710778150.0198038,1.3212860955132377
1710778150.0199168,1.3160313500298393
1710778150.02003,1.3093753655751545
1710778150.0201433,1.3006175888909233
1710778150.0202565,1.2908087836371527
1710778150.0203695,1.280649767981635
1710778150.0204828,1.2687391704983182
1710778150.020596,1.2589303652445476
1710778150.0207093,1.2480706638760037
1710778150.0208225,1.2379116482204862
1710778150.0209355,1.226001050737169
1710778150.0210488,1.2140903207990859
1710778150.021162,1.2004281414879692
1710778150.0212753,1.1857150660620794
1710778150.0213883,1.1692504088083904
1710778150.0215015,1.1520850658416748
1710778150.0216148,1.1349197228749592
1710778150.021728,1.117754379908244
1710778150.021841,1.1005891031689115
1710778150.0219543,1.083774103058709
1710778150.0220675,1.0676597224341497
1710778150.0221808,1.0508447223239474
1710778150.022294,1.0340297222137451
1710778150.022407,1.0151127974192302
1710778150.0225203,0.9958456622229682
1710778150.0226336,0.9748268789715236
1710778150.0227468,0.9534578190909492
1710778150.0228598,0.9324390358395046
1710778150.022973,0.9107196993298
1710778150.0230863,0.8907518784205118
1710778150.0231996,0.8707840575112237
1710778150.0233126,0.8501156171162922
1710778150.0234258,0.8301477962070041
1710778150.023539,0.8091290129555596
1710778150.0236523,0.7867089907328287
1710778150.0237656,0.7625374529096816
1710778150.0238786,0.737314952744378
1710778150.0239918,0.7110414902369181
1710778150.024105,0.6847680277294582
1710778150.0242183,0.6584946314493815
1710778150.0243313,0.6318708260854086
1710778150.0244446,0.6052470869488186
1710778150.0245578,0.5786233478122287
1710778150.024671,0.552700228161282
1710778150.024784,0.5250255266825358
1710778150.0248973,0.49594958623250324
1710778150.0250106,0.46652330292595756
1710778150.0251238,0.43534550401899547
1710778150.0252368,0.40521860122680664
1710778150.02535,0.3743911120626661
1710778150.0254633,0.34461451901329887
1710778150.0255766,0.31483795907762313
1710778150.0256898,0.2868129478560554
1710778150.0258029,0.25808733370569015
1710778150.025916,0.23006232248412237
1710778150.0260293,0.20028574599160087
1710778150.0261426,0.1698085500134362
1710778150.0262556,0.13828042480680677
1710778150.0263689,0.10535103579362233
1710778150.026482,0.07242165505886078
1710778150.0265954,0.03914195630285475
1710778150.0267084,0.007613825404809581
1710778150.0268216,-0.02425987480415238
1710778150.0269349,-0.055431595279110804
1710778150.027048,-0.08695356547832489
1710778150.0271614,-0.11777503622902764
1710778150.0272744,-0.14929700228903028
1710778150.0273876,-0.18116921186447144
1710778150.0275009,-0.21409215198622808
1710778150.027614,-0.24596436156166923
1710778150.0277271,-0.2785370747248332
1710778150.0278404,-0.30865805016623604
1710778150.0279536,-0.3387790587213304
1710778150.0280669,-0.3667985730701023
1710778150.02818,-0.3944678439034356
1710778150.0282931,-0.421786904335022
1710778150.0284064,-0.4498064186837938
1710778150.0285196,-0.4771254460016886
1710778150.0286329,-0.5068962110413445
1710778150.028746,-0.5363166994518703
1710778150.0288591,-0.5664377080069648
1710778150.0289724,-0.5965586503346761
1710778150.0290856,-0.6256289614571465
1710778150.0291986,-0.6543489297231039
1710778150.029312,-0.6816679901546902
1710778150.0294251,-0.7089870505862765
1710778150.0295384,-0.7352553473578559
1710778150.0296514,-0.7615236441294352
1710778150.0297647,-0.7877919409010146
1710778150.029878,-0.8140602376725938
1710778150.0299911,-0.8403285344441731
1710778150.0301042,-0.8669471078448825
1710778150.0302174,-0.8914641539255778
1710778150.0303307,-0.9145802921719021
1710778150.030444,-0.9373461537890964
1710778150.0305572,-0.9580105543136597
1710778150.0306702,-0.9772739807764689
1710778150.0307834,-0.9968876176410251
1710778150.0308967,-1.0161510441038344
1710778150.03101,-1.0357647471957736
1710778150.031123,-1.056429147720337
1710778150.0312362,-1.07674327161577
1710778150.0313494,-1.0974076721403334
1710778150.0314627,-1.1177217960357666
1710778150.0315757,-1.136284801695082
1710778150.031689,-1.15379704369439
1710778150.0318022,-1.1709589428371854
1710778150.0319154,-1.1867198679182265
1710778150.0320287,-1.2017803721957736
1710778150.0321417,-1.2168408764733207
1710778150.032255,-1.233302354812622
1710778150.0323682,-1.2487130694919162
1710778150.0324814,-1.2648243374294705
1710778150.0325944,-1.2798848417070177
1710778150.0327077,-1.2942447927263048
1710778150.032821,-1.307203902138604
1710778150.0329342,-1.318761905034383
1710778150.0330472,-1.3282185130649142
1710778150.0331604,-1.3376751210954454
1710778150.0332737,-1.3464311758677165
1710778150.033387,-1.3551873630947537
1710778150.0335,-1.3639434178670247
1710778150.0336132,-1.3723492622375488
1710778150.0337265,-1.380755106608073
1710778150.0338397,-1.388460530175103
1710778150.033953,-1.3954654004838731
1710778150.034066,-1.399668322669135
1710778150.0341792,-1.4035210344526503
1710778150.0342925,-1.4052722189161513
1710778150.0344057,-1.4063229825761583
1710778150.0345187,-1.4066731929779053
1710778150.034632,-1.4070234033796523
1710778150.0347452,-1.4073737462361653
1710778150.0348585,-1.4084243774414062
1710778150.0349715,-1.4087747202979193
1710778150.0350847,-1.4084243774414062
1710778150.035198,-1.4059727721744113
1710778150.0353112,-1.4038712448543973
1710778150.0354245,-1.398617559009128
1710778150.0355375,-1.391962899102105
1710778150.0356507,-1.384958028793335
1710778150.035764,-1.3765521844228108
1710778150.0358772,-1.3688468933105469
1710778150.0359902,-1.3611414697435167
1710778150.0361035,-1.3534360461764865
1710778150.0362167,-1.3460809654659696
1710778150.03633,-1.3366243574354384
1710778150.036443,-1.3275180922614203
1710778150.0365562,-1.315959956910875
1710778150.0366695,-1.304401954015096
1710778150.0367827,-1.2914428446027968
1710778150.036896,-1.2774331039852567
1710778150.037009,-1.2641239166259766
1710778150.0371222,-1.2504643864101834
1710778150.0372355,-1.238556040657891
1710778150.0373487,-1.226297484503852
1710778150.0374618,-1.2133385075463188
1710778150.037575,-1.2007297409905326
1710778150.0376883,-1.1860194471147325
1710778150.0378015,-1.1709589428371854
1710778150.0379145,-1.15379704369439
1710778150.0380278,-1.1355842484368217
1710778150.038141,-1.1166711648305256
1710778150.0382543,-1.0977579487694633
1710778150.0383673,-1.0788447327084012
1710778150.0384805,-1.059931582874722
1710778150.0385938,-1.0413686434427898
1710778150.038707,-1.0221052169799805
1710778150.0388203,-1.0017910930845473
1710778150.0389333,-0.9804261393017238
1710778150.0390465,-0.9583607647154067
1710778150.0391598,-0.9352446926964654
1710778150.039273,-0.9110778570175171
1710778150.039386,-0.8872612317403157
1710778150.0394993,-0.8630943960613674
1710778150.0396125,-0.8399783240424262
1710778150.0397258,-0.8175626728269789
1710778150.0398388,-0.7954972982406616
1710778150.039952,-0.7730817132525973
1710778150.0400653,-0.75101633866628
1710778150.0401785,-0.7271997133890787
1710778150.0402918,-0.7023323906792535
1710778150.0404048,-0.6764143043094211
1710778150.040518,-0.6497957971360948
1710778150.0406313,-0.6221265263027614
1710778150.0407445,-0.595157676272922
1710778150.0408576,-0.5695898665322198
1710778150.0409708,-0.5426210827297634
1710778150.041084,-0.5160025424427456
1710778150.0411973,-0.4893840021557278
1710778150.0413103,-0.4620649417241414
1710778150.0414236,-0.43299469682905406
1710778150.0415368,-0.4032239649030897
1710778150.04165,-0.3713517387708028
1710778150.0417633,-0.34053027629852295
1710778150.0418763,-0.30970878071255153
1710778150.0419896,-0.27783658769395614
1710778150.0421028,-0.24736533562342325
1710778150.042216,-0.2179448472128974
1710778150.042329,-0.1899253163072798
1710778150.0424423,-0.16050481133990818
1710778150.0425556,-0.13108431465095943
1710778150.0426688,-0.10131356616814931
1710778150.0427818,-0.07119258244832356
1710778150.042895,-0.04002085576454798
1710778150.0430083,-0.00849889125674963
1710778150.0431216,0.022326954123046663
1710778150.0432346,0.051753210524717964
1710778150.0433478,0.08047884537114038
1710778150.043461,0.10885416633552975
1710778150.0435743,0.13687916927867466
1710778150.0436876,0.16455387075742087
1710778150.0438006,0.19327950146463183
1710778150.0439138,0.22270575165748596
1710778150.044027,0.25213201840718585
1710778150.0441403,0.28155826860004
1710778150.0442533,0.3120354811350505
1710778150.0443666,0.3414617313279046
1710778150.0444798,0.3705376717779371
1710778150.044593,0.39821237325668335
1710778150.044706,0.42448580265045166
1710778150.0448194,0.4511095749007331
1710778150.0449326,0.4770326945516798
1710778150.0450459,0.5033061239454482
1710778150.045159,0.5299298961957296
1710778150.045272,0.556553668446011
1710778150.0453854,0.583177407582601
1710778150.0454986,0.610151489575704
1710778150.0456119,0.6353739897410074
1710778150.0457249,0.6598958704206679
1710778150.045838,0.6830165121290419
1710778150.0459514,0.7047358486387465
1710778150.0460646,0.7268055942323473
1710778150.0461776,0.748875273598565
1710778150.0462909,0.7712952958212959
1710778150.0464041,0.7947662141587999
1710778150.0465174,0.8185874753528171
1710778150.0466306,0.8420583936903212
1710778150.0467436,0.8658796548843384
1710778150.0468569,0.8886499537361993
1710778150.0469701,0.9093184603585137
1710778150.0470834,0.9289359384112887
1710778150.0471964,0.9489037593205769
1710778150.0473096,0.9664193789164225
1710778150.047423,0.9849859608544244
1710778150.0475361,1.003202199935913
1710778150.0476491,1.0221190585030449
1710778150.0477624,1.0403353638119168
1710778150.0478756,1.0582012600368924
1710778150.047989,1.0757168796327379
1710778150.048102,1.0928822225994534
1710778150.0482152,1.1075953642527263
1710778150.0483284,1.1216078864203558
1710778150.0484416,1.1349197228749592
1710778150.048555,1.1471806632147894
1710778150.048668,1.160842842525906
1710778150.0487812,1.1738044685787625
1710778150.0488944,1.187466647889879
1710778150.0490077,1.2014791700575087
1710778150.0491207,1.2151413493686252
1710778150.049234,1.2281028429667156
1710778150.0493472,1.2389625443352592
1710778150.0494604,1.249822245703803
1710778150.0495734,1.2578794691297743
1710778150.0496867,1.265236006842719
1710778150.0498,1.271891991297404
1710778150.0499132,1.2778472900390625
1710778150.0500264,1.2845032744937472
1710778150.0501394,1.291509469350179
1710778150.0502527,1.2967642148335774
1710778150.050366,1.3030697239769828
1710778150.0504792,1.3076237837473552
1710778150.0505922,1.310426394144694
1710778150.0507054,1.3114772902594671
1710778150.0508187,1.3114772902594671
1710778150.050932,1.3100760512881808
1710778150.051045,1.3083244694603813
1710778150.0511582,1.306572887632582
1710778150.0512714,1.3041207525465224
1710778150.0513847,1.3023691707187228
1710778150.0514977,1.2999169031778972
1710778150.051611,1.2974647680918376
1710778150.0517242,1.2943119472927518
1710778150.0518374,1.2897578875223796
1710778150.0519507,1.283452245924208
1710778150.0520637,1.2767963939242892
1710778150.052177,1.2687391704983182
1710778150.0522902,1.2610322899288602
1710778150.0524035,1.2533254093594022
1710778150.0525165,1.2470197677612305
1710778150.0526297,1.2396632300482855
1710778150.052743,1.2326569027370877
1710778150.0528562,1.2253003650241427
1710778150.0529692,1.2172431415981717
1710778150.0530825,1.2074344687991672
1710778150.0531957,1.1965747674306233
1710778150.053309,1.1836131413777669
1710778150.0534222,1.1699509620666504
1710778150.0535352,1.1555882294972737
1710778150.0536485,1.1419260501861572
1710778150.0537617,1.1286140812767875
1710778150.053875,1.114951901965671
1710778150.053988,1.1009394460254245
1710778150.0541012,1.0869269238577948
1710778150.0542145,1.0725641250610352
1710778150.0543277,1.056449744436476
1710778150.0544407,1.0392844014697604
1710778150.054554,1.021768781873915
1710778150.0546672,1.0035525427924261
1710778150.0547805,0.9856865803400675
1710778150.0548937,0.9681709607442219
1710778150.0550067,0.9506553411483765
1710778150.05512,0.9341906176673042
1710778150.0552332,0.9180762370427449
1710778150.0553465,0.8995096551047431
1710778150.0554595,0.8809431393941243
1710778150.0555727,0.860624975628323
1710778150.055686,0.8385552962621052
1710778150.0557992,0.8143836922115749
1710778150.0559123,0.7902121543884277
1710778150.0560255,0.7649896542231241
1710778150.0561388,0.7394168112013075
1710778150.056252,0.7152452733781602
1710778150.056365,0.6900227732128567
1710778150.0564783,0.6655008925331963
1710778150.0565915,0.6406286689970229
1710778150.0567048,0.6150558259752061
1710778150.056818,0.5877314673529731
1710778150.056931,0.56040710873074
1710778150.0570443,0.5327324072519938
1710778150.0571575,0.504707396030426
1710778150.0572708,0.4780836237801446
1710778150.0573838,0.4514598846435547
1710778150.057497,0.4255367318789164
1710778150.0576103,0.3999639219707913
1710778150.0577235,0.37404080231984455
1710778150.0578365,0.348818302154541
1710778150.0579498,0.3211436006757948
1710778150.058063,0.29276827971140545
1710778150.0581763,0.26299170321888393
1710778150.0582895,0.23111325171258715
1710778150.0584025,0.19923481676313612
1710778150.0585158,0.1677066749996609
1710778150.058629,0.13722947902149624
1710778150.0587423,0.10570135381486681
1710778150.0588553,0.07557446757952373
1710778150.0589685,0.04544758548339208
1710778150.0590818,0.01391945199833976
1710778150.059195,-0.016554505046870973
1710778150.059308,-0.04772622552182939
1710778150.0594213,-0.08064916564358605
1710778150.0595345,-0.1121711317035887
1710778150.0596478,-0.1436931060420142
1710778150.059761,-0.17381409804026285
1710778150.059874,-0.2032345864507887
1710778150.0599873,-0.2309038738409678
1710778150.0601006,-0.25822291771570843
1710778150.0602138,-0.28624243206448025
1710778150.0603268,-0.31426194641325206
1710778150.06044,-0.34193125036027694
1710778150.0605533,-0.3713517387708028
1710778150.0606666,-0.39972149663501316
1710778150.0607796,-0.42879177464379203
1710778150.0608928,-0.4575117760234409
1710778150.061006,-0.4855313234859043
1710778150.0611193,-0.512149863772922
1710778150.0612323,-0.5384181605445014
1710778150.0613456,-0.5632854832543267
1710778150.0614588,-0.588152805964152
1710778150.061572,-0.6130201286739773
1710778150.0616853,-0.6399889124764336
1710778150.0617983,-0.665906998846266
1710778150.0619116,-0.6932260592778524
1710778150.0620248,-0.7201948430803087
1710778150.062138,-0.7464631398518881
1710778150.062251,-0.7720309495925903
1710778150.0623643,-0.7958475748697916
1710778150.0624776,-0.8196641339196099
1710778150.0625908,-0.8431304825676812
1710778150.0627038,-0.8658963441848755
1710778150.062817,-0.8883119954003228
1710778150.0629303,-0.9128290414810181
1710778150.0630436,-0.9366456667582194
1710778150.0631568,-0.9618632660971748
1710778150.0632699,-0.9856798251469929
1710778150.063383,-1.0084456867641873
1710778150.0634964,-1.0298105743196275
1710778150.0636096,-1.0508252514733207
1710778150.0637226,-1.070438888337877
1710778150.0638359,-1.0893521043989394
1710778150.063949,-1.1075647672017415
1710778150.0640624,-1.1268281936645508
1710778150.0641754,-1.14609162012736
1710778150.0642886,-1.1664058102501762
1710778150.0644019,-1.1860194471147325
1710778150.064515,-1.2052828735775418
1710778150.0646284,-1.223145325978597
1710778150.0647414,-1.2399570147196453
1710778150.0648546,-1.2553677293989394
1710778150.0649679,-1.2693774700164795
1710778150.0650811,-1.2830370002322726
1710778150.0651941,-1.2952955563863118
1710778150.0653074,-1.307554112540351
1710778150.0654206,-1.31981266869439
1710778150.0655339,-1.3324214352501762
1710778150.065647,-1.3439795706007216
1710778150.0657601,-1.3548370202382405
1710778150.0658734,-1.3639434178670247
1710778150.0659866,-1.3712984985775418
1710778150.0660996,-1.377252737681071
1710778150.066213,-1.381455659866333
1710778150.0663261,-1.385308371649848
1710778150.0664394,-1.388460530175103
1710778150.0665526,-1.3930136627621121
1710778150.0666656,-1.397216584947374
1710778150.066779,-1.401419507132636
1710778150.0668921,-1.4056224293178983
1710778150.0670054,-1.4098253515031602
1710778150.0671184,-1.4119268788231742
1710778150.0672317,-1.4122770892249212
1710778150.067345,-1.4126272996266682
1710778150.0674582,-1.4101756943596733
1710778150.0675712,-1.4073737462361653
1710778150.0676844,-1.4045717981126573
1710778150.0677977,-1.401769717534383
1710778150.067911,-1.398267348607381
1710778150.0680242,-1.3954654004838731
1710778150.0681372,-1.3916126887003581
1710778150.0682504,-1.386709345711602
1710778150.0683637,-1.3797043429480658
1710778150.068477,-1.3723492622375488
1710778150.06859,-1.3625424438052707
1710778150.0687032,-1.3509844409094915
1710778150.0688164,-1.3394263055589464
1710778150.0689297,-1.3278683026631672
1710778150.0690427,-1.317010720570882
1710778150.069156,-1.3068536917368572
1710778150.0692692,-1.2963463200463188
1710778150.0693824,-1.2861892912122939
1710778150.0694954,-1.2749813662634955
1710778150.0696087,-1.2630731529659696
1710778150.069722,-1.2494136227501762
1710778150.0698352,-1.235403882132636
1710778150.0699484,-1.219642824596829
1710778150.0700614,-1.2038818995157878
1710778150.0701747,-1.1888213952382405
1710778150.070288,-1.1730604701571994
1710778150.0704012,-1.1587003866831462
1710778150.0705142,-1.1436398824055989
1710778150.0706275,-1.1282291677263048
1710778150.0707407,-1.1117676893870037
1710778150.070854,-1.0939052369859483
1710778150.070967,-1.0735911130905151
1710778150.0710802,-1.0529267125659518
1710778150.0711935,-1.0312115483813815
1710778150.0713067,-1.0080954763624403
1710778150.07142,-0.986030101776123
1710778150.071533,-0.9643149375915527
1710778150.0716462,-0.9418993526034884
1710778150.0717595,-0.9205344650480483
1710778150.0718727,-0.8981188138326008
1710778150.0719857,-0.8743021885553995
1710778150.072099,-0.8494348658455743
1710778150.0722122,-0.824217332734002
1710778150.0723255,-0.7975987593332926
1710778150.0724385,-0.7706299755308363
1710778150.0725517,-0.742610428068373
1710778150.072665,-0.7159919208950466
1710778150.0727782,-0.6893733474943373
1710778150.0728915,-0.6624045636918809
1710778150.0730045,-0.6364864773220485
1710778150.0731177,-0.6088172064887153
1710778150.073231,-0.5807977252536349
1710778150.0733442,-0.5513772037294176
1710778150.0734572,-0.5205557081434462
1710778150.0735705,-0.4886835151248508
1710778150.0736837,-0.45611080196168685
1710778150.073797,-0.42388836542765296
1710778150.07391,-0.39236638281080455
1710778150.0740232,-0.3608444333076477
1710778150.0741365,-0.3303731812371148
1710778150.0742497,-0.30025220579571194
1710778150.0743628,-0.2697809702820248
1710778150.074476,-0.23860924773746067
1710778150.0745893,-0.20743752519289652
1710778150.0747025,-0.17521507210201687
1710778150.0748158,-0.1436931060420142
1710778150.0749288,-0.11112040115727319
1710778150.075042,-0.08064916564358605
1710778150.0751553,-0.049827690753671855
1710778150.0752685,-0.021107676956388686
1710778150.0753815,0.00831445058186849
1710778150.0754948,0.03704008128907945
1710778150.075608,0.06576571613550186
1710778150.0757213,0.09694353573852114
1710778150.0758343,0.12707042197386423
1710778150.0759475,0.15859855545891655
1710778150.0760608,0.1897763709227244
1710778150.076174,0.22200513217184278
1710778150.0762873,0.25318294763565063
1710778150.0764003,0.2836601601706611
1710778150.0765135,0.31238579087787205
1710778150.0766268,0.34076111184226143
1710778150.07674,0.36983705229229397
1710778150.076853,0.39716141091452706
1710778150.0769663,0.4262373844782511
1710778150.0770795,0.4553133249282837
1710778150.0771928,0.48403895563549465
1710778150.0773058,0.512414276599884
1710778150.077419,0.5411399073070949
1710778150.0775323,0.568113989300198
1710778150.0776455,0.594737728436788
1710778150.0777588,0.6192596091164483
1710778150.0778718,0.6437814897961086
1710778150.077985,0.6672524081336128
1710778150.0780983,0.6907233926984999
1710778150.0782115,0.7155955500072902
1710778150.0783246,0.7397671540578207
1710778150.0784378,0.7649896542231241
1710778150.078551,0.7895115349027846
1710778150.0786643,0.8143836922115749
1710778150.0787773,0.8382049534055922
1710778150.0788906,0.8602746327718098
1710778150.0790038,0.8823443783654107
1710778150.079117,0.9040637148751153
1710778150.07923,0.9247321552700466
1710778150.0793433,0.9461012813780043
1710778150.0794566,0.9688715802298652
1710778150.0795698,0.9916418790817261
1710778150.079683,1.0144121779335868
1710778150.079796,1.0368322001563177
1710778150.0799093,1.0589018795225356
1710778150.0800226,1.0788697004318237
1710778150.0801358,1.0984872447119818
1710778150.0802488,1.1156525876786973
1710778150.080362,1.1317669020758734
1710778150.0804753,1.1475310060713027
1710778150.0805886,1.1629447672102187
1710778150.0807016,1.1787088712056477
1710778150.0808148,1.1937722894880507
1710778150.080928,1.2077848116556804
1710778150.0810413,1.2224978870815701
1710778150.0811546,1.2354595131344266
1710778150.0812676,1.2470197677612305
1710778150.0813808,1.257178783416748
1710778150.081494,1.2655863496992323
1710778150.0816073,1.272942887412177
1710778150.0817204,1.2810001108381484
1710778150.0818336,1.2890573342641194
1710778150.0819468,1.2967642148335774
1710778150.08206,1.3044709629482694
1710778150.082173,1.3128785292307537
1710778150.0822864,1.3198847240871854
1710778150.0823996,1.32584015528361
1710778150.0825129,1.330043872197469
1710778150.082626,1.3321456644270155
1710778150.082739,1.333547035853068
1710778150.0828524,1.333547035853068
1710778150.0829656,1.3324960072835286
1710778150.0830789,1.3303942150539823
1710778150.0831919,1.3303942150539823
1710778150.0833051,1.3289928436279297
1710778150.0834184,1.3279419475131564
1710778150.0835316,1.3254898124270968
1710778150.0836446,1.3226873344845242
1710778150.0837579,1.3191841708289251
1710778150.0838711,1.3135792149437797
1710778150.0839844,1.3079741266038682
1710778150.0840974,1.3016684850056965
1710778150.0842106,1.295713186264038
1710778150.084324,1.2904585732354057
1710778150.0844371,1.2852038277520073
1710778150.0845504,1.280299425125122
1710778150.0846634,1.2750448120964897
1710778150.0847766,1.2704907523261175
1710778150.08489,1.2638347678714328
1710778150.0850031,1.2550769911872015
1710778150.0851161,1.2456185287899442
1710778150.0852294,1.233707931306627
1710778150.0853426,1.2214469909667969
1710778150.085456,1.2088357077704535
1710778150.085569,1.195874081717597
1710778150.0856822,1.1829125881195068
1710778150.0857954,1.1699509620666504
1710778150.0859087,1.15698946846856
1710778150.086022,1.1433272891574435
1710778150.086135,1.1286140812767875
1710778150.0862482,1.1128499772813585
1710778150.0863614,1.095684700542026
1710778150.0864747,1.0781690809461806
1710778150.0865877,1.060653461350335
1710778150.086701,1.0424372222688463
1710778150.0868142,1.025622222158644
1710778150.0869274,1.0088072220484416
1710778150.0870404,0.9919922219382392
1710778150.0871537,0.9758778413136799
1710778150.087267,0.9587124983469645
1710778150.0873802,0.9401459164089626
1710778150.0874932,0.9198278188705444
1710778150.0876064,0.8984587589899699
1710778150.0877197,0.876038736767239
1710778150.087833,0.8518671327167087
1710778150.0879462,0.8297974533504909
1710778150.0880592,0.8063265350129869
1710778150.0881724,0.7832058933046129
1710778150.0882857,0.760785871081882
1710778150.088399,0.737314952744378
1710778150.088512,0.7138440344068739
1710778150.0886252,0.6886214680141872
1710778150.0887384,0.6616474522484673
1710778150.0888517,0.6346733702553643
1710778150.0889647,0.6052470869488186
1710778150.089078,0.5768717659844292
1710778150.0891912,0.5484964781337314
1710778150.0893044,0.5197708143128289
1710778150.0894177,0.493147075176239
1710778150.0895307,0.4651220639546712
1710778150.089644,0.4370970527331034
1710778150.0897572,0.4097726609971788
1710778150.0898705,0.3803464108043247
1710778150.0899835,0.35056985086864895
1710778150.0900967,0.3197423285908169
1710778150.09021,0.289265149169498
1710778150.0903232,0.2584376434485118
1710778150.0904362,0.22831075721316868
1710778150.0905495,0.1999354362487793
1710778150.0906627,0.1715601152843899
1710778150.090776,0.14353510406282213
1710778150.0908892,0.11621072888374329
1710778150.0910022,0.08748509817653231
1710778150.0911155,0.05946008695496453
1710778150.0912287,0.02968351874086592
1710778150.091342,-0.00044327766065382294
1710778150.091455,-0.030564266360468335
1710778150.0915682,-0.06033501277367274
1710778150.0916815,-0.08940527008639441
1710778150.0917947,-0.11707454919815063
1710778150.0919077,-0.14439359307289124
1710778150.092021,-0.17136237687534756
1710778150.0921342,-0.19833117723464966
1710778150.0922475,-0.22529996103710598
1710778150.0923605,-0.2529692484272851
1710778150.0924737,-0.2823897533946567
1710778150.092587,-0.31005902422799003
1710778150.0927002,-0.3387790587213304
1710778150.0928135,-0.3664483295546638
1710778150.0929265,-0.3934171133571201
1710778150.0930398,-0.4196854101286994
1710778150.093153,-0.44490300946765476
1710778150.0932662,-0.46977033217748004
1710778150.0933793,-0.4949878984027439
1710778150.0934925,-0.5212561951743232
1710778150.0936058,-0.5475244919459025
1710778150.093719,-0.5751937627792358
1710778150.093832,-0.6035635868708292
1710778150.0939453,-0.6315830681059096
1710778150.0940585,-0.658902128537496
1710778150.0941718,-0.6851704253090752
1710778150.094285,-0.7107382350497775
1710778150.094398,-0.7345548603269789
1710778150.0945113,-0.7594221830368042
1710778150.0946245,-0.7832387420866225
1710778150.0947378,-0.8070553673638238
1710778150.0948508,-0.832272900475396
1710778150.094964,-0.8564398023817275
1710778150.0950773,-0.8806066380606757
1710778150.0951905,-0.9044231971104939
1710778150.0953035,-0.9268388483259413
1710778150.0954168,-0.9478534592522515
1710778150.09553,-0.9681676493750678
1710778150.0956433,-0.987431075837877
1710778150.0957565,-1.0059940152698092
1710778150.0958695,-1.0252574417326186
1710778150.0959828,-1.0441705915662978
1710778150.096096,-1.0637842284308539
1710778150.0962093,-1.0844486289554172
1710778150.0963223,-1.1047628190782335
1710778150.0964355,-1.1240262455410428
1710778150.0965488,-1.142939461602105
1710778150.096662,-1.1601013607449002
1710778150.096775,-1.1762126286824544
1710778150.0968883,-1.1909227901034884
1710778150.0970016,-1.2056330839792888
1710778150.0971148,-1.219993167453342
1710778150.0972278,-1.234353118472629
1710778150.097341,-1.2487130694919162
1710778150.0974543,-1.2620223893059623
1710778150.0975676,-1.2756819195217557
1710778150.0976808,-1.2886408964792888
1710778150.0977938,-1.29879805776808
1710778150.097907,-1.307904322942098
1710778150.0980203,-1.315259536107381
1710778150.0981336,-1.3205132219526503
1710778150.0982466,-1.3264673286014133
1710778150.0983598,-1.3313706715901692
1710778150.098473,-1.3359239366319444
1710778150.0985863,-1.3422282536824544
1710778150.0986993,-1.3481824927859836
1710778150.0988126,-1.3527356253729925
1710778150.0989258,-1.3565883371565077
1710778150.099039,-1.3590399424235027
1710778150.0991523,-1.3607912593417697
1710778150.0992653,-1.3614916801452637
1710778150.0993786,-1.3607912593417697
1710778150.0994918,-1.3604410489400227
1710778150.099605,-1.3593902852800157
1710778150.099718,-1.3590399424235027
1710778150.0998313,-1.3600907060835097
1710778150.0999446,-1.3607912593417697
1710778150.1000578,-1.3611414697435167
1710778150.1001709,-1.3604410489400227
1710778150.100284,-1.3583395216200087
1710778150.1003973,-1.3548370202382405
1710778150.1005106,-1.3492331239912245
1710778150.1006238,-1.3436292277442083
1710778150.1007369,-1.3373249106936984
1710778150.10085,-1.3310204611884222
1710778150.1009634,-1.3243658012813992
1710778150.1010766,-1.318411694632636
1710778150.1011896,-1.3128077983856201
1710778150.1013029,-1.30580292807685
1710778150.101416,-1.2980975045098198
1710778150.1015294,-1.2896916601392958
1710778150.1016424,-1.2788340780470107
1710778150.1017556,-1.2679764959547255
1710778150.1018689,-1.2564184930589464
1710778150.101982,-1.2448604901631672
1710778150.1020951,-1.232601934009128
1710778150.1022084,-1.220693588256836
1710778150.1023216,-1.2098360061645508
1710778150.1024349,-1.2000291877322726
1710778150.1025481,-1.1863696575164795
1710778150.1026611,-1.1730604701571994
1710778150.1027744,-1.1583501762813992
1710778150.1028876,-1.141188144683838
1710778150.1030009,-1.1226252714792888
1710778150.103114,-1.1026613579856024
1710778150.1032271,-1.0830476548936632
1710778150.1033404,-1.0620330439673529
1710778150.1034536,-1.0434701045354207
1710778150.1035666,-1.0235061910417345
1710778150.10368,-1.0031920671463013
1710778150.1037931,-0.982177389992608
1710778150.1039064,-0.9615129894680446
1710778150.1040196,-0.9376963641908433
1710778150.1041327,-0.9145802921719021
1710778150.104246,-0.8900631798638238
1710778150.1043591,-0.8651958571539985
1710778150.1044724,-0.8406788110733032
1710778150.1045854,-0.8161616987652248
1710778150.1046987,-0.7933958371480305
1710778150.104812,-0.7699294884999592
1710778150.1049252,-0.7464631398518881
1710778150.1050382,-0.7222963041729397
1710778150.1051514,-0.6970787048339844
1710778150.1052647,-0.670109921031528
1710778150.105378,-0.6424406501981947
1710778150.105491,-0.6137206157048544
1710778150.1056042,-0.58430016040802
1710778150.1057174,-0.5541791518529257
1710778150.1058307,-0.5254591173595852
1710778150.105944,-0.49708935949537486
1710778150.106057,-0.46871960163116455
1710778150.1061702,-0.44140054119957817
1710778150.1062834,-0.4123302963044908
1710778150.1063967,-0.38326005140940345
1710778150.1065097,-0.3524385558234321
1710778150.106623,-0.3219673368665907
1710778150.1067362,-0.29079559776518077
1710778150.1068494,-0.2596238917774624
1710778150.1069624,-0.2291526562637753
1710778150.1070757,-0.19973215129640368
1710778150.107189,-0.17101213335990906
1710778150.1073022,-0.14334286252657572
1710778150.1074154,-0.11532333162095812
1710778150.1075284,-0.08695356547832489
1710778150.1076417,-0.05788330402639177
1710778150.107755,-0.028112559682793088
1710778150.1078682,0.002709448906696505
1710778150.1079812,0.032836331261528864
1710778150.1080945,0.06401415086454815
1710778150.1082077,0.09379072321785821
1710778150.108321,0.12321698168913522
1710778150.108434,0.15194260411792332
1710778150.1085472,0.1799676153394911
1710778150.1086605,0.20869324604670206
1710778150.1087737,0.23741887675391302
1710778150.108887,0.26684514350361294
1710778150.109,0.29802295896742076
1710778150.1091132,0.3274492091602749
1710778150.1092265,0.35827673143810695
1710778150.1093397,0.3891042206022474
1710778150.1094527,0.4192311233944363
1710778150.109566,0.4476064443588257
1710778150.1096792,0.47458049323823714
1710778150.1097925,0.5015545752313402
1710778150.1099055,0.5281783474816216
1710778150.1100187,0.5555027061038547
1710778150.110132,0.5828270647260878
1710778150.1102452,0.6108521090613471
1710778150.1103582,0.6388770871692233
1710778150.1104715,0.6662015120188395
1710778150.1105847,0.6935258706410726
1710778150.110698,0.7201496097776625
1710778150.1108112,0.7457224527994791
1710778150.1109242,0.7698939906226264
1710778150.1110375,0.795116557015313
1710778150.1111507,0.8196384376949734
1710778150.111264,0.845211214489407
1710778150.111377,0.8707840575112237
1710778150.1114902,0.8970575200186836
1710778150.1116035,0.9233309162987603
1710778150.1117167,0.9482031398349338
1710778150.1118298,0.9730752971437242
1710778150.111943,0.9961959388520982
1710778150.1120563,1.0172147221035428
1710778150.1121695,1.0368322001563177
1710778150.1122828,1.0557490587234497
1710778150.1123958,1.0729144016901653
1710778150.112509,1.0907803641425238
1710778150.1126223,1.1082959837383695
1710778150.1127355,1.125461260477702
1710778150.1128485,1.1426266034444172
1710778150.1129618,1.1587410502963595
1710778150.113075,1.1741546789805095
1710778150.1131883,1.187466647889879
1710778150.1133013,1.2000779310862224
1710778150.1134145,1.2126890818277996
1710778150.1135278,1.2235487831963432
1710778150.113641,1.2354595131344266
1710778150.1137543,1.2480706638760037
1710778150.1138673,1.2596310509575737
1710778150.1139805,1.272242334153917
1710778150.1140938,1.2848534848954942
1710778150.114207,1.2967642148335774
1710778150.11432,1.306923230489095
1710778150.1144333,1.3149804539150662
1710778150.1145465,1.3212860955132377
1710778150.1146598,1.3261903656853569
1710778150.1147728,1.329693529340956
1710778150.114886,1.3338972462548149
1710778150.1149993,1.337400409910414
1710778150.1151125,1.3395023345947266
1710778150.1152256,1.3433557086520724
1710778150.1153388,1.3461581865946453
1710778150.115452,1.3479097684224446
1710778150.1155653,1.3486104541354709
1710778150.1156785,1.3472092151641846
1710778150.1157916,1.3465085294511583
1710778150.1159048,1.3437060515085857
1710778150.116018,1.3405532307094998
1710778150.1161313,1.3381010956234403
1710778150.1162443,1.3352984852261014
1710778150.1163576,1.3338972462548149
1710778150.1164708,1.3317954540252686
1710778150.116584,1.3289928436279297
1710778150.116697,1.3265407085418701
1710778150.1168103,1.321986648771498
1710778150.1169236,1.3156810071733263
1710778150.1170368,1.3086748123168945
1710778150.11715,1.2999169031778972
1710778150.117263,1.2904585732354057
1710778150.1173763,1.2820510069529216
1710778150.1174896,1.2736435731252034
1710778150.1176028,1.264535453584459
1710778150.1177158,1.256828573015001
1710778150.117829,1.2480706638760037
1710778150.1179423,1.236860752105713
1710778150.1180556,1.225650707880656
1710778150.1181686,1.2130394246843126
1710778150.1182818,1.1983263492584229
1710778150.118395,1.1829125881195068
1710778150.1185083,1.1657472451527913
1710778150.1186216,1.149282587899102
1710778150.1187346,1.1328177981906467
1710778150.1188478,1.1167034837934706
1710778150.118961,1.1002387603123982
1710778150.1190743,1.0827231407165527
1710778150.1191874,1.064156625005934
1710778150.1193006,1.0452397002114189
1710778150.1194139,1.0242209831873577
1710778150.119527,1.003202199935913
1710778150.11964,0.9800815582275391
1710778150.1197534,0.9573112593756782
1710778150.1198666,0.9345409605238173
1710778150.1199799,0.9121209383010864
1710778150.1200929,0.8904015355639987
1710778150.120206,0.868331856197781
1710778150.1203194,0.8459118339750502
1710778150.1204326,0.8231415351231892
1710778150.1205459,0.7982693115870158
1710778150.1206589,0.772346191936069
1710778150.1207721,0.7457224527994791
1710778150.1208854,0.7176974746916029
1710778150.1209986,0.6896724303563436
1710778150.1211116,0.6612971093919542
1710778150.1212249,0.6343230273988512
1710778150.1213381,0.6073489454057481
1710778150.1214514,0.5807252062691582
1710778150.1215644,0.5541014671325684
1710778150.1216776,0.5267770753966438
1710778150.121791,0.4984017544322544
1710778150.1219041,0.4696761237250434
1710778150.1220174,0.4395492540465461
1710778150.1221304,0.41012300385369194
1710778150.1222436,0.3803464108043247
1710778150.122357,0.3509201606114705
1710778150.1224701,0.3239460786183675
1710778150.1225832,0.29662171999613446
1710778150.1226964,0.2689470185173882
1710778150.1228096,0.24127231703864202
1710778150.122923,0.21254668633143106
1710778150.123036,0.18277012639575535
1710778150.1231492,0.15229293041759068
1710778150.1232624,0.11971385114722781
1710778150.1233757,0.08643416066964467
1710778150.1234887,0.054906023045380906
1710778150.123602,0.02337789162993431
1710778150.1237152,-0.007448159158229828
1710778150.1238284,-0.03791939467191696
1710778150.1239417,-0.06769013901551564
1710778150.1240547,-0.09781113101376428
1710778150.124168,-0.12898285355832842
1710778150.1242812,-0.16050481133990818
1710778150.1243944,-0.1913262903690338
1710778150.1245074,-0.22179752588272095
1710778150.1246207,-0.2533194919427236
1710778150.124734,-0.2834404839409722
1710778150.1248472,-0.3118102418051826
1710778150.1249602,-0.3391293022367689
1710778150.1250734,-0.3664483295546638
1710778150.1251867,-0.39236638281080455
1710778150.1253,-0.41933516661326087
1710778150.1254132,-0.44665422704484725
1710778150.1255262,-0.4746737413936191
1710778150.1256394,-0.504094229804145
1710778150.1257527,-0.5335147513283623
1710778150.125866,-0.5622347858217027
1710778150.125979,-0.5902542670567831
1710778150.1260922,-0.6182738145192465
1710778150.1262054,-0.6445421112908257
1710778150.1263187,-0.6704601976606581
1710778150.1264317,-0.6963782178031074
1710778150.126545,-0.7226465145746866
1710778150.1266582,-0.749265087975396
1710778150.1267715,-0.7762338717778523
1710778150.1268847,-0.8039031426111857
1710778150.1269977,-0.830171439382765
1710778150.127111,-0.8567900127834743
1710778150.1272242,-0.8823578225241767
1710778150.1273375,-0.905824171172248
1710778150.1274505,-0.9289403094185723
1710778150.1275637,-0.9506554073757595
1710778150.127677,-0.9720202949311998
1710778150.1277902,-0.9940856695175171
1710778150.1279032,-1.0154505570729573
1710778150.1280165,-1.0371657212575276
1710778150.1281297,-1.0588808192147148
1710778150.128243,-1.0802457067701552
1710778150.128356,-1.1009101072947185
1710778150.1284692,-1.1194731129540336
1710778150.1285825,-1.136985222498576
1710778150.1286957,-1.153446700837877
1710778150.128809,-1.1678067843119304
1710778150.128922,-1.1828672885894775
1710778150.1290352,-1.1968770292070177
1710778150.1291485,-1.2112369802263048
1710778150.1292617,-1.2266476949055989
1710778150.1293747,-1.2413579887813992
1710778150.129488,-1.2553677293989394
1710778150.1296012,-1.2676262855529785
1710778150.1297145,-1.2784838676452637
1710778150.1298275,-1.2882906860775418
1710778150.1299407,-1.295996109644572
1710778150.130054,-1.303000979953342
1710778150.1301672,-1.309305297003852
1710778150.1302805,-1.316660510169135
1710778150.1303935,-1.3229648272196453
1710778150.1305068,-1.3299696975284152
1710778150.13062,-1.3373249106936984
1710778150.1307333,-1.3450302018059623
1710778150.1308463,-1.3506340980529785
1710778150.1309595,-1.3548370202382405
1710778150.1310728,-1.3583395216200087
1710778150.131186,-1.3614916801452637
1710778150.131299,-1.3628926542070177
1710778150.1314123,-1.364643971125285
1710778150.1315255,-1.3663951555887859
1710778150.1316388,-1.3688468933105469
1710778150.131752,-1.3709482881757948
1710778150.131865,-1.3730498154958088
1710778150.1319783,-1.3748009999593098
1710778150.1320915,-1.3748009999593098
1710778150.1322048,-1.3737502362993028
1710778150.1323178,-1.3702478673723009
1710778150.132431,-1.366044945187039
1710778150.1325443,-1.3604410489400227
1710778150.1326575,-1.3544868098364935
1710778150.1327705,-1.3485327031877306
1710778150.1328838,-1.3429288069407146
1710778150.132997,-1.3376751210954454
1710778150.1331103,-1.3317210144466824
1710778150.1332233,-1.3261171181996663
1710778150.1333365,-1.318761905034383
1710778150.1334498,-1.3100058502621121
1710778150.133563,-1.300199031829834
1710778150.1336763,-1.2893414497375488
1710778150.1337893,-1.2774331039852567
1710778150.1339025,-1.2665755218929715
1710778150.1340158,-1.2550175189971924
1710778150.134129,-1.2445101473066542
1710778150.134242,-1.233652565214369
1710778150.1343553,-1.223145325978597
1710778150.1344686,-1.2105365594228108
1710778150.1345818,-1.1979277928670247
1710778150.1346948,-1.1832174989912245
1710778150.134808,-1.1678067843119304
1710778150.1349213,-1.150294542312622
1710778150.1350346,-1.1324320899115667
1710778150.1351478,-1.1145696375105116
1710778150.1352608,-1.0963569747077093
1710778150.135374,-1.0788447327084012
1710778150.1354873,-1.061332556936476
1710778150.1356006,-1.0438203149371676
1710778150.1357136,-1.0245569547017415
1710778150.1358268,-1.0042427645789251
1710778150.13594,-0.982877877023485
1710778150.1360533,-0.9601120154062907
1710778150.1361663,-0.9359451797273424
1710778150.1362796,-0.9121285544501411
1710778150.1363928,-0.8876115083694458
1710778150.136506,-0.8644953701231215
1710778150.1366193,-0.8413792981041802
1710778150.1367323,-0.8182631598578559
1710778150.1368456,-0.7947968112097846
1710778150.1369588,-0.7713304625617133
1710778150.137072,-0.7468133502536349
1710778150.137185,-0.7215958171420627
1710778150.1372983,-0.6949772437413534
1710778150.1374116,-0.668008459938897
1710778150.1375248,-0.6403391891055636
1710778150.1376379,-0.6137206157048544
1710778150.137751,-0.587102108531528
1710778150.1378644,-0.5618845091925727
1710778150.1379776,-0.5370171864827474
1710778150.1380906,-0.5110991332266066
1710778150.1382039,-0.4848308033413357
1710778150.138317,-0.4575117760234409
1710778150.1384304,-0.42844153112835354
1710778150.1385436,-0.39937125311957467
1710778150.1386566,-0.3703010082244873
1710778150.1387699,-0.34088051981396145
1710778150.138883,-0.3114599982897441
1710778150.1389964,-0.2834404839409722
1710778150.1391094,-0.2557711965507931
1710778150.1392226,-0.2288024127483368
1710778150.1393359,-0.2018336123890347
1710778150.1394491,-0.17451458507113987
1710778150.1395621,-0.14649505416552225
1710778150.1396754,-0.11742479271358913
1710778150.1397886,-0.08905502657095592
1710778150.1399019,-0.05998476925823423
1710778150.1400151,-0.03091451194551256
1710778150.1401281,-0.002894986213909255
1710778150.1402414,0.025129454831282295
1710778150.1403546,0.052804148031605616
1710778150.140468,0.0797782176070743
1710778150.140581,0.10710260106457604
1710778150.1406941,0.13652885953585306
1710778150.1408074,0.16665574577119616
1710778150.1409206,0.19643230570687187
1710778150.1410336,0.2276101377275255
1710778150.141147,0.2584376434485118
1710778150.1412601,0.2885645296838548
1710778150.1413734,0.31834108961953056
1710778150.1414864,0.34671641058391994
1710778150.1415997,0.37369049257702297
1710778150.141713,0.40066454145643443
1710778150.1418262,0.4272883137067159
1710778150.1419394,0.4542623625861274
1710778150.1420524,0.4805358250935872
1710778150.1421657,0.5082105265723335
1710778150.142279,0.5355348851945665
1710778150.1423922,0.5621586243311564
1710778150.1425052,0.5887824296951294
1710778150.1426184,0.6136545870039198
1710778150.1427317,0.637475848197937
1710778150.142845,0.6612971093919542
1710778150.142958,0.6854687134424845
1710778150.1430712,0.7096402512656318
1710778150.1431844,0.7341621319452921
1710778150.1432977,0.7593846321105957
1710778150.143411,0.7856580946180556
1710778150.143524,0.8115812142690022
1710778150.1436372,0.8375043339199489
1710778150.1437504,0.8620262145996094
1710778150.1438637,0.8854971991644965
1710778150.1439767,0.9079171551598443
1710778150.14409,0.9282353189256456
1710778150.1442032,0.9485534164640639
1710778150.1443164,0.9692218568589952
1710778150.1444294,0.9895400206247965
1710778150.1445427,1.0095078415340848
1710778150.144656,1.0298259390725029
1710778150.1447692,1.0494434833526611
1710778150.1448824,1.068360341919793
1710778150.1449955,1.0865765810012817
1710778150.1451087,1.1023406849967108
1710778150.145222,1.1167034837934706
1710778150.1453352,1.130365663104587
1710778150.1454482,1.1426266034444172
1710778150.1455615,1.1552378866407607
1710778150.1456747,1.1681993802388508
1710778150.145788,1.1808106634351943
1710778150.145901,1.1930716037750244
1710778150.1460142,1.2060332298278809
1710778150.1461275,1.2172431415981717
1710778150.1462407,1.2281028429667156
1710778150.1463537,1.2372109625074599
1710778150.146467,1.2449178430769179
1710778150.1465802,1.2519241703881157
1710778150.1466935,1.2585800223880343
1710778150.1468067,1.2662869029574924
1710778150.1469197,1.272942887412177
1710778150.147033,1.2813504536946614
1710778150.1471462,1.2894075446658664
1710778150.1472595,1.2967642148335774
1710778150.1473725,1.303420066833496
1710778150.1474857,1.3090251551734076
1710778150.147599,1.3125281863742404
1710778150.1477122,1.314630111058553
1710778150.1478252,1.3156810071733263
1710778150.1479385,1.3163816928863525
1710778150.1480517,1.3167319032880995
1710778150.148165,1.3170822461446126
1710778150.1482782,1.3184834851158989
1710778150.1483912,1.3184834851158989
1710778150.1485045,1.3184834851158989
1710778150.1486177,1.318133274714152
1710778150.148731,1.3156810071733263
1710778150.148844,1.3125281863742404
1710778150.1489573,1.3079741266038682
1710778150.1490705,1.3030697239769828
1710778150.1491838,1.2978151109483507
1710778150.1492968,1.2929107083214653
1710778150.14941,1.288356648551093
1710778150.1495233,1.2831019030676947
1710778150.1496365,1.2792485290103488
1710778150.1497498,1.272942887412177
1710778150.1498628,1.2666372458140056
1710778150.149976,1.2582298119862874
1710778150.1500893,1.2477204534742568
1710778150.1502025,1.2351091702779133
1710778150.1503155,1.2228482299380832
1710778150.1504288,1.2095362610287137
1710778150.150542,1.195874081717597
1710778150.1506553,1.1815113491482205
1710778150.1507683,1.1678491698371039
1710778150.1508815,1.1541869905259874
1710778150.1509948,1.1405246787601047
1710778150.151108,1.125811603334215
1710778150.151221,1.1093469460805256
1710778150.1513343,1.091831260257297
1710778150.1514475,1.0739653640323215
1710778150.1515608,1.0550484392378066
1710778150.151674,1.0364819235271878
1710778150.151787,1.0182656182183158
1710778150.1519003,1.0007499986224704
1710778150.1520135,0.9832343790266249
1710778150.1521268,0.9653684165742662
1710778150.1522398,0.9468019008636475
1710778150.152353,0.9271843565834893
1710778150.1524663,0.9058152967029147
1710778150.1525795,0.8823443783654107
1710778150.1526926,0.8574721548292372
1710778150.1528058,0.8322496546639336
1710778150.152919,0.8056259155273438
1710778150.1530323,0.7804034153620402
1710778150.1531456,0.7548305723402235
1710778150.1532586,0.7299584150314331
1710778150.1533718,0.7047358486387465
1710778150.153485,0.6795133484734429
1710778150.1535983,0.6532399521933662
1710778150.1537113,0.62556525071462
1710778150.1538246,0.5978905492358737
1710778150.1539378,0.5688146087858412
1710778150.154051,0.5404392878214518
1710778150.154164,0.5117136240005493
1710778150.1542773,0.4843892653783162
1710778150.1543906,0.4574151833852132
1710778150.1545038,0.4307914442486233
1710778150.154617,0.40486829148398507
1710778150.15473,0.37789424260457355
1710778150.1548433,0.35056985086864895
1710778150.1549566,0.32219452990425956
1710778150.1550698,0.29276827971140545
1710778150.1551828,0.26264139347606236
1710778150.155296,0.23321512672636244
1710778150.1554093,0.2034385667906867
1710778150.1555226,0.17506324582629734
1710778150.1556356,0.14703823460472953
1710778150.1557488,0.11936354140440622
1710778150.155862,0.09098822044001685
1710778150.1559753,0.0629632133576605
1710778150.1560884,0.03388726876841651
1710778150.1562016,0.003760386672284868
1710778150.1563148,-0.027412070582310356
1710778150.156428,-0.05823354754183027
1710778150.1565413,-0.08975551360183291
1710778150.1566544,-0.12127747966183557
1710778150.1567676,-0.1513984633816613
1710778150.1568809,-0.18151945537990993
1710778150.156994,-0.21023947331640455
1710778150.157107,-0.23965997828377616
1710778150.1572204,-0.2697809702820248
1710778150.1573336,-0.30060244931115043
1710778150.1574469,-0.33177415529886883
1710778150.1575599,-0.36294589440027875
1710778150.1576731,-0.3951683309343126
1710778150.1577864,-0.425989826520284
1710778150.1578996,-0.45611080196168685
1710778150.1580129,-0.4858815670013428
1710778150.1581259,-0.5142513248655531
1710778150.1582391,-0.5426210827297634
1710778150.1583524,-0.5709908405939738
1710778150.1584656,-0.5990103880564371
1710778150.1585786,-0.6284309095806545
1710778150.158692,-0.6582016415066189
1710778150.1588051,-0.6879723734325832
1710778150.1589184,-0.7180933819876777
1710778150.1590314,-0.7461128632227579
1710778150.1591446,-0.7744826873143513
1710778150.159258,-0.8004007074568007
1710778150.1593711,-0.825618306795756
1710778150.1594841,-0.8497851424747043
1710778150.1595974,-0.8743021885553995
1710778150.1597106,-0.897768603430854
1710778150.159824,-0.9215851624806721
1710778150.1599371,-0.9464524851904975
1710778150.1600502,-0.9699188338385688
1710778150.1601634,-0.9944359461466471
1710778150.1602767,-1.0172018077638414
1710778150.16039,-1.0382164186901517
1710778150.160503,-1.058180332183838
1710778150.1606162,-1.0770935482449002
1710778150.1607294,-1.0956564876768324
1710778150.1608427,-1.1131686634487576
1710778150.1609557,-1.1320818795098198
1710778150.161069,-1.150644752714369
1710778150.1611822,-1.1699081791771782
1710778150.1612954,-1.1891716056399875
1710778150.1614087,-1.2077346112993028
1710778150.1615217,-1.224546300040351
1710778150.161635,-1.2396068043178983
1710778150.1617482,-1.2539667553371854
1710778150.1618614,-1.2672760751512315
1710778150.1619744,-1.2791844209035237
1710778150.1620877,-1.2903922133975558
1710778150.162201,-1.302650769551595
1710778150.1623142,-1.313508219189114
1710778150.1624272,-1.3257667753431532
1710778150.1625404,-1.3362741470336914
1710778150.1626537,-1.3474819395277235
1710778150.162767,-1.3565883371565077
1710778150.1628802,-1.3639434178670247
1710778150.1629932,-1.3702478673723009
1710778150.1631064,-1.3755014207628038
1710778150.1632197,-1.3793541325463188
1710778150.163333,-1.382856633928087
1710778150.163446,-1.387409766515096
1710778150.1635592,-1.3926634523603652
1710778150.1636724,-1.397216584947374
1710778150.1637857,-1.4024702707926433
1710778150.1638987,-1.4059727721744113
1710778150.164012,-1.4091249306996663
1710778150.1641252,-1.4105259047614203
1710778150.1642385,-1.4101756943596733
1710778150.1643515,-1.4094751411014133
1710778150.1644647,-1.4073737462361653
1710778150.164578,-1.4066731929779053
1710778150.1646912,-1.4052722189161513
1710778150.1648045,-1.4038712448543973
1710778150.1649175,-1.4024702707926433
1710778150.1650307,-1.401769717534383
1710778150.165144,-1.398267348607381
1710778150.1652572,-1.3937142160203722
1710778150.1653702,-1.387059556113349
1710778150.1654835,-1.380054685804579
1710778150.1655967,-1.3709482881757948
1710778150.16571,-1.3614916801452637
1710778150.165823,-1.3520350721147325
1710778150.1659362,-1.3422282536824544
1710778150.1660495,-1.3320712248484294
1710778150.1661627,-1.3233151700761583
1710778150.166276,-1.3128077983856201
1710778150.166389,-1.301249795489841
1710778150.1665022,-1.2882906860775418
1710778150.1666155,-1.2739307350582547
1710778150.1667287,-1.2585200203789604
1710778150.1668417,-1.2417081991831462
1710778150.166955,-1.224546300040351
1710778150.1670682,-1.2080848217010498
1710778150.1671815,-1.1909227901034884
1710778150.1672945,-1.1748116546207004
1710778150.1674078,-1.1587003866831462
1710778150.167521,-1.140837934282091
1710778150.1676342,-1.1233256922827826
1710778150.1677475,-1.1037120554182265
1710778150.1678605,-1.0819969574610393
1710778150.1679738,-1.0595813062455919
1710778150.168087,-1.0364652342266507
1710778150.1682003,-1.0119481219185722
1710778150.1683133,-0.988832049899631
1710778150.1684265,-0.9653657012515597
1710778150.1685398,-0.9422495630052354
1710778150.168653,-0.9198339780171711
1710778150.168766,-0.8974183268017238
1710778150.1688793,-0.8732514911227756
1710778150.1689925,-0.8490846554438273
1710778150.1691058,-0.8231665690739949
1710778150.1692188,-0.7958475748697916
1710778150.169332,-0.7692290014690822
1710778150.1694453,-0.742610428068373
1710778150.1695585,-0.7163421312967936
1710778150.1696718,-0.6900738345252143
1710778150.1697848,-0.6641557481553819
1710778150.169898,-0.6392884254455566
1710778150.1700113,-0.6130201286739773
1710778150.1701245,-0.586051344871521
1710778150.1702375,-0.5580317974090576
1710778150.1703508,-0.5289615856276618
1710778150.170464,-0.4981400900416904
1710778150.1705773,-0.46836935811572605
1710778150.1706903,-0.43824834956063163
1710778150.1708035,-0.4084776176346673
1710778150.1709168,-0.3794073396258884
1710778150.17103,-0.35138782527711654
1710778150.1711433,-0.3233683109283447
1710778150.1712563,-0.29534879657957286
1710778150.1713696,-0.266278518570794
1710778150.1714828,-0.23650777008798388
1710778150.171596,-0.2060365511311425
1710778150.171709,-0.1762658026483324
1710778150.1718223,-0.14509408010376823
1710778150.1719356,-0.11532333162095812
1710778150.1720488,-0.0866033136844635
1710778150.1721618,-0.05753306051095326
1710778150.172275,-0.029863779329591326
1710778150.1723883,-0.002544741922368606
1710778150.1725016,0.025830080525742635
1710778150.1726148,0.05420539942052629
1710778150.1727278,0.0839819676346249
1710778150.172841,0.11445916361278957
1710778150.1729543,0.14563697907659742
1710778150.1730676,0.17541355556911892
1710778150.1731806,0.20554044180446202
1710778150.1732938,0.23461638225449455
1710778150.173407,0.2633420129617055
1710778150.1735203,0.29136700762642753
1710778150.1736333,0.31869139936235213
1710778150.1737466,0.348818302154541
1710778150.1738598,0.3782445523473951
1710778150.173973,0.40907204151153564
1710778150.174086,0.4398995637893677
1710778150.1741993,0.4710773958100213
1710778150.1743126,0.5019048849741617
1710778150.1744258,0.5316814449098375
1710778150.174539,0.56040710873074
1710778150.174652,0.5884320868386163
1710778150.1747653,0.614355206489563
1710778150.1748786,0.6402783923678927
1710778150.1749918,0.6662015120188395
1710778150.1751049,0.6921246316697862
1710778150.175218,0.7183980941772461
1710778150.1753314,0.7436205943425497
1710778150.1754446,0.7688430945078532
1710778150.1755576,0.7933649751875136
1710778150.1756709,0.8168358935250176
1710778150.175784,0.8389055728912354
1710778150.1758974,0.8588733938005235
1710778150.1760106,0.8791915575663248
1710778150.1761236,0.8984587589899699
1710778150.1762369,0.918426579899258
1710778150.17635,0.9387446774376763
1710778150.1764634,0.9597634606891208
1710778150.1765764,0.9797312815984089
1710778150.1766896,1.0007499986224704
1710778150.1768029,1.0203675429026287
1710778150.1769161,1.0382334391276042
1710778150.1770291,1.0550484392378066
1710778150.1771424,1.0708125432332356
1710778150.1772556,1.0844747225443523
1710778150.1773689,1.098837521341112
1710778150.177482,1.1132003201378715
1710778150.1775951,1.1268624994489882
1710778150.1777084,1.1405246787601047
1710778150.1778216,1.1541869905259874
1710778150.177935,1.1678491698371039
1710778150.178048,1.180460320578681
1710778150.1781611,1.1913200219472249
1710778150.1782744,1.2018293804592557
1710778150.1783876,1.210937632454766
1710778150.1785007,1.2196954091389973
1710778150.178614,1.2284531858232286
1710778150.1787271,1.2372109625074599
1710778150.1788404,1.2470197677612305
1710778150.1789534,1.256828573015001
1710778150.1790667,1.2666372458140056
1710778150.17918,1.27574536535475
1710778150.1792932,1.2845032744937472
1710778150.1794064,1.2908087836371527
1710778150.1795194,1.295713186264038
1710778150.1796327,1.2995666927761502
1710778150.179746,1.3023691707187228
1710778150.1798592,1.3041207525465224
1710778150.1799722,1.306923230489095
1710778150.1800854,1.3090251551734076
1710778150.1801987,1.3114772902594671
1710778150.180312,1.3135792149437797
1710778150.180425,1.314630111058553
1710778150.1805382,1.3153306643168132
1710778150.1806514,1.3135792149437797
1710778150.1807647,1.3125281863742404
1710778150.180878,1.3090251551734076
1710778150.180991,1.3055219915178087
1710778150.1811042,1.3016684850056965
1710778150.1812174,1.2978151109483507
1710778150.1813307,1.2943119472927518
1710778150.1814437,1.291509469350179
1710778150.181557,1.2876559628380668
1710778150.1816702,1.283452245924208
1710778150.1817834,1.2774969471825492
1710778150.1818964,1.2701404094696045
1710778150.1820097,1.260681947072347
1710778150.182123,1.2501725885603163
1710778150.1822362,1.2386122014787462
1710778150.1823492,1.2270519468519423
1710778150.1824625,1.2147910065121121
1710778150.1825757,1.202530066172282
1710778150.182689,1.1909698115454779
1710778150.1828022,1.1790590816073947
1710778150.1829152,1.1657472451527913
1710778150.1830285,1.1520850658416748
1710778150.1831417,1.1363209618462455
1710778150.183255,1.1202066474490695
1710778150.183368,1.1012897226545546
1710778150.1834812,1.0823728640874226
1710778150.1835945,1.0648572444915771
1710778150.1837077,1.0459403196970622
1710778150.1838207,1.0284247001012166
1710778150.183934,1.0095078415340848
1710778150.1840472,0.9919922219382392
1710778150.1841605,0.9737759166293674
1710778150.1842737,0.9534578190909492
1710778150.1843867,0.9327893786960177
1710778150.1845,0.9100190798441569
1710778150.1846132,0.8868984381357828
1710778150.1847265,0.8648287587695651
1710778150.1848395,0.8420583936903212
1710778150.1849527,0.8189377519819472
1710778150.185066,0.7979190349578857
1710778150.1851792,0.7765499750773112
1710778150.1852922,0.7551809151967366
1710778150.1854055,0.7327608929740058
1710778150.1855187,0.7099905941221449
1710778150.185632,0.6858189900716146
1710778150.1857452,0.6609468327628242
1710778150.1858582,0.6350236468844943
1710778150.1859715,0.6087502506044176
1710778150.1860847,0.583177407582601
1710778150.186198,0.5579549074172974
1710778150.186311,0.5334330267376369
1710778150.1864243,0.5092614558007982
1710778150.1865375,0.4847395751211378
1710778150.1866508,0.45986738469865585
1710778150.1867638,0.4346448845333523
1710778150.186877,0.40837142202589244
1710778150.1869903,0.3803464108043247
1710778150.1871035,0.3523213995827569
1710778150.1872165,0.32429642147488064
1710778150.1873298,0.29697202973895603
1710778150.187443,0.27034827404552036
1710778150.1875563,0.24337419205241734
1710778150.1876695,0.21710074610180324
1710778150.1877825,0.1897763709227244
1710778150.1878958,0.16245199574364555
1710778150.188009,0.13302572899394566
1710778150.1881223,0.10289885103702545
1710778150.1882353,0.07207134531603919
1710778150.1883485,0.040893521573808454
1710778150.1884618,0.009715700935986307
1710778150.188575,-0.020056944340467453
1710778150.188688,-0.049827690753671855
1710778150.1888013,-0.07819746103551653
1710778150.1889145,-0.10656722717814975
1710778150.1890278,-0.13493700159920585
1710778150.189141,-0.1626062724325392
1710778150.189254,-0.1920267773999108
1710778150.1893673,-0.22144728236728245
1710778150.1894805,-0.2512180308500926
1710778150.1895938,-0.2816892663637797
1710778150.1897068,-0.310759511258867
1710778150.18982,-0.33947954575220746
1710778150.1899333,-0.3667985730701023
1710778150.1900465,-0.3941176003879971
1710778150.1901596,-0.4210863841904534
1710778150.1902728,-0.4484054446220398
1710778150.190386,-0.4757244719399346
1710778150.1904993,-0.5051449603504604
1710778150.1906126,-0.5342152383592393
1710778150.1907256,-0.5643362469143337
1710778150.1908388,-0.5948074658711752
1710778150.190952,-0.6231772237353854
1710778150.1910653,-0.6511967711978488
1710778150.1911783,-0.6781655550003052
1710778150.1912916,-0.7040835751427544
1710778150.1914048,-0.7293011744817098
1710778150.191518,-0.7545187738206651
1710778150.191631,-0.7790358199013604
1710778150.1917443,-0.8042534192403157
1710778150.1918576,-0.829470952351888
1710778150.1919708,-0.8550388283199734
1710778150.1920838,-0.8788553873697916
1710778150.192197,-0.9023217360178629
1710778150.1923103,-0.9240369002024332
1710778150.1924236,-0.9440008136961195
1710778150.1925368,-0.9639647271898057
1710778150.1926498,-0.982877877023485
1710778150.192763,-1.0017910930845473
1710778150.1928763,-1.0210544533199735
1710778150.1929896,-1.0403178797827826
1710778150.1931026,-1.0606320699055989
1710778150.1932158,-1.0802457067701552
1710778150.193329,-1.0991589228312175
1710778150.1934423,-1.1173715856340196
1710778150.1935554,-1.133482853571574
1710778150.1936686,-1.148893568250868
1710778150.1937819,-1.1632535192701552
1710778150.193895,-1.1769130494859483
1710778150.1940084,-1.1912731329600017
1710778150.1941214,-1.2052828735775418
1710778150.1942346,-1.219993167453342
1710778150.1943479,-1.234703328874376
1710778150.194461,-1.2504643864101834
1710778150.194574,-1.2637735737694633
1710778150.1946874,-1.2760321299235027
1710778150.1948006,-1.2875902652740479
1710778150.1949139,-1.2980975045098198
1710778150.1950269,-1.307203902138604
1710778150.1951401,-1.315259536107381
1710778150.1952534,-1.3240155908796523
1710778150.1953666,-1.3334721989101834
1710778150.1954796,-1.3429288069407146
1710778150.1955929,-1.3523854149712455
1710778150.1957061,-1.3604410489400227
1710778150.1958194,-1.3681463400522869
1710778150.1959326,-1.3751512103610568
1710778150.1960456,-1.380054685804579
1710778150.196159,-1.383557054731581
1710778150.1962721,-1.386008792453342
1710778150.1963854,-1.387759976916843
1710778150.1964984,-1.390211714638604
1710778150.1966116,-1.391962899102105
1710778150.196725,-1.3951151900821261
1710778150.1968381,-1.3968663745456271
1710778150.1969512,-1.398617559009128
1710778150.1970644,-1.398617559009128
1710778150.1971776,-1.397216584947374
1710778150.197291,-1.3937142160203722
1710778150.1974041,-1.389160950978597
1710778150.1975172,-1.383557054731581
1710778150.1976304,-1.3776029480828178
1710778150.1977437,-1.3709482881757948
1710778150.197857,-1.3649941815270317
1710778150.19797,-1.3590399424235027
1710778150.1980832,-1.3523854149712455
1710778150.1981964,-1.3460809654659696
1710778150.1983097,-1.3380253314971924
1710778150.1984227,-1.3282185130649142
1710778150.198536,-1.317360930972629
1710778150.1986492,-1.304401954015096
1710778150.1987624,-1.2914428446027968
1710778150.1988757,-1.2784838676452637
1710778150.1989887,-1.2648243374294705
1710778150.199102,-1.2525657812754314
1710778150.1992152,-1.2392565939161513
1710778150.1993284,-1.2266476949055989
1710778150.1994414,-1.2126379542880588
1710778150.1995547,-1.1979277928670247
1710778150.199668,-1.1818165249294705
1710778150.1997812,-1.1636038621266682
1710778150.1998942,-1.1457414097256131
1710778150.2000074,-1.1261276404062908
1710778150.2001207,-1.1065140035417345
1710778150.200234,-1.0869003666771782
1710778150.200347,-1.067636940214369
1710778150.2004602,-1.0487237903806899
1710778150.2005734,-1.0298105743196275
1710778150.2006867,-1.0091461737950642
1710778150.2008,-0.987781286239624
1710778150.200913,-0.9653657012515597
1710778150.2010262,-0.9411988655726115
1710778150.2011395,-0.9159812662336562
1710778150.2012527,-0.8904134564929538
1710778150.2013657,-0.8658963441848755
1710778150.201479,-0.8410290214750502
1710778150.2015922,-0.8168621857961018
1710778150.2017055,-0.7937461137771606
1710778150.2018185,-0.7716807391908433
1710778150.2019317,-0.7475138372845119
1710778150.202045,-0.7236972782346938
1710778150.2021582,-0.6977791918648614
1710778150.2022715,-0.6715108950932821
1710778150.2023845,-0.6452425983217027
1710778150.2024977,-0.6172230508592393
1710778150.202611,-0.5909547540876601
1710778150.2027242,-0.5636357598834567
1710778150.2028372,-0.5377176735136244
1710778150.2029505,-0.5117996202574836
1710778150.2030637,-0.4841303163104587
1710778150.203177,-0.45646104547712535
1710778150.20329,-0.42739080058203804
1710778150.2034032,-0.3972697920269436
1710778150.2035165,-0.3657478425237867
1710778150.2036297,-0.3335253728760613
1710778150.203743,-0.302353666888343
1710778150.203856,-0.2711819443437788
1710778150.2039692,-0.23895949125289917
1710778150.2040825,-0.20953898628552753
1710778150.2041957,-0.18011848131815592
1710778150.2043087,-0.1513984633816613
1710778150.204422,-0.12162772317727406
1710778150.2045352,-0.09115648766358693
1710778150.2046485,-0.06068525628911124
1710778150.2047615,-0.029163290229108598
1710778150.2048748,0.002359136318167051
1710778150.204988,0.03388726876841651
1710778150.2051013,0.06576571613550186
1710778150.2052143,0.09659322599569956
1710778150.2053275,0.12707042197386423
1710778150.2054408,0.157547609673606
1710778150.205554,0.18872544169425964
1710778150.2056673,0.22025356690088907
1710778150.2057803,0.2517816921075185
1710778150.2058935,0.2857620186275906
1710778150.2060068,0.31869139936235213
1710778150.20612,0.35267170932557845
1710778150.206233,0.38560112317403156
1710778150.2063463,0.41607830259535045
1710778150.2064595,0.4469058248731825
1710778150.2065728,0.47528114583757186
1710778150.2066858,0.5033061239454482
1710778150.206799,0.5302802059385512
1710778150.2069123,0.5569039450751411
1710778150.2070255,0.583527750439114
1710778150.2071388,0.6108521090613471
1710778150.2072518,0.6381764676835802
1710778150.207365,0.6648002730475532
1710778150.2074783,0.6917742888132731
1710778150.2075915,0.7169967889785767
1710778150.2077045,0.741518669658237
1710778150.2078178,0.7653399308522542
1710778150.207931,0.7902121543884277
1710778150.2080443,0.8143836922115749
1710778150.2081573,0.8392559157477485
1710778150.2082705,0.864478415913052
1710778150.2083838,0.8897009160783556
1710778150.208497,0.9152737591001723
1710778150.2086103,0.9401459164089626
1710778150.2087233,0.9632665581173366
1710778150.2088366,0.9856865803400675
1710778150.2089498,1.0053040583928425
1710778150.209063,1.0238706403308444
1710778150.209176,1.04103598329756
1710778150.2092893,1.0585516028934054
1710778150.2094026,1.0750162601470947
1710778150.2095158,1.091831260257297
1710778150.2096288,1.1082959837383695
1710778150.209742,1.125461260477702
1710778150.2098553,1.140875021616618
1710778150.2099686,1.156288782755534
1710778150.2100816,1.1706516477796767
1710778150.2101948,1.18396348423428
1710778150.210308,1.19552387131585
1710778150.2104213,1.2067337830861409
1710778150.2105346,1.218994723425971
1710778150.2106476,1.2305551105075412
1710778150.2107608,1.2431662612491183
1710778150.210874,1.2554272015889485
1710778150.2109873,1.268388827641805
1710778150.2111003,1.280649767981635
1710778150.2112136,1.2904585732354057
1710778150.2113268,1.3002672460344102
1710778150.21144,1.3079741266038682
1710778150.211553,1.31427976820204
1710778150.2116663,1.3205854098002117
1710778150.2117796,1.3261903656853569
1710778150.2118928,1.3324960072835286
1710778150.212006,1.3388016488817003
1710778150.212119,1.3458079761928983
1710778150.2122324,1.3510625892215304
1710778150.2123456,1.3563173347049289
1710778150.2124588,1.3598203659057617
1710778150.2125719,1.3622726334465873
1710778150.212685,1.3626229763031006
1710778150.2127984,1.360871394475301
1710778150.2129116,1.3598203659057617
1710778150.2130246,1.3563173347049289
1710778150.2131379,1.3542154100206163
1710778150.213251,1.3517632749345567
1710778150.2133644,1.3475594255659316
1710778150.2134774,1.3437060515085857
1710778150.2135906,1.3391519917382133
1710778150.2137039,1.3331966929965549
1710778150.2138171,1.3254898124270968
1710778150.2139304,1.3160313500298393
1710778150.2140434,1.306572887632582
1710778150.2141566,1.2960635291205511
1710778150.2142699,1.2852038277520073
1710778150.2143831,1.27574536535475
1710778150.2144961,1.265236006842719
1710778150.2146094,1.2554272015889485
1710778150.2147226,1.2456185287899442
1710778150.214836,1.234408484564887
1710778150.214949,1.2217972013685439
1710778150.2150621,1.2074344687991672
1710778150.2151754,1.1920207076602511
1710778150.2152886,1.1752057075500488
1710778150.215402,1.157339678870307
1710778150.215515,1.1401744683583577
1710778150.2156281,1.122308439678616
1710778150.2157414,1.1061941252814398
1710778150.2158546,1.0897294018003676
1710778150.2159677,1.0725641250610352
1710778150.216081,1.0553987820943196
1710778150.2161942,1.0364819235271878
1710778150.2163074,1.0172147221035428
1710778150.2164204,0.9968965583377414
1710778150.2165337,0.9755274984571669
1710778150.216647,0.9548590580622355
1710778150.2167602,0.933840341038174
1710778150.2168734,0.9135221772723727
1710778150.2169864,0.8939046992195977
1710778150.2170997,0.8732362588246663
1710778150.217213,0.8536187145445082
1710778150.2173262,0.8318993780348036
1710778150.2174392,0.8073774973551432
1710778150.2175524,0.783906512790256
1710778150.2176657,0.7572827736536661
1710778150.217779,0.7310093111462063
1710778150.217892,0.7040352291531032
1710778150.2180052,0.6767108705308702
1710778150.2181184,0.6507877508799235
1710778150.2182317,0.6248646312289767
1710778150.2183447,0.5999924076928033
1710778150.218458,0.5740692880418565
1710778150.2185712,0.5477958255343967
1710778150.2186844,0.5208217766549852
1710778150.2187977,0.49279676543341744
1710778150.2189107,0.4640711347262064
1710778150.219024,0.43604612350463867
1710778150.2191372,0.4076708025402493
1710778150.2192504,0.3803464108043247
1710778150.2193635,0.3530220521820916
1710778150.2194767,0.3267485896746318
1710778150.21959,0.30082547002368504
1710778150.2197032,0.2731507685449388
1710778150.2198162,0.24582639336585999
1710778150.2199295,0.21710074610180324
1710778150.2200427,0.186273240380817
1710778150.220156,0.15509542491700914
1710778150.2202692,0.12286666366789076
1710778150.2203822,0.09238946768972608
1710778150.2204955,0.06156196196873982
1710778150.2206087,0.030384144435326256
1710778150.220722,0.0013081985525786877
1710778150.220835,-0.02846280319823159
1710778150.2209482,-0.058583791057268776
1710778150.2210615,-0.08940527008639441
1710778150.2211747,-0.12022674911552005
1710778150.2212877,-0.15209895041253832
1710778150.221401,-0.18432142006026372
1710778150.2215142,-0.2158433695634206
1710778150.2216275,-0.24596436156166923
1710778150.2217407,-0.27678584059079486
1710778150.2218537,-0.305155615011851
1710778150.221967,-0.3331751293606228
1710778150.2220802,-0.3608444333076477
1710778150.2221935,-0.3888639476564195
1710778150.2223065,-0.4168834620051914
1710778150.2224197,-0.44560349649853176
1710778150.222533,-0.4750239849090576
1710778150.2226462,-0.5051449603504604
1710778150.2227592,-0.5338649948438009
1710778150.2228725,-0.5615342987908257
1710778150.2229857,-0.5892035696241591
1710778150.223099,-0.6147713793648614
1710778150.223212,-0.6399889124764336
1710778150.2233253,-0.6645060247845119
1710778150.2234385,-0.6897236241234673
1710778150.2235518,-0.7138904598024156
1710778150.223665,-0.740158756573995
1710778150.223778,-0.7650260792838203
1710778150.2238913,-0.7905938890245225
1710778150.2240045,-0.8151110013326008
1710778150.2241178,-0.8378768629497951
1710778150.2242308,-0.8606427245669894
1710778150.224344,-0.8809568484624226
1710778150.2244573,-0.9002202749252319
1710778150.2245705,-0.9198339780171711
1710778150.2246835,-0.9390974044799805
1710778150.2247968,-0.9590612517462836
1710778150.22491,-0.9786749548382229
1710778150.2250233,-1.0000398423936632
1710778150.2251365,-1.0196534792582195
1710778150.2252495,-1.0399676693810356
1710778150.2253628,-1.058530608812968
1710778150.225476,-1.074641810523139
1710778150.2255893,-1.0928545395533245
1710778150.2257023,-1.1086155308617485
1710778150.2258155,-1.1236760351392958
1710778150.2259288,-1.139787170622084
1710778150.226042,-1.155898438559638
1710778150.226155,-1.1730604701571994
1710778150.2262683,-1.1891716056399875
1710778150.2263815,-1.2049326631757948
1710778150.2264948,-1.219993167453342
1710778150.226608,-1.232601934009128
1710778150.226721,-1.2445101473066542
1710778150.2268343,-1.2560682826571994
1710778150.2269475,-1.2651745478312175
1710778150.2270608,-1.2746311558617485
1710778150.2271738,-1.2840877638922796
1710778150.227287,-1.2931941615210638
1710778150.2274003,-1.303000979953342
1710778150.2275136,-1.3128077983856201
1710778150.2276266,-1.3222644064161513
1710778150.2277398,-1.3303200403849285
1710778150.227853,-1.3373249106936984
1710778150.2279663,-1.3429288069407146
1710778150.2280793,-1.3478321499294705
1710778150.2281926,-1.3516848617129855
1710778150.2283058,-1.3555375734965007
1710778150.228419,-1.3579893112182617
1710778150.2285323,-1.3621922334035237
1710778150.2286453,-1.3663951555887859
1710778150.2287586,-1.3709482881757948
1710778150.2288718,-1.3730498154958088
1710778150.228985,-1.3748009999593098
1710778150.229098,-1.3744507895575628
1710778150.2292113,-1.3730498154958088
1710778150.2293246,-1.3695473141140408
1710778150.2294378,-1.3653443919287787
1710778150.2295508,-1.3618420230017767
1710778150.229664,-1.3565883371565077
1710778150.2297773,-1.3520350721147325
1710778150.2298906,-1.3478321499294705
1710778150.2300038,-1.3422282536824544
1710778150.2301168,-1.3366243574354384
1710778150.23023,-1.3289190663231742
1710778150.2303433,-1.3205132219526503
1710778150.2304566,-1.3107062710656059
1710778150.2305696,-1.299148268169827
1710778150.2306828,-1.2868897120157878
1710778150.230796,-1.2749813662634955
1710778150.2309093,-1.2634233633677165
1710778150.2310224,-1.2522155708736844
1710778150.2311356,-1.2417081991831462
1710778150.2312489,-1.230500406689114
1710778150.231362,-1.219642824596829
1710778150.231475,-1.2070340580410428
1710778150.2315884,-1.1933745278252494
1710778150.2317016,-1.1779638131459553
1710778150.2318149,-1.1611521244049072
1710778150.231928,-1.1453910668690999
1710778150.2320411,-1.1285793781280518
1710778150.2321544,-1.1131686634487576
1710778150.2322676,-1.0977579487694633
1710778150.2323809,-1.080946193801032
1710778150.2324939,-1.064834992090861
1710778150.2326071,-1.0476730267206829
1710778150.2327204,-1.0291100872887504
1710778150.2328336,-1.0094964504241943
1710778150.2329466,-0.988131562868754
1710778150.23306,-0.9660661882824367
1710778150.2331731,-0.9443510240978664
1710778150.2332864,-0.9219354391098022
1710778150.2333996,-0.9005705515543619
1710778150.2335126,-0.8799061510297987
1710778150.233626,-0.8595919609069824
1710778150.2337391,-0.8389275603824191
1710778150.2338524,-0.8175626728269789
1710778150.2339654,-0.7954972982406616
1710778150.2340786,-0.7727314366234673
1710778150.234192,-0.747864113913642
1710778150.2343051,-0.7226465145746866
1710778150.2344182,-0.6974289814631144
1710778150.2345314,-0.6718611717224121
1710778150.2346447,-0.6469938490125868
1710778150.234758,-0.6221265263027614
1710778150.2348711,-0.5972591373655531
1710778150.2349842,-0.5716913276248508
1710778150.2350974,-0.5443723003069559
1710778150.2352107,-0.5163527859581841
1710778150.235324,-0.48728254106309676
1710778150.235437,-0.45681128899256385
1710778150.2355502,-0.426690313551161
1710778150.2356634,-0.3955185744497511
1710778150.2357767,-0.3660980860392253
1710778150.2358897,-0.3373780846595764
1710778150.236003,-0.30830780665079754
1710778150.2361162,-0.28133902284834117
1710778150.2362294,-0.25366973545816207
1710778150.2363424,-0.22529996103710598
1710778150.2364557,-0.19693020317289564
1710778150.236569,-0.16785994172096252
1710778150.2366822,-0.1384394367535909
1710778150.2367954,-0.10901894006464216
1710778150.2369084,-0.07959843509727053
1710778150.2370217,-0.050528177784548864
1710778150.237135,-0.02250865308774842
1710778150.2372482,0.005511949873632855
1710778150.2373612,0.032836331261528864
1710778150.2374744,0.06121165222591824
1710778150.2375877,0.09133853018283844
1710778150.237701,0.12111510667535993
1710778150.237814,0.15299354990323386
1710778150.2379272,0.18452167510986328
1710778150.2380404,0.21640012661616007
1710778150.2381537,0.24792826837963527
1710778150.238267,0.27840544780095416
1710778150.23838,0.30818204085032147
1710778150.2384932,0.33690767155753243
1710778150.2386065,0.3645823399225871
1710778150.2387197,0.39330797062979805
1710778150.2388327,0.4216832915941874
1710778150.238946,0.4504089223013984
1710778150.2390592,0.47913455300860935
1710778150.2391725,0.508560836315155
1710778150.2392855,0.5372864670223659
1710778150.2393987,0.564260549015469
1710778150.239512,0.5905339452955458
1710778150.2396252,0.6150558259752061
1710778150.2397385,0.6385268105400933
1710778150.2398515,0.6619977288775973
1710778150.2399647,0.6847680277294582
1710778150.240078,0.7085892889234755
1710778150.2401912,0.7324105501174927
1710778150.2403042,0.7562318113115098
1710778150.2404175,0.7804034153620402
1710778150.2405307,0.8042246765560573
1710778150.240644,0.8269949754079182
1710778150.240757,0.8487143781450059
1710778150.2408702,0.8700834380255805
1710778150.2409835,0.8900512589348687
1710778150.2410967,0.9100190798441569
1710778150.2412097,0.9310377968682183
1710778150.241323,0.9520565801196628
1710778150.2414362,0.9737759166293674
1710778150.2415495,0.9958456622229682
1710778150.2416627,1.0165141026178997
1710778150.2417758,1.0378831624984741
1710778150.241889,1.0578509834077623
1710778150.2420022,1.076067222489251
1710778150.2421155,1.0921816031138103
1710778150.2422285,1.1082959837383695
1710778150.2423418,1.1237096786499023
1710778150.242455,1.1387732293870714
1710778150.2425683,1.1538366476694744
1710778150.2426813,1.1696006192101371
1710778150.2427945,1.1850143803490532
1710778150.2429078,1.2007784843444824
1710778150.243021,1.2154916922251384
1710778150.2431343,1.2284531858232286
1710778150.2432473,1.2407141261630588
1710778150.2433605,1.2512234846750896
1710778150.2434738,1.2617328431871202
1710778150.243587,1.2708409627278645
1710778150.2437,1.280649767981635
1710778150.2438133,1.291509469350179
1710778150.2439265,1.3009679317474365
1710778150.2440398,1.3097257084316678
1710778150.2441528,1.3195345136854384
1710778150.244266,1.3268910513983831
1710778150.2443793,1.3328463501400418
1710778150.2444925,1.3366997241973877
1710778150.2446058,1.3388016488817003
1710778150.2447188,1.3409035735660129
1710778150.244832,1.3409035735660129
1710778150.2449453,1.3416041268242729
1710778150.2450585,1.3416041268242729
1710778150.2451715,1.3423048125372992
1710778150.2452848,1.3423048125372992
1710778150.245398,1.3416041268242729
1710778150.2455113,1.3419544696807861
1710778150.2456243,1.3391519917382133
1710778150.2457376,1.3366997241973877
1710778150.2458508,1.3317954540252686
1710778150.245964,1.3272413942548964
1710778150.246077,1.3212860955132377
1710778150.2461903,1.3163816928863525
1710778150.2463036,1.3121778435177274
1710778150.2464168,1.306923230489095
1710778150.24653,1.3016684850056965
1710778150.246643,1.295713186264038
1710778150.2467563,1.2890573342641194
1710778150.2468696,1.2799490822686088
1710778150.2469828,1.2687391704983182
1710778150.2470958,1.256828573015001
1710778150.247209,1.2428160508473713
1710778150.2473223,1.2288035286797416
1710778150.2474356,1.2147910065121121
1710778150.2475486,1.2004281414879692
1710778150.2476618,1.1860654089185927
1710778150.247775,1.172753440009223
1710778150.2478883,1.1580403645833333
1710778150.2480016,1.1426266034444172
1710778150.2481146,1.126161946190728
1710778150.2482278,1.1089966032240126
1710778150.248341,1.0900797446568806
1710778150.2484543,1.0715131627188788
1710778150.2485673,1.0529465807808769
1710778150.2486806,1.0343799988428752
1710778150.2487938,1.0168643792470295
1710778150.248907,0.9993487596511841
1710778150.24902,0.9818331400553385
1710778150.2491333,0.9636169009738498
1710778150.2492466,0.9446999761793349
1710778150.2493598,0.9236812591552734
1710778150.2494729,0.9016115797890557
1710778150.249586,0.8791915575663248
1710778150.2496994,0.8553702963723077
1710778150.2498126,0.8311986923217773
1710778150.2499259,0.8087787363264296
1710778150.2500389,0.7860083712471856
1710778150.250152,0.7625374529096816
1710778150.2502654,0.7397671540578207
1710778150.2503786,0.7173471318350898
1710778150.2504916,0.6917742888132731
1710778150.2506049,0.6662015120188395
1710778150.250718,0.6388770871692233
1710778150.2508314,0.6108521090613471
1710778150.2509444,0.5824767880969577
1710778150.2510576,0.5544517768753899
1710778150.2511709,0.5267770753966438
1710778150.2512841,0.4991023739178975
1710778150.2513974,0.47142770555284286
1710778150.2515104,0.4434026943312751
1710778150.2516236,0.41607830259535045
1710778150.2517369,0.38665205240249634
1710778150.2518501,0.3572258022096422
1710778150.2519631,0.325697660446167
1710778150.2520764,0.2938192089398702
1710778150.2521896,0.26299170321888393
1710778150.252303,0.23146356145540872
1710778150.252416,0.20063605573442247
1710778150.2525291,0.17085949579874674
1710778150.2526424,0.14073260956340367
1710778150.2527556,0.11060572332806057
1710778150.252869,0.0801285273498959
1710778150.252982,0.04895071188608805
1710778150.2530951,0.016721952706575394
1710778150.2532084,-0.016554505046870973
1710778150.2533216,-0.049127203722794846
1710778150.2534347,-0.08240039149920146
1710778150.253548,-0.11462284459008111
1710778150.2536612,-0.14544432361920676
1710778150.2537744,-0.17521507210201687
1710778150.2538874,-0.20498580402798122
1710778150.2540007,-0.23545703954166836
1710778150.254114,-0.26487754450904
1710778150.2542272,-0.29534879657957286
1710778150.2543402,-0.32617025905185276
1710778150.2544534,-0.35874297221501666
1710778150.2545667,-0.3895644346872965
1710778150.25468,-0.4210863841904534
1710778150.2547932,-0.45120739274554783
1710778150.2549062,-0.48027763764063514
1710778150.2550194,-0.5086474286185371
1710778150.2551327,-0.5370171864827474
1710778150.255246,-0.5646864573160807
1710778150.255359,-0.5923557281494141
1710778150.2554722,-0.6203752756118774
1710778150.2555854,-0.6494455205069648
1710778150.2556987,-0.6785157654020522
1710778150.2558117,-0.7068855894936455
1710778150.255925,-0.7342045836978488
1710778150.2560382,-0.7601226700676812
1710778150.2561514,-0.7849899927775065
1710778150.2562647,-0.8084563414255778
1710778150.2563777,-0.8305217160118951
1710778150.256491,-0.8532875776290894
1710778150.2566042,-0.8753529522154067
1710778150.2567174,-0.898469090461731
1710778150.2568305,-0.9219354391098022
1710778150.2569437,-0.9450515111287434
1710778150.257057,-0.9678173727459377
1710778150.2571702,-0.989882747332255
1710778150.2572832,-1.0105471478568182
1710778150.2573965,-1.0298105743196275
1710778150.2575097,-1.0487237903806899
1710778150.257623,-1.067286729812622
1710778150.2577362,-1.0858496030171711
1710778150.2578492,-1.1037120554182265
1710778150.2579625,-1.1236760351392958
1710778150.2580757,-1.1439900928073459
1710778150.258189,-1.1636038621266682
1710778150.258302,-1.1835677093929715
1710778150.2584152,-1.2017803721957736
1710778150.2585285,-1.218942403793335
1710778150.2586417,-1.234353118472629
1710778150.2587547,-1.2494136227501762
1710778150.258868,-1.2630731529659696
1710778150.2589812,-1.2770828935835097
1710778150.2590945,-1.2907424237993028
1710778150.2592075,-1.303701400756836
1710778150.2593207,-1.317010720570882
1710778150.259434,-1.3299696975284152
1710778150.2595472,-1.3415278328789604
1710778150.2596605,-1.3520350721147325
1710778150.2597735,-1.3604410489400227
1710778150.2598867,-1.3667453659905326
1710778150.26,-1.3719990518358018
1710778150.2601132,-1.3765521844228108
1710778150.2602262,-1.3811053170098198
1710778150.2603395,-1.384257607989841
1710778150.2604527,-1.390211714638604
1710778150.260566,-1.3947648472256131
1710778150.260679,-1.399668322669135
1710778150.2607923,-1.40282048119439
1710778150.2609055,-1.4052722189161513
1710778150.2610188,-1.4066731929779053
1710778150.261132,-1.4066731929779053
1710778150.261245,-1.4056224293178983
1710778150.2613583,-1.4024702707926433
1710778150.2614715,-1.399668322669135
1710778150.2615848,-1.3979171382056341
1710778150.2616978,-1.3954654004838731
1710778150.261811,-1.3926634523603652
1710778150.2619243,-1.3898615042368572
1710778150.2620375,-1.384257607989841
1710778150.2621505,-1.377252737681071
1710778150.2622638,-1.3695473141140408
1710778150.262377,-1.3597404956817627
1710778150.2624903,-1.3481824927859836
1710778150.2626035,-1.3366243574354384
1710778150.2627165,-1.3247161441379123
1710778150.2628298,-1.314208772447374
1710778150.262943,-1.304051743613349
1710778150.2630563,-1.2938945823245578
1710778150.2631693,-1.2840877638922796
1710778150.2632825,-1.2739307350582547
1710778150.2633958,-1.2623725997077093
1710778150.263509,-1.2504643864101834
1710778150.263622,-1.2364546457926433
1710778150.2637353,-1.222444772720337
1710778150.2638485,-1.2080848217010498
1710778150.2639618,-1.1937248706817627
1710778150.2640748,-1.1797149976094563
1710778150.264188,-1.1657052569919162
1710778150.2643013,-1.150644752714369
1710778150.2644145,-1.135234038035075
1710778150.2645278,-1.1184223492940266
1710778150.2646408,-1.0998594098620944
1710778150.264754,-1.0802457067701552
1710778150.2648673,-1.059231095843845
1710778150.2649806,-1.0378662082884047
1710778150.2650936,-1.0143998596403334
1710778150.2652068,-0.9923344850540161
1710778150.26532,-0.9713198079003228
1710778150.2654333,-0.9506554073757595
1710778150.2655463,-0.9306914938820733
1710778150.2656596,-0.910727580388387
1710778150.2657728,-0.8893626928329468
1710778150.265886,-0.8672973182466295
1710778150.2659993,-0.8445314566294352
1710778150.2661123,-0.8217655950122409
1710778150.2662256,-0.7965480619006686
1710778150.2663388,-0.7727314366234673
1710778150.266452,-0.749615364604526
1710778150.266565,-0.7250982522964478
1710778150.2666783,-0.7019821140501235
1710778150.2667916,-0.6781655550003052
1710778150.2669048,-0.6550494167539809
1710778150.2670178,-0.6280806329515245
1710778150.267131,-0.6004113621181911
1710778150.2672443,-0.5720416042539809
1710778150.2673576,-0.542270839214325
1710778150.2674706,-0.512149863772922
1710778150.2675838,-0.4823790987332662
1710778150.267697,-0.4529586103227403
1710778150.2678103,-0.42318787839677596
1710778150.2679236,-0.3944678439034356
1710778150.2680366,-0.36539759900834823
1710778150.2681499,-0.33632732099956936
1710778150.268263,-0.3069068325890435
1710778150.2683764,-0.2753848665290409
1710778150.2684894,-0.2431624134381612
1710778150.2686026,-0.21093996034728155
1710778150.2687159,-0.17906775077184042
1710778150.268829,-0.14719554119639927
1710778150.268942,-0.11672430568271212
1710778150.2690554,-0.08695356547832489
1710778150.2691686,-0.058583791057268776
1710778150.2692819,-0.03021402284502983
1710778150.269395,-0.0014940098238488038
1710778150.2695081,0.027581643727090623
1710778150.2696214,0.05735821194118924
1710778150.2697346,0.08678447041246626
1710778150.2698479,0.11761197613345252
1710778150.2699609,0.14738854434755114
1710778150.2700741,0.17646448479758367
1710778150.2701874,0.2051901320616404
1710778150.2703006,0.23286481698354083
1710778150.2704136,0.2594885726769765
1710778150.270527,0.28786391019821167
1710778150.2706401,0.31518826882044476
1710778150.2707534,0.3435635897848341
1710778150.2708666,0.3726395302348667
1710778150.2709796,0.40206581354141235
1710778150.271093,0.4311417539914449
1710778150.2712061,0.46056800418429905
1710778150.2713194,0.4885930154058668
1710778150.2714324,0.5148664447996352
1710778150.2715456,0.5404392878214518
1710778150.271659,0.5646108256445991
1710778150.2717721,0.5887824296951294
1710778150.2718852,0.6122533480326334
1710778150.2719984,0.6360746092266506
1710778150.2721117,0.660596489906311
1710778150.272225,0.6847680277294582
1710778150.272338,0.7082390122943454
1710778150.2724512,0.7327608929740058
1710778150.2725644,0.7555311918258667
1710778150.2726777,0.7776008711920844
1710778150.272791,0.7986196544435289
1710778150.272904,0.8196384376949734
1710778150.2730172,0.8410074975755479
1710778150.2731304,0.8623765574561225
1710778150.2732437,0.8847965796788533
1710778150.2733567,0.9072165356742011
1710778150.27347,0.9306875202390883
1710778150.2735832,0.9534578190909492
1710778150.2736964,0.9751772218280368
1710778150.2738094,0.9961959388520982
1710778150.2739227,1.0144121779335868
1710778150.274036,1.0319278637568157
1710778150.2741492,1.0490931404961479
1710778150.2742624,1.0634559392929077
1710778150.2743754,1.0806212822596233
1710778150.2744887,1.095684700542026
1710778150.274602,1.1124997668796115
1710778150.2747152,1.1279135280185275
1710778150.2748282,1.1436774995591905
1710778150.2749414,1.1580403645833333
1710778150.2750547,1.172052886750963
1710778150.275168,1.18396348423428
1710778150.275281,1.195874081717597
1710778150.2753942,1.2067337830861409
1710778150.2755075,1.218644380569458
1710778150.2756207,1.2295040819380019
1710778150.275734,1.241414811876085
1710778150.275847,1.252975066502889
1710778150.2759602,1.264535453584459
1710778150.2760735,1.27574536535475
1710778150.2761867,1.2848534848954942
1710778150.2762997,1.2922100226084392
1710778150.276413,1.2981654538048637
1710778150.2765262,1.3020188278622098
1710778150.2766395,1.3051716486612956
1710778150.2767525,1.3072735733456082
1710778150.2768657,1.3093753655751545
1710778150.276979,1.311126947402954
1710778150.2770922,1.3125281863742404
1710778150.2772052,1.3139294253455267
1710778150.2773185,1.31427976820204
1710778150.2774317,1.314630111058553
1710778150.277545,1.3125281863742404
1710778150.2776582,1.3093753655751545
1710778150.2777712,1.3048213058047824
1710778150.2778845,1.3009679317474365
1710778150.2779977,1.2960635291205511
1710778150.278111,1.2922100226084392
1710778150.278224,1.28800630569458
1710778150.2783372,1.2848534848954942
1710778150.2784505,1.280649767981635
1710778150.2785637,1.2764460510677762
1710778150.2786767,1.2708409627278645
1710778150.27879,1.2631340821584065
1710778150.2789032,1.2550769911872015
1710778150.2790165,1.2449178430769179
1710778150.2791297,1.2354595131344266
1710778150.2792428,1.2249500221676297
1710778150.279356,1.2144406636555989
1710778150.2794693,1.2053325441148546
1710778150.2795825,1.195874081717597
1710778150.2796955,1.1853647232055664
1710778150.2798088,1.1752057075500488
1710778150.279922,1.163995663324992
1710778150.2800353,1.1510341697269015
1710778150.2801483,1.1363209618462455
1710778150.2802615,1.1209072007073295
1710778150.2803748,1.1054935057957966
1710778150.280488,1.0900797446568806
1710778150.2806013,1.0750162601470947
1710778150.2807143,1.060303184721205
1710778150.2808275,1.0455900430679321
1710778150.2809408,1.0308769014146593
1710778150.281054,1.0151127974192302
1710778150.281167,0.9993487596511841
1710778150.2812803,0.9811325205696954
1710778150.2813935,0.9618653191460503
1710778150.2815068,0.941547155380249
1710778150.2816198,0.9212290578418307
1710778150.281733,0.8998599979612563
1710778150.2818463,0.879892177051968
1710778150.2819595,0.8592237366570367
1710778150.2820725,0.8385552962621052
1710778150.2821858,0.8175365130106608
1710778150.282299,0.795466833644443
1710778150.2824123,0.771995915306939
1710778150.2825255,0.7471236917707655
1710778150.2826385,0.7215508487489488
1710778150.2827518,0.6952774524688721
1710778150.282865,0.668653647104899
1710778150.2829783,0.6423802508248223
1710778150.2830913,0.6171577506595187
1710778150.2832046,0.591234564781189
1710778150.2833178,0.5670630269580417
1710778150.283431,0.5425411462783813
1710778150.283544,0.5166180266274346
1710778150.2836573,0.48999425437715316
1710778150.2837706,0.46266986264122856
1710778150.2838838,0.433593922191196
1710778150.283997,0.40416767199834186
1710778150.28411,0.3757923510339525
1710778150.2842233,0.3474170300695631
1710778150.2843366,0.31869139936235213
1710778150.2844498,0.2906663881407844
1710778150.2845628,0.2622910837332408
1710778150.284676,0.23426607251167297
1710778150.2847893,0.2051901320616404
1710778150.2849026,0.17471293608347574
1710778150.2850156,0.14353510406282213
1710778150.2851288,0.11095604134930505
1710778150.285242,0.07872728010018666
1710778150.2853553,0.0461482091082467
1710778150.2854683,0.015320702352457576
1710778150.2855816,-0.014803284365269873
1710778150.2856948,-0.04422378622823291
1710778150.285808,-0.0739945305718316
1710778150.2859213,-0.1027145485083262
1710778150.2860343,-0.13248528871271345
1710778150.2861476,-0.1622560289171007
1710778150.2862608,-0.1923770209153493
1710778150.286374,-0.22284825642903644
1710778150.286487,-0.2526190049118466
1710778150.2866004,-0.2823897533946567
1710778150.2867136,-0.31040926774342853
1710778150.2868268,-0.3380785716904534
1710778150.2869399,-0.36364638143115574
1710778150.287053,-0.38991467820273507
1710778150.2871664,-0.41548248794343734
1710778150.2872796,-0.44245127174589366
1710778150.2873929,-0.46977033217748004
1710778150.2875059,-0.49743960301081336
1710778150.287619,-0.5265098479059007
1710778150.2877324,-0.5548796388838027
1710778150.2878456,-0.582899186346266
1710778150.2879586,-0.6095176935195923
1710778150.2880719,-0.6361362669203017
1710778150.2881851,-0.6624045636918809
1710778150.2882984,-0.6876221630308363
1710778150.2884114,-0.7138904598024156
1710778150.2885246,-0.7398084799448649
1710778150.2886379,-0.7678280274073283
1710778150.2887511,-0.7940963241789076
1710778150.2888644,-0.8214153846104939
1710778150.2889774,-0.8483841684129503
1710778150.2890906,-0.8732514911227756
1710778150.289204,-0.8974183268017238
1710778150.2893171,-0.9201841884189181
1710778150.2894301,-0.9415490759743584
1710778150.2895434,-0.9629139635297987
1710778150.2896566,-0.9842788510852389
1710778150.28977,-1.0056437386406791
1710778150.289883,-1.0273589028252494
1710778150.2899961,-1.0494242774115667
1710778150.2901094,-1.0725403494305081
1710778150.2902226,-1.0928545395533245
1710778150.2903357,-1.1138692167070177
1710778150.290449,-1.133132643169827
1710778150.2905622,-1.150995095570882
1710778150.2906754,-1.1685072051154242
1710778150.2907887,-1.1853188938564725
1710778150.2909017,-1.2021307150522869
1710778150.291015,-1.218942403793335
1710778150.2911282,-1.235403882132636
1710778150.2912414,-1.2522155708736844
1710778150.2913544,-1.2686770492129855
1710778150.2914677,-1.2840877638922796
1710778150.291581,-1.2963463200463188
1710778150.2916942,-1.3082546657986112
1710778150.2918072,-1.317711141374376
1710778150.2919204,-1.3268175390031602
1710778150.2920337,-1.3348731729719374
1710778150.292147,-1.3425785965389676
1710778150.2922602,-1.3513346513112385
1710778150.2923732,-1.3597404956817627
1710778150.2924864,-1.3684965504540336
1710778150.2925997,-1.3765521844228108
1710778150.292713,-1.384257607989841
1710778150.292826,-1.3895112938351102
1710778150.2929392,-1.3940644264221191
1710778150.2930524,-1.397216584947374
1710778150.2931657,-1.3993181122673881
1710778150.2932787,-1.401069296730889
1710778150.293392,-1.4024702707926433
1710778150.2935052,-1.4038712448543973
1710778150.2936184,-1.4056224293178983
1710778150.2937317,-1.4066731929779053
1710778150.2938447,-1.4070234033796523
1710778150.293958,-1.4052722189161513
1710778150.2940712,-1.4024702707926433
1710778150.2941844,-1.3979171382056341
1710778150.2942975,-1.3926634523603652
1710778150.2944107,-1.385658582051595
1710778150.294524,-1.379003922144572
1710778150.2946372,-1.3730498154958088
1710778150.2947502,-1.3663951555887859
1710778150.2948635,-1.3607912593417697
1710778150.2949767,-1.3544868098364935
1710778150.29509,-1.3481824927859836
1710778150.295203,-1.3401268588172064
1710778150.2953162,-1.3313706715901692
1710778150.2954295,-1.3208634323543973
1710778150.2955427,-1.309305297003852
1710778150.295656,-1.295996109644572
1710778150.295769,-1.2840877638922796
1710778150.2958822,-1.2711287869347465
1710778150.2959955,-1.2588702307807074
1710778150.2961087,-1.2469618850284152
1710778150.2962217,-1.234353118472629
1710778150.296335,-1.221744351916843
1710778150.2964482,-1.2080848217010498
1710778150.2965615,-1.1926741070217557
1710778150.2966745,-1.1765628390842013
1710778150.2967877,-1.1587003866831462
1710778150.296901,-1.141188144683838
1710778150.2970142,-1.1233256922827826
1710778150.2971275,-1.1058135165108574
1710778150.2972405,-1.0886516173680623
1710778150.2973537,-1.070438888337877
1710778150.297467,-1.0529267125659518
1710778150.2975802,-1.0347139835357666
1710778150.2976933,-1.0143998596403334
1710778150.2978065,-0.9933851824866401
1710778150.2979198,-0.9699188338385688
1710778150.298033,-0.9457519981596205
1710778150.298146,-0.9212349520789253
1710778150.2982593,-0.8960173527399699
1710778150.2983725,-0.8711500300301446
1710778150.2984858,-0.8476836813820733
1710778150.298599,-0.823516845703125
1710778150.298712,-0.7986495229932997
1710778150.2988253,-0.7737822002834743
1710778150.2989385,-0.748214324315389
1710778150.2990518,-0.7212455405129327
1710778150.2991648,-0.6935762696795993
1710778150.299278,-0.6645060247845119
1710778150.2993913,-0.6361362669203017
1710778150.2995045,-0.6067157453960842
1710778150.2996175,-0.5783459875318739
1710778150.2997308,-0.5499762296676636
1710778150.299844,-0.5223069257206386
1710778150.2999573,-0.49358692434098983
1710778150.3000703,-0.46451667944590247
1710778150.3001835,-0.4336951838599311
1710778150.3002968,-0.4025234778722127
1710778150.30041,-0.3696005211936103
1710778150.3005233,-0.33667756451500785
1710778150.3006363,-0.30410488446553546
1710778150.3007495,-0.2711819443437788
1710778150.3008628,-0.24001022179921466
1710778150.300976,-0.20883849925465053
1710778150.301089,-0.17941799428727892
1710778150.3012023,-0.1503477328353458
1710778150.3013155,-0.12057699263095856
1710778150.3014288,-0.09080624414814843
1710778150.3015418,-0.06068525628911124
1710778150.301655,-0.029863779329591326
1710778150.3017683,0.0006075733755197789
1710778150.3018816,0.031084768060180876
1710778150.3019948,0.06051102446185218
1710778150.3021078,0.0899372829331292
1710778150.302221,0.11866291364034016
1710778150.3023343,0.14668792486190796
1710778150.3024476,0.17506324582629734
1710778150.3025606,0.20483980576197305
1710778150.3026738,0.23531700174013773
1710778150.302787,0.2654438879754808
1710778150.3029003,0.2976726492245992
1710778150.3030133,0.3285001715024312
1710778150.3031266,0.3600282801522149
1710778150.3032398,0.38945453034506905
1710778150.303353,0.4185305039087931
1710778150.303466,0.44620517227384776
1710778150.3035793,0.47212832503848606
1710778150.3036926,0.4991023739178975
1710778150.3038058,0.5253758364253573
1710778150.303919,0.552700228161282
1710778150.304032,0.5800245867835151
1710778150.3041453,0.606298049290975
1710778150.3042586,0.633272131284078
1710778150.3043718,0.6595455275641547
1710778150.3044848,0.6847680277294582
1710778150.304598,0.7089396317799886
1710778150.3047113,0.7320602734883627
1710778150.3048246,0.7562318113115098
1710778150.3049376,0.7790021763907539
1710778150.3050508,0.8038743336995442
1710778150.305164,0.8287465572357178
1710778150.3052773,0.8539690574010212
1710778150.3053906,0.8791915575663248
1710778150.3055036,0.9040637148751153
1710778150.3056169,0.9275346994400024
1710778150.30573,0.9499546554353502
1710778150.3058434,0.9716740581724379
1710778150.3059564,0.9919922219382392
1710778150.3060696,1.0119600428475273
1710778150.3061829,1.0301762819290161
1710778150.306296,1.0504943794674344
1710778150.3064091,1.0701119237475925
1710778150.3065224,1.0897294018003676
1710778150.3066356,1.1096972227096558
1710778150.3067489,1.1275631851620145
1710778150.306862,1.1461297671000164
1710778150.3069751,1.1622440814971924
1710778150.3070884,1.176256603664822
1710778150.3072016,1.1892182297176785
1710778150.3073149,1.202530066172282
1710778150.307428,1.2140903207990859
1710778150.3075411,1.226701603995429
1710778150.3076544,1.2386122014787462
1710778150.3077676,1.2508731418185763
1710778150.3078806,1.2624335289001465
1710778150.307994,1.2732932302686903
1710778150.3081071,1.2824013498094347
1710778150.3082204,1.2908087836371527
1710778150.3083334,1.2964138719770644
1710778150.3084466,1.3013182746039496
1710778150.30856,1.3058723343743217
1710778150.3086731,1.3093753655751545
1710778150.3087864,1.31427976820204
1710778150.3088994,1.3184834851158989
1710778150.3090127,1.3230375448862712
1710778150.309126,1.3268910513983831
1710778150.3092391,1.329693529340956
1710778150.3093522,1.3321456644270155
1710778150.3094654,1.3317954540252686
1710778150.3095787,1.3307444254557292
1710778150.309692,1.3282922903696697
1710778150.309805,1.3254898124270968
1710778150.3099182,1.322336991628011
1710778150.3100314,1.3191841708289251
1710778150.3101447,1.3167319032880995
1710778150.310258,1.3139294253455267
1710778150.310371,1.3107766045464408
1710778150.3104842,1.306923230489095
1710778150.3105974,1.3020188278622098
1710778150.3107107,1.2960635291205511
1710778150.3108237,1.2876559628380668
1710778150.310937,1.2788981861538358
1710778150.3110502,1.2704907523261175
1710778150.3111634,1.260681947072347
1710778150.3112764,1.252274513244629
1710778150.3113897,1.2442172898186576
1710778150.311503,1.2354595131344266
1710778150.3116162,1.226701603995429
1710778150.3117294,1.2172431415981717
1710778150.3118424,1.2063834402296278
1710778150.3119557,1.1937722894880507
1710778150.312069,1.179759767320421
1710778150.3121822,1.1657472451527913
1710778150.3122952,1.1506838268703885
1710778150.3124084,1.1359706189897325
1710778150.3125217,1.1212575435638428
1710778150.312635,1.107245021396213
1710778150.312748,1.0928822225994534
1710778150.3128612,1.0785194238026936
1710778150.3129745,1.0624050431781344
1710778150.3130877,1.0462906625535753
1710778150.3132007,1.0280744234720867
1710778150.313314,1.0091574986775715
1710778150.3134272,0.9895400206247965
1710778150.3135405,0.9695721997155083
1710778150.3136537,0.9503049982918633
1710778150.3137667,0.9317384163538615
1710778150.31388,0.9121209383010864
1710778150.3139932,0.8939046992195977
1710778150.3141065,0.8742871549394395
1710778150.3142195,0.8532684379153781
1710778150.3143327,0.8315490351782905
1710778150.314446,0.8077277739842732
1710778150.3145592,0.7832058933046129
1710778150.3146722,0.7572827736536661
1710778150.3147855,0.7313596540027194
1710778150.3148987,0.7054365343517727
1710778150.315012,0.6791630718443129
1710778150.3151252,0.6535902288224962
1710778150.3152382,0.6276671091715494
1710778150.3153515,0.6013936466640896
1710778150.3154647,0.5751202503840128
1710778150.315578,0.5467448963059319
1710778150.315691,0.5169683363702562
1710778150.3158042,0.48824270566304523
1710778150.3159175,0.4577654931280348
1710778150.3160307,0.4290398624208238
1710778150.3161438,0.40031423171361286
1710778150.316257,0.37298983997768825
1710778150.3163702,0.3460157910982768
1710778150.3164835,0.3200926383336385
1710778150.3165967,0.29311858945422703
1710778150.3167098,0.2657941977183024
1710778150.316823,0.23811951279640198
1710778150.3169363,0.20939388208919102
1710778150.3170495,0.17926699585384792
1710778150.3171625,0.14949041936132643
1710778150.3172758,0.12006416916847229
1710778150.317389,0.09063791069719526
1710778150.3175023,0.06191227585077286
1710778150.3176153,0.033536956955989204
1710778150.3177285,0.005511949873632855
1710778150.3178418,-0.023559385703669652
1710778150.317955,-0.05333013004726834
1710778150.318068,-0.08415160907639398
1710778150.3181813,-0.11497308810551961
1710778150.3182945,-0.14544432361920676
1710778150.3184078,-0.17661604616377088
1710778150.318521,-0.206386794646581
1710778150.318634,-0.23405606547991434
1710778150.3187473,-0.26137510935465497
1710778150.3188605,-0.28764340612623424
1710778150.3189738,-0.31251072883605957
1710778150.3190868,-0.3384288152058919
1710778150.3192,-0.36469711197747123
1710778150.3193133,-0.39096540874905056
1710778150.3194265,-0.4186346795823839
1710778150.3195395,-0.44525325298309326
1710778150.3196528,-0.4729225238164266
1710778150.319766,-0.4988405770725674
1710778150.3198793,-0.5251088738441467
1710778150.3199925,-0.5499762296676636
1710778150.3201056,-0.5758942498101128
1710778150.3202188,-0.6007615725199381
1710778150.320332,-0.6259791718588935
1710778150.3204453,-0.6529479556613498
1710778150.3205583,-0.6799167394638062
1710778150.3206716,-0.7075860765245225
1710778150.3207848,-0.7349050707287258
1710778150.320898,-0.7615236441294352
1710778150.321011,-0.7863909668392605
1710778150.3211243,-0.8105578025182087
1710778150.3212376,-0.833323664135403
1710778150.3213508,-0.8553890387217203
1710778150.3214638,-0.8774544133080376
1710778150.321577,-0.899169577492608
1710778150.3216903,-0.9212349520789253
1710778150.3218036,-0.9440008136961195
1710778150.3219168,-0.9664163986841837
1710778150.3220298,-0.989532536930508
1710778150.322143,-1.0105471478568182
1710778150.3222563,-1.0322623120413885
1710778150.3223696,-1.0515257385041978
1710778150.3224826,-1.0707891649670072
1710778150.3225958,-1.0876008537080553
1710778150.322709,-1.1054633061091106
1710778150.3228223,-1.1236760351392958
1710778150.3229353,-1.141188144683838
1710778150.3230486,-1.159050597084893
1710778150.3231618,-1.1776136027442083
1710778150.323275,-1.1947755018870037
1710778150.3233883,-1.2112369802263048
1710778150.3235013,-1.2255970637003581
1710778150.3236146,-1.238556040657891
1710778150.3237278,-1.2508145968119304
1710778150.323841,-1.2609716256459553
1710778150.323954,-1.2718292077382405
1710778150.3240674,-1.2809356053670247
1710778150.3241806,-1.2914428446027968
1710778150.3242939,-1.301950216293335
1710778150.3244069,-1.3114068243238661
1710778150.32452,-1.3212136427561443
1710778150.3246334,-1.3289190663231742
1710778150.3247466,-1.3345229625701904
1710778150.3248599,-1.3394263055589464
1710778150.3249729,-1.3422282536824544
1710778150.325086,-1.3450302018059623
1710778150.3251994,-1.3474819395277235
1710778150.3253126,-1.3495834668477376
1710778150.3254256,-1.3523854149712455
1710778150.3255389,-1.3551873630947537
1710778150.3256521,-1.3590399424235027
1710778150.3257654,-1.3618420230017767
1710778150.3258784,-1.3632429970635307
1710778150.3259916,-1.3635932074652777
1710778150.3261049,-1.3639434178670247
1710778150.3262181,-1.3611414697435167
1710778150.3263311,-1.3590399424235027
1710778150.3264444,-1.3576389683617485
1710778150.3265576,-1.3551873630947537
1710778150.326671,-1.3534360461764865
1710778150.3267841,-1.3523854149712455
1710778150.3268971,-1.3509844409094915
1710778150.3270104,-1.3478321499294705
1710778150.3271236,-1.3425785965389676
1710778150.327237,-1.3373249106936984
1710778150.32735,-1.3289190663231742
1710778150.3274632,-1.31981266869439
1710778150.3275764,-1.3110566139221191
1710778150.3276896,-1.300199031829834
1710778150.3278027,-1.2903922133975558
1710778150.327916,-1.2805853949652777
1710778150.3280292,-1.2725297609965007
1710778150.3281424,-1.2627229425642226
1710778150.3282557,-1.2525657812754314
1710778150.3283687,-1.2413579887813992
1710778150.328482,-1.2287492222256131
1710778150.3285952,-1.2150896920098198
1710778150.3287084,-1.2010799513922796
1710778150.3288214,-1.1860194471147325
1710778150.3289347,-1.1713091532389324
1710778150.329048,-1.155898438559638
1710778150.3291612,-1.141538487540351
1710778150.3292742,-1.1275286144680448
1710778150.3293874,-1.1110672023561265
1710778150.3295007,-1.0949560006459553
1710778150.329614,-1.07674327161577
1710778150.3297272,-1.0571296347512138
1710778150.3298402,-1.0364652342266507
1710778150.3299534,-1.0143998596403334
1710778150.3300667,-0.9926846954557631
1710778150.33018,-0.9706193208694458
1710778150.330293,-0.9485539462831285
1710778150.3304062,-0.9278895457585652
1710778150.3305194,-0.907575421863132
1710778150.3306327,-0.8865607447094387
1710778150.3307457,-0.8665968312157525
1710778150.330859,-0.8434807591968112
1710778150.3309722,-0.8203646209504869
1710778150.3310854,-0.7958475748697916
1710778150.3311985,-0.7706299755308363
1710778150.3313117,-0.7454123761918809
1710778150.331425,-0.7201948430803087
1710778150.3315382,-0.6946270333396064
1710778150.3316514,-0.668708946969774
1710778150.3317645,-0.6438416242599487
1710778150.3318777,-0.6165225638283623
1710778150.331991,-0.588853292995029
1710778150.3321042,-0.5594328376981947
1710778150.3322172,-0.5296620726585388
1710778150.3323305,-0.49743960301081336
1710778150.3324437,-0.4666181405385335
1710778150.332557,-0.4340454273753696
1710778150.33267,-0.4028737213876512
1710778150.3327832,-0.37275271283255684
1710778150.3328965,-0.343332224422031
1710778150.3330097,-0.31391170289781356
1710778150.333123,-0.28589218854904175
1710778150.333236,-0.2564716835816701
1710778150.3333492,-0.22670095165570575
1710778150.3334625,-0.19622971614201862
1710778150.3335757,-0.16610872414377
1710778150.3336887,-0.13528724511464438
1710778150.333802,-0.10516625311639574
1710778150.3339152,-0.076446243458324
1710778150.3340285,-0.048076469037267894
1710778150.3341415,-0.020407189925511677
1710778150.3342547,0.007263512557579411
1710778150.334368,0.03528852015733719
1710778150.3344812,0.06331352723969354
1710778150.3345945,0.09309009545379214
1710778150.3347075,0.12286666366789076
1710778150.3348207,0.153694169388877
1710778150.334934,0.1838210556242201
1710778150.3350472,0.2135976321167416
1710778150.3351603,0.24337419205241734
1710778150.3352735,0.2713992032739851
1710778150.3353868,0.29907388819588554
1710778150.3355,0.32709889941745335
1710778150.335613,0.3547736008961995
1710778150.3357263,0.3834992316034105
1710778150.3358395,0.4132757915390862
1710778150.3359528,0.4427020748456319
1710778150.3360658,0.47212832503848606
1710778150.336179,0.5019048849741617
1710778150.3362923,0.5313311351670159
1710778150.3364055,0.5583051840464274
1710778150.3365188,0.5845786465538872
1710778150.3366318,0.610151489575704
1710778150.336745,0.6353739897410074
1710778150.3368583,0.6609468327628242
1710778150.3369715,0.6872202290429009
1710778150.3370845,0.7134936915503608
1710778150.3371978,0.7401174306869507
1710778150.337311,0.7674418555365669
1710778150.3374243,0.7933649751875136
1710778150.3375373,0.8196384376949734
1710778150.3376505,0.8441603183746338
1710778150.3377638,0.868331856197781
1710778150.337877,0.891452497906155
1710778150.3379903,0.9142227967580159
1710778150.3381033,0.9380440579520332
1710778150.3382165,0.9611646996604072
1710778150.3383298,0.9849859608544244
1710778150.338443,1.0088072220484416
1710778150.338556,1.0315775209003024
1710778150.3386693,1.0536472002665203
1710778150.3387825,1.0739653640323215
1710778150.3388958,1.0928822225994534
1710778150.3390088,1.1096972227096558
1710778150.339122,1.1251109176211886
1710778150.3392353,1.1405246787601047
1710778150.3393486,1.1548875437842474
1710778150.3394616,1.1692504088083904
1710778150.3395748,1.1843138270907931
1710778150.339688,1.1976256635453966
1710778150.3398013,1.2119885285695393
1710778150.3399146,1.225650707880656
1710778150.3400276,1.2372109625074599
1710778150.3401408,1.2484210067325168
1710778150.340254,1.257529126273261
1710778150.3403673,1.2662869029574924
1710778150.3404803,1.2750448120964897
1710778150.3405936,1.283802588780721
1710778150.3407068,1.2929107083214653
1710778150.34082,1.3023691707187228
1710778150.340933,1.3118276331159804
1710778150.3410463,1.3195345136854384
1710778150.3411596,1.3275916046566434
1710778150.3412728,1.3331966929965549
1710778150.341386,1.3370500670539007
1710778150.341499,1.3395023345947266
1710778150.3416123,1.3409035735660129
1710778150.3417256,1.3412537839677598
1710778150.3418388,1.3409035735660129
1710778150.3419518,1.3416041268242729
1710778150.342065,1.3416041268242729
1710778150.3421783,1.3423048125372992
1710778150.3422916,1.3419544696807861
1710778150.3424046,1.3405532307094998
1710778150.3425179,1.3384513060251872
1710778150.342631,1.3345979319678412
1710778150.3427444,1.3303942150539823
1710778150.3428576,1.3254898124270968
1710778150.3429706,1.3198847240871854
1710778150.3430839,1.3156810071733263
1710778150.343197,1.311126947402954
1710778150.3433104,1.3076237837473552
1710778150.3434234,1.3041207525465224
1710778150.3435366,1.2999169031778972
1710778150.3436499,1.2939616044362385
1710778150.343763,1.2869554095798068
1710778150.3438761,1.2781976328955755
1710778150.3439894,1.2676881419287787
1710778150.3441026,1.256478230158488
1710778150.3442159,1.2442172898186576
1710778150.3443289,1.2330072455936008
1710778150.3444421,1.2210966481102836
1710778150.3445554,1.2081350220574272
1710778150.3446686,1.195874081717597
1710778150.3447819,1.1822119024064806
1710778150.344895,1.1681993802388508
1710778150.3450081,1.1517347229851616
1710778150.3451214,1.1342191696166992
1710778150.3452346,1.1156525876786973
1710778150.3453476,1.0963853200276692
1710778150.345461,1.0767678419748943
1710778150.3455741,1.0585516028934054
1710778150.3456874,1.0392844014697604
1710778150.3458004,1.0214184390174017
1710778150.3459136,1.0028518570793998
1710778150.346027,0.9842853413687812
1710778150.3461401,0.9632665581173366
1710778150.3462534,0.9411968787511189
1710778150.3463664,0.9180762370427449
1710778150.3464797,0.8925033940209283
1710778150.346593,0.868331856197781
1710778150.3467062,0.8427590131759644
1710778150.3468192,0.8178868558671739
1710778150.3469324,0.791613393359714
1710778150.3470457,0.7670915126800537
1710778150.347159,0.7404677735434638
1710778150.347272,0.7152452733781602
1710778150.3473852,0.6886214680141872
1710778150.3474984,0.6609468327628242
1710778150.3476117,0.6322211689419216
1710778150.347725,0.6038458479775323
1710778150.347838,0.5744195646709865
1710778150.3479512,0.5460442768202888
1710778150.3480644,0.5190701948271857
1710778150.3481777,0.49209614594777423
1710778150.3482907,0.466172993183136
1710778150.348404,0.4384983248180813
1710778150.3485172,0.41187455256779987
1710778150.3486304,0.38490047057469684
1710778150.3487434,0.35547422038184273
1710778150.3488567,0.3253473507033454
1710778150.34897,0.29487013816833496
1710778150.3490832,0.2636923227045271
1710778150.3491962,0.23286481698354083
1710778150.3493094,0.20308825704786512
1710778150.3494227,0.17296137081252203
1710778150.349536,0.1438854303624895
1710778150.3496492,0.11445916361278957
1710778150.3497622,0.0839819676346249
1710778150.3498755,0.05385508553849326
1710778150.3499887,0.023027579817507002
1710778150.350102,-0.00849889125674963
1710778150.350215,-0.040371099279986486
1710778150.3503282,-0.07119258244832356
1710778150.3504415,-0.10166380968358782
1710778150.3505547,-0.13143455816639793
1710778150.3506677,-0.15980432430903116
1710778150.350781,-0.18782385521464878
1710778150.3508942,-0.2151428825325436
1710778150.3510075,-0.2431624134381612
1710778150.3511207,-0.27258291840553284
1710778150.3512337,-0.3020034233729045
1710778150.351347,-0.33177415529886883
1710778150.3514602,-0.3615449203385247
1710778150.3515735,-0.39061516523361206
1710778150.3516865,-0.41933516661326087
1710778150.3517997,-0.44700447056028575
1710778150.351913,-0.4743234978781806
1710778150.3520262,-0.5005917946497599
1710778150.3521392,-0.5268600914213393
1710778150.3522525,-0.5531284213066101
1710778150.3523657,-0.5811479356553819
1710778150.352479,-0.6091674831178453
1710778150.3525922,-0.6378874513838027
1710778150.3527052,-0.666257275475396
1710778150.3528185,-0.6935762696795993
1710778150.3529317,-0.7212455405129327
1710778150.353045,-0.7468133502536349
1710778150.353158,-0.7720309495925903
1710778150.3532712,-0.7965480619006686
1710778150.3533845,-0.8214153846104939
1710778150.3534977,-0.8473334047529433
1710778150.3536108,-0.8725510040918986
1710778150.353724,-0.8988193008634779
1710778150.3538373,-0.9250875976350572
1710778150.3539505,-0.9503051969740126
1710778150.3540635,-0.9744720326529609
1710778150.3541768,-0.9972378942701552
1710778150.35429,-1.0179022947947185
1710778150.3544033,-1.0382164186901517
1710778150.3545165,-1.0571296347512138
1710778150.3546295,-1.0749920871522691
1710778150.3547428,-1.0932047499550712
1710778150.354856,-1.1117676893870037
1710778150.3549693,-1.1303306950463188
1710778150.3550823,-1.148893568250868
1710778150.3551955,-1.1664058102501762
1710778150.3553088,-1.1825169457329643
1710778150.355422,-1.1975774500105116
1710778150.355535,-1.2122877438863118
1710778150.3556483,-1.224546300040351
1710778150.3557615,-1.237505276997884
1710778150.3558748,-1.2501140435536702
1710778150.355988,-1.2623725997077093
1710778150.356101,-1.2756819195217557
1710778150.3562143,-1.2882906860775418
1710778150.3563275,-1.301249795489841
1710778150.3564408,-1.3124575879838731
1710778150.3565538,-1.3222644064161513
1710778150.356667,-1.3299696975284152
1710778150.3567803,-1.3359239366319444
1710778150.3568935,-1.3404770692189534
1710778150.3570065,-1.3457307550642226
1710778150.3571198,-1.3485327031877306
1710778150.357233,-1.3527356253729925
1710778150.3573463,-1.3569385475582547
1710778150.3574593,-1.3604410489400227
1710778150.3575726,-1.3649941815270317
1710778150.3576858,-1.3691971037122939
1710778150.357799,-1.3712984985775418
1710778150.3579123,-1.3737502362993028
1710778150.3580253,-1.3741004467010498
1710778150.3581386,-1.3744507895575628
1710778150.3582518,-1.3741004467010498
1710778150.358365,-1.3737502362993028
1710778150.358478,-1.3734000258975558
1710778150.3585913,-1.3730498154958088
1710778150.3587046,-1.3730498154958088
1710778150.3588178,-1.3716488414340549
1710778150.3589308,-1.3691971037122939
1710778150.359044,-1.364643971125285
1710778150.3591573,-1.3579893112182617
1710778150.3592706,-1.3506340980529785
1710778150.3593838,-1.3408272796207004
1710778150.3594968,-1.3317210144466824
1710778150.35961,-1.3222644064161513
1710778150.3597233,-1.3128077983856201
1710778150.3598366,-1.304051743613349
1710778150.3599496,-1.2956457667880588
1710778150.3600628,-1.2875902652740479
1710778150.360176,-1.2784838676452637
1710778150.3602893,-1.2693774700164795
1710778150.3604023,-1.2588702307807074
1710778150.3605156,-1.2469618850284152
1710778150.3606288,-1.234353118472629
1710778150.360742,-1.22279511557685
1710778150.3608553,-1.2101862165662978
1710778150.3609684,-1.1979277928670247
1710778150.3610816,-1.1860194471147325
1710778150.3611948,-1.1730604701571994
1710778150.361308,-1.1597511503431532
1710778150.361421,-1.1453910668690999
1710778150.3615344,-1.1285793781280518
1710778150.3616476,-1.1096662282943726
1710778150.3617609,-1.0893521043989394
1710778150.3618739,-1.067987216843499
1710778150.361987,-1.0466223292880588
1710778150.3621004,-1.0242066780726116
1710778150.3622136,-1.0028417905171711
1710778150.3623266,-0.981476902961731
1710778150.3624399,-0.9597618050045437
1710778150.3625531,-0.9387471278508503
1710778150.3626664,-0.914930502573649
1710778150.3627796,-0.8918144305547078
1710778150.3628926,-0.8662466208140055
1710778150.3630059,-0.8406788110733032
1710778150.3631191,-0.8144105143017238
1710778150.3632324,-0.7884924279318916
1710778150.3633454,-0.7625743415620592
1710778150.3634586,-0.7380572954813639
1710778150.363572,-0.7138904598024156
1710778150.3636851,-0.6897236241234673
1710778150.3637981,-0.664856301413642
1710778150.3639114,-0.6396387020746866
1710778150.3640246,-0.6133704053031074
1710778150.364138,-0.586401621500651
1710778150.3642511,-0.5587322844399346
1710778150.3643641,-0.5310630467202928
1710778150.3644774,-0.5030434992578294
1710778150.3645906,-0.4760747154553731
1710778150.364704,-0.4494561751683553
1710778150.364817,-0.42353812191221446
1710778150.3649302,-0.3976200355423821
1710778150.3650434,-0.3713517387708028
1710778150.3651567,-0.3436824679374695
1710778150.3652697,-0.31426194641325206
1710778150.365383,-0.28519170151816475
1710778150.3654962,-0.2547204660044776
1710778150.3656094,-0.22494971752166748
1710778150.3657227,-0.19482874208026463
1710778150.3658357,-0.1664589676592085
1710778150.365949,-0.13808919323815239
1710778150.3660622,-0.11006967061095767
1710778150.3661754,-0.08345112204551697
1710778150.3662884,-0.055431595279110804
1710778150.3664017,-0.027061827066871855
1710778150.366515,0.0020088237296375963
1710778150.3666282,0.03178539375464121
1710778150.3667412,0.06051102446185218
1710778150.3668544,0.0902875926759508
1710778150.3669677,0.12006416916847229
1710778150.367081,0.14878979987568325
1710778150.367194,0.17576386531194052
1710778150.3673072,0.2020373112625546
1710778150.3674204,0.23041263222694397
1710778150.3675337,0.25808733370569015
1710778150.367647,0.2857620186275906
1710778150.36776,0.3158888883060879
1710778150.3678732,0.3453151716126336
1710778150.3679864,0.3757923510339525
1710778150.3680997,0.40591925382614136
1710778150.3682127,0.4349951942761739
1710778150.368326,0.4616189334127638
1710778150.3684392,0.48894332514868843
1710778150.3685524,0.5145161350568136
1710778150.3686655,0.5407895975642734
1710778150.3687787,0.5660120646158854
1710778150.368892,0.5926358699798584
1710778150.3690052,0.6192596091164483
1710778150.3691185,0.6462336911095513
1710778150.3692315,0.672507087389628
1710778150.3693447,0.6994811693827311
1710778150.369458,0.7247036695480347
1710778150.3695712,0.749225550227695
1710778150.3696842,0.7726965347925822
1710778150.3697975,0.795116557015313
1710778150.3699107,0.8182371324963039
1710778150.370024,0.8420583936903212
1710778150.370137,0.8658796548843384
1710778150.3702502,0.8893506394492255
1710778150.3703635,0.9142227967580159
1710778150.3704767,0.9373434384663899
1710778150.37059,0.9601137373182509
1710778150.370703,0.9807821777131822
1710778150.3708162,1.0007499986224704
1710778150.3709295,1.0182656182183158
1710778150.3710427,1.0357813040415447
1710778150.3711557,1.0518956846661038
1710778150.371269,1.068360341919793
1710778150.3713822,1.084124379687839
1710778150.3714955,1.0998884836832683
1710778150.3716085,1.1163531409369574
1710778150.3717217,1.1314165592193604
1710778150.371835,1.1450787385304768
1710778150.3719482,1.1580403645833333
1710778150.3720613,1.1696006192101371
1710778150.3721745,1.180460320578681
1710778150.3722878,1.1899187829759386
1710778150.372401,1.1993772453731961
1710778150.3725142,1.2098866038852267
1710778150.3726273,1.2203959623972576
1710778150.3727405,1.2312556637658012
1710778150.3728538,1.242115365134345
1710778150.372967,1.252624723646376
1710778150.37308,1.2624335289001465
1710778150.3731933,1.2708409627278645
1710778150.3733065,1.2778472900390625
1710778150.3734198,1.283802588780721
1710778150.3735328,1.2894075446658664
1710778150.373646,1.2953628434075248
1710778150.3737593,1.3002672460344102
1710778150.3738725,1.3051716486612956
1710778150.3739858,1.3107766045464408
1710778150.3740988,1.3160313500298393
1710778150.374212,1.3205854098002117
1710778150.3743253,1.3230375448862712
1710778150.3744385,1.3240885734558105
1710778150.3745515,1.3233878877427843
1710778150.3746648,1.321986648771498
1710778150.374778,1.3191841708289251
1710778150.3748913,1.3163816928863525
1710778150.3750043,1.3135792149437797
1710778150.3751175,1.3114772902594671
1710778150.3752308,1.310426394144694
1710778150.375344,1.3079741266038682
1710778150.375457,1.3058723343743217
1710778150.3755703,1.3020188278622098
1710778150.3756835,1.2971144252353244
1710778150.3757968,1.291159126493666
1710778150.37591,1.2831019030676947
1710778150.376023,1.27574536535475
1710778150.3761363,1.268038484785292
1710778150.3762496,1.2596310509575737
1710778150.3763628,1.2512234846750896
1710778150.3764758,1.2435166041056316
1710778150.376589,1.234408484564887
1710778150.3767023,1.2245998117658827
1710778150.3768156,1.2133897675408256
1710778150.3769286,1.2004281414879692
1710778150.3770418,1.1853647232055664
1710778150.377155,1.1696006192101371
1710778150.3772683,1.1527856190999348
1710778150.3773816,1.1363209618462455
1710778150.3774946,1.1205568578508165
1710778150.3776078,1.1051431629392836
1710778150.377721,1.0890287823147244
1710778150.3778343,1.0732647445466783
1710778150.3779473,1.0568000210656059
1710778150.3780606,1.0392844014697604
1710778150.3781738,1.0200172000461154
1710778150.378287,0.998998483022054
1710778150.3784,0.9779796997706095
1710778150.3785133,0.9566106398900349
1710778150.3786266,0.9345409605238173
1710778150.3787398,0.9135221772723727
1710778150.378853,0.8925033940209283
1710778150.378966,0.8704337146547105
1710778150.3790793,0.8483640352884928
1710778150.3791926,0.8252433935801188
1710778150.3793058,0.8014221323861016
1710778150.3794188,0.7754990127351549
1710778150.379532,0.749225550227695
1710778150.3796453,0.7215508487489488
1710778150.3797586,0.6942264901267158
1710778150.3798716,0.6669021315044826
1710778150.3799849,0.6402783923678927
1710778150.380098,0.614004929860433
1710778150.3802114,0.5884320868386163
1710778150.3803244,0.5628593100441827
1710778150.3804376,0.5365858475367228
1710778150.3805509,0.5092614558007982
1710778150.380664,0.4812364445792304
1710778150.3807774,0.45216050412919784
1710778150.3808904,0.4230845636791653
1710778150.3810036,0.3950595524575975
1710778150.3811169,0.3666842314932081
1710778150.38123,0.3404107689857483
1710778150.3813431,0.3130864103635152
1710778150.3814564,0.2868129478560554
1710778150.3815696,0.2612401379479302
1710778150.3816829,0.23321512672636244
1710778150.381796,0.2051901320616404
1710778150.3819091,0.17646448479758367
1710778150.3820224,0.14563697907659742
1710778150.3821356,0.1158604191409217
1710778150.3822489,0.0860838426484002
1710778150.382362,0.05560665080944697
1710778150.3824751,0.026180392338169944
1710778150.3825884,-0.0014940098238488038
1710778150.3827016,-0.030564266360468335
1710778150.3828146,-0.05963452574279573
1710778150.382928,-0.08905502657095592
1710778150.3830411,-0.11987650560008155
1710778150.3831544,-0.1513984633816613
1710778150.3832674,-0.18292042944166395
1710778150.3833807,-0.21374190847078958
1710778150.383494,-0.24491363101535374
1710778150.3836071,-0.27608535355991787
1710778150.3837204,-0.305155615011851
1710778150.3838334,-0.3342258599069383
1710778150.3839467,-0.36294589440027875
1710778150.38406,-0.39166589577992755
1710778150.3841732,-0.421786904335022
1710778150.3842862,-0.4522581232918633
1710778150.3843994,-0.48342982927958167
1710778150.3845127,-0.5160025424427456
1710778150.384626,-0.547874735461341
1710778150.384739,-0.5793966849644979
1710778150.3848522,-0.6102181805504693
1710778150.3849654,-0.6399889124764336
1710778150.3850787,-0.668008459938897
1710778150.3851917,-0.6963782178031074
1710778150.385305,-0.7243977652655708
1710778150.3854182,-0.7524173127280341
1710778150.3855314,-0.7800865835613674
1710778150.3856447,-0.8077558543947008
1710778150.3857577,-0.8347246381971571
1710778150.385871,-0.8613432115978664
1710778150.3859842,-0.8855100472768147
1710778150.3860974,-0.907925632264879
1710778150.3862104,-0.9289403094185723
1710778150.3863237,-0.9503051969740126
1710778150.386437,-0.9699188338385688
1710778150.3865502,-0.990583234363132
1710778150.3866632,-1.0115979115168254
1710778150.3867764,-1.0329627990722656
1710778150.3868897,-1.0546778970294528
1710778150.387003,-1.0770935482449002
1710778150.3871162,-1.0984584358003404
1710778150.3872292,-1.1194731129540336
1710778150.3873425,-1.13908674981859
1710778150.3874557,-1.1569492022196453
1710778150.387569,-1.1741111013624403
1710778150.387682,-1.1923238966200087
1710778150.3877952,-1.2084350321027968
1710778150.3879085,-1.224546300040351
1710778150.3880217,-1.2406575679779053
1710778150.3881347,-1.2564184930589464
1710778150.388248,-1.2714789973364935
1710778150.3883612,-1.2837375534905326
1710778150.3884745,-1.2949453459845648
1710778150.3885877,-1.30510237481859
1710778150.3887007,-1.314208772447374
1710778150.388814,-1.31981266869439
1710778150.3889272,-1.3264673286014133
1710778150.3890405,-1.3334721989101834
1710778150.3891535,-1.3404770692189534
1710778150.3892667,-1.3488829135894775
1710778150.38938,-1.3562379942999945
1710778150.3894932,-1.364643971125285
1710778150.3896062,-1.3716488414340549
1710778150.3897195,-1.3779531584845648
1710778150.3898327,-1.38250642352634
1710778150.389946,-1.386709345711602
1710778150.390059,-1.3898615042368572
1710778150.3901722,-1.3930136627621121
1710778150.3902855,-1.3958156108856201
1710778150.3903987,-1.398967769410875
1710778150.390512,-1.4021200603908963
1710778150.390625,-1.4056224293178983
1710778150.3907382,-1.4077239566379123
1710778150.3908515,-1.4098253515031602
1710778150.3909647,-1.4098253515031602
1710778150.3910778,-1.4073737462361653
1710778150.391191,-1.4045717981126573
1710778150.3913043,-1.400368743472629
1710778150.3914175,-1.3954654004838731
1710778150.3915305,-1.390561925040351
1710778150.3916438,-1.386709345711602
1710778150.391757,-1.382156080669827
1710778150.3918703,-1.3769023948245578
1710778150.3919835,-1.3712984985775418
1710778150.3920965,-1.3639434178670247
1710778150.3922098,-1.3548370202382405
1710778150.392323,-1.3457307550642226
1710778150.3924363,-1.3331219885084364
1710778150.3925493,-1.320162879096137
1710778150.3926625,-1.307554112540351
1710778150.3927758,-1.2938945823245578
1710778150.392889,-1.2812858157687717
1710778150.393002,-1.2686770492129855
1710778150.3931153,-1.2564184930589464
1710778150.3932285,-1.2424087524414062
1710778150.3933418,-1.2280486689673529
1710778150.3934548,-1.2115871906280518
1710778150.393568,-1.1937248706817627
1710778150.3936813,-1.1758624182807074
1710778150.3937945,-1.155898438559638
1710778150.3939078,-1.136284801695082
1710778150.3940208,-1.1173715856340196
1710778150.394134,-1.0977579487694633
1710778150.3942473,-1.079195009337531
1710778150.3943605,-1.059931582874722
1710778150.3944736,-1.0396173927519057
1710778150.3945868,-1.0179022947947185
1710778150.3947,-0.9947861565483941
1710778150.3948133,-0.9702691104676988
1710778150.3949263,-0.9450515111287434
1710778150.3950396,-0.9198339780171711
1710778150.3951528,-0.8939158916473389
1710778150.395266,-0.8686982923083835
1710778150.3953793,-0.8441812462276882
1710778150.3954923,-0.8207148975796169
1710778150.3956056,-0.7975987593332926
1710778150.3957188,-0.7727314366234673
1710778150.395832,-0.748564600944519
1710778150.395945,-0.7229967912038168
1710778150.3960583,-0.6960280074013604
1710778150.3961716,-0.669059223598904
1710778150.3962848,-0.6420903735690646
1710778150.3963978,-0.6151215897666084
1710778150.396511,-0.588152805964152
1710778150.3966243,-0.5622347858217027
1710778150.3967376,-0.5359664559364319
1710778150.3968508,-0.5100484026802911
1710778150.3969638,-0.4827293422487047
1710778150.397077,-0.45400934086905587
1710778150.3971903,-0.42388836542765296
1710778150.3973036,-0.3930668698416816
1710778150.3974166,-0.3625956508848402
1710778150.3975298,-0.3307234247525533
1710778150.397643,-0.30060244931115043
1710778150.3977563,-0.2708317008283403
1710778150.3978693,-0.2417614393764072
1710778150.3979826,-0.2130414214399126
1710778150.3980958,-0.18467166357570225
1710778150.398209,-0.15560140212376913
1710778150.398322,-0.127231627702713
1710778150.3984354,-0.09781113101376428
1710778150.3985486,-0.06698965198463863
1710778150.3986619,-0.03686865998639001
1710778150.398775,-0.0070979151253898936
1710778150.398888,0.022326954123046663
1710778150.3990014,0.050351959135797285
1710778150.3991146,0.07837697035736507
1710778150.3992279,0.10710260106457604
1710778150.3993409,0.13582823177178702
1710778150.399454,0.16455387075742087
1710778150.3995674,0.19538137647840711
1710778150.3996806,0.22550826271375018
1710778150.3997936,0.25703638792037964
1710778150.3999069,0.28891483942667645
1710778150.4000201,0.3207932909329732
1710778150.4001334,0.3509201606114705
1710778150.4002466,0.38104703028996784
1710778150.4003596,0.41012300385369194
1710778150.4004729,0.4377976722187466
1710778150.4005861,0.46687361266877914
1710778150.4006994,0.49594958623250324
1710778150.4008124,0.5246752169397142
1710778150.4009256,0.5544517768753899
1710778150.401039,0.5838780270682441
1710778150.4011521,0.6126036908891466
1710778150.4012651,0.640979011853536
1710778150.4013784,0.668303370475769
1710778150.4014916,0.6935258706410726
1710778150.401605,0.7183980941772461
1710778150.4017181,0.7425696320003933
1710778150.4018312,0.7663908931944106
1710778150.4019444,0.7905624310175577
1710778150.4020576,0.8150843116972182
1710778150.402171,0.8385552962621052
1710778150.402284,0.8630771769417657
1710778150.4023972,0.8868984381357828
1710778150.4025104,0.9093184603585137
1710778150.4026237,0.9296365578969319
1710778150.4027367,0.9496043788062202
1710778150.40285,0.9688715802298652
1710778150.4029632,0.9860368569691975
1710778150.4030764,1.0035525427924261
1710778150.4031894,1.0214184390174017
1710778150.4033027,1.0389340586132474
1710778150.403416,1.0557490587234497
1710778150.4035292,1.0732647445466783
1710778150.4036424,1.0893791251712375
1710778150.4037554,1.1044425434536405
1710778150.4038687,1.118104722764757
1710778150.403982,1.1314165592193604
1710778150.4040952,1.1422762605879042
1710778150.4042082,1.1538366476694744
1710778150.4043214,1.165046559439765
1710778150.4044347,1.1773074997795951
1710778150.404548,1.1899187829759386
1710778150.404661,1.2021797233157687
1710778150.4047742,1.2147910065121121
1710778150.4048874,1.226701603995429
1710778150.4050007,1.237561305363973
1710778150.405114,1.2473701106177435
1710778150.405227,1.2550769911872015
1710778150.4053402,1.2624335289001465
1710778150.4054534,1.2687391704983182
1710778150.4055667,1.27574536535475
1710778150.4056797,1.2820510069529216
1710778150.405793,1.288356648551093
1710778150.4059062,1.2943119472927518
1710778150.4060194,1.3002672460344102
1710778150.4061325,1.3051716486612956
1710778150.4062457,1.3079741266038682
1710778150.406359,1.3093753655751545
1710778150.4064722,1.3100760512881808
1710778150.4065855,1.3100760512881808
1710778150.4066985,1.3086748123168945
1710778150.4068117,1.3079741266038682
1710778150.406925,1.3083244694603813
1710778150.4070382,1.3079741266038682
1710778150.4071512,1.3086748123168945
1710778150.4072645,1.3090251551734076
1710778150.4073777,1.3079741266038682
1710778150.407491,1.3051716486612956
1710778150.407604,1.3016684850056965
1710778150.4077172,1.2978151109483507
1710778150.4078305,1.2918598122066922
1710778150.4079437,1.2866050667232938
1710778150.4080567,1.2799490822686088
1710778150.40817,1.2736435731252034
1710778150.4082832,1.268038484785292
1710778150.4083965,1.2620831860436332
1710778150.4085097,1.2554272015889485
1710778150.4086227,1.2470197677612305
1710778150.408736,1.2379116482204862
1710778150.4088492,1.2274022897084553
1710778150.4089625,1.2133897675408256
1710778150.4090755,1.1979760064019096
1710778150.4091887,1.1836131413777669
1710778150.409302,1.1681993802388508
1710778150.4094152,1.153135961956448
1710778150.4095283,1.1363209618462455
1710778150.4096415,1.1212575435638428
1710778150.4097548,1.1054935057957966
1710778150.409868,1.087627543343438
1710778150.4099813,1.0701119237475925
1710778150.4100943,1.0501441028383043
1710778150.4102075,1.0298259390725029
1710778150.4103208,1.0088072220484416
1710778150.410434,0.9884890582826402
1710778150.410547,0.9678206178877089
1710778150.4106603,0.9485534164640639
1710778150.4107735,0.9292862150404189
1710778150.4108868,0.9107196993298
1710778150.4109998,0.8925033940209283
1710778150.411113,0.87218529648251
1710778150.4112263,0.8515168560875787
1710778150.4113395,0.8294471767213609
1710778150.4114525,0.8056259155273438
1710778150.4115658,0.7821549309624566
1710778150.411679,0.7586840126249526
1710778150.4117923,0.7352130942874484
1710778150.4119055,0.7113918330934312
1710778150.4120185,0.6893221537272135
1710778150.4121318,0.6658511691623263
1710778150.412245,0.6427305274539523
1710778150.4123583,0.618208646774292
1710778150.4124713,0.5926358699798584
1710778150.4125845,0.5660120646158854
1710778150.4126978,0.5386877059936523
1710778150.412811,0.5110130045149062
1710778150.412924,0.4843892653783162
1710778150.4130373,0.4581158028708564
1710778150.4131505,0.43254299296273124
1710778150.4132638,0.4073204927974277
1710778150.413377,0.38279861211776733
1710778150.41349,0.3572258022096422
1710778150.4136033,0.3316529591878255
1710778150.4137166,0.30432860056559247
1710778150.4138298,0.2763035727871789
1710778150.4139428,0.24722763233714634
1710778150.414056,0.21850200162993536
1710778150.4141693,0.18907575143708122
1710778150.4142826,0.16035012072987026
1710778150.4143956,0.1316244817442364
1710778150.4145088,0.10359947052266863
1710778150.414622,0.07487383981545766
1710778150.4147353,0.046848836872312755
1710778150.4148486,0.017072265553805564
1710778150.4149616,-0.01375255174934864
1710778150.4150748,-0.04492427325910992
1710778150.415188,-0.07574574814902411
1710778150.4153013,-0.10656722717814975
1710778150.4154143,-0.13668821917639837
1710778150.4155276,-0.1657584806283315
1710778150.4156408,-0.19447848200798035
1710778150.415754,-0.22179752588272095
1710778150.415867,-0.24946681327290005
1710778150.4159803,-0.27748632762167186
1710778150.4160936,-0.3069068325890435
1710778150.4162068,-0.33667756451500785
1710778150.4163198,-0.36714881658554077
1710778150.416433,-0.3979702790578206
1710778150.4165463,-0.42844153112835354
1710778150.4166596,-0.4578620195388794
1710778150.4167728,-0.48763278457853526
1710778150.4168859,-0.5156522989273071
1710778150.416999,-0.5436718132760789
1710778150.4171124,-0.5716913276248508
1710778150.4172256,-0.6000610854890611
1710778150.4173386,-0.6280806329515245
1710778150.4174519,-0.6575011544757419
1710778150.417565,-0.6858709123399522
1710778150.4176784,-0.7142406702041626
1710778150.4177914,-0.7412094540066189
1710778150.4179046,-0.7671275403764513
1710778150.4180179,-0.7919948630862765
1710778150.418131,-0.8154612117343478
1710778150.4182444,-0.8378768629497951
1710778150.4183574,-0.8595919609069824
1710778150.4184706,-0.8813071250915527
1710778150.4185839,-0.9037227100796169
1710778150.418697,-0.9264885716968112
1710778150.4188101,-0.9485539462831285
1710778150.4189234,-0.9702691104676988
1710778150.4190366,-0.991984208424886
1710778150.4191499,-1.0119481219185722
1710778150.419263,-1.0308613379796345
1710778150.4193761,-1.0480233033498128
1710778150.4194894,-1.065535479121738
1710778150.4196026,-1.0826974444919162
1710778150.419716,-1.0991589228312175
1710778150.419829,-1.1166711648305256
1710778150.4199421,-1.134533617231581
1710778150.4200554,-1.152396069632636
1710778150.4201686,-1.1699081791771782
1710778150.4202816,-1.1863696575164795
1710778150.420395,-1.2017803721957736
1710778150.4205081,-1.2154399024115667
1710778150.4206214,-1.2283990118238661
1710778150.4207344,-1.2406575679779053
1710778150.4208477,-1.2525657812754314
1710778150.420961,-1.2644741270277235
1710778150.4210742,-1.2770828935835097
1710778150.4211872,-1.2896916601392958
1710778150.4213004,-1.302650769551595
1710778150.4214137,-1.313508219189114
1710778150.421527,-1.3240155908796523
1710778150.4216402,-1.3341726197136772
1710778150.4217532,-1.3411776224772136
1710778150.4218664,-1.3485327031877306
1710778150.4219797,-1.3537863890329997
1710778150.422093,-1.3600907060835097
1710778150.422206,-1.3663951555887859
1710778150.4223192,-1.3730498154958088
1710778150.4224324,-1.3797043429480658
1710778150.4225457,-1.386709345711602
1710778150.4226587,-1.3923132419586182
1710778150.422772,-1.3965161641438801
1710778150.4228852,-1.399668322669135
1710778150.4229984,-1.401069296730889
1710778150.4231117,-1.4021200603908963
1710778150.4232247,-1.401069296730889
1710778150.423338,-1.400018533070882
1710778150.4234512,-1.3993181122673881
1710778150.4235644,-1.3979171382056341
1710778150.4236774,-1.3954654004838731
1710778150.4237907,-1.3937142160203722
1710778150.423904,-1.3895112938351102
1710778150.4240172,-1.384257607989841
1710778150.4241302,-1.3765521844228108
1710778150.4242435,-1.3677961296505399
1710778150.4243567,-1.3576389683617485
1710778150.42447,-1.3464311758677165
1710778150.4245832,-1.3352233833736844
1710778150.4246962,-1.3247161441379123
1710778150.4248095,-1.314909193250868
1710778150.4249227,-1.30510237481859
1710778150.425036,-1.2949453459845648
1710778150.425149,-1.2847883171505399
1710778150.4252622,-1.2732301817999945
1710778150.4253755,-1.2599209944407146
1710778150.4254887,-1.2462614642249212
1710778150.4256017,-1.231200959947374
1710778150.425715,-1.216140455669827
1710778150.4258282,-1.2007297409905326
1710778150.4259415,-1.1846184730529785
1710778150.4260545,-1.1695579687754314
1710778150.4261677,-1.154497464497884
1710778150.426281,-1.138736539416843
1710778150.4263942,-1.1215745078192816
1710778150.4265075,-1.1030115683873494
1710778150.4266205,-1.0830476548936632
1710778150.4267337,-1.0620330439673529
1710778150.426847,-1.0396173927519057
1710778150.4269602,-1.0179022947947185
1710778150.4270732,-0.9951364331775241
1710778150.4271865,-0.9730710585912068
1710778150.4272997,-0.9520563814375136
1710778150.427413,-0.9310417705112033
1710778150.427526,-0.9103773699866401
1710778150.4276392,-0.8883119954003228
1710778150.4277525,-0.8655461337831285
1710778150.4278657,-0.8417295085059272
1710778150.427979,-0.8172124624252319
1710778150.428092,-0.7916446526845295
1710778150.4282053,-0.7664270533455743
1710778150.4283185,-0.7412094540066189
1710778150.4284317,-0.7173928949568007
1710778150.4285448,-0.6935762696795993
1710778150.428658,-0.670109921031528
1710778150.4287713,-0.6455928749508327
1710778150.4288845,-0.6196747885810004
1710778150.4289975,-0.593756702211168
1710778150.4291108,-0.5650367339452108
1710778150.429224,-0.5359664559364319
1710778150.4293373,-0.5061957240104675
1710778150.4294503,-0.4767752024862501
1710778150.4295635,-0.44630398352940875
1710778150.4296768,-0.4168834620051914
1710778150.42979,-0.3881634606255425
1710778150.4299033,-0.3601439462767707
1710778150.4300163,-0.3300229377216763
1710778150.4301295,-0.30025220579571194
1710778150.4302428,-0.2690804832511478
1710778150.430356,-0.23685801360342237
1710778150.430469,-0.20533604754341972
1710778150.4305823,-0.17346383796797857
1710778150.4306955,-0.14124138487709892
1710778150.4308088,-0.11112040115727319
1710778150.4309218,-0.08169990446832445
1710778150.431035,-0.05333013004726834
1710778150.4311483,-0.024610118319590885
1710778150.4312615,0.004110699260814322
1710778150.4313748,0.03423758265044954
1710778150.4314878,0.0650650883714358
1710778150.431601,0.09694353573852114
1710778150.4317143,0.12882197896639505
1710778150.4318275,0.16105074021551344
1710778150.4319406,0.19433043069309658
1710778150.4320538,0.22550826271375018
1710778150.432167,0.25668607817755806
1710778150.4322803,0.28716325759887695
1710778150.4323933,0.3176404701338874
1710778150.4325066,0.348818302154541
1710778150.4326198,0.3792954815758599
1710778150.432733,0.4108236233393351
1710778150.4328463,0.4420014222462972
1710778150.4329593,0.4735295640097724
1710778150.4330726,0.5050577057732476
1710778150.4331858,0.5337833364804586
1710778150.433299,0.5618083477020264
1710778150.433412,0.5880818102094862
1710778150.4335253,0.614355206489563
1710778150.4336386,0.6399280495113796
1710778150.4337518,0.6651505496766832
1710778150.4338648,0.6914240121841431
1710778150.433978,0.7173471318350898
1710778150.4340913,0.7439708709716797
1710778150.4342046,0.7698939906226264
1710778150.4343176,0.7961674531300862
1710778150.4344308,0.8213899532953898
1710778150.434544,0.8459118339750502
1710778150.4346573,0.8679815133412678
1710778150.4347706,0.8904015355639987
1710778150.4348836,0.9114203188154433
1710778150.4349968,0.9334899981816609
1710778150.43511,0.9545087814331055
1710778150.4352233,0.9758778413136799
1710778150.4353364,0.9975971778233845
1710778150.4354496,1.017915341589186
1710778150.4355628,1.0382334391276042
1710778150.435676,1.0571503639221191
1710778150.435789,1.0736150211758084
1710778150.4359024,1.0897294018003676
1710778150.4360156,1.1047928200827704
1710778150.4361289,1.1195059617360432
1710778150.436242,1.133518483903673
1710778150.436355,1.148581902186076
1710778150.4364684,1.163995663324992
1710778150.4365816,1.179759767320421
1710778150.4366949,1.195173528459337
1710778150.4368079,1.2095362610287137
1710778150.4369211,1.2235487831963432
1710778150.4370344,1.2354595131344266
1710778150.4371476,1.2466694249047172
1710778150.4372606,1.256828573015001
1710778150.4373739,1.268038484785292
1710778150.4374871,1.2778472900390625
1710778150.4376004,1.2890573342641194
1710778150.4377136,1.2999169031778972
1710778150.4378266,1.3100760512881808
1710778150.43794,1.3205854098002117
1710778150.4380531,1.329693529340956
1710778150.4381664,1.3363495137956407
1710778150.4382794,1.3423048125372992
1710778150.4383926,1.3465085294511583
1710778150.438506,1.3496613502502441
1710778150.4386191,1.3521134853363037
1710778150.4387321,1.35351472430759
1710778150.4388454,1.3563173347049289
1710778150.4389586,1.3587694697909884
1710778150.439072,1.3598203659057617
1710778150.439185,1.360521051618788
1710778150.4392982,1.3598203659057617
1710778150.4394114,1.3573682308197021
1710778150.4395247,1.3538650671641033
1710778150.439638,1.3486104541354709
1710778150.439751,1.3423048125372992
1710778150.4398642,1.3363495137956407
1710778150.4399774,1.330043872197469
1710778150.4400907,1.3247891267140706
1710778150.4402037,1.3177829318576388
1710778150.440317,1.3118276331159804
1710778150.4404302,1.3058723343743217
1710778150.4405434,1.2981654538048637
1710778150.4406564,1.2890573342641194
1710778150.4407697,1.2778472900390625
1710778150.440883,1.2662869029574924
1710778150.4409962,1.2536757522159152
1710778150.4411094,1.2403637833065457
1710778150.4412224,1.2277526325649686
1710778150.4413357,1.2144406636555989
1710778150.441449,1.2018293804592557
1710778150.4415622,1.1888678868611653
1710778150.4416752,1.1745050218370225
1710778150.4417884,1.1597919464111328
1710778150.4419017,1.1433272891574435
1710778150.442015,1.125461260477702
1710778150.442128,1.107245021396213
1710778150.4422412,1.0886785056855943
1710778150.4423544,1.0697615808910794
1710778150.4424677,1.0508447223239474
1710778150.442581,1.033329102728102
1710778150.442694,1.0158134831322563
1710778150.4428072,0.9975971778233845
1710778150.4429204,0.9793809387418959
1710778150.4430337,0.9604640801747639
1710778150.4431467,0.9387446774376763
1710778150.44326,0.9177259604136149
1710778150.4433732,0.8942549758487277
1710778150.4434865,0.8714846769968668
1710778150.4435995,0.8469627963172065
1710778150.4437127,0.8238421546088325
1710778150.443826,0.8017724752426147
1710778150.4439392,0.7779512140485976
1710778150.4440522,0.7551809151967366
1710778150.4441655,0.7313596540027194
1710778150.4442787,0.7071880499521891
1710778150.444392,0.6823158926433986
1710778150.4445052,0.6560424301359389
1710778150.4446182,0.629768967628479
1710778150.4447315,0.602444609006246
1710778150.4448447,0.5775723854700724
1710778150.444958,0.5519995755619472
1710778150.445071,0.5264267656538222
1710778150.4451842,0.5019048849741617
1710778150.4452975,0.4773830042945014
1710778150.4454107,0.45216050412919784
1710778150.4455237,0.4251864221360948
1710778150.445637,0.3968111011717054
1710778150.4457502,0.3684357802073161
1710778150.4458635,0.3383089105288188
1710778150.4459767,0.30853235059314305
1710778150.4460897,0.27840544780095416
1710778150.446203,0.24932950735092163
1710778150.4463162,0.22060387664371067
1710778150.4464295,0.1918782459364997
1710778150.4465425,0.16315261522928873
1710778150.4466558,0.1340766665008333
1710778150.446769,0.10359947052266863
1710778150.4468822,0.07207134531603919
1710778150.4469953,0.03984258406692081
1710778150.4471085,0.00796413773463832
1710778150.4472218,-0.023909629219108157
1710778150.447335,-0.056132082309987806
1710778150.447448,-0.0866033136844635
1710778150.4475613,-0.11637406216727363
1710778150.4476745,-0.14649505416552225
1710778150.4477878,-0.1762658026483324
1710778150.447901,-0.206386794646581
1710778150.448014,-0.23685801360342237
1710778150.4481273,-0.2687302397357093
1710778150.4482405,-0.29990196228027344
1710778150.4483538,-0.33212439881430733
1710778150.4484668,-0.3608444333076477
1710778150.44858,-0.38991467820273507
1710778150.4486933,-0.4175839490360684
1710778150.4488065,-0.44560349649853176
1710778150.4489195,-0.4718717932701111
1710778150.4490328,-0.49743960301081336
1710778150.449146,-0.5240581432978312
1710778150.4492593,-0.5510269602139791
1710778150.4493725,-0.5783459875318739
1710778150.4494855,-0.6063655349943373
1710778150.4495988,-0.6340348058276706
1710778150.449712,-0.661003589630127
1710778150.4498253,-0.6879723734325832
1710778150.4499383,-0.7128396961424086
1710778150.4500515,-0.7370065318213569
1710778150.4501648,-0.7611733675003052
1710778150.450278,-0.7853402031792535
1710778150.450391,-0.8088065518273247
1710778150.4505043,-0.832973387506273
1710778150.4506176,-0.8571402894126045
1710778150.4507308,-0.8806066380606757
1710778150.450844,-0.9044231971104939
1710778150.450957,-0.9257880846659342
1710778150.4510703,-0.9461022747887505
1710778150.4511836,-0.9650154246224297
1710778150.4512968,-0.982527666621738
1710778150.4514098,-1.0003900527954102
1710778150.451523,-1.0179022947947185
1710778150.4516363,-1.0354144705666435
1710778150.4517496,-1.0543276866277058
1710778150.4518626,-1.0725403494305081
1710778150.4519758,-1.0921540525224473
1710778150.452089,-1.1110672023561265
1710778150.4522023,-1.1285793781280518
1710778150.4523153,-1.1457414097256131
1710778150.4524286,-1.1611521244049072
1710778150.4525418,-1.1762126286824544
1710778150.452655,-1.1895218160417345
1710778150.4527683,-1.2042321099175346
1710778150.4528813,-1.218942403793335
1710778150.4529946,-1.232952144410875
1710778150.4531078,-1.2476624382866752
1710778150.453221,-1.2613219685024686
1710778150.453334,-1.2735803922017415
1710778150.4534473,-1.2858389483557806
1710778150.4535606,-1.2949453459845648
1710778150.4536738,-1.303701400756836
1710778150.4537868,-1.3103560606638591
1710778150.4539,-1.317711141374376
1710778150.4540133,-1.3243658012813992
1710778150.4541266,-1.3310204611884222
1710778150.4542398,-1.3394263055589464
1710778150.4543529,-1.3474819395277235
1710778150.454466,-1.3548370202382405
1710778150.4545794,-1.3621922334035237
1710778150.4546926,-1.3677961296505399
1710778150.4548056,-1.3716488414340549
1710778150.4549189,-1.3744507895575628
1710778150.455032,-1.3769023948245578
1710778150.4551454,-1.377252737681071
1710778150.4552584,-1.379003922144572
1710778150.4553716,-1.3793541325463188
1710778150.4554849,-1.380404896206326
1710778150.455598,-1.3811053170098198
1710778150.4557114,-1.3811053170098198
1710778150.4558244,-1.3793541325463188
1710778150.4559376,-1.3758517636193168
1710778150.4560509,-1.3705980777740479
1710778150.4561641,-1.3649941815270317
1710778150.4562771,-1.3569385475582547
1710778150.4563904,-1.3488829135894775
1710778150.4565036,-1.3401268588172064
1710778150.4566169,-1.3317210144466824
1710778150.45673,-1.3233151700761583
1710778150.4568431,-1.315959956910875
1710778150.4569564,-1.307203902138604
1710778150.4570696,-1.297747294108073
1710778150.4571826,-1.2872399224175346
1710778150.457296,-1.2749813662634955
1710778150.4574091,-1.2616721789042156
1710778150.4575224,-1.2476624382866752
1710778150.4576356,-1.233302354812622
1710778150.4577487,-1.219642824596829
1710778150.457862,-1.2063336372375488
1710778150.4579751,-1.1937248706817627
1710778150.4580884,-1.1814663145277235
1710778150.4582014,-1.1685072051154242
1710778150.4583147,-1.154497464497884
1710778150.458428,-1.13908674981859
1710778150.4585412,-1.1219247182210286
1710778150.4586542,-1.1047628190782335
1710778150.4587674,-1.0858496030171711
1710778150.4588807,-1.067286729812622
1710778150.458994,-1.0487237903806899
1710778150.4591072,-1.0305110613505046
1710778150.4592202,-1.0129988855785794
1710778150.4593334,-0.9947861565483941
1710778150.4594467,-0.9758730067147149
1710778150.45956,-0.9566095802519057
1710778150.459673,-0.9352446926964654
1710778150.4597862,-0.9135295285118951
1710778150.4598994,-0.8907636668947008
1710778150.4600127,-0.8679978052775065
1710778150.4601257,-0.8445314566294352
1710778150.460239,-0.8217655950122409
1710778150.4603522,-0.8000504970550537
1710778150.4604654,-0.7783353328704834
1710778150.4605787,-0.7573207219441731
1710778150.4606917,-0.7349050707287258
1710778150.460805,-0.7110885116789076
1710778150.4609182,-0.6851704253090752
1710778150.4610314,-0.6599528259701198
1710778150.4611444,-0.6322835551367866
1710778150.4612577,-0.6039137972725762
1710778150.461371,-0.5762445264392428
1710778150.4614842,-0.5485752556059096
1710778150.4615972,-0.5216064386897616
1710778150.4617105,-0.4939371678564283
1710778150.4618237,-0.4673186275694105
1710778150.461937,-0.4392990801069471
1710778150.46205,-0.4102288352118598
1710778150.4621632,-0.38115859031677246
1710778150.4622765,-0.34998685121536255
1710778150.4623897,-0.3202161192893982
1710778150.462503,-0.2893946237034268
1710778150.462616,-0.2592736482620239
1710778150.4627292,-0.2291526562637753
1710778150.4628425,-0.20043263832728067
1710778150.4629557,-0.17311359445254007
1710778150.4630687,-0.14404334955745274
1710778150.463182,-0.11567357513639662
1710778150.4632952,-0.0866033136844635
1710778150.4634085,-0.056132082309987806
1710778150.4635215,-0.02496036183502939
1710778150.4636347,0.007613825404809581
1710778150.463748,0.03774070905314551
1710778150.4638612,0.06926884253819783
1710778150.4639745,0.10009634825918409
1710778150.4640875,0.1302232344945272
1710778150.4642007,0.15929917494455972
1710778150.464314,0.18907575143708122
1710778150.4644272,0.21920262111557853
1710778150.4645402,0.24932950735092163
1710778150.4646535,0.28050733937157524
1710778150.4647667,0.31238579087787205
1710778150.46488,0.3432132800420125
1710778150.464993,0.37404080231984455
1710778150.4651062,0.4031167427698771
1710778150.4652195,0.43149206373426646
1710778150.4653327,0.4588164554701911
1710778150.4654458,0.4843892653783162
1710778150.465559,0.5099620752864413
1710778150.4656723,0.5355348851945665
1710778150.4657855,0.5618083477020264
1710778150.4658988,0.587381190723843
1710778150.4660118,0.614004929860433
1710778150.466125,0.6406286689970229
1710778150.4662383,0.6658511691623263
1710778150.4663515,0.6903730498419868
1710778150.4664645,0.7134936915503608
1710778150.4665778,0.7362639904022217
1710778150.466691,0.7586840126249526
1710778150.4668043,0.7804034153620402
1710778150.4669173,0.8024730947282579
1710778150.4670305,0.8262943559222751
1710778150.4671438,0.8497652742597792
1710778150.467257,0.8732362588246663
1710778150.4673703,0.8970575200186836
1710778150.4674833,0.9194774760140313
1710778150.4675965,0.9408465358946059
1710778150.4677098,0.9615149762895372
1710778150.467823,0.9807821777131822
1710778150.467936,0.998998483022054
1710778150.4680493,1.017915341589186
1710778150.4681625,1.0368322001563177
1710778150.4682758,1.056449744436476
1710778150.4683888,1.0757168796327379
1710778150.468502,1.0942834615707397
1710778150.4686153,1.1135506629943848
