Epoch Time,x
1710527555.4952407,2.6927598317464194
1710527555.4953542,2.6815499199761286
1710527555.4954674,2.669288847181532
1710527555.495581,2.6545757717556424
1710527555.4956944,2.637760639190674
1710527555.495808,2.616741922166612
1710527555.4959211,2.595022519429525
1710527555.4960346,2.57295290629069
1710527555.496148,2.550182607438829
1710527555.4962616,2.5284632047017417
1710527555.4963748,2.5060431162516275
1710527555.4964883,2.4832728173997665
1710527555.4966018,2.4591014120313854
1710527555.4967153,2.4331781599256725
1710527555.4968286,2.403051323360867
1710527555.496942,2.370472219255235
1710527555.4970555,2.333339055379232
1710527555.497169,2.293403413560655
1710527555.4972823,2.2517161899142795
1710527555.4973958,2.2086278597513833
1710527555.4975092,2.164138158162435
1710527555.4976227,2.11894777086046
1710527555.497736,2.071655591328939
1710527555.4978495,2.022261487113105
1710527555.497963,1.9697146945529513
1710527555.4980764,1.9140149487389457
1710527555.4981897,1.8537611431545682
1710527555.4983032,1.7900043063693576
1710527555.4984167,1.7213430669572618
1710527555.4985301,1.6502295600043402
1710527555.4986434,1.5742117828792996
1710527555.498757,1.4971429771847196
1710527555.4988704,1.418672932518853
1710527555.4989839,1.3366997241973877
1710527555.499097,1.2536757522159152
1710527555.4992106,1.1681993802388508
1710527555.499324,1.07992066277398
1710527555.4994376,0.9877884387969971
1710527555.4995508,0.8925033940209283
1710527555.4996643,0.7933649751875136
1710527555.4997778,0.6910736693276299
1710527555.499891,0.5849289894104004
1710527555.5000045,0.47633207506603664
1710527555.500118,0.3652829925219218
1710527555.5002315,0.2538835671212938
1710527555.5003448,0.14213386509153578
1710527555.5004582,0.030384144435326256
1710527555.5005717,-0.08240039149920146
1710527555.5006852,-0.19517898559570312
1710527555.5007985,-0.30970878071255153
1710527555.500912,-0.4263400700357225
1710527555.5010254,-0.5436718132760789
1710527555.501139,-0.6641557481553819
1710527555.5012522,-0.7860406902101305
1710527555.5013657,-0.908626119295756
1710527555.5014791,-1.0298105743196275
1710527555.5015926,-1.149594121509128
1710527555.501706,-1.2655248906877306
1710527555.5018194,-1.3793541325463188
1710527555.5019329,-1.4907317691379123
1710527555.5020463,-1.5993074576059976
1710527555.5021596,-1.708583566877577
1710527555.502273,-1.8171592553456624
1710527555.5023866,-1.9264353646172416
1710527555.5025,-2.036412027147081
1710527555.5026133,-2.1435867415534124
1710527555.5027268,-2.247959507836236
1710527555.5028403,-2.348479429880778
1710527555.5029538,-2.4437459309895835
1710527555.503067,-2.5337584813435874
1710527555.5031805,-2.61781718995836
1710527555.503294,-2.6980230543348522
1710527555.5034075,-2.7747265497843423
1710527555.5035207,-2.8500289387173123
1710527555.5036342,-2.9232300652398004
1710527555.5037477,-2.994329664442274
1710527555.5038612,-3.063677946726481
1710527555.5039744,-3.12882317437066
1710527555.504088,-3.1876643498738604
1710527555.5042014,-3.2430028915405273
1710527555.5043147,-3.2895853784349227
1710527555.5044281,-3.3309141794840493
1710527555.5045416,-3.3669892946879068
1710527555.5046551,-3.398160934448242
1710527555.5047684,-3.4272313117980957
1710527555.5048819,-3.4534994761149087
1710527555.5049953,-3.478717009226481
1710527555.5051088,-3.4993815422058105
1710527555.505222,-3.5186449686686196
1710527555.5053356,-3.532304498884413
1710527555.505449,-3.543162080976698
1710527555.5055625,-3.548765977223714
1710527555.5056758,-3.549116187625461
1710527555.5057893,-3.545964029100206
1710527555.5059028,-3.540009922451443
1710527555.5060163,-3.5316038131713867
1710527555.5061295,-3.521096706390381
1710527555.506243,-3.5102391242980957
1710527555.5063565,-3.4990313318040633
1710527555.50647,-3.486772643195258
1710527555.5065832,-3.472762902577718
1710527555.5066967,-3.4584029515584307
1710527555.5068102,-3.441591262817383
1710527555.5069237,-3.423728677961561
1710527555.507037,-3.404115041097005
1710527555.5071504,-3.382049666510688
1710527555.507264,-3.3589336607191296
1710527555.5073774,-3.335467179616292
1710527555.5074906,-3.312000963422987
1710527555.5076041,-3.287834061516656
1710527555.5077176,-3.2657686869303384
1710527555.507831,-3.243353101942274
1710527555.5079443,-3.223389254675971
1710527555.5080578,-3.2027247216966415
1710527555.5081713,-3.1820604536268444
1710527555.5082848,-3.160345289442274
1710527555.508398,-3.137579494052463
1710527555.5085115,-3.1130623817443848
1710527555.508625,-3.0885452694363065
1710527555.5087383,-3.064378367529975
1710527555.5088518,-3.0405616760253906
1710527555.5089653,-3.0191969871520996
1710527555.5090787,-2.999583085378011
1710527555.509192,-2.9831216070387097
1710527555.5093055,-2.9680612352159286
1710527555.509419,-2.9533510737948947
1710527555.5095325,-2.9393413331773544
1710527555.5096457,-2.9232300652398004
1710527555.5097592,-2.906768586900499
1710527555.5098727,-2.8892562124464245
1710527555.5099862,-2.8717441029018826
1710527555.5100994,-2.8552826245625815
1710527555.510213,-2.8398720423380532
1710527555.5103264,-2.827613353729248
1710527555.5104399,-2.817456192440457
1710527555.5105531,-2.8090503480699325
1710527555.5106666,-2.8006445036994085
1710527555.51078,-2.7908378177218967
1710527555.5108936,-2.7799802356296115
1710527555.5110068,-2.7663207054138184
1710527555.5111203,-2.752310964796278
1710527555.5112338,-2.73549927605523
1710527555.5113473,-2.7190377977159286
1710527555.5114605,-2.7032767401801214
1710527555.511574,-2.6903176307678223
1710527555.5116875,-2.6784094174702964
1710527555.511801,-2.66650120417277
1710527555.5119143,-2.6545927259657116
1710527555.5120277,-2.6419840918646917
1710527555.5121412,-2.6255226135253906
1710527555.5122547,-2.6062591870625815
1710527555.512368,-2.584544022878011
1710527555.5124815,-2.5610775417751737
1710527555.512595,-2.5351595878601074
1710527555.5127084,-2.509241633945041
1710527555.5128217,-2.482622994316949
1710527555.5129352,-2.4563545650906033
1710527555.5130486,-2.429736190372043
1710527555.513162,-2.400315602620443
1710527555.5132754,-2.3691439628601074
1710527555.5133889,-2.335170110066732
1710527555.5135024,-2.2969937324523926
1710527555.5136156,-2.2546140352884927
1710527555.513729,-2.2090823120541043
1710527555.5138426,-2.1607486406962075
1710527555.513956,-2.109613021214803
1710527555.5140693,-2.0574266380733914
1710527555.5141828,-2.0038392808702254
1710527555.5142963,-1.948500739203559
1710527555.5144098,-1.8921114338768852
1710527555.514523,-1.8325699700249565
1710527555.5146365,-1.7695260047912598
1710527555.51475,-1.702279249827067
1710527555.5148635,-1.63152986102634
1710527555.5149767,-1.5565776824951172
1710527555.5150902,-1.4770722389221191
1710527555.5152037,-1.3944146368238661
1710527555.5153172,-1.307904322942098
1710527555.5154305,-1.219292614195082
1710527555.515544,-1.1285793781280518
1710527555.5156574,-1.0357647471957736
1710527555.515771,-0.9411988655726115
1710527555.5158842,-0.8445314566294352
1710527555.5159976,-0.7454123761918809
1710527555.5161111,-0.6431411372290717
1710527555.5162246,-0.5370171864827474
1710527555.5163379,-0.426690313551161
1710527555.5164514,-0.31251072883605957
1710527555.5165648,-0.19377799497710332
1710527555.5166783,-0.07329404354095459
1710527555.5167916,0.04825008412202199
1710527555.516905,0.16945824027061462
1710527555.5170186,0.289265149169498
1710527555.517132,0.4094223512543572
1710527555.5172453,0.5281783474816216
1710527555.5173588,0.6472845872243246
1710527555.5174723,0.7677921321656969
1710527555.5175855,0.8904015355639987
1710527555.517699,1.0151127974192302
1710527555.5178125,1.1429769463009305
1710527555.517926,1.2708409627278645
1710527555.5180392,1.3962529765235052
1710527555.5181527,1.5206138292948403
1710527555.5182662,1.6397202014923096
1710527555.5183797,1.7542723814646402
1710527555.518493,1.864971187379625
1710527555.5186064,1.9735680686102972
1710527555.51872,2.079362471898397
1710527555.5188334,2.1851568751864963
1710527555.5189466,2.291301621331109
1710527555.5190601,2.3974463674757214
1710527555.5191736,2.501839531792535
1710527555.519287,2.6020288467407227
1710527555.5194004,2.699415683746338
1710527555.5195138,2.789445983039008
1710527555.5196273,2.8731709056430392
1710527555.5197408,2.94988923602634
1710527555.519854,3.0213530858357744
1710527555.5199676,3.0879124005635576
1710527555.520081,3.1527201334635415
1710527555.5201945,3.215426074133979
1710527555.5203078,3.2753295368618436
1710527555.5204213,3.3331312073601618
1710527555.5205348,3.3863788180881076
1710527555.5206482,3.435072104136149
1710527555.5207615,3.476409117380778
1710527555.520875,3.512140909830729
1710527555.5209885,3.5401659541659884
1710527555.521102,3.5632867283291287
1710527555.5212152,3.5815029674106174
1710527555.5213287,3.5969167285495334
1710527555.5214422,3.6091775364345975
1710527555.5215557,3.620037237803141
1710527555.521669,3.6284446716308594
1710527555.5217824,3.634400102827284
1710527555.521896,3.6375527911716037
1710527555.5220091,3.6361516846550836
1710527555.5221226,3.630896939171685
1710527555.522236,3.6210881339179144
1710527555.5223496,3.6088273260328503
1710527555.5224628,3.592712879180908
1710527555.5225763,3.5744966400994196
1710527555.5226898,3.5555797153049045
1710527555.5228033,3.535611894395616
1710527555.5229166,3.5142429669698076
1710527555.52303,3.493574460347493
1710527555.5231435,3.4722052680121527
1710527555.523257,3.449084758758545
1710527555.5233703,3.4259639845954046
1710527555.5234838,3.4017925792270236
1710527555.5235972,3.3755191167195635
1710527555.5237107,3.349245654212104
1710527555.523824,3.3208703994750977
1710527555.5239375,3.2928453551398382
1710527555.524051,3.2644698354932995
1710527555.5241644,3.2364450560675726
1710527555.5242777,3.210171593560113
1710527555.5243912,3.184949027167426
1710527555.5245047,3.161127832200792
1710527555.5246181,3.138707743750678
1710527555.5247314,3.1187399228413897
1710527555.524845,3.0970205201043024
1710527555.5249584,3.0749509069654675
1710527555.5250719,3.0532315042283797
1710527555.525185,3.03011073006524
1710527555.5252986,3.0062895350986056
1710527555.525412,2.9835192362467446
1710527555.5255256,2.96285072962443
1710527555.5256388,2.9432333840264215
1710527555.5257523,2.926418251461453
1710527555.5258658,2.9124058617485895
1710527555.5259793,2.898743682437473
1710527555.5260925,2.884731027815077
1710527555.526206,2.8707186381022134
1710527555.5263195,2.856005562676324
1710527555.5264328,2.838840219709608
1710527555.5265462,2.8220250871446395
1710527555.5266597,2.8052102194892035
1710527555.5267732,2.7890957726372614
1710527555.5268865,2.7747329076131186
1710527555.527,2.7638732062445746
1710527555.5271134,2.754064400990804
1710527555.527227,2.7446060710483127
1710527555.5273402,2.735147741105821
1710527555.5274537,2.7232371436225042
1710527555.5275671,2.710625860426161
1710527555.5276806,2.695212099287245
1710527555.527794,2.676995860205756
1710527555.5279074,2.6594800419277616
1710527555.5280209,2.641263802846273
1710527555.5281343,2.623047563764784
1710527555.5282476,2.607633802625868
1710527555.528361,2.5901182492574057
1710527555.5284746,2.573303116692437
1710527555.528588,2.555086877610948
1710527555.5287013,2.53371795018514
1710527555.5288148,2.509896755218506
1710527555.5289283,2.4822219212849936
1710527555.5290418,2.4513943990071616
1710527555.529155,2.418114874098036
1710527555.5292685,2.383784188164605
1710527555.529382,2.3484026061164007
1710527555.5294955,2.3126705487569175
1710527555.5296087,2.27623807059394
1710527555.5297222,2.238404485914442
1710527555.5298357,2.1984687116410995
1710527555.5299492,2.1546796957651773
1710527555.5300624,2.1087887552049422
1710527555.530176,2.0576430691613092
1710527555.5302894,2.00264400906033
1710527555.530403,1.9448424710167778
1710527555.5305161,1.8831874264611137
1710527555.5306296,1.8201311429341633
1710527555.5307431,1.7553232775794134
1710527555.5308564,1.6887639628516302
1710527555.5309699,1.6190516948699951
1710527555.5310833,1.5482885307735867
1710527555.5311968,1.4740223354763455
1710527555.53131,1.3959026336669922
1710527555.5314236,1.314630111058553
1710527555.531537,1.2288035286797416
1710527555.5316505,1.1394737826453314
1710527555.5317638,1.0466409391827054
1710527555.5318773,0.9520565801196628
1710527555.5319908,0.8539690574010212
1710527555.5321043,0.753078990512424
1710527555.5322175,0.652539332707723
1710527555.532331,0.5509486463334825
1710527555.5324445,0.4469058248731825
1710527555.532558,0.3421623508135478
1710527555.5326712,0.23566732803980509
1710527555.5327847,0.1260194761885537
1710527555.5328982,0.012868514491452111
1710527555.5330117,-0.10306479202376471
1710527555.533125,-0.22214776939815944
1710527555.5332384,-0.34228149387571544
1710527555.533352,-0.46346591578589547
1710527555.5334654,-0.583599673377143
1710527555.5335786,-0.7026826010810004
1710527555.5336921,-0.8203646209504869
1710527555.5338056,-0.9355949030982124
1710527555.533919,-1.0511754618750677
1710527555.5340323,-1.1657052569919162
1710527555.5341458,-1.2812858157687717
1710527555.5342593,-1.398267348607381
1710527555.5343728,-1.5155990918477376
1710527555.534486,-1.633281045489841
1710527555.5345995,-1.7502625783284504
1710527555.534713,-1.862690978580051
1710527555.5348265,-1.9719670878516302
1710527555.5349398,-2.0756393008761935
1710527555.5350533,-2.175108724170261
1710527555.5351667,-2.2703750928243003
1710527555.53528,-2.362138960096571
1710527555.5353935,-2.4528521961636014
1710527555.535507,-2.541814115312364
1710527555.5356205,-2.6300756136576333
1710527555.5357337,-2.716586059994168
1710527555.5358472,-2.7999440828959146
1710527555.5359607,-2.879099316067166
1710527555.5360742,-2.953000863393148
1710527555.5361874,-3.0198974079555936
1710527555.536301,-3.08154026667277
1710527555.5364144,-3.136178387535943
1710527555.5365279,-3.1873141394721136
1710527555.5366411,-3.234597047170003
1710527555.5367546,-3.2787277963426376
1710527555.536868,-3.321807649400499
1710527555.5369816,-3.3627862400478787
1710527555.5370948,-3.399562040964762
1710527555.5372083,-3.4335356288486056
1710527555.5373218,-3.4626057412889266
1710527555.5374353,-3.4864224327935114
1710527555.5375485,-3.5046352280510797
1710527555.537662,-3.5168936517503524
1710527555.5377755,-3.5256497065226235
1710527555.537889,-3.5309033923678927
1710527555.5380023,-3.533355130089654
1710527555.5381157,-3.534406026204427
1710527555.5382292,-3.5337053404914007
1710527555.5383427,-3.5305531819661455
1710527555.538456,-3.526700602637397
1710527555.5385695,-3.5193453894721136
1710527555.538683,-3.5091882281833224
1710527555.5387964,-3.4965795940823026
1710527555.5389097,-3.481518957349989
1710527555.5390232,-3.464006847805447
1710527555.5391366,-3.443692790137397
1710527555.5392501,-3.4223278363545733
1710527555.5393634,-3.3999122513665094
1710527555.5394769,-3.377846876780192
1710527555.5395904,-3.3561317125956216
1710527555.5397036,-3.3340663380093045
1710527555.539817,-3.313051594628228
1710527555.5399306,-3.292037116156684
1710527555.540044,-3.2713725831773544
1710527555.5401573,-3.2493072085910373
1710527555.5402708,-3.226191202799479
1710527555.5403843,-3.2016740904914007
1710527555.5404978,-3.1768067677815752
1710527555.540611,-3.150888548956977
1710527555.5407245,-3.125320805443658
1710527555.540838,-3.1011539035373263
1710527555.5409515,-3.0797892146640353
1710527555.5410647,-3.0598251024881997
1710527555.5411782,-3.0419627825419107
1710527555.5412917,-3.0258515146043563
1710527555.5414052,-3.009390036265055
1710527555.5415184,-2.993278768327501
1710527555.541632,-2.9747157626681857
1710527555.5417454,-2.955802811516656
1710527555.541859,-2.9365393850538464
1710527555.5419722,-2.917626168992784
1710527555.5420856,-2.9001137945387097
1710527555.5421991,-2.884353001912435
1710527555.5423126,-2.8720943133036294
1710527555.5424259,-2.8622876273261175
1710527555.5425394,-2.852480676439073
1710527555.5426528,-2.8430242008633084
1710527555.5427663,-2.8328670395745172
1710527555.5428796,-2.821659247080485
1710527555.542993,-2.807649506462945
1710527555.5431066,-2.7922386593288846
1710527555.54322,-2.7768280771043563
1710527555.5433333,-2.7614172299702964
1710527555.5434468,-2.7491588062710233
1710527555.5435603,-2.7376005384657116
1710527555.5436738,-2.7277938524881997
1710527555.543787,-2.719388008117676
1710527555.5439005,-2.7095810572306314
1710527555.544014,-2.698723475138346
1710527555.5441272,-2.6854141553243003
1710527555.5442407,-2.6689529418945312
1710527555.5443542,-2.650740146636963
1710527555.5444677,-2.63077629937066
1710527555.544581,-2.6097615559895835
1710527555.5446944,-2.58979770872328
1710527555.544808,-2.5708844926622176
1710527555.5449214,-2.5519712766011557
1710527555.5450346,-2.53340827094184
1710527555.5451481,-2.51169310675727
1710527555.5452616,-2.489627732170953
1710527555.545375,-2.4626591470506454
1710527555.5454884,-2.4321879280938044
1710527555.5456018,-2.3978638648986816
1710527555.5457153,-2.3607381184895835
1710527555.5458288,-2.322211265563965
1710527555.545942,-2.2812326749165854
1710527555.5460556,-2.239203453063965
1710527555.546169,-2.196473545498318
1710527555.5462825,-2.1526930067274304
1710527555.5463958,-2.104709678226047
1710527555.5465093,-2.0553252432081432
1710527555.5466228,-2.0017378860049777
1710527555.5467362,-1.944648027420044
1710527555.5468495,-1.8812538517846
1710527555.546963,-1.8150577280256484
1710527555.5470765,-1.7450090249379475
1710527555.54719,-1.6721582412719727
1710527555.5473032,-1.5972059302859836
1710527555.5474167,-1.5191015932295058
1710527555.5475302,-1.4402965704600017
1710527555.5476437,-1.3590399424235027
1710527555.547757,-1.2760321299235027
1710527555.5478704,-1.1898721588982475
1710527555.547984,-1.1012603839238484
1710527555.5480974,-1.0091461737950642
1710527555.5482106,-0.9117783440483941
1710527555.548324,-0.8109080129199557
1710527555.5484376,-0.7061850362353854
1710527555.5485508,-0.5983099010255601
1710527555.5486643,-0.4883332716094123
1710527555.5487778,-0.37800636556413436
1710527555.5488913,-0.26487754450904
1710527555.5490046,-0.1534999410311381
1710527555.549118,-0.040721346934636436
1710527555.5492315,0.07242165505886078
1710527555.549345,0.18907575143708122
1710527555.5494583,0.30818204085032147
1710527555.5495718,0.429740481906467
1710527555.5496852,0.5551523963610331
1710527555.5497987,0.6823158926433986
1710527555.549912,0.8112308714124892
1710527555.5500255,0.9387446774376763
1710527555.550139,1.064156625005934
1710527555.5502524,1.187116305033366
1710527555.5503657,1.306572887632582
1710527555.5504792,1.4239276780022514
1710527555.5505927,1.5398810969458685
1710527555.5507061,1.6554843054877386
1710527555.5508194,1.7714377244313557
1710527555.550933,1.8898434109157987
1710527555.5510464,2.0075484116872153
1710527555.5511599,2.123151487774319
1710527555.551273,2.2370031144883895
1710527555.5513866,2.345249652862549
1710527555.5515,2.448241710662842
1710527555.5516136,2.5445776515536838
1710527555.5517268,2.6349581612481012
1710527555.5518403,2.721485561794705
1710527555.5519538,2.803808848063151
1710527555.5520673,2.8854317135281033
1710527555.5521805,2.9649527867635093
1710527555.552294,3.042722013261583
1710527555.5524075,3.1162876553005643
1710527555.552521,3.1859999232821994
1710527555.5526342,3.2501072353786893
1710527555.5527477,3.3068577448527017
1710527555.5528612,3.356602191925049
1710527555.5529745,3.3993403116861978
1710527555.553088,3.4368236859639483
1710527555.5532014,3.4704536861843533
1710527555.553315,3.500230312347412
1710527555.5534282,3.5289560423956976
1710527555.5535417,3.554879029591878
1710527555.5536551,3.5783500141567655
1710527555.5537686,3.59901852077908
1710527555.553882,3.6147824923197427
1710527555.5539954,3.6252919832865396
1710527555.5541089,3.630896939171685
1710527555.5542223,3.631947835286458
1710527555.5543356,3.6291453573438854
1710527555.554449,3.623189926147461
1710527555.5545626,3.614432281917996
1710527555.554676,3.6042732662624783
1710527555.5547893,3.5920121934678817
1710527555.5549028,3.579751385582818
1710527555.5550163,3.565388520558675
1710527555.5551298,3.549974759419759
1710527555.555243,3.53175852033827
1710527555.5553565,3.5124913851420083
1710527555.55547,3.4904215070936413
1710527555.5555835,3.4662501017252603
1710527555.5556967,3.4406773249308267
1710527555.5558102,3.414754072825114
1710527555.5559237,3.3877799246046276
1710527555.5560372,3.3604555659823947
1710527555.5561504,3.3334814177619085
1710527555.556264,3.307208220163981
1710527555.5563774,3.2826863394843206
1710527555.556491,3.2592153549194336
1710527555.5566041,3.2353938950432672
1710527555.5567176,3.2119231753879123
1710527555.5568311,3.188101715511746
1710527555.5569446,3.163930310143365
1710527555.5570579,3.139408429463704
1710527555.5571713,3.1141858630710177
1710527555.5572848,3.0896639823913574
1710527555.557398,3.065142101711697
1710527555.5575116,3.043072488572862
1710527555.557625,3.023454878065321
1710527555.5577385,3.005588849385579
1710527555.5578518,2.9891241921318903
1710527555.5579653,2.9737104309929743
1710527555.5580788,2.9582966698540583
1710527555.5581923,2.9414818021986218
1710527555.5583055,2.9243164592319064
1710527555.558419,2.9057497448391385
1710527555.5585325,2.8871832953559027
1710527555.558646,2.86966774198744
1710527555.5587592,2.853903505537245
1710527555.5588727,2.8398911158243814
1710527555.5589862,2.828330728742811
1710527555.5590997,2.818521923489041
1710527555.559213,2.8087133831448026
1710527555.5593264,2.7982038921780057
1710527555.55944,2.7866435050964355
1710527555.5595534,2.772631115383572
1710527555.5596666,2.757567564646403
1710527555.5597801,2.7404022216796875
1710527555.5598936,2.7235873540242515
1710527555.560007,2.708523803287082
1710527555.5601203,2.6927598317464194
1710527555.5602338,2.680148548550076
1710527555.5603473,2.6668365796407065
1710527555.5604608,2.653875086042616
1710527555.560574,2.6384613249037
1710527555.5606875,2.620945771535238
1710527555.560801,2.601328161027696
1710527555.5609145,2.5775069660610623
1710527555.5610278,2.5522843996683755
1710527555.5611413,2.525310516357422
1710527555.5612547,2.4983363681369357
1710527555.5613682,2.4713622199164496
1710527555.5614815,2.4443880716959634
1710527555.561595,2.416012816958957
1710527555.5617085,2.3869368765089245
1710527555.5618217,2.3554086685180664
1710527555.5619352,2.319326665666368
1710527555.5620487,2.280792130364312
1710527555.5621622,2.238054010603163
1710527555.5622754,2.191462516784668
1710527555.562389,2.1424187554253473
1710527555.5625024,2.09197375509474
1710527555.5626159,2.0387262768215604
1710527555.5627291,1.985128323237101
1710527555.5628426,1.9294287098778617
1710527555.562956,1.8716271718343098
1710527555.5630696,1.8117237091064453
1710527555.5631828,1.7476163970099554
1710527555.5632963,1.6807067394256592
1710527555.5634098,1.6099435753292508
1710527555.5635233,1.534276141060723
1710527555.5636365,1.4544048574235704
1710527555.56375,1.372431649102105
1710527555.5638635,1.2876559628380668
1710527555.563977,1.2000779310862224
1710527555.5640903,1.110748185051812
1710527555.5642037,1.0203675429026287
1710527555.5643172,0.9282353189256456
1710527555.5644307,0.8333006170060899
1710527555.564544,0.7362639904022217
1710527555.5646574,0.6353739897410074
1710527555.564771,0.5320317546526591
1710527555.5648844,0.42448580265045166
1710527555.5649977,0.31413733959198
1710527555.5651112,0.201687001519733
1710527555.5652246,0.08643416066964467
1710527555.5653381,-0.028813046713670094
1710527555.5654514,-0.14509408010376823
1710527555.5655649,-0.25892340474658543
1710527555.5656784,-0.37310295634799534
1710527555.5657918,-0.48658205403221977
1710527555.565905,-0.6000610854890611
1710527555.5660186,-0.7152914338641696
1710527555.566132,-0.832973387506273
1710527555.5662453,-0.9527568684683906
1710527555.5663588,-1.073240836461385
1710527555.5664723,-1.1965268188052707
1710527555.5665858,-1.315959956910875
1710527555.566699,-1.4353932274712455
1710527555.5668125,-1.550273232989841
1710527555.566926,-1.6623514228396945
1710527555.5670395,-1.7705767684512668
1710527555.5671527,-1.876700719197591
1710527555.5672662,-1.9807232750786674
1710527555.5673797,-2.084395488103231
1710527555.5674932,-2.188067701127794
1710527555.5676064,-2.2913898362053766
1710527555.56772,-2.3929603894551597
1710527555.5678334,-2.4913790490892196
1710527555.567947,-2.5852444436815047
1710527555.5680602,-2.673155731625027
1710527555.5681736,-2.7544124921162925
1710527555.5682871,-2.83111572265625
1710527555.5684006,-2.901164690653483
1710527555.5685139,-2.968411445617676
1710527555.5686274,-3.0328565173678927
1710527555.5687408,-3.0948495864868164
1710527555.5688543,-3.1543911827935114
1710527555.5689676,-3.212531672583686
1710527555.569081,-3.2657686869303384
1710527555.5691946,-3.314802911546495
1710527555.569308,-3.3578827646043563
1710527555.5694213,-3.395709196726481
1710527555.5695348,-3.4258302052815752
1710527555.5696483,-3.4513979487948947
1710527555.5697618,-3.4720624817742243
1710527555.569875,-3.489574591318766
1710527555.5699885,-3.5046352280510797
1710527555.570102,-3.5179445478651257
1710527555.5702155,-3.5284516546461315
1710527555.5703287,-3.537207974327935
1710527555.5704422,-3.5421111848619247
1710527555.5705557,-3.543862501780192
1710527555.570669,-3.5421111848619247
1710527555.5707824,-3.535456657409668
1710527555.570896,-3.5259999169243708
1710527555.5710094,-3.5133912828233504
1710527555.5711226,-3.4983306460910373
1710527555.5712361,-3.4822196430630155
1710527555.5713496,-3.4654076894124346
1710527555.571463,-3.4482457902696395
1710527555.5715764,-3.4310838911268444
1710527555.5716898,-3.4135717815823026
1710527555.5718033,-3.395008775922987
1710527555.5719168,-3.376445770263672
1710527555.57203,-3.3568321333991156
1710527555.5721436,-3.3351169692145453
1710527555.572257,-3.311300542619493
1710527555.5723705,-3.2860827445983887
1710527555.5724838,-3.261215421888563
1710527555.5725973,-3.235297467973497
1710527555.5727108,-3.209729724460178
1710527555.5728242,-3.1855628225538464
1710527555.5729375,-3.162096341451009
1710527555.573051,-3.141081862979465
1710527555.5731645,-3.1207675404018826
1710527555.573278,-3.1011539035373263
1710527555.5733912,-3.0811900562710233
1710527555.5735047,-3.060175312889947
1710527555.5736182,-3.0374095175001354
1710527555.5737317,-3.0153441429138184
1710527555.573845,-2.992928557925754
1710527555.5739584,-2.9712133937411838
1710527555.574072,-2.9515997568766275
1710527555.5741854,-2.9347880681355796
1710527555.5742986,-2.919377221001519
1710527555.574412,-2.907469007703993
1710527555.5745256,-2.895560794406467
1710527555.574639,-2.884353001912435
1710527555.5747523,-2.8720943133036294
1710527555.5748658,-2.8577343622843423
1710527555.5749793,-2.842673990461561
1710527555.5750926,-2.827613353729248
1710527555.575206,-2.811852296193441
1710527555.5753195,-2.7978425555759006
1710527555.575433,-2.7859343422783747
1710527555.5755463,-2.7761273913913302
1710527555.5756598,-2.768071757422553
1710527555.5757732,-2.761067019568549
1710527555.5758867,-2.753011385599772
1710527555.576,-2.742854224310981
1710527555.5761135,-2.7298953798082137
1710527555.576227,-2.714484532674154
1710527555.5763404,-2.6983732647365994
1710527555.5764537,-2.680861155192057
1710527555.5765672,-2.662998570336236
1710527555.5766807,-2.6468873023986816
1710527555.5767941,-2.6318269305759006
1710527555.5769074,-2.6181674003601074
1710527555.577021,-2.6031070285373263
1710527555.5771344,-2.587345971001519
1710527555.5772479,-2.5680825445387097
1710527555.577361,-2.5463673803541393
1710527555.5774746,-2.5215000576443143
1710527555.577588,-2.493480576409234
1710527555.5777016,-2.4630093574523926
1710527555.5778148,-2.4321879280938044
1710527555.5779283,-2.3999653922186956
1710527555.5780418,-2.3677428563435874
1710527555.5781553,-2.335170110066732
1710527555.5782685,-2.3011965221828885
1710527555.578382,-2.265121406979031
1710527555.5784955,-2.2255439228481717
1710527555.578609,-2.182463804880778
1710527555.5787222,-2.1351808971828885
1710527555.5788357,-2.0833447244432235
1710527555.5789492,-2.028006182776557
1710527555.5790627,-1.9698656929863823
1710527555.579176,-1.9103242291344535
1710527555.5792894,-1.8490314483642578
1710527555.579403,-1.785287062327067
1710527555.5795162,-1.7201417022281222
1710527555.5796297,-1.6525444719526503
1710527555.5797431,-1.5828459792666965
1710527555.5798566,-1.5089444319407144
1710527555.57997,-1.4311903052859836
1710527555.5800834,-1.3502838876512315
1710527555.5801969,-1.2634233633677165
1710527555.5803103,-1.1723599168989394
1710527555.5804236,-1.0774437586466472
1710527555.580537,-0.981126692559984
1710527555.5806506,-0.8820076121224297
1710527555.580764,-0.7811372809939914
1710527555.5808773,-0.6788660420311822
1710527555.5809908,-0.5744932757483588
1710527555.5811043,-0.46942008866204155
1710527555.5812178,-0.3615449203385247
1710527555.581331,-0.25051754381921554
1710527555.5814445,-0.13528724511464438
1710527555.581558,-0.016904748562309477
1710527555.5816715,0.10605166355768839
1710527555.5817847,0.23006232248412237
1710527555.5818982,0.3547736008961995
1710527555.5820117,0.47983520560794407
1710527555.5821252,0.6034955713484023
1710527555.5822384,0.7254042890336778
1710527555.582352,0.8448609378602769
1710527555.5824654,0.9632665581173366
1710527555.582579,1.0830734835730658
1710527555.5826921,1.2039313051435683
1710527555.5828056,1.3268910513983831
1710527555.5829191,1.4512520366244845
1710527555.5830326,1.5766639179653592
1710527555.5831459,1.699973874621921
1710527555.5832593,1.8215323819054496
1710527555.5833728,1.93783614370558
1710527555.5834863,2.0495858457353378
1710527555.5835996,2.156431277592977
1710527555.583713,2.2583723068237305
1710527555.5838265,2.3582114113701715
1710527555.5839398,2.4559484587775335
1710527555.5840533,2.5533352957831488
1710527555.5841668,2.6503719223870172
1710527555.5842803,2.745656967163086
1710527555.5843935,2.8374388482835555
1710527555.584507,2.9253673553466797
1710527555.5846205,3.005588849385579
1710527555.584734,3.07950496673584
1710527555.5848472,3.146064281463623
1710527555.5849607,3.206668429904514
1710527555.5850742,3.2606164614359536
1710527555.5851877,3.3121124903361
1710527555.585301,3.3604555659823947
1710527555.5854144,3.4063466389973955
1710527555.585528,3.4494349691602917
1710527555.5856414,3.487969504462348
1710527555.5857546,3.5233510865105524
1710527555.5858681,3.5520765516493054
1710527555.5859816,3.5751973258124456
1710527555.586095,3.591661983066135
1710527555.5862083,3.6032221052381725
1710527555.5863218,3.6102284325493708
1710527555.5864353,3.6137315962049694
1710527555.5865488,3.615483178032769
1710527555.586662,3.614432281917996
1710527555.5867755,3.6130309104919434
1710527555.586889,3.608476850721571
1710527555.5870025,3.603572580549452
1710527555.5871158,3.5941139856974282
1710527555.5872293,3.5829040739271374
1710527555.5873427,3.5678407880995007
1710527555.5874562,3.5506754451327853
1710527555.5875695,3.5289560423956976
1710527555.587683,3.507586850060357
1710527555.5877964,3.4841158654954696
1710527555.58791,3.4595939848158093
1710527555.5880232,3.4357727898491754
1710527555.5881367,3.4105502234564886
1710527555.5882502,3.3870792388916016
1710527555.5883634,3.3636085192362466
1710527555.588477,3.3397870593600802
1710527555.5885904,3.315965864393446
1710527555.5887039,3.291093773312039
1710527555.5888171,3.2662214173210993
1710527555.5889306,3.239947954813639
1710527555.589044,3.2129740715026855
1710527555.5891576,3.186350133683946
1710527555.5892708,3.1597264607747393
1710527555.5893843,3.135204580095079
1710527555.5894978,3.111733595530192
1710527555.5896113,3.0903646681043835
1710527555.5897245,3.0710975329081216
1710527555.589838,3.0525308185153537
1710527555.5899515,3.034314579433865
1710527555.590065,3.01539765463935
1710527555.5901783,2.996130519443088
1710527555.5902917,2.9761626985337997
1710527555.5904052,2.9558446672227645
1710527555.5905187,2.9348256852891708
1710527555.590632,2.9162592358059354
1710527555.5907454,2.898743682437473
1710527555.590859,2.88438081741333
1710527555.5909724,2.872119744618734
1710527555.5910857,2.8602091471354165
1710527555.5911992,2.850050131479899
1710527555.5913126,2.838139533996582
1710527555.5914261,2.8248275650872126
1710527555.5915394,2.8101144896613226
1710527555.5916529,2.7947007285224066
1710527555.5917664,2.77963744269477
1710527555.5918798,2.763522995842828
1710527555.591993,2.749860816531711
1710527555.5921066,2.737950219048394
1710527555.59222,2.7281414137946234
1710527555.5923336,2.7176319228278265
1710527555.5924468,2.707122696770562
1710527555.5925603,2.6948616239759655
1710527555.5926738,2.6804987589518228
1710527555.592787,2.6633336808946395
1710527555.5929005,2.6440662807888455
1710527555.593014,2.622697353363037
1710527555.5931275,2.601328161027696
1710527555.5932407,2.5792585478888617
1710527555.5933542,2.5589405165778265
1710527555.5934677,2.538272009955512
1710527555.5935812,2.517253292931451
1710527555.5936944,2.4941325187683105
1710527555.593808,2.4696106380886502
1710527555.5939214,2.4401844872368708
1710527555.594035,2.408656279246012
1710527555.5941482,2.3736251725090876
1710527555.5942616,2.3343899514940047
1710527555.5943751,2.2937538888719344
1710527555.5944886,2.2527670860290527
1710527555.5946019,2.2096787558661566
1710527555.5947154,2.166239950391981
1710527555.5948288,2.121750248803033
1710527555.5949423,2.0751587549845376
1710527555.5950556,2.025764650768704
1710527555.595169,1.972517172495524
1710527555.5952826,1.915065844853719
1710527555.595396,1.8537611431545682
1710527555.5955093,1.7896539635128446
1710527555.5956228,1.7213430669572618
1710527555.5957363,1.6512804561191134
1710527555.5958498,1.5777148140801323
1710527555.595963,1.5027479330698648
1710527555.5960765,1.426379813088311
1710527555.59619,1.3475594255659316
1710527555.5963035,1.2669875886705186
1710527555.5964167,1.1829125881195068
1710527555.5965302,1.095334423912896
1710527555.5966437,1.0042531622780693
1710527555.5967572,0.9089681175020006
1710527555.5968704,0.8098296324412028
1710527555.596984,0.7075383928087022
1710527555.5970974,0.6031452284918891
1710527555.5972106,0.4962998959753248
1710527555.5973241,0.3880532913737827
1710527555.5974376,0.27875575754377574
1710527555.597551,0.1698085500134362
1710527555.5976644,0.059109777212142944
1710527555.5977778,-0.052279399500952825
1710527555.5978913,-0.1650579935974545
1710527555.5980048,-0.2816892663637797
1710527555.598118,-0.39937125311957467
1710527555.5982316,-0.5195049775971307
1710527555.598345,-0.6424406501981947
1710527555.5984585,-0.7657265663146973
1710527555.5985718,-0.8869110213385688
1710527555.5986853,-1.0080954763624403
1710527555.5987988,-1.1261276404062908
1710527555.5989122,-1.2413579887813992
1710527555.5990255,-1.3551873630947537
1710527555.599139,-1.467615630891588
1710527555.5992525,-1.5789932674831815
1710527555.599366,-1.6910713248782687
1710527555.5994792,-1.8042002783881292
1710527555.5995927,-1.9166285461849637
1710527555.5997062,-2.0273056295182967
1710527555.5998197,-2.1362315283881292
1710527555.599933,-2.239903873867459
1710527555.6000464,-2.339022954305013
1710527555.60016,-2.4321879280938044
1710527555.6002734,-2.520098951127794
1710527555.6003866,-2.6045078701443143
1710527555.6005,-2.6861148410373263
1710527555.6006136,-2.7656202846103244
1710527555.600727,-2.8437246216668024
1710527555.6008403,-2.9207783275180392
1710527555.6009538,-2.9946798748440213
1710527555.6010673,-3.0647285779317217
1710527555.6011808,-3.12882317437066
1710527555.601294,-3.1869636641608343
1710527555.6014075,-3.239150047302246
1710527555.601521,-3.2846819029914007
1710527555.6016343,-3.3260107040405273
1710527555.6017478,-3.3620858192443848
1710527555.6018612,-3.395709196726481
1710527555.6019747,-3.4272313117980957
1710527555.602088,-3.4556010034349227
1710527555.6022015,-3.481869167751736
1710527555.602315,-3.5053356488545733
1710527555.6024284,-3.524599075317383
1710527555.6025417,-3.5379083951314287
1710527555.6026552,-3.547364870707194
1710527555.6027687,-3.5515679253472223
1710527555.6028821,-3.551217714945475
1710527555.6029954,-3.548415766821967
1710527555.603109,-3.541060553656684
1710527555.6032224,-3.5340555508931475
1710527555.6033359,-3.5249492857191296
1710527555.603449,-3.5147921244303384
1710527555.6035626,-3.5035843319363065
1710527555.603676,-3.4899248017205133
1710527555.6037896,-3.475214640299479
1710527555.6039028,-3.4598037931654186
1710527555.6040163,-3.440890842013889
1710527555.6041298,-3.4202263090345593
1710527555.6042433,-3.397110303243001
1710527555.6043565,-3.374344242943658
1710527555.60447,-3.3494769202338324
1710527555.6045835,-3.3260107040405273
1710527555.604697,-3.302894698248969
1710527555.6048102,-3.2797784275478787
1710527555.6049237,-3.258413473765055
1710527555.6050372,-3.237749205695258
1710527555.6051507,-3.217435148027208
1710527555.605264,-3.1967706150478787
1710527555.6053774,-3.1757558716668024
1710527555.605491,-3.152990076276991
1710527555.6056044,-3.1291733847724066
1710527555.6057177,-3.1046565373738604
1710527555.6058311,-3.0804896354675293
1710527555.6059446,-3.0573733647664385
1710527555.606058,-3.0360086758931475
1710527555.6061714,-3.0170954598320856
1710527555.6062849,-3.0009841918945312
1710527555.6063983,-2.985223134358724
1710527555.6065116,-2.970863183339437
1710527555.606625,-2.9554523362053766
1710527555.6067386,-2.9393413331773544
1710527555.606852,-2.9225296444363065
1710527555.6069653,-2.904316849178738
1710527555.6070788,-2.886804739634196
1710527555.6071923,-2.8696425755818686
1710527555.6073058,-2.8549324141608343
1710527555.607419,-2.841623094346788
1710527555.6075325,-2.8314659330579968
1710527555.607646,-2.822009457482232
1710527555.6077595,-2.813953823513455
1710527555.6078727,-2.8034464518229165
1710527555.6079862,-2.7918884489271374
1710527555.6080997,-2.7775284979078503
1710527555.6082132,-2.761767440372043
1710527555.6083264,-2.746006382836236
1710527555.60844,-2.7291946940951877
1710527555.6085534,-2.7141343222724066
1710527555.608667,-2.6997743712531195
1710527555.6087801,-2.6889167891608343
1710527555.6088936,-2.677358786265055
1710527555.6090071,-2.6661507288614907
1710527555.6091206,-2.653542094760471
1710527555.6092339,-2.6377810372246637
1710527555.6093473,-2.6195685068766275
1710527555.6094608,-2.5989039738972983
1710527555.6095743,-2.5750872823927136
1710527555.6096876,-2.5509206453959146
1710527555.609801,-2.5264035330878363
1710527555.6099145,-2.5022366311815047
1710527555.610028,-2.4780697292751737
1710527555.6101413,-2.4535526169670954
1710527555.6102548,-2.427984873453776
1710527555.6103683,-2.398914761013455
1710527555.6104815,-2.3670424355400934
1710527555.610595,-2.3313175307379828
1710527555.6107085,-2.2920902570088706
1710527555.610822,-2.247959507836236
1710527555.6109352,-2.203128205405341
1710527555.6110487,-2.154794534047445
1710527555.6111622,-2.105410099029541
1710527555.6112757,-2.05497490035163
1710527555.611389,-2.003138860066732
1710527555.6115024,-1.949551502863566
1710527555.611616,-1.8935124079386392
1710527555.6117294,-1.8343211544884575
1710527555.6118426,-1.7709269788530138
1710527555.6119561,-1.7033298810323079
1710527555.6120696,-1.63152986102634
1710527555.612183,-1.5562274720933702
1710527555.6122963,-1.4777727921803792
1710527555.6124098,-1.3954654004838731
1710527555.6125233,-1.3117570347256131
1710527555.6126368,-1.225947274102105
1710527555.61275,-1.138736539416843
1710527555.6128635,-1.0497744878133137
1710527555.612977,-0.9573100672827827
1710527555.6130905,-0.8630943960613674
1710527555.6132038,-0.7650260792838203
1710527555.6133173,-0.6634552611245049
1710527555.6134307,-0.5569810999764336
1710527555.6135442,-0.44700447056028575
1710527555.6136575,-0.3331751293606228
1710527555.613771,-0.21619362963570488
1710527555.6138844,-0.09921210507551828
1710527555.613998,0.019524453414811026
1710527555.6141112,0.13687916927867466
1710527555.6142247,0.25423389342096114
1710527555.6143382,0.3719389107492235
1710527555.6144516,0.49174583620495266
1710527555.614565,0.6126036908891466
1710527555.6146784,0.7362639904022217
1710527555.6147919,0.8630771769417657
1710527555.614905,0.9919922219382392
1710527555.6150186,1.1216078864203558
1710527555.615132,1.2508731418185763
1710527555.6152456,1.3773360517289903
1710527555.6153588,1.5002957979838052
1710527555.6154723,1.6187014844682481
1710527555.6155858,1.733954217698839
1710527555.6156993,1.8460542625851102
1710527555.6158125,1.956753068500095
1710527555.615926,2.06815242767334
1710527555.6160395,2.1788512335883246
1710527555.616153,2.2895500395033093
1710527555.6162663,2.3984972635904946
1710527555.6163797,2.5046420097351074
1710527555.6164932,2.6055320103963218
1710527555.6166067,2.700116369459364
1710527555.61672,2.788395086924235
1710527555.6168334,2.869317266676161
1710527555.616947,2.9446344905429416
1710527555.6170604,3.0167990260654025
1710527555.6171737,3.0854601330227323
1710527555.6172872,3.1520197126600475
1710527555.6174006,3.217177655961778
1710527555.6175141,3.2788327005174422
1710527555.6176274,3.337335056728787
1710527555.6177409,3.3895315064324274
1710527555.6178544,3.4354225794474282
1710527555.6179678,3.473956849839952
1710527555.618081,3.5058352682325573
1710527555.6181946,3.5321087307400174
1710527555.618308,3.554178343878852
1710527555.6184216,3.5720443725585938
1710527555.6185348,3.588509029812283
1710527555.6186483,3.6032221052381725
1710527555.6187618,3.615132967631022
1710527555.6188753,3.6235404014587402
1710527555.6189885,3.6291453573438854
1710527555.619102,3.630896939171685
1710527555.6192155,3.6284446716308594
1710527555.6193287,3.6214386092291937
1710527555.6194422,3.61057890786065
1710527555.6195557,3.5969167285495334
1710527555.6196692,3.581152492099338
1710527555.6197824,3.5636369387308755
1710527555.619896,3.5450702243381076
1710527555.6200094,3.526153564453125
1710527555.620123,3.506535953945584
1710527555.6202362,3.485517236921522
1710527555.6203496,3.464498519897461
1710527555.6204631,3.4413777457343206
1710527555.6205766,3.4172063403659396
1710527555.6206899,3.391983773973253
1710527555.6208034,3.3650096257527666
1710527555.6209168,3.337335056728787
1710527555.6210303,3.308959537082248
1710527555.6211436,3.2809347576565213
1710527555.621257,3.2532599237230087
1710527555.6213706,3.226986461215549
1710527555.621484,3.2024645805358887
1710527555.6215973,3.179344071282281
1710527555.6217108,3.157624668545193
1710527555.6218243,3.135204580095079
1710527555.6219378,3.1141858630710177
1710527555.622051,3.09246646033393
1710527555.6221645,3.0693459510803223
1710527555.622278,3.045874966515435
1710527555.6223915,3.0224039819505477
1710527555.6225047,2.999983893500434
1710527555.6226182,2.9796658621893988
1710527555.6227317,2.9600482516818576
1710527555.6228452,2.9435835944281683
1710527555.6229584,2.9285203086005316
1710527555.623072,2.914858129289415
1710527555.6231854,2.900495264265272
1710527555.623299,2.88578192392985
1710527555.6234121,2.8703684277004666
1710527555.6235256,2.8528526094224715
1710527555.623639,2.8353370560540094
1710527555.6237524,2.8181717130872936
1710527555.6238658,2.802407741546631
1710527555.6239793,2.787694401211209
1710527555.6240928,2.7761342790391708
1710527555.624206,2.7663254737854004
1710527555.6243196,2.756166458129883
1710527555.624433,2.745656967163086
1710527555.6245465,2.734797265794542
1710527555.6246598,2.7211350864834256
1710527555.6247733,2.705020639631483
1710527555.6248868,2.688205771976047
1710527555.6250002,2.669639057583279
1710527555.6251135,2.6521235042148166
1710527555.625227,2.6353086365593805
1710527555.6253405,2.619544400109185
1710527555.625454,2.604130638970269
1710527555.6255672,2.588016457027859
1710527555.6256807,2.5712013244628906
1710527555.6257942,2.5508832931518555
1710527555.6259077,2.5288134151034884
1710527555.626021,2.502539952596029
1710527555.6261344,2.473464012145996
1710527555.626248,2.4429869651794434
1710527555.6263614,2.411108546786838
1710527555.6264746,2.3788796530829535
1710527555.626588,2.3466510242886014
1710527555.6267016,2.3126705487569175
1710527555.626815,2.2786903381347656
1710527555.6269283,2.241206963857015
1710527555.6270418,2.2016215324401855
1710527555.6271553,2.158533069822523
1710527555.6272688,2.110890547434489
1710527555.627382,2.0593946509891086
1710527555.6274955,2.004045248031616
1710527555.627609,1.9469442632463243
1710527555.6277225,1.8863402472601996
1710527555.6278358,1.8253858884175618
1710527555.6279492,1.7619792620340982
1710527555.6280627,1.6971713966793485
1710527555.628176,1.6292108429802787
1710527555.6282895,1.5594985749986436
1710527555.628403,1.4845316939883761
1710527555.6285164,1.4064119921790228
1710527555.6286297,1.3254898124270968
1710527555.6287432,1.2396632300482855
1710527555.6288567,1.1503334840138753
1710527555.6289701,1.0578509834077623
1710527555.6290834,0.9650181399451362
1710527555.629197,0.8679815133412678
1710527555.6293104,0.7702443334791396
1710527555.6294239,0.6711058484183418
1710527555.629537,0.5716170867284139
1710527555.6296506,0.4693258139822218
1710527555.629764,0.36423203017976546
1710527555.6298776,0.2573866976632012
1710527555.6299908,0.14633761511908636
1710527555.6301043,0.03178539375464121
1710527555.6302178,-0.08520233962270948
1710527555.6303313,-0.20428531699710423
1710527555.6304445,-0.3240687979592217
1710527555.630558,-0.4431517918904622
1710527555.6306715,-0.5608338117599487
1710527555.630785,-0.6781655550003052
1710527555.6308982,-0.7933958371480305
1710527555.6310117,-0.908626119295756
1710527555.6311252,-1.0249071651034884
1710527555.6312387,-1.142238908343845
1710527555.631352,-1.2609716256459553
1710527555.6314654,-1.3811053170098198
1710527555.631579,-1.5012391408284504
1710527555.6316924,-1.6210226217905679
1710527555.6318057,-1.7373036013709173
1710527555.6319191,-1.8500822120242648
1710527555.6320326,-1.95795734723409
1710527555.6321461,-2.0623301135169134
1710527555.6322594,-2.1617994043562145
1710527555.6323729,-2.258817089928521
1710527555.6324863,-2.354083326127794
1710527555.6325996,-2.4489996168348522
1710527555.632713,-2.5421645906236434
1710527555.6328266,-2.6339284578959146
1710527555.63294,-2.7221899562411838
1710527555.6330533,-2.8065986103481717
1710527555.6331668,-2.884703212314182
1710527555.6332803,-2.9561530219184027
1710527555.6333938,-3.0219989352756076
1710527555.633507,-3.08154026667277
1710527555.6336205,-3.135828177134196
1710527555.633734,-3.1869636641608343
1710527555.6338475,-3.235647678375244
1710527555.6339607,-3.2832807964748807
1710527555.6340742,-3.3274115456475153
1710527555.6341877,-3.3683901362948947
1710527555.6343012,-3.4055161476135254
1710527555.6344144,-3.4373882081773544
1710527555.634528,-3.4636566374037
1710527555.6346414,-3.484320905473497
1710527555.634755,-3.5004321734110513
1710527555.6348681,-3.5116399659050836
1710527555.6349816,-3.5193453894721136
1710527555.6350951,-3.5249492857191296
1710527555.6352086,-3.5277512338426376
1710527555.6353219,-3.5305531819661455
1710527555.6354353,-3.5316038131713867
1710527555.6355488,-3.529852761162652
1710527555.6356623,-3.525299496120877
1710527555.6357756,-3.5186449686686196
1710527555.635889,-3.5088380177815752
1710527555.6360025,-3.4948282771640353
1710527555.636116,-3.4794176949395075
1710527555.6362293,-3.461204899681939
1710527555.6363428,-3.4426418940226235
1710527555.6364563,-3.4226780467563205
1710527555.6365697,-3.401663303375244
1710527555.636683,-3.381349245707194
1710527555.6367965,-3.3617356088426376
1710527555.63691,-3.341421286265055
1710527555.6370232,-3.321457438998752
1710527555.6371367,-3.300793170928955
1710527555.6372502,-3.2794282171461315
1710527555.6373637,-3.255961736043294
1710527555.637477,-3.232145309448242
1710527555.6375904,-3.207628197140164
1710527555.637704,-3.1824106640285916
1710527555.6378174,-3.15824376212226
1710527555.6379306,-3.134777545928955
1710527555.638044,-3.1137628025478787
1710527555.6381576,-3.0934487448798285
1710527555.638271,-3.075936370425754
1710527555.6383843,-3.058774471282959
1710527555.6384978,-3.041612572140164
1710527555.6386113,-3.0244504080878363
1710527555.6387248,-3.005186981625027
1710527555.638838,-2.985223134358724
1710527555.6389515,-2.965609497494168
1710527555.639065,-2.9452954398261175
1710527555.6391785,-2.9267324341668024
1710527555.6392918,-2.910971376630995
1710527555.6394053,-2.896961636013455
1710527555.6395187,-2.8857538435194225
1710527555.6396322,-2.8759471575419107
1710527555.6397455,-2.8657899962531195
1710527555.639859,-2.8545822037590876
1710527555.6399724,-2.841973304748535
1710527555.640086,-2.827963564130995
1710527555.6401992,-2.813253402709961
1710527555.6403127,-2.7964417139689126
1710527555.6404262,-2.7827821837531195
1710527555.6405396,-2.7687724431355796
1710527555.640653,-2.7572144402398004
1710527555.6407664,-2.74810791015625
1710527555.6408799,-2.739351855383979
1710527555.6409934,-2.7291946940951877
1710527555.6411066,-2.7183371120029025
1710527555.64122,-2.7039771609836154
1710527555.6413336,-2.686465051439073
1710527555.6414468,-2.667551835378011
1710527555.6415603,-2.647237777709961
1710527555.6416738,-2.6262230343288846
1710527555.6417873,-2.6055587662590876
1710527555.6419005,-2.5866455501980252
1710527555.642014,-2.5680825445387097
1710527555.6421275,-2.5491693284776473
1710527555.642241,-2.5295556916130915
1710527555.6423542,-2.507140106625027
1710527555.6424677,-2.4812218878004284
1710527555.6425812,-2.4528521961636014
1710527555.6426947,-2.420980135599772
1710527555.642808,-2.3859556516011557
1710527555.6429214,-2.350230746799045
1710527555.643035,-2.3131047354804144
1710527555.6431484,-2.274928357866075
1710527555.6432617,-2.2360510296291776
1710527555.6433752,-2.196473545498318
1710527555.6434886,-2.1544443236456976
1710527555.6436021,-2.109262810813056
1710527555.6437154,-2.059878375795152
1710527555.6438289,-2.0062910185919867
1710527555.6439424,-1.948850949605306
1710527555.6440558,-1.8872080908881292
1710527555.644169,-1.8220625983344183
1710527555.6442826,-1.7541152901119657
1710527555.644396,-1.6833660337660048
1710527555.6445096,-1.6112156709035237
1710527555.6446228,-1.5380146768358018
1710527555.6447363,-1.461311313841078
1710527555.6448498,-1.382856633928087
1710527555.6449633,-1.301600005891588
1710527555.6450765,-1.216140455669827
1710527555.64519,-1.1264779832628038
1710527555.6453035,-1.0329627990722656
1710527555.645417,-0.9352446926964654
1710527555.6455302,-0.832973387506273
1710527555.6456437,-0.7279002004199557
1710527555.6457572,-0.6196747885810004
1710527555.6458704,-0.5110991332266066
1710527555.645984,-0.4014727473258972
1710527555.6460974,-0.2914960847960578
1710527555.646211,-0.17906775077184042
1710527555.6463242,-0.06663940432998869
1710527555.6464376,0.04930102162890964
1710527555.6465511,0.16700605551401773
1710527555.6466646,0.2885645296838548
1710527555.6467779,0.4136261012819078
1710527555.6468914,0.5414902170499166
1710527555.6470048,0.668303370475769
1710527555.6471183,0.795116557015313
1710527555.6472316,0.9215794006983439
1710527555.647345,1.0441888040966458
1710527555.6474586,1.1636453204684787
1710527555.647572,1.2820510069529216
1710527555.6476853,1.399756007724338
1710527555.6477988,1.5164101123809814
1710527555.6479123,1.6358666949801974
1710527555.6480258,1.756374306148953
1710527555.648139,1.8768817848629422
1710527555.6482525,1.9973892635769315
1710527555.648366,2.1129924721188016
1710527555.6484795,2.226844098832872
1710527555.6485927,2.3322881592644586
1710527555.6487062,2.433878845638699
1710527555.6488197,2.5284632047017417
1710527555.6489332,2.619544400109185
1710527555.6490464,2.708523803287082
1710527555.64916,2.79435051812066
1710527555.6492734,2.8791260719299316
1710527555.649387,2.96285072962443
1710527555.6495001,3.043072488572862
1710527555.6496136,3.119090133243137
1710527555.649727,3.1877515051099987
1710527555.6498406,3.24975676006741
1710527555.6499538,3.304755952623155
1710527555.6500673,3.3530990282694497
1710527555.6501808,3.3944360415140786
1710527555.650294,3.433670997619629
1710527555.6504076,3.469052579667833
1710527555.650521,3.5012812084621854
1710527555.6506345,3.5324592060512967
1710527555.6507478,3.5597835646735296
1710527555.6508613,3.5839549700419107
1710527555.6509748,3.602871894836426
1710527555.6510882,3.6175849702623153
1710527555.6512015,3.6256421936882868
1710527555.651315,3.6287951469421387
1710527555.6514285,3.6284446716308594
1710527555.651542,3.6249415079752603
1710527555.6516552,3.6196870274013944
1710527555.6517687,3.6112793286641436
1710527555.6518822,3.603572580549452
1710527555.6519957,3.592712879180908
1710527555.652109,3.5815029674106174
1710527555.6522224,3.5674903127882214
1710527555.652336,3.552777237362332
1710527555.6524494,3.5352616839938693
1710527555.6525626,3.515293863084581
1710527555.652676,3.492873774634467
1710527555.6527896,3.4687021043565536
1710527555.652903,3.4434798028733993
1710527555.6530163,3.4179067611694336
1710527555.6531298,3.3912830882602267
1710527555.6532433,3.365710311465793
1710527555.6533568,3.3404877450731063
1710527555.65347,3.315965864393446
1710527555.6535835,3.291794459025065
1710527555.653697,3.2686736848619247
1710527555.6538105,3.2445020145840116
1710527555.6539237,3.219629923502604
1710527555.6540372,3.194757832421197
1710527555.6541507,3.169885476430257
1710527555.6542642,3.143612013922797
1710527555.6543775,3.1180392371283636
1710527555.654491,3.093167146046956
1710527555.6546044,3.0700463718838162
1710527555.6547177,3.0490276548597546
1710527555.6548312,3.03011073006524
1710527555.6549447,3.0125951766967773
1710527555.6550581,2.9957803090413413
1710527555.6551714,2.9786149660746255
1710527555.655285,2.9600482516818576
1710527555.6553984,2.9404309060838485
1710527555.6555119,2.9211635059780545
1710527555.655625,2.9018963707817926
1710527555.6557386,2.8829794459872775
1710527555.655852,2.8661645783318415
1710527555.6559656,2.851101027594672
1710527555.6560788,2.838840219709608
1710527555.6561923,2.827630043029785
1710527555.6563058,2.8171208169725204
1710527555.6564193,2.8062611156039767
1710527555.6565325,2.7929491466946073
1710527555.656646,2.77963744269477
1710527555.6567595,2.7638732062445746
1710527555.656873,2.746357652876112
1710527555.6569862,2.7295425203111434
1710527555.6570997,2.713428338368734
1710527555.6572132,2.699766159057617
1710527555.6573267,2.6868044005499945
1710527555.65744,2.6745435926649304
1710527555.6575534,2.66158209906684
1710527555.657667,2.6472192340426974
1710527555.6577804,2.6311047871907554
1710527555.6578937,2.6121878623962402
1710527555.6580071,2.5894175635443792
1710527555.6581206,2.5662970542907715
1710527555.6582341,2.540724277496338
1710527555.6583474,2.5151512357923718
1710527555.6584609,2.4899289343092175
1710527555.6585743,2.465407053629557
1710527555.6586876,2.4394838015238443
1710527555.658801,2.4121594429016113
1710527555.6589146,2.382733292049832
1710527555.659028,2.350854608747694
1710527555.6591413,2.31547302669949
1710527555.6592548,2.275537649790446
1710527555.6593683,2.2327992651197643
1710527555.6594818,2.187609010272556
1710527555.659595,2.1406671735975475
1710527555.6597085,2.0923240979512534
1710527555.659822,2.0429299937354193
1710527555.6599355,1.9924849934048123
1710527555.6600487,1.9388871722751193
1710527555.6601622,1.883537769317627
1710527555.6602757,1.8246852027045355
1710527555.6603892,1.7612787087758381
1710527555.6605024,1.6933180226220024
1710527555.660616,1.622554858525594
1710527555.6607294,1.5479383203718398
1710527555.660843,1.4691179328494601
1710527555.6609561,1.387845410241021
1710527555.6610696,1.3044709629482694
1710527555.661183,1.2196954091389973
1710527555.6612966,1.1321172449323866
1710527555.6614099,1.0434881183836195
1710527555.6615233,0.9520565801196628
1710527555.6616368,0.856771535343594
1710527555.6617503,0.7590343554814656
1710527555.6618636,0.6574436691072252
1710527555.661977,0.5519995755619472
1710527555.6620905,0.4434026943312751
1710527555.662204,0.3323535786734687
1710527555.6623173,0.21920262111557853
1710527555.6624308,0.1039497885439131
1710527555.6625443,-0.009899867905510796
1710527555.6626577,-0.125130166610082
1710527555.662771,-0.23895949125289917
1710527555.6628845,-0.3538395298851861
1710527555.662998,-0.46871960163116455
1710527555.6631112,-0.584650370809767
1710527555.6632247,-0.7033830881118774
1710527555.6633382,-0.824567543135749
1710527555.6634517,-0.9475032488505045
1710527555.663565,-1.0707891649670072
1710527555.6636784,-1.1923238966200087
1710527555.663792,-1.3128077983856201
1710527555.6639054,-1.4290887779659696
1710527555.6640186,-1.542567941877577
1710527555.664132,-1.6521942615509033
1710527555.6642456,-1.7604197396172416
1710527555.664359,-1.866193347507053
1710527555.6644723,-1.9712666670481362
1710527555.6645858,-2.0784413814544678
1710527555.6646993,-2.183164225684272
1710527555.6648128,-2.287887202368842
1710527555.664926,-2.3884073893229165
1710527555.6650395,-2.485424942440457
1710527555.665153,-2.576838599310981
1710527555.6652665,-2.661947939130995
1710527555.6653798,-2.741453382703993
1710527555.6654932,-2.816055350833469
1710527555.6656067,-2.8864542643229165
1710527555.6657202,-2.9544017050001354
1710527555.6658335,-3.0209480391608343
1710527555.665947,-3.0857433213127985
1710527555.6660604,-3.1477363904317217
1710527555.666174,-3.2062270906236434
1710527555.6662872,-3.2587636841668024
1710527555.6664007,-3.3053461710611978
1710527555.6665142,-3.3466749721103244
1710527555.6666276,-3.381349245707194
1710527555.666741,-3.410069147745768
1710527555.6668544,-3.435286945766873
1710527555.6669679,-3.45735232035319
1710527555.6670814,-3.4755648507012262
1710527555.6671946,-3.4930772251553006
1710527555.667308,-3.5084878073798285
1710527555.6674216,-3.5214469167921276
1710527555.6675348,-3.5302029715643988
1710527555.6676483,-3.5351064470079208
1710527555.6677618,-3.536857499016656
1710527555.6678753,-3.5337053404914007
1710527555.6679885,-3.5259999169243708
1710527555.668102,-3.5161932309468584
1710527555.6682155,-3.5046352280510797
1710527555.668329,-3.4913259082370334
1710527555.6684422,-3.4762652715047198
1710527555.6685557,-3.4619053204854326
1710527555.6686692,-3.4454438421461315
1710527555.6687827,-3.4303834703233504
1710527555.668896,-3.4125208854675293
1710527555.6690094,-3.396059407128228
1710527555.669123,-3.3760955598619247
1710527555.6692364,-3.3550808164808483
1710527555.6693497,-3.332665231492784
1710527555.6694632,-3.3081481191847057
1710527555.6695766,-3.2839814821879068
1710527555.6696901,-3.2598145802815752
1710527555.6698034,-3.236348099178738
1710527555.6699169,-3.212181462181939
1710527555.6700304,-3.190466297997369
1710527555.6701438,-3.170502185821533
1710527555.670257,-3.151589234670003
1710527555.6703706,-3.131625122494168
1710527555.670484,-3.1123616960313583
1710527555.6705976,-3.0913472175598145
1710527555.6707108,-3.06893163257175
1710527555.6708243,-3.04581536187066
1710527555.6709378,-3.0233997768825955
1710527555.6710513,-3.000633981492784
1710527555.6711645,-2.9803196589152017
1710527555.671278,-2.9617569181654186
1710527555.6713915,-2.9456456502278647
1710527555.671505,-2.9316359096103244
1710527555.6716182,-2.918326589796278
1710527555.6717317,-2.905367480383979
1710527555.6718452,-2.8910075293646917
1710527555.6719584,-2.8752464718288846
1710527555.672072,-2.8584347830878363
1710527555.6721854,-2.8409226735432944
1710527555.672299,-2.824110984802246
1710527555.6724122,-2.8087001376681857
1710527555.6725256,-2.79679192437066
1710527555.6726391,-2.7859343422783747
1710527555.6727526,-2.7768280771043563
1710527555.6728659,-2.769472863939073
1710527555.6729794,-2.760366598765055
1710527555.6730928,-2.750209437476264
1710527555.6732063,-2.7376005384657116
1710527555.6733196,-2.7221899562411838
1710527555.673433,-2.7064288987053766
1710527555.6735466,-2.6896172099643283
1710527555.67366,-2.673856152428521
1710527555.6737733,-2.659145991007487
1710527555.6738868,-2.6465370919969344
1710527555.6740003,-2.6339284578959146
1710527555.6741138,-2.6216697692871094
1710527555.674227,-2.6073098182678223
1710527555.6743405,-2.590848339928521
1710527555.674454,-2.5708844926622176
1710527555.6745675,-2.5481186972724066
1710527555.6746807,-2.5222004784478083
1710527555.6747942,-2.4945312076144748
1710527555.6749077,-2.4661615159776473
1710527555.6750212,-2.436740928226047
1710527555.6751344,-2.407320605383979
1710527555.675248,-2.3782502280341253
1710527555.6753614,-2.34707858827379
1710527555.675475,-2.3134552107916937
1710527555.6755881,-2.277029620276557
1710527555.6757016,-2.236401504940457
1710527555.675815,-2.1919204129113092
1710527555.6759286,-2.1435867415534124
1710527555.6760418,-2.0924511220720077
1710527555.6761553,-2.0374627908070884
1710527555.6762688,-1.9810734854804144
1710527555.676382,-1.9232832060919867
1710527555.6764956,-1.864091952641805
1710527555.676609,-1.8034997251298692
1710527555.6767225,-1.7397553390926785
1710527555.6768358,-1.6732088724772134
1710527555.6769493,-1.6028098265329995
1710527555.6770627,-1.5285580688052707
1710527555.6771762,-1.4504537317487929
1710527555.6772895,-1.3674459192487929
1710527555.677403,-1.2805853949652777
1710527555.6775165,-1.1902223692999945
1710527555.67763,-1.0963569747077093
1710527555.6777432,-1.001090539826287
1710527555.6778567,-0.9037227100796169
1710527555.6779702,-0.8053041166729397
1710527555.6780837,-0.7047840621736314
1710527555.678197,-0.6025128232108222
1710527555.6783104,-0.49673911597993636
1710527555.678424,-0.3874629735946655
1710527555.6785374,-0.2739838924672868
1710527555.6786506,-0.15630188915464613
1710527555.678764,-0.03511743826998605
1710527555.6788776,0.08818571766217549
1710527555.678991,0.21394794185956317
1710527555.6791043,0.33795860078599715
1710527555.6792178,0.462319552898407
1710527555.6793313,0.5842283699247572
1710527555.6794448,0.7050861914952596
1710527555.679558,0.8262943559222751
1710527555.6796715,0.9471521774927775
1710527555.679785,1.0697615808910794
1710527555.6798985,1.195173528459337
1710527555.6800117,1.321986648771498
1710527555.6801252,1.448799769083659
1710527555.6802387,1.5752626789940727
1710527555.6803522,1.6982224252488878
1710527555.6804655,1.8159274260203042
1710527555.680579,1.930129263136122
1710527555.6806924,2.039076487223307
1710527555.6808057,2.143119308683607
1710527555.6809192,2.245761023627387
1710527555.6810327,2.3466510242886014
1710527555.6811461,2.4464901288350425
1710527555.6812594,2.5466794437832303
1710527555.681373,2.6447669665018716
1710527555.6814864,2.7400520112779403
1710527555.6815999,2.8304327858818903
1710527555.681713,2.914858129289415
1710527555.6818266,2.9915764596727157
1710527555.68194,3.062339623769124
1710527555.6820536,3.126446670956082
1710527555.6821668,3.185649712880452
1710527555.6822803,3.240999115837945
1710527555.6823938,3.2942464616563583
1710527555.6825073,3.3450418048434787
1710527555.6826205,3.3940855662027993
1710527555.682734,3.4389257431030273
1710527555.6828475,3.4785109096103244
1710527555.682961,3.5142429669698076
1710527555.6830742,3.541567325592041
1710527555.6831877,3.5636369387308755
1710527555.6833012,3.5804518063863116
1710527555.6834147,3.5920121934678817
1710527555.683528,3.6014707883199053
1710527555.6836414,3.607075744205051
1710527555.683755,3.61198001437717
1710527555.6838684,3.6147824923197427
1710527555.6839817,3.615833388434516
1710527555.6840951,3.6137315962049694
1710527555.6842086,3.6088273260328503
1710527555.684322,3.6007701026068792
1710527555.6844354,3.589209715525309
1710527555.6845489,3.5744966400994196
1710527555.6846623,3.5562804010179305
1710527555.6847758,3.5366627905103893
1710527555.684889,3.515994283888075
1710527555.6850026,3.4946253564622665
1710527555.685116,3.4722052680121527
1710527555.6852293,3.449785444471571
1710527555.6853428,3.427014880710178
1710527555.6854563,3.4052957428826227
1710527555.6855698,3.381824758317735
1710527555.685683,3.358353773752848
1710527555.6857965,3.3341821034749346
1710527555.68591,3.307558430565728
1710527555.6860235,3.281284968058268
1710527555.6861367,3.2550115055508084
1710527555.6862502,3.2273369365268283
1710527555.6863637,3.201063474019368
1710527555.6864772,3.1747900115119085
1710527555.6865904,3.150968551635742
1710527555.686704,3.1288989384969073
1710527555.6868174,3.108580907185872
1710527555.686931,3.088963296678331
1710527555.6870441,3.068995475769043
1710527555.6871576,3.049728340572781
1710527555.687271,3.0287096235487194
1710527555.6873846,3.0069902208116317
1710527555.6874979,2.985621028476291
1710527555.6876113,2.9642521010504828
1710527555.6877248,2.9435835944281683
1710527555.6878383,2.9250171449449325
1710527555.6879516,2.9089026980929904
1710527555.688065,2.8959412044949002
1710527555.6881785,2.8822790251837835
1710527555.688292,2.8707186381022134
1710527555.6884053,2.85810735490587
1710527555.6885188,2.8433942794799805
1710527555.6886322,2.8279805183410645
1710527555.6887457,2.810815175374349
1710527555.688859,2.7940000428093805
1710527555.6889725,2.7782360712687173
1710527555.689086,2.764223681555854
1710527555.6891994,2.7509117126464844
1710527555.6893127,2.741453382703993
1710527555.6894262,2.730593681335449
1710527555.6895397,2.7207848760816784
1710527555.689653,2.7088742785983615
1710527555.6897664,2.6945114135742188
1710527555.68988,2.6787474420335555
1710527555.6899934,2.6601807276407876
1710527555.6901066,2.6402129067314997
1710527555.69022,2.619544400109185
1710527555.6903336,2.601328161027696
1710527555.690447,2.5824112362331815
1710527555.6905603,2.564194997151693
1710527555.6906738,2.545628547668457
1710527555.6907873,2.525310516357422
1710527555.6909008,2.503240638309055
1710527555.691014,2.4773176511128745
1710527555.6911275,2.4485919210645886
1710527555.691241,2.4156626065572104
1710527555.6913545,2.380281024509006
1710527555.6914678,2.3434980710347495
1710527555.6915812,2.305664486355252
1710527555.6916947,2.2671299510531955
1710527555.6918082,2.226493888431125
1710527555.6919215,2.1855072180430093
1710527555.692035,2.1424187554253473
1710527555.6921484,2.0961774720085993
1710527555.692262,2.045732471677992
1710527555.6923752,1.992134650548299
1710527555.6924887,1.933982769648234
1710527555.6926022,1.8705761432647705
1710527555.6927156,1.8057682779100206
1710527555.692829,1.7381580670674641
1710527555.6929424,1.6680954562293158
1710527555.6930559,1.595931053161621
1710527555.6931694,1.522015200720893
1710527555.6932826,1.4466979768541124
1710527555.693396,1.368578275044759
1710527555.6935096,1.2869554095798068
1710527555.693623,1.2018293804592557
1710527555.6937363,1.1124997668796115
1710527555.6938498,1.0207178195317586
1710527555.6939633,0.9240315357844034
1710527555.6940765,0.8252433935801188
1710527555.69419,0.7229521539476182
1710527555.6943035,0.6189092662599351
1710527555.694417,0.5141658253139919
1710527555.6945302,0.40802111228307086
1710527555.6946437,0.3011757797665066
1710527555.6947572,0.19327950146463183
1710527555.6948707,0.08293103012773725
1710527555.694984,-0.03021402284502983
1710527555.6950974,-0.14439359307289124
1710527555.695211,-0.26207559638553196
1710527555.6953244,-0.38255956437852645
1710527555.6954377,-0.5044444733195834
1710527555.6955512,-0.6277304225497775
1710527555.6956646,-0.749265087975396
1710527555.6957781,-0.8700992663701375
1710527555.6958914,-0.989532536930508
1710527555.6960049,-1.1058135165108574
1710527555.6961184,-1.220693588256836
1710527555.6962318,-1.3345229625701904
1710527555.696345,-1.449052757687039
1710527555.6964586,-1.5635825528038871
1710527555.696572,-1.6788129011789956
1710527555.6966856,-1.794743670357598
1710527555.6967988,-1.9089231226179335
1710527555.6969123,-2.020300759209527
1710527555.6970258,-2.126775052812364
1710527555.6971393,-2.2290462917751737
1710527555.6972525,-2.325013213687473
1710527555.697366,-2.416777080959744
1710527555.6974795,-2.504338158501519
1710527555.697593,-2.590147919125027
1710527555.6977062,-2.673155731625027
1710527555.6978197,-2.755112912919786
1710527555.6979332,-2.8356689876980252
1710527555.6980467,-2.913423114352756
1710527555.69816,-2.986624240875244
1710527555.6982734,-3.053170575035943
1710527555.698387,-3.1148134337531195
1710527555.6985002,-3.1698017650180392
1710527555.6986136,-3.218835989634196
1710527555.6987271,-3.263316949208577
1710527555.6988406,-3.303244908650716
1710527555.6989539,-3.3403706550598145
1710527555.6990674,-3.376445770263672
1710527555.6991808,-3.4107698334587946
1710527555.6992943,-3.4419414732191296
1710527555.6994076,-3.469610744052463
1710527555.699521,-3.4927267498440213
1710527555.6996346,-3.5123406516181097
1710527555.699748,-3.525299496120877
1710527555.6998613,-3.5340555508931475
1710527555.6999748,-3.53895902633667
1710527555.7000883,-3.5393092367384167
1710527555.7002017,-3.5379083951314287
1710527555.700315,-3.534406026204427
1710527555.7004285,-3.529852761162652
1710527555.700542,-3.5228477583991156
1710527555.7006555,-3.5147921244303384
1710527555.7007687,-3.5049854384528265
1710527555.7008822,-3.4930772251553006
1710527555.7009957,-3.479067219628228
1710527555.7011092,-3.4626057412889266
1710527555.7012224,-3.4433423148261175
1710527555.701336,-3.4223278363545733
1710527555.7014494,-3.400262461768256
1710527555.701563,-3.377496666378445
1710527555.7016761,-3.3543803956773544
1710527555.7017896,-3.33196481068929
1710527555.701903,-3.309199015299479
1710527555.7020166,-3.2874838511149087
1710527555.7021298,-3.2671697934468584
1710527555.7022433,-3.246155050065782
1710527555.7023568,-3.223389254675971
1710527555.7024703,-3.2016740904914007
1710527555.7025836,-3.177507188585069
1710527555.702697,-3.152639865875244
1710527555.7028105,-3.1277725431654186
1710527555.7029238,-3.1022047996520996
1710527555.7030373,-3.078037897745768
1710527555.7031507,-3.056672943962945
1710527555.7032642,-3.0363588862948947
1710527555.7033775,-3.0188465118408203
1710527555.703491,-3.002034823099772
1710527555.7036045,-2.986974451276991
1710527555.703718,-2.97051297293769
1710527555.7038312,-2.9533510737948947
1710527555.7039447,-2.9344378577338324
1710527555.7040582,-2.9151744312710233
1710527555.7041717,-2.8966114256117077
1710527555.704285,-2.8783986303541393
1710527555.7043984,-2.8619374169243708
1710527555.704512,-2.8493285179138184
1710527555.7046254,-2.837069829305013
1710527555.7047386,-2.827963564130995
1710527555.704852,-2.817806667751736
1710527555.7049656,-2.8072992960611978
1710527555.705079,-2.7957412931654186
1710527555.7051923,-2.7806806564331055
1710527555.7053058,-2.7649195988972983
1710527555.7054193,-2.748808330959744
1710527555.7055328,-2.732697327931722
1710527555.705646,-2.7179869016011557
1710527555.7057595,-2.7050280570983887
1710527555.705873,-2.6945206854078503
1710527555.7059865,-2.6847137345208063
1710527555.7060997,-2.674206362830268
1710527555.7062132,-2.662998570336236
1710527555.7063267,-2.6489888297186956
1710527555.7064402,-2.6318269305759006
1710527555.7065535,-2.6129137145148382
1710527555.706667,-2.591198550330268
1710527555.7067804,-2.569133175743951
1710527555.706894,-2.54776848687066
1710527555.7070072,-2.5260533226860895
1710527555.7071207,-2.505038579305013
1710527555.7072341,-2.4840238359239364
1710527555.7073474,-2.4616082509358725
1710527555.7074609,-2.4356902970208063
1710527555.7075744,-2.407670815785726
1710527555.7076879,-2.3754482799106174
1710527555.707801,-2.3404237959120007
1710527555.7079146,-2.3008463117811413
1710527555.708028,-2.259167300330268
1710527555.7081416,-2.2157369719611273
1710527555.7082548,-2.1716062227884927
1710527555.7083683,-2.1260744995541043
1710527555.7084818,-2.0780910385979547
1710527555.7085953,-2.029056946436564
1710527555.7087085,-1.9775709840986464
1710527555.708822,-1.9208314683702257
1710527555.7089355,-1.860589451260037
1710527555.709049,-1.796144644419352
1710527555.7091622,-1.7274967829386392
1710527555.7092757,-1.6542957888709173
1710527555.7093892,-1.5779425038231742
1710527555.7095027,-1.4984371927049425
1710527555.709616,-1.4168302218119304
1710527555.7097294,-1.3327716456519232
1710527555.709843,-1.2480126486884222
1710527555.7099564,-1.1601013607449002
1710527555.7100697,-1.07008867793613
1710527555.7101831,-0.9769237041473389
1710527555.7102966,-0.8799061510297987
1710527555.71041,-0.7793860965304904
1710527555.7105234,-0.6746631198459201
1710527555.7106369,-0.5660874313778347
1710527555.7107503,-0.4536590973536173
1710527555.7108638,-0.3387790587213304
1710527555.710977,-0.22214776939815944
1710527555.7110906,-0.10621698366271125
1710527555.711204,0.009715700935986307
1710527555.7113175,0.1260194761885537
1710527555.7114308,0.24232326282395256
1710527555.7115443,0.3600282801522149
1710527555.7116578,0.4805358250935872
1710527555.711771,0.6031452284918891
1710527555.7118845,0.72960807217492
1710527555.711998,0.8578224976857503
1710527555.7121115,0.9867375426822238
1710527555.7122247,1.114951901965671
1710527555.7123382,1.241064469019572
1710527555.7124517,1.3640242152743869
1710527555.7125652,1.4834807978736029
1710527555.7126784,1.5983833207024467
1710527555.712792,1.7118846045600042
1710527555.7129054,1.8243348598480225
1710527555.713019,1.9371355904473198
1710527555.7131321,2.0513374275631375
1710527555.7132456,2.164838711420695
1710527555.713359,2.2776394420199924
1710527555.7134726,2.3865866661071777
1710527555.7135859,2.491330040825738
1710527555.7136993,2.5901182492574057
1710527555.7138128,2.6815499199761286
1710527555.7139263,2.7673763699001737
1710527555.7140396,2.8472476535373263
1710527555.714153,2.922915087805854
1710527555.7142665,2.9978821012708874
1710527555.71438,3.0700463718838162
1710527555.7144933,3.1401091151767306
1710527555.7146068,3.206668429904514
1710527555.7147202,3.269724580976698
1710527555.7148337,3.32682556576199
1710527555.714947,3.376920223236084
1710527555.7150605,3.4210597144232855
1710527555.715174,3.457141982184516
1710527555.7152874,3.4883197148640948
1710527555.7154007,3.514593177371555
1710527555.7155142,3.538064161936442
1710527555.7156277,3.5590828789605036
1710527555.7157412,3.578700224558512
1710527555.7158544,3.5948146714104547
1710527555.715968,3.608126640319824
1710527555.7160814,3.618285655975342
1710527555.7161946,3.6235404014587402
1710527555.716308,3.6249415079752603
1710527555.7164216,3.6221390300326877
1710527555.716535,3.614432281917996
1710527555.7166483,3.603572580549452
1710527555.7167618,3.5909612973531084
1710527555.7168753,3.5765984323289657
1710527555.7169888,3.5611846711900497
1710527555.717102,3.5450702243381076
1710527555.7172155,3.5279051462809243
1710527555.717329,3.508988221486409
1710527555.7174425,3.4897210862901473
1710527555.7175558,3.4687021043565536
1710527555.7176692,3.445931805504693
1710527555.7177827,3.4210597144232855
1710527555.7178962,3.3951364623175726
1710527555.7180095,3.3685127894083657
1710527555.718123,3.3404877450731063
1710527555.7182364,3.3121124903361
1710527555.71835,3.284437656402588
1710527555.7184632,3.2581644588046603
1710527555.7185767,3.232591417100694
1710527555.7186902,3.2087702221340604
1710527555.7188036,3.185299237569173
1710527555.718917,3.1628794140285916
1710527555.7190304,3.1397586398654513
1710527555.7191439,3.115236759185791
1710527555.7192574,3.0914155642191568
1710527555.7193706,3.0668936835394964
1710527555.719484,3.042021592458089
1710527555.7195976,3.018550607893202
1710527555.719711,2.996480729844835
1710527555.7198243,2.976863384246826
1710527555.7199378,2.9593475659688315
1710527555.7200513,2.9435835944281683
1710527555.7201648,2.928870519002279
1710527555.720278,2.914858129289415
1710527555.7203915,2.899444368150499
1710527555.720505,2.8829794459872775
1710527555.7206182,2.8661645783318415
1710527555.7207317,2.8479483392503524
1710527555.7208452,2.830782996283637
1710527555.7209587,2.8157194455464682
1710527555.721072,2.8017070558336044
1710527555.7211854,2.7908473544650607
1710527555.721299,2.780337863498264
1710527555.7214124,2.771580219268799
1710527555.7215257,2.761771414015028
1710527555.7216392,2.7509117126464844
1710527555.7217526,2.7372495333353677
1710527555.7218661,2.722185982598199
1710527555.7219794,2.7057213253445096
1710527555.7220929,2.688205771976047
1710527555.7222064,2.6713906394110785
1710527555.7223198,2.6559768782721624
1710527555.722433,2.6409135924445257
1710527555.7225466,2.6269009378221297
1710527555.72266,2.613589233822293
1710527555.7227736,2.5971245765686035
1710527555.7228868,2.578908337487115
1710527555.7230003,2.557889355553521
1710527555.7231138,2.53371795018514
1710527555.7232273,2.5070940123664007
1710527555.7233405,2.4787187576293945
1710527555.723454,2.449642817179362
1710527555.7235675,2.4205668767293296
1710527555.723681,2.3911407258775497
1710527555.7237942,2.361013889312744
1710527555.7239077,2.3294856813218856
1710527555.7240212,2.296205891503228
1710527555.7241347,2.2587225172254772
1710527555.724248,2.218086322148641
1710527555.7243614,2.173946830961439
1710527555.724475,2.1249030696021185
1710527555.7245884,2.0730568303002253
1710527555.7247016,2.019108666314019
1710527555.7248151,1.9630587100982666
1710527555.7249286,1.9045564863416884
1710527555.7250419,1.84535370932685
1710527555.7251554,1.7836986647711859
1710527555.7252688,1.718890799416436
1710527555.7253823,1.6516307989756265
1710527555.7254956,1.580517292022705
1710527555.725609,1.5048498577541776
1710527555.7257226,1.4249785741170247
1710527555.725836,1.3416041268242729
1710527555.7259493,1.2540259626176622
1710527555.7260628,1.1632951100667317
1710527555.7261763,1.0715131627188788
1710527555.7262897,0.9772790802849664
1710527555.726403,0.8805927965376112
1710527555.7265165,0.7832058933046129
1710527555.72663,0.6833667887581719
1710527555.7267435,0.5828270647260878
1710527555.7268567,0.47913455300860935
1710527555.7269702,0.3712382912635803
1710527555.7270837,0.2615904476907518
1710527555.7271972,0.14843949013286167
1710527555.7273104,0.03248601944910155
1710527555.727424,-0.085552583138148
1710527555.7275374,-0.085552583138148
1710527555.727651,-3.534406026204427
1710527555.7277641,-3.53265470928616
1710527555.7278776,-3.5312536027696395
1710527555.727991,-3.527401023440891
1710527555.7281046,-3.5214469167921276
1710527555.7282178,-3.5137414932250977
1710527555.7283313,-3.5028839111328125
1710527555.7284448,-3.4892243809170194
1710527555.7285583,-3.472412692175971
1710527555.7286716,-3.454550372229682
1710527555.728785,-3.4342360496520996
1710527555.7288985,-3.412871095869276
1710527555.729012,-3.3918566173977323
1710527555.7291253,-3.370141453213162
1710527555.7292387,-3.3487764994303384
1710527555.7293522,-3.3281122313605414
1710527555.7294655,-3.306397067175971
1710527555.729579,-3.2857325341966415
1710527555.7296925,-3.2636671596103244
1710527555.729806,-3.2409013642205133
1710527555.7299192,-3.2163842519124346
1710527555.7300327,-3.1908165083991156
1710527555.7301462,-3.1648982895745172
1710527555.7302597,-3.138630125257704
1710527555.730373,-3.1137628025478787
1710527555.7304864,-3.090296321445041
1710527555.7305999,-3.069281842973497
1710527555.7307134,-3.0503686269124346
1710527555.7308266,-3.0321558316548662
1710527555.73094,-3.014993932512071
1710527555.7310536,-2.9981822437710233
1710527555.731167,-2.979269027709961
1710527555.7312803,-2.9603558116488986
1710527555.7313938,-2.9400417539808483
1710527555.7315073,-2.9204281171162925
1710527555.7316208,-2.90151490105523
1710527555.731734,-2.884703212314182
1710527555.7318475,-2.8706934716966415
1710527555.731961,-2.8587849934895835
1710527555.7320745,-2.8486280971103244
1710527555.7321877,-2.839171356625027
1710527555.7323012,-2.8293646706475153
1710527555.7324147,-2.817456192440457
1710527555.7325282,-2.804147137535943
1710527555.7326415,-2.7897869216071234
1710527555.732755,-2.7740261289808483
1710527555.7328684,-2.758965492248535
1710527555.732982,-2.744955751630995
1710527555.7330952,-2.733747959136963
1710527555.7332087,-2.7239410082499185
1710527555.7333221,-2.7151849534776473
1710527555.7334356,-2.7060786883036294
1710527555.7335489,-2.6962717374165854
1710527555.7336624,-2.683663103315565
1710527555.7337759,-2.668602466583252
1710527555.733889,-2.6510903570387097
1710527555.7340026,-2.6311265097724066
1710527555.734116,-2.610812187194824
1710527555.7342296,-2.58979770872328
1710527555.7343428,-2.569833861456977
1710527555.7344563,-2.5498697492811413
1710527555.7345698,-2.530956533220079
1710527555.7346833,-2.510292265150282
1710527555.7347965,-2.487526469760471
1710527555.73491,-2.4616082509358725
1710527555.7350235,-2.431837452782525
1710527555.735137,-2.3975136544969344
1710527555.7352502,-2.361438539293077
1710527555.7353637,-2.322911686367459
1710527555.7354772,-2.282283306121826
1710527555.7355907,-2.2409545050726996
1710527555.735704,-2.198575072818332
1710527555.7358174,-2.1554949548509383
1710527555.735931,-2.10996323161655
1710527555.7360444,-2.0626803239186606
1710527555.7361577,-2.0111944940355087
1710527555.7362711,-1.9558559523688421
1710527555.7363846,-1.8970149093204074
1710527555.736498,-1.8336207336849637
1710527555.7366114,-1.7663738462660048
1710527555.7367249,-1.695974800321791
1710527555.7368383,-1.622423595852322
1710527555.7369518,-1.547121074464586
1710527555.737065,-1.469717158211602
1710527555.7371786,-1.390561925040351
1710527555.737292,-1.3086048762003581
1710527555.7374055,-1.224896510442098
1710527555.7375188,-1.137685775756836
1710527555.7376323,-1.0462720526589286
1710527555.7377458,-0.9510056840048896
1710527555.7378592,-0.8511861165364583
1710527555.7379725,-0.7461128632227579
1710527555.738086,-0.6389382150438097
1710527555.7381995,-0.5282610985967848
1710527555.7383127,-0.4175839490360684
1710527555.7384262,-0.30410488446553546
1710527555.7385397,-0.1913262903690338
1710527555.7386532,-0.07714673048920101
1710527555.7387664,0.03704008128907945
1710527555.73888,0.15299354990323386
1710527555.7389934,0.2717495130168067
1710527555.739107,0.3922570414013333
1710527555.7392201,0.5176689558558993
1710527555.7393336,0.6437814897961086
1710527555.739447,0.7726965347925822
1710527555.7395606,0.9005606174468994
1710527555.7396739,1.0266731182734172
1710527555.7397873,1.1482315593295627
1710527555.7399008,1.2694397237565782
1710527555.7400143,1.3864441712697346
1710527555.7401276,1.5013466940985785
1710527555.740241,1.6158988740709093
1710527555.7403545,1.7311517397562661
1710527555.740468,1.8474555015563965
1710527555.7405813,1.9641096062130399
1710527555.7406948,2.0811140537261963
1710527555.7408082,2.194965680440267
1710527555.7409217,2.3049638006422253
1710527555.741035,2.4093569649590387
1710527555.7411485,2.5081451733907065
1710527555.741262,2.6009779506259494
1710527555.7413754,2.688906457689073
1710527555.7414887,2.772280904981825
1710527555.7416022,2.8553048769632974
1710527555.7417157,2.93517616060045
1710527555.7418292,3.015047444237603
1710527555.7419424,3.0914155642191568
1710527555.742056,3.163930310143365
1710527555.7421694,3.230839835272895
1710527555.7422829,3.291794459025065
1710527555.742396,3.3446915944417315
1710527555.7425096,3.3909328778584795
1710527555.742623,3.430518044365777
1710527555.7427363,3.465549416012234
1710527555.7428498,3.4974278344048395
1710527555.7429633,3.5258030891418457
1710527555.7430768,3.552777237362332
1710527555.74319,3.5779998037550182
1710527555.7433035,3.5983178350660534
1710527555.743417,3.615132967631022
1710527555.7435305,3.627043565114339
1710527555.7436438,3.6340496275160046
1710527555.7437572,3.635450998942057
1710527555.7438707,3.631947835286458
1710527555.7439842,3.6256421936882868
1710527555.7440975,3.616534074147542
1710527555.744211,3.6056743727789984
1710527555.7443244,3.592362668779161
1710527555.744438,3.578700224558512
1710527555.7445512,3.5639871491326227
1710527555.7446647,3.547172281477186
1710527555.7447782,3.5286055670844183
1710527555.7448916,3.508287535773383
1710527555.745005,3.4862179226345487
1710527555.7451184,3.462396462758382
1710527555.7452319,3.4357727898491754
1710527555.7453454,3.4094993273417153
1710527555.7454586,3.381824758317735
1710527555.745572,3.354149924384223
1710527555.7456856,3.326475355360243
1710527555.745799,3.2995012071397567
1710527555.7459123,3.2742786407470703
1710527555.7460258,3.2508076561821833
1710527555.7461393,3.2262857755025225
1710527555.7462528,3.2031652662489147
1710527555.746366,3.179344071282281
1710527555.7464795,3.1555228763156467
1710527555.746593,3.1299498346116805
1710527555.7467065,3.1050777435302734
1710527555.7468197,3.0784540706210666
1710527555.7469332,3.0532315042283797
1710527555.7470467,3.029410309261746
1710527555.74716,3.008041116926405
1710527555.7472734,2.988773981730143
1710527555.747387,2.9709079530504012
1710527555.7475004,2.953742610083686
1710527555.7476137,2.93692774242825
1710527555.7477272,2.9201126098632812
1710527555.7478406,2.9025970564948187
1710527555.7479541,2.8836801317003036
1710527555.7480674,2.864763206905789
1710527555.7481809,2.8465469678243003
1710527555.7482944,2.8293816248575845
1710527555.7484078,2.814668549431695
1710527555.748521,2.802407741546631
1710527555.7486346,2.7922484609815807
1710527555.748748,2.7824399206373425
1710527555.7488616,2.772981325785319
1710527555.7489748,2.7621216244167752
1710527555.7490883,2.749510341220432
1710527555.7492018,2.7354979515075684
1710527555.7493153,2.719733979966905
1710527555.7494285,2.703619533114963
1710527555.749542,2.688205771976047
1710527555.7496555,2.6738429069519043
1710527555.749769,2.660881413353814
1710527555.7498822,2.6486203405592175
1710527555.7499957,2.636359532674154
1710527555.7501092,2.623398039076063
1710527555.7502227,2.607633802625868
1710527555.750336,2.5890673531426325
1710527555.7504494,2.5669974750942655
1710527555.750563,2.5428260697258844
1710527555.7506764,2.517253292931451
1710527555.7507896,2.4902791447109647
1710527555.7509031,2.4633049964904785
1710527555.7510166,2.4356304274664984
1710527555.75113,2.4090064896477594
1710527555.7512434,2.380281024509006
1710527555.7513568,2.3498037126329208
1710527555.7514703,2.3168743981255426
1710527555.7515836,2.2793910238477917
1710527555.751697,2.238054010603163
1710527555.7518106,2.1942649947272406
1710527555.751924,2.145921919080946
1710527555.7520373,2.0965278148651123
1710527555.7521508,2.045382128821479
1710527555.7522643,1.991784307691786
1710527555.7523777,1.93783614370558
1710527555.752491,1.8807352913750541
1710527555.7526045,1.821882724761963
1710527555.752718,1.7605780230628119
1710527555.7528315,1.695419814851549
1710527555.7529447,1.6253573364681668
1710527555.7530582,1.5510911411709256
1710527555.7531717,1.4733216497633193
1710527555.7532852,1.3923994700113933
1710527555.7533984,1.3076237837473552
1710527555.753512,1.222147544225057
1710527555.7536254,1.133518483903673
1710527555.7537389,1.0431378417544894
1710527555.7538521,0.9520565801196628
1710527555.7539656,0.8585231171713935
1710527555.754079,0.7625374529096816
1710527555.7541926,0.6633989678488837
1710527555.7543058,0.5618083477020264
1710527555.7544193,0.4563642541567484
1710527555.7545328,0.3474170300695631
1710527555.7546463,0.23461638225449455
1710527555.7547596,0.12041447891129388
1710527555.754873,0.004461011849343777
1710527555.7549865,-0.1118208881881502
1710527555.7551,-0.22740143868658277
1710527555.7552133,-0.343332224422031
1710527555.7553267,-0.4578620195388794
1710527555.7554402,-0.5727420912848579
1710527555.7555537,-0.6890231370925903
1710527555.755667,-0.8063548803329468
1710527555.7557805,-0.9257880846659342
1710527555.755894,-1.0480233033498128
1710527555.7560072,-1.1699081791771782
1710527555.7561207,-1.2910926342010498
1710527555.7562342,-1.4105259047614203
1710527555.7563477,-1.5271570947435167
1710527555.756461,-1.6392352845933702
1710527555.7565744,-1.7478109730614555
1710527555.7566879,-1.8532343705495198
1710527555.7568014,-1.9558559523688421
1710527555.7569146,-2.0577769809299045
1710527555.757028,-2.1596978770362005
1710527555.7571416,-2.261268827650282
1710527555.757255,-2.361438539293077
1710527555.7573683,-2.4595069885253906
1710527555.7574818,-2.5537225935194225
1710527555.7575953,-2.642334302266439
1710527555.7577088,-2.725342114766439
1710527555.757822,-2.8030962414211698
1710527555.7579355,-2.8745460510253906
1710527555.758049,-2.9407421747843423
1710527555.7581625,-3.00483677122328
1710527555.7582757,-3.06753052605523
1710527555.7583892,-3.1270721223619247
1710527555.7585027,-3.1855628225538464
1710527555.7586162,-3.2402009434170194
1710527555.7587295,-3.292037116156684
1710527555.758843,-3.3365180757310653
1710527555.7589564,-3.376445770263672
1710527555.75907,-3.4090185165405273
1710527555.7591832,-3.4366877873738604
1710527555.7592967,-3.459453582763672
1710527555.7594101,-3.478016588422987
1710527555.7595236,-3.4941278563605414
1710527555.7596369,-3.5088380177815752
1710527555.7597504,-3.5207464959886337
1710527555.7598639,-3.5302029715643988
1710527555.7599773,-3.536857499016656
1710527555.7600906,-3.54036013285319
1710527555.760204,-3.54036013285319
1710527555.7603176,-3.534756236606174
1710527555.7604308,-3.52635039223565
1710527555.7605443,-3.5151425997416177
1710527555.7606578,-3.5004321734110513
1710527555.7607713,-3.48397069507175
1710527555.7608845,-3.467509216732449
1710527555.760998,-3.4499971071879068
1710527555.7611115,-3.4314341015285916
1710527555.761225,-3.412871095869276
1710527555.7613382,-3.3946585655212402
1710527555.7614517,-3.375044928656684
1710527555.7615652,-3.3547306060791016
1710527555.7616787,-3.332665231492784
1710527555.761792,-3.309899436102973
1710527555.7619054,-3.2846819029914007
1710527555.762019,-3.2587636841668024
1710527555.7621324,-3.232495519849989
1710527555.7622457,-3.2072779867384167
1710527555.7623591,-3.1827608744303384
1710527555.7624726,-3.158593972524007
1710527555.762586,-3.138279914855957
1710527555.7626994,-3.1186662779914007
1710527555.7628129,-3.0990526411268444
1710527555.7629263,-3.080139425065782
1710527555.7630398,-3.060175312889947
1710527555.763153,-3.0402114656236434
1710527555.7632666,-3.018496301439073
1710527555.76338,-2.996430926852756
1710527555.7634935,-2.974365552266439
1710527555.7636068,-2.9547519154018826
1710527555.7637203,-2.9375900162590876
1710527555.7638338,-2.9225296444363065
1710527555.7639472,-2.90922032462226
1710527555.7640605,-2.898012532128228
1710527555.764174,-2.886804739634196
1710527555.7642875,-2.8752464718288846
1710527555.764401,-2.8619374169243708
1710527555.7645142,-2.846876780192057
1710527555.7646277,-2.8314659330579968
1710527555.7647412,-2.816055350833469
1710527555.7648544,-2.8002942932976618
1710527555.764968,-2.7869849734836154
1710527555.7650814,-2.7761273913913302
1710527555.765195,-2.7670211262173123
1710527555.7653081,-2.759665913052029
1710527555.7654216,-2.751610279083252
1710527555.765535,-2.74180359310574
1710527555.7656486,-2.7298953798082137
1710527555.7657619,-2.715885639190674
1710527555.7658753,-2.7001245816548667
1710527555.7659888,-2.682962682512071
1710527555.7661023,-2.665800518459744
1710527555.7662156,-2.649339040120443
1710527555.766329,-2.6353292995029025
1710527555.7664425,-2.6223704550001354
1710527555.766556,-2.6083607143825955
1710527555.7666693,-2.5947011841668024
1710527555.7667828,-2.5778892305162215
1710527555.7668962,-2.5575751728481717
1710527555.7670097,-2.5344591670566134
1710527555.767123,-2.507840527428521
1710527555.7672365,-2.4787704149881997
1710527555.76735,-2.448298931121826
1710527555.7674634,-2.416777080959744
1710527555.7675767,-2.3849047554863825
1710527555.7676902,-2.353032694922553
1710527555.7678037,-2.3187086317274304
1710527555.7679172,-2.28298372692532
1710527555.7680304,-2.244807349310981
1710527555.768144,-2.2017272313435874
1710527555.7682574,-2.154794534047445
1710527555.7683709,-2.104009124967787
1710527555.768484,-2.0483203728993735
1710527555.7685976,-1.9908803039126926
1710527555.768711,-1.9306382868025038
1710527555.7688246,-1.8675944540235732
1710527555.7689378,-1.8038499355316162
1710527555.7690513,-1.7383543650309243
1710527555.7691648,-1.6711074776119657
1710527555.769278,-1.6010586420694985
1710527555.7693915,-1.5271570947435167
1710527555.769505,-1.4508039421505399
1710527555.7696185,-1.3695473141140408
1710527555.7697318,-1.2844379742940266
1710527555.7698452,-1.1954760551452637
1710527555.7699587,-1.1023110813564725
1710527555.7700722,-1.0066945023006864
1710527555.7701855,-0.908275908894009
1710527555.770299,-0.8081060647964478
1710527555.7704124,-0.7068855894936455
1710527555.770526,-0.6053147713343302
1710527555.7706392,-0.5002415511343214
1710527555.7707527,-0.3944678439034356
1710527555.7708662,-0.28519170151816475
1710527555.7709796,-0.17171262039078605
1710527555.771093,-0.054731108248233795
1710527555.7712064,0.06576571613550186
1710527555.7713199,0.1897763709227244
1710527555.7714334,0.31413733959198
1710527555.7715466,0.4395492540465461
1710527555.77166,0.5635599295298258
1710527555.7717736,0.6858189900716146
1710527555.771887,0.8066768116421169
1710527555.7720003,0.926133460468716
1710527555.7721138,1.0452397002114189
1710527555.7722273,1.1653969022962782
1710527555.7723408,1.288356648551093
1710527555.772454,1.4123672909206815
1710527555.7725675,1.5381295151180692
1710527555.772681,1.6624905003441703
1710527555.7727945,1.7850999037424722
1710527555.7729077,1.9042061434851751
1710527555.7730212,2.018057770199246
1710527555.7731347,2.126654651429918
1710527555.7732482,2.230347262488471
1710527555.7733614,2.330886787838406
1710527555.773475,2.4293247858683267
1710527555.7735884,2.526010937160916
1710527555.7737017,2.622697353363037
1710527555.7738152,2.7169315020243325
1710527555.7739286,2.8094138039482965
1710527555.7740421,2.896641625298394
1710527555.7741554,2.9789651764763727
1710527555.7742689,3.053581714630127
1710527555.7743824,3.1218926111857095
1710527555.7744958,3.1824967596266003
1710527555.774609,3.2367952664693194
1710527555.7747226,3.288641505771213
1710527555.774836,3.3376852671305337
1710527555.7749496,3.3839265505472818
1710527555.7750628,3.427715566423204
1710527555.7751763,3.46940279006958
1710527555.7752898,3.506535953945584
1710527555.7754033,3.5387648476494684
1710527555.7755165,3.565388520558675
1710527555.77563,3.58570655186971
1710527555.7757435,3.600069416893853
1710527555.775857,3.6098782221476235
1710527555.7759702,3.616534074147542
1710527555.7760837,3.619336552090115
1710527555.7761972,3.6210881339179144
1710527555.7763107,3.620037237803141
1710527555.776424,3.6175849702623153
1710527555.7765374,3.6123304896884494
1710527555.776651,3.6053241623772516
1710527555.7767644,3.5941139856974282
1710527555.7768776,3.581152492099338
1710527555.7769911,3.5636369387308755
1710527555.7771046,3.5436691178215876
1710527555.777218,3.5222999254862466
1710527555.7773314,3.4988292058308916
1710527555.7774448,3.4743073251512313
1710527555.7775583,3.4494349691602917
1710527555.7776718,3.4242124027676053
1710527555.777785,3.4000409973992243
1710527555.7778986,3.3758693271213107
1710527555.778012,3.3516979217529297
1710527555.7781253,3.327526251475016
1710527555.7782388,3.3019534746805825
1710527555.7783523,3.2760302225748696
1710527555.7784657,3.2501072353786893
1710527555.778579,3.223833772871229
1710527555.7786925,3.1958087285359698
1710527555.778806,3.170235951741536
1710527555.7789195,3.143612013922797
1710527555.7790327,3.1204915046691895
1710527555.7791462,3.096670309702555
1710527555.7792597,3.076352013481988
1710527555.7793732,3.056734667883979
1710527555.7794864,3.038868639204237
1710527555.7796,3.019251028696696
1710527555.7797134,3.0003343688117132
1710527555.7798269,2.9793153868781195
1710527555.7799401,2.9582966698540583
1710527555.7800536,2.937628428141276
1710527555.780167,2.9173101319207086
1710527555.7802806,2.900144788953993
1710527555.7803938,2.88438081741333
1710527555.7805073,2.8703684277004666
1710527555.7806208,2.858457565307617
1710527555.7807343,2.8482985496520996
1710527555.7808475,2.8367381625705295
1710527555.780961,2.8248275650872126
1710527555.7810745,2.810464964972602
1710527555.781188,2.79575162463718
1710527555.7813013,2.779987653096517
1710527555.7814147,2.7638732062445746
1710527555.7815282,2.749510341220432
1710527555.7816417,2.736899322933621
1710527555.781755,2.726039621565077
1710527555.7818685,2.715179920196533
1710527555.781982,2.705020639631483
1710527555.7820954,2.6934605174594455
1710527555.7822087,2.6794478628370495
1710527555.7823222,2.66298320558336
1710527555.7824357,2.6440662807888455
1710527555.782549,2.623398039076063
1710527555.7826624,2.6016786363389754
1710527555.7827759,2.579608758290609
1710527555.7828894,2.5592907269795737
1710527555.7830026,2.5386222203572593
1710527555.783116,2.5176035033331976
1710527555.7832296,2.49588410059611
1710527555.783343,2.472413116031223
1710527555.7834563,2.44508875740899
1710527555.7835698,2.415312131245931
1710527555.7836833,2.380981710222032
1710527555.7837968,2.3434980710347495
1710527555.78391,2.3049638006422253
1710527555.7840235,2.264327473110623
1710527555.784137,2.222990724775526
1710527555.7842505,2.180252472559611
1710527555.7843637,2.1361131138271756
1710527555.7844772,2.090922726525201
1710527555.7845907,2.042229308022393
1710527555.7847042,1.9907334115770128
1710527555.7848175,1.9343331125047472
1710527555.784931,1.8751302030351427
1710527555.7850444,1.811023023393419
1710527555.785158,1.7430623372395833
1710527555.7852712,1.672299305597941
1710527555.7853847,1.6001349025302463
1710527555.7854981,1.5244673358069525
1710527555.7856116,1.4477488729688857
1710527555.7857249,1.3692788283030193
1710527555.7858384,1.28800630569458
1710527555.7859519,1.2042816480000813
1710527555.7860653,1.118104722764757
1710527555.7861786,1.0270234611299303
1710527555.786292,0.9331396553251479
1710527555.7864056,0.8357527520921495
1710527555.786519,0.7341621319452921
1710527555.7866323,0.6308199299706353
1710527555.7867458,0.5246752169397142
1710527555.7868593,0.4174795415666368
1710527555.7869725,0.3099335895644294
1710527555.787086,0.201687001519733
1710527555.7871995,0.09238946768972608
1710527555.787313,-0.017605237662792206
1710527555.7874262,-0.12933309707376692
1710527555.7875397,-0.2431624134381612
1710527555.7876532,-0.35944345924589366
1710527555.7877667,-0.47782593303256565
1710527555.78788,-0.5986601114273071
1710527555.7879934,-0.7208953301111857
1710527555.788107,-0.8427802721659342
1710527555.7882204,-0.9632642401589288
1710527555.7883337,-1.0819969574610393
1710527555.7884471,-1.1982780032687717
1710527555.7885606,-1.3117570347256131
1710527555.788674,-1.4252361986372206
1710527555.7887874,-1.5366137027740479
1710527555.7889009,-1.6490421030256484
1710527555.7890143,-1.7625211344824896
1710527555.7891278,-1.876000298394097
1710527555.789241,-1.9884285661909316
1710527555.7893546,-2.099105781979031
1710527555.789468,-2.205229732725355
1710527555.7895815,-2.3064502080281577
1710527555.7896948,-2.4020669195387097
1710527555.7898083,-2.4924296802944608
1710527555.7899218,-2.578589916229248
1710527555.7900352,-2.6605468326144748
1710527555.7901485,-2.74180359310574
1710527555.790262,-2.820258140563965
1710527555.7903755,-2.898012532128228
1710527555.790489,-2.972614500257704
1710527555.7906022,-3.0440643098619247
1710527555.7907157,-3.1095597479078503
1710527555.7908292,-3.169451554616292
1710527555.7909427,-3.2230390442742243
1710527555.791056,-3.269971741570367
1710527555.7911694,-3.3109500673082137
1710527555.791283,-3.3477258682250977
1710527555.7913961,-3.380298614501953
1710527555.7915096,-3.4111200438605414
1710527555.791623,-3.4401901563008623
1710527555.7917366,-3.466108375125461
1710527555.7918499,-3.488874170515272
1710527555.7919633,-3.5074371761745877
1710527555.7920768,-3.5221473375956216
1710527555.7921903,-3.5312536027696395
1710527555.7923036,-3.5365072886149087
1710527555.792417,-3.536857499016656
1710527555.7925305,-3.533355130089654
1710527555.792644,-3.527401023440891
1710527555.7927573,-3.5196955998738604
1710527555.7928708,-3.5112897555033364
1710527555.7929842,-3.5018332799275713
1710527555.7930977,-3.4906254874335394
1710527555.793211,-3.478016588422987
1710527555.7933245,-3.465057479010688
1710527555.793438,-3.4499971071879068
1710527555.7935514,-3.4321345223320856
1710527555.7936647,-3.4125208854675293
1710527555.7937782,-3.390805721282959
1710527555.7938917,-3.36663908428616
1710527555.7940052,-3.3424721823798285
1710527555.7941184,-3.318305280473497
1710527555.794232,-3.2930877473619247
1710527555.7943454,-3.2692710558573403
1710527555.7944589,-3.246155050065782
1710527555.794572,-3.224089675479465
1710527555.7946856,-3.2030749320983887
1710527555.794799,-3.1817102432250977
1710527555.7949126,-3.158944182925754
1710527555.7950258,-3.135828177134196
1710527555.7951393,-3.1116612752278643
1710527555.7952528,-3.086443742116292
1710527555.7953663,-3.0626270506117077
1710527555.7954795,-3.0381099383036294
1710527555.795593,-3.0163950390285916
1710527555.7957065,-2.996430926852756
1710527555.7958198,-2.9789188173082137
1710527555.7959332,-2.9631577597724066
1710527555.7960467,-2.9484475983513727
1710527555.7961602,-2.9344378577338324
1710527555.7962735,-2.919377221001519
1710527555.796387,-2.903616428375244
1710527555.7965004,-2.8861040539211698
1710527555.796614,-2.8682417339748807
1710527555.7967272,-2.852480676439073
1710527555.7968407,-2.837069829305013
1710527555.7969542,-2.824461195203993
1710527555.7970676,-2.8143040339152017
1710527555.797181,-2.8055479791429305
1710527555.7972944,-2.7985432412889266
1710527555.7974079,-2.7897869216071234
1710527555.7975214,-2.7806806564331055
1710527555.7976346,-2.768071757422553
1710527555.797748,-2.753711806403266
1710527555.7978616,-2.739001644982232
1710527555.797975,-2.7225401666429305
1710527555.7980883,-2.7081802156236434
1710527555.7982018,-2.6945206854078503
1710527555.7983153,-2.682261996799045
1710527555.7984288,-2.6717548900180392
1710527555.798542,-2.661597728729248
1710527555.7986555,-2.649339040120443
1710527555.798769,-2.6360299852159286
1710527555.7988825,-2.6181674003601074
1710527555.7989957,-2.5982035530938044
1710527555.7991092,-2.5775390201144748
1710527555.7992227,-2.5526716974046493
1710527555.7993362,-2.528154585096571
1710527555.7994494,-2.504338158501519
1710527555.799563,-2.4812218878004284
1710527555.7996764,-2.45670477549235
1710527555.79979,-2.4328883488972983
1710527555.7999032,-2.4055692884657116
1710527555.8000166,-2.376498911115858
1710527555.8001301,-2.342175112830268
1710527555.8002434,-2.3043486807081432
1710527555.8003569,-2.2637203004625106
1710527555.8004704,-2.2185389200846353
1710527555.8005838,-2.172306776046753
1710527555.800697,-2.123973104688856
1710527555.8008106,-2.074588669670953
1710527555.800924,-2.023803260591295
1710527555.8010375,-1.9719670878516302
1710527555.8011508,-1.9166285461849637
1710527555.8012643,-1.859538820054796
1710527555.8013778,-1.797195275624593
1710527555.8014913,-1.7313494947221544
1710527555.8016045,-1.6609504487779405
1710527555.801718,-1.5866986910502114
1710527555.8018315,-1.5082440111372206
1710527555.801945,-1.4273375935024686
1710527555.8020582,-1.3425785965389676
1710527555.8021717,-1.2557180722554524
1710527555.8022852,-1.1678067843119304
1710527555.8023987,-1.0774437586466472
1710527555.802512,-0.9849793381161159
1710527555.8026254,-0.8900631798638238
1710527555.802739,-0.7919948630862765
1710527555.8028524,-0.6904241111543443
1710527555.8029656,-0.583599673377143
1710527555.8030791,-0.47362301084730357
1710527555.8031926,-0.35944345924589366
1710527555.803306,-0.2431624134381612
1710527555.8034194,-0.12477992309464349
1710527555.8035328,-0.0070979151253898936
1710527555.8036463,0.1120069788561927
1710527555.8037598,0.2297120127413008
1710527555.803873,0.34636610084109837
1710527555.8039865,0.46477175421184963
1710527555.8041,0.5838780270682441
1710527555.8042135,0.7047358486387465
1710527555.8043268,0.8301477962070041
1710527555.8044403,0.956960916519165
1710527555.8045537,1.0855256848865085
1710527555.804667,1.2137401103973389
1710527555.8047805,1.3405532307094998
1710527555.804894,1.4631626341078017
1710527555.8050075,1.5822688738505044
1710527555.8051207,1.6971713966793485
1710527555.8052342,1.8092714415656195
1710527555.8053477,1.9210211435953775
1710527555.8054612,2.030318710539076
1710527555.8055744,2.1406671735975475
1710527555.805688,2.2510157691107855
1710527555.8058014,2.361013889312744
1710527555.8059149,2.4675088458591037
1710527555.8060281,2.5715515348646374
1710527555.8061416,2.6682379510667587
1710527555.806255,2.7589689360724554
1710527555.8063686,2.842343383365207
1710527555.8064818,2.919762399461534
1710527555.8065953,2.992277145385742
1710527555.8067088,3.061638938056098
1710527555.8068223,3.1288989384969073
1710527555.8069355,3.194757832421197
1710527555.807049,3.2567630873786078
1710527555.8071625,3.315965864393446
1710527555.807276,3.369563685523139
1710527555.8073893,3.416505654652913
1710527555.8075027,3.45784240298801
1710527555.8076162,3.491122192806668
1710527555.8077297,3.5184465514289007
1710527555.807843,3.5408666398790145
1710527555.8079565,3.5601337750752764
1710527555.80807,3.5758977466159396
1710527555.8081834,3.5895599259270563
1710527555.8082967,3.6025216844346786
1710527555.8084102,3.611629803975423
1710527555.8085237,3.6172347598605685
1710527555.8086371,3.619336552090115
1710527555.8087504,3.6175849702623153
1710527555.8088639,3.611629803975423
1710527555.8089774,3.6007701026068792
1710527555.8090906,3.5867574479844833
1710527555.809204,3.5713436868455672
1710527555.8093176,3.553828133477105
1710527555.809431,3.5338603125678167
1710527555.8095443,3.5135422812567816
1710527555.8096578,3.4939246707492404
1710527555.8097713,3.473256164126926
1710527555.8098848,3.4518872367011175
1710527555.809998,3.430518044365777
1710527555.8101115,3.407397535112169
1710527555.810225,3.382525179121229
1710527555.8103385,3.356602191925049
1710527555.8104517,3.3303287294175887
1710527555.8105652,3.3033545811971026
1710527555.8106787,3.2753295368618436
1710527555.8107922,3.2483556535508895
1710527555.8109055,3.22208219104343
1710527555.811019,3.196859624650743
1710527555.8111324,3.1740893257988825
1710527555.811246,3.1520197126600475
1710527555.8113592,3.13030030992296
1710527555.8114727,3.1092815928988986
1710527555.8115861,3.087562190161811
1710527555.8116996,3.065842787424723
1710527555.8118129,3.0434226989746094
1710527555.8119264,3.019251028696696
1710527555.8120399,2.996480729844835
1710527555.8121533,2.9740609063042536
1710527555.8122666,2.9551439815097384
1710527555.81238,2.937628428141276
1710527555.8124936,2.922915087805854
1710527555.812607,2.909252908494737
1710527555.8127203,2.896291414896647
1710527555.8128338,2.8822790251837835
1710527555.8129473,2.8668652640448675
1710527555.8130608,2.8514515029059515
1710527555.813174,2.834636370340983
1710527555.8132875,2.81887239880032
1710527555.813401,2.803108162350125
1710527555.8135142,2.788395086924235
1710527555.8136277,2.7778858608669705
1710527555.8137412,2.7680770556131997
1710527555.8138547,2.7589689360724554
1710527555.813968,2.749160130818685
1710527555.8140814,2.7393513255649142
1710527555.814195,2.726039621565077
1710527555.8143084,2.711676756540934
1710527555.8144217,2.695212099287245
1710527555.8145351,2.676995860205756
1710527555.8146486,2.6591298315260143
1710527555.814762,2.641964488559299
1710527555.8148754,2.626550727420383
1710527555.8149889,2.610436280568441
1710527555.8151023,2.595372994740804
1710527555.8152158,2.5782076517740884
1710527555.815329,2.5596409373813205
1710527555.8154426,2.537571324242486
1710527555.815556,2.5130494435628257
1710527555.8156695,2.4850243992275662
1710527555.8157828,2.4548975626627603
1710527555.8158963,2.423019144270155
1710527555.8160098,2.3907902505662704
1710527555.8161232,2.3578609360588922
1710527555.8162365,2.3245814111497665
1710527555.81635,2.2902507252163358
1710527555.8164635,2.253818247053358
1710527555.816577,2.214933501349555
1710527555.8166902,2.172545591990153
1710527555.8168037,2.125954098171658
1710527555.8169172,2.0755090978410506
1710527555.8170307,2.0215609338548446
1710527555.817144,1.9655108451843262
1710527555.8172574,1.906658411026001
1710527555.817371,1.84535370932685
1710527555.8174844,1.7836986647711859
1710527555.8175976,1.7195914851294622
1710527555.817711,1.6537327236599393
1710527555.8178246,1.5847211413913302
1710527555.8179379,1.5125567383236356
1710527555.8180513,1.4361886183420818
1710527555.8181648,1.3556166489919026
1710527555.8182783,1.2711913055843778
1710527555.8183916,1.1829125881195068
1710527555.818505,1.091831260257297
1710527555.8186185,0.9975971778233845
1710527555.818732,0.9019618564181857
1710527555.8188453,0.8045749531851875
1710527555.8189588,0.7054365343517727
1710527555.8190722,0.6052470869488186
1710527555.8191857,0.5029558142026266
1710527555.819299,0.3989129927423265
1710527555.8194125,0.29206766022576225
1710527555.819526,0.18066825138198003
1710527555.8196394,0.06751727726724413
1710527555.8197527,-0.049127203722794846
1710527555.8198662,-0.16821018523640102
1710527555.8199797,-0.2900951107343038
1710527555.8200932,-0.4088278611501058
1710527555.8202064,-0.5286113421122233
1710527555.82032,-0.6459430853525797
1710527555.8204334,-0.7629246181911892
1710527555.8205469,-0.8781549003389146
1710527555.82066,-0.9947861565483941
1710527555.8207736,-1.1114174789852567
1710527555.820887,-1.22909943262736
1710527555.8210006,-1.3488829135894775
1710527555.8211138,-1.467615630891588
1710527555.8212273,-1.5870489014519584
1710527555.8213408,-1.7040304342905679
1710527555.8214543,-1.8182100190056694
1710527555.8215675,-1.9253846009572346
1710527555.821681,-2.029056946436564
1710527555.8217945,-2.130277421739366
1710527555.821908,-2.2272949748569064
1710527555.8220212,-2.322211265563965
1710527555.8221347,-2.4164268705579968
1710527555.8222482,-2.509942054748535
1710527555.8223615,-2.6024063428243003
1710527555.822475,-2.6924191580878363
1710527555.8225884,-2.7789293395148382
1710527555.822702,-2.8594856792026095
1710527555.8228152,-2.9344378577338324
1710527555.8229287,-3.0037861400180392
1710527555.8230422,-3.065779209136963
1710527555.8231556,-3.1228690677218967
1710527555.823269,-3.1768067677815752
1710527555.8233824,-3.227592044406467
1710527555.8234959,-3.2759258482191296
1710527555.8236094,-3.322157859802246
1710527555.8237226,-3.3659383985731335
1710527555.823836,-3.405165937211778
1710527555.8239496,-3.4391395250956216
1710527555.824063,-3.467159006330702
1710527555.8241763,-3.49027501212226
1710527555.8242898,-3.5081375969780817
1710527555.8244033,-3.5207464959886337
1710527555.8245168,-3.5284516546461315
1710527555.82463,-3.5340555508931475
1710527555.8247435,-3.5379083951314287
1710527555.824857,-3.5393092367384167
1710527555.8249705,-3.5393092367384167
1710527555.8250837,-3.537207974327935
1710527555.8251972,-3.532304498884413
1710527555.8253107,-3.5256497065226235
1710527555.8254242,-3.5144419140285916
1710527555.8255374,-3.5007823838127985
1710527555.825651,-3.484671115875244
1710527555.8257644,-3.466458585527208
1710527555.825878,-3.446494738260905
1710527555.8259912,-3.4258302052815752
1710527555.8261046,-3.405866358015272
1710527555.8262181,-3.384151193830702
1710527555.8263316,-3.363837136162652
1710527555.8264449,-3.343522813585069
1710527555.8265584,-3.32425938712226
1710527555.8266718,-3.303595119052463
1710527555.826785,-3.2818799548678927
1710527555.8268986,-3.2594643698798285
1710527555.827012,-3.235647678375244
1710527555.8271255,-3.210430145263672
1710527555.8272388,-3.1845121913486056
1710527555.8273523,-3.159294393327501
1710527555.8274658,-3.1340768602159286
1710527555.8275793,-3.1116612752278643
1710527555.8276925,-3.0906467967563205
1710527555.827806,-3.0713833702935114
1710527555.8279195,-3.05352078543769
1710527555.828033,-3.0363588862948947
1710527555.8281462,-3.0181460910373263
1710527555.8282597,-2.999583085378011
1710527555.8283732,-2.979969448513455
1710527555.8284867,-2.960005601247152
1710527555.8286,-2.9400417539808483
1710527555.8287134,-2.921128537919786
1710527555.828827,-2.904316849178738
1710527555.8289404,-2.889606687757704
1710527555.8290536,-2.8776982095506454
1710527555.8291671,-2.86684062745836
1710527555.8292806,-2.855983045366075
1710527555.829394,-2.844775252872043
1710527555.8295074,-2.8328670395745172
1710527555.8296208,-2.818156878153483
1710527555.8297343,-2.801695399814182
1710527555.8298478,-2.7852339214748807
1710527555.829961,-2.769472863939073
1710527555.8300745,-2.7544124921162925
1710527555.830188,-2.742504013909234
1710527555.8303015,-2.732347117529975
1710527555.8304148,-2.7232405874464245
1710527555.8305283,-2.714484532674154
1710527555.8306417,-2.7036269505818686
1710527555.8307552,-2.6913685268825955
1710527555.8308685,-2.676307890150282
1710527555.830982,-2.659145991007487
1710527555.8310955,-2.6395323541429305
1710527555.8312087,-2.6195685068766275
1710527555.8313222,-2.6010055012173123
1710527555.8314357,-2.58209228515625
1710527555.8315492,-2.5645801756117077
1710527555.8316624,-2.5474180115593805
1710527555.831776,-2.5285050604078503
1710527555.8318894,-2.508190737830268
1710527555.8320029,-2.4843743112352157
1710527555.8321161,-2.45670477549235
1710527555.8322296,-2.425883346133762
1710527555.832343,-2.3915595478481717
1710527555.8324566,-2.3554844326443143
1710527555.8325698,-2.317307790120443
1710527555.8326833,-2.278780937194824
1710527555.8327968,-2.2402540842692056
1710527555.8329103,-2.200326257281833
1710527555.8330235,-2.1579466925726996
1710527555.833137,-2.113815943400065
1710527555.8332505,-2.0654822720421686
1710527555.833364,-2.0136460993025036
1710527555.8334773,-1.9572569264305961
1710527555.8335907,-1.8973651197221544
1710527555.8337042,-1.8336207336849637
1710527555.8338177,-1.7667240566677518
1710527555.833931,-1.698776748445299
1710527555.8340445,-1.627677149242825
1710527555.834158,-1.5555269188351102
1710527555.8342714,-1.481275161107381
1710527555.8343847,-1.4042214552561443
1710527555.8344982,-1.3250663545396593
1710527555.8346117,-1.2427589628431532
1710527555.8347251,-1.156248648961385
1710527555.8348384,-1.064834992090861
1710527555.8349519,-0.9695686234368218
1710527555.8350654,-0.8704495429992676
1710527555.8351789,-0.7671275403764513
1710527555.835292,-0.6620542870627509
1710527555.8354056,-0.5545293953683641
1710527555.835519,-0.44595374001397026
1710527555.8356323,-0.33632732099956936
1710527555.8357458,-0.22529996103710598
1710527555.8358593,-0.11357211404376559
1710527555.8359728,0.001658511141108142
1710527555.836086,0.11866291364034016
1710527555.8361995,0.23952075176768833
1710527555.836313,0.3645823399225871
1710527555.8364265,0.49174583620495266
1710527555.8365397,0.6213614675733778
1710527555.8366532,0.7502765125698513
1710527555.8367667,0.8777903185950385
1710527555.8368802,1.003202199935913
1710527555.8369935,1.1251109176211886
1710527555.837107,1.2456185287899442
1710527555.8372204,1.3633235295613606
1710527555.837334,1.4813788731892903
1710527555.8374472,1.6008354557885063
1710527555.8375607,1.7209927241007485
1710527555.8376741,1.8411498599582248
1710527555.8377876,1.9616574711269803
1710527555.8379009,2.080063157611423
1710527555.8380144,2.1932140986124673
1710527555.8381279,2.3018108473883734
1710527555.8382413,2.403752009073893
1710527555.8383546,2.500087949964735
1710527555.838468,2.592220041486952
1710527555.8385816,2.680148548550076
1710527555.838695,2.766675684187147
1710527555.8388083,2.8514515029059515
1710527555.8389218,2.9355263710021973
1710527555.8390353,3.0171492364671493
1710527555.8391488,3.0938678317599826
1710527555.839262,3.1656818919711642
1710527555.8393755,3.229438728756375
1710527555.839489,3.2868899239434137
1710527555.8396025,3.3359336853027344
1710527555.8397157,3.380073176489936
1710527555.8398292,3.418257236480713
1710527555.8399427,3.453989028930664
1710527555.840056,3.487969504462348
1710527555.8401694,3.5184465514289007
1710527555.840283,3.54647159576416
1710527555.8403964,3.5706432660420733
1710527555.8405097,3.5920121934678817
1710527555.8406231,3.6063750584920244
1710527555.8407366,3.6172347598605685
1710527555.84085,3.6210881339179144
1710527555.8409634,3.6214386092291937
1710527555.8410769,3.6186358663770886
1710527555.8411903,3.6123304896884494
1710527555.8413038,3.6049736870659723
1710527555.841417,3.595165146721734
1710527555.8415306,3.58430544535319
1710527555.841644,3.572394847869873
1710527555.8417575,3.558382193247477
1710527555.8418708,3.5412168502807617
1710527555.8419843,3.523701296912299
1710527555.8420978,3.5023321045769586
1710527555.8422112,3.4792115953233504
1710527555.8423245,3.4553904003567166
1710527555.842438,3.4287664625379772
1710527555.8425515,3.4007416831122503
1710527555.842665,3.373767534891764
1710527555.8427782,3.3471438619825573
1710527555.8428917,3.3212206098768444
1710527555.8430052,3.2952973577711315
1710527555.8431187,3.270775477091471
1710527555.843232,3.2473047574361162
1710527555.8433454,3.223133087158203
1710527555.843459,3.199311892191569
1710527555.8435724,3.1751402219136553
1710527555.8436856,3.1495674451192217
1710527555.843799,3.1243448787265353
1710527555.8439126,3.0984218915303545
1710527555.844026,3.072848849826389
1710527555.8441393,3.049728340572781
1710527555.8442528,3.0287096235487194
1710527555.8443663,3.008391327328152
1710527555.8444796,2.9915764596727157
1710527555.844593,2.9744111167060003
1710527555.8447065,2.957946459452311
1710527555.84482,2.9397302203708224
1710527555.8449333,2.921513981289334
1710527555.8450468,2.902246846093072
1710527555.8451602,2.8822790251837835
1710527555.8452737,2.8633621003892684
1710527555.845387,2.8458465470208063
1710527555.8455005,2.8311332066853843
1710527555.845614,2.8181717130872936
1710527555.8457274,2.8066113260057235
1710527555.8458407,2.796452310350206
1710527555.8459542,2.7859430842929416
1710527555.8460677,2.7743826972113714
1710527555.8461812,2.7614212036132812
1710527555.8462944,2.746707863277859
1710527555.846408,2.730593681335449
1710527555.8465214,2.7141287591722274
1710527555.8466349,2.6976641019185386
1710527555.846748,2.6836517122056747
1710527555.8468616,2.6710404290093317
1710527555.846975,2.6594800419277616
1710527555.8470886,2.6472192340426974
1710527555.8472018,2.6349581612481012
1710527555.8473153,2.619194189707438
1710527555.8474288,2.6020288467407227
1710527555.8475423,2.581010129716661
1710527555.8476555,2.5582398308648004
1710527555.847769,2.534418635898166
1710527555.8478825,2.5088455941942
1710527555.847996,2.484674188825819
1710527555.8481092,2.460502518547906
1710527555.8482227,2.4359806378682456
1710527555.8483362,2.4107580714755588
1710527555.8484497,2.383433712853326
1710527555.848563,2.352606190575494
1710527555.8486764,2.318275769551595
1710527555.84879,2.279741234249539
1710527555.8489032,2.238404485914442
1710527555.8490167,2.1939146518707275
1710527555.8491302,2.1466224723392062
1710527555.8492436,2.098979949951172
1710527555.849357,2.048534949620565
1710527555.8494704,1.9977396064334445
1710527555.8495839,1.9441417853037515
1710527555.8496974,1.8891427252027724
1710527555.8498106,1.8306405014461942
1710527555.849924,1.7686352464887831
1710527555.8500376,1.702426142162747
1710527555.850151,1.6320133209228516
1710527555.8502643,1.557396782769097
1710527555.8503778,1.479977634218004
1710527555.8504913,1.399756007724338
1710527555.8506048,1.3177829318576388
1710527555.850718,1.233707931306627
1710527555.8508315,1.1475310060713027
1710527555.850945,1.0592522223790486
1710527555.8510585,0.9699224763446384
1710527555.8511717,0.8763890133963691
1710527555.8512852,0.7814543114768134
1710527555.8513987,0.6823158926433986
1710527555.8515122,0.5786233478122287
1710527555.8516254,0.47212832503848606
1710527555.851739,0.36213017172283596
1710527555.8518524,0.25003014339341056
1710527555.851966,0.1361785415146086
1710527555.8520792,0.021976642310619354
1710527555.8521926,-0.09185697469446394
1710527555.8523061,-0.2060365511311425
1710527555.8524196,-0.3198658757739597
1710527555.8525329,-0.4336951838599311
1710527555.8526464,-0.550326473183102
1710527555.8527598,-0.668008459938897
1710527555.8528733,-0.7884924279318916
1710527555.8529866,-0.910727580388387
1710527555.8531,-1.0347139835357666
1710527555.8532135,-1.1583501762813992
1710527555.8533268,-1.2795346313052707
1710527555.8534403,-1.3993181122673881
1710527555.8535538,-1.5141981177859836
1710527555.8536673,-1.626626518037584
1710527555.8537805,-1.7352020740509033
1710527555.853894,-1.8423767884572346
1710527555.8540075,-1.949551502863566
1710527555.854121,-2.0553252432081432
1710527555.8542342,-2.1617994043562145
1710527555.8543477,-2.2668727238972983
1710527555.8544612,-2.36879375245836
1710527555.8545747,-2.4672121471828885
1710527555.854688,-2.5596767001681857
1710527555.8548014,-2.6465370919969344
1710527555.854915,-2.7270934316847057
1710527555.8550284,-2.8030962414211698
1710527555.8551416,-2.87349541982015
1710527555.8552551,-2.942143281300863
1710527555.8553686,-3.0083394050598145
1710527555.855482,-3.072434001498752
1710527555.8555954,-3.1340768602159286
1710527555.8557088,-3.193268246120877
1710527555.8558223,-3.24755589167277
1710527555.8559358,-3.2958896954854326
1710527555.856049,-3.3382691277398004
1710527555.8561625,-3.374694718254937
1710527555.856276,-3.405165937211778
1710527555.8563895,-3.4303834703233504
1710527555.8565028,-3.4527990553114147
1710527555.8566163,-3.471712271372477
1710527555.8567297,-3.488874170515272
1710527555.8568432,-3.5039345423380532
1710527555.8569565,-3.5172438621520996
1710527555.85707,-3.5270508130391436
1710527555.8571835,-3.533355130089654
1710527555.857297,-3.5351064470079208
1710527555.8574102,-3.5340555508931475
1710527555.8575237,-3.5281014442443848
1710527555.8576372,-3.5193453894721136
1710527555.8577504,-3.5081375969780817
1710527555.857864,-3.4955286979675293
1710527555.8579774,-3.481869167751736
1710527555.8580909,-3.467509216732449
1710527555.8582041,-3.4527990553114147
1710527555.8583176,-3.4366877873738604
1710527555.858431,-3.4205765194363065
1710527555.8585446,-3.403064409891764
1710527555.8586578,-3.384851614634196
1710527555.8587713,-3.3645375569661455
1710527555.8588848,-3.3421219719780817
1710527555.8589983,-3.318305280473497
1710527555.8591115,-3.293437957763672
1710527555.859225,-3.2685706350538464
1710527555.8593385,-3.243353101942274
1710527555.859452,-3.2198866208394366
1710527555.8595653,-3.1971208254496255
1710527555.8596787,-3.1757558716668024
1710527555.8597922,-3.155091603597005
1710527555.8599057,-3.1368788083394366
1710527555.860019,-3.1169149610731335
1710527555.8601325,-3.0962506930033364
1710527555.860246,-3.0741853184170194
1710527555.8603594,-3.052470154232449
1710527555.8604727,-3.0290036731296115
1710527555.8605862,-3.006588088141547
1710527555.8606997,-2.985573344760471
1710527555.8608131,-2.967711024814182
1710527555.8609264,-2.9512495464748807
1710527555.8610399,-2.9379402266608343
1710527555.8611534,-2.9253315925598145
1710527555.8612669,-2.913423114352756
1710527555.86138,-2.9001137945387097
1710527555.8614936,-2.886804739634196
1710527555.861607,-2.8710436820983887
1710527555.8617206,-2.8542319933573403
1710527555.8618338,-2.838120725419786
1710527555.8619473,-2.822009457482232
1710527555.8620608,-2.8090503480699325
1710527555.862174,-2.7978425555759006
1710527555.8622875,-2.7894367112053766
1710527555.862401,-2.7803304460313583
1710527555.8625145,-2.7712241808573403
1710527555.8626277,-2.761067019568549
1710527555.8627412,-2.74810791015625
1710527555.8628547,-2.733047538333469
1710527555.8629682,-2.715885639190674
1710527555.8630815,-2.6983732647365994
1710527555.863195,-2.6805109447903104
1710527555.8633084,-2.6633487807379828
1710527555.863422,-2.648638619316949
1710527555.8635352,-2.6353292995029025
1710527555.8636487,-2.6209693484836154
1710527555.8637621,-2.6066093974643283
1710527555.8638756,-2.590147919125027
1710527555.8639889,-2.5708844926622176
1710527555.8641024,-2.5488191180759006
1710527555.8642159,-2.523951795366075
1710527555.8643293,-2.496632734934489
1710527555.8644426,-2.4689634641011557
1710527555.864556,-2.440943982866075
1710527555.8646696,-2.4115233951144748
1710527555.864783,-2.3831537034776473
1710527555.8648963,-2.353032694922553
1710527555.8650098,-2.3215105798509383
1710527555.8651233,-2.285785675048828
1710527555.8652368,-2.2483097182379828
1710527555.86535,-2.205229732725355
1710527555.8654635,-2.1579466925726996
1710527555.865577,-2.107511626349555
1710527555.8656905,-2.0532237158881292
1710527555.8658037,-1.9971847534179688
1710527555.8659172,-1.939744684431288
1710527555.8660307,-1.880903641382853
1710527555.8661442,-1.8192606502109103
1710527555.8662574,-1.7565670278337266
1710527555.866371,-1.6903709040747747
1710527555.8664844,-1.6213728321923149
1710527555.8665977,-1.54852204852634
1710527555.8667111,-1.471468342675103
1710527555.8668246,-1.3895112938351102
1710527555.866938,-1.303701400756836
1710527555.8670514,-1.214389271206326
1710527555.8671649,-1.1222750610775418
1710527555.8672783,-1.0270086261961195
1710527555.8673918,-0.9303412834803263
1710527555.867505,-0.831572413444519
1710527555.8676186,-0.7314026355743408
1710527555.867732,-0.6291313966115316
1710527555.8678455,-0.5247586303287082
1710527555.8679588,-0.4168834620051914
1710527555.8680723,-0.305155615011851
1710527555.8681858,-0.18852434224552578
1710527555.8682992,-0.06979160010814667
1710527555.8684125,0.05245383828878403
1710527555.868526,0.17646448479758367
1710527555.8686395,0.29977450768152875
1710527555.868753,0.4223839441935221
1710527555.8688662,0.5435920755068461
1710527555.8689797,0.6633989678488837
1710527555.8690932,0.7828556166754829
1710527555.8692067,0.9019618564181857
1710527555.86932,1.0231700208452013
1710527555.8694334,1.1464801099565294
1710527555.869547,1.271891991297404
1710527555.8696604,1.399756007724338
1710527555.8697736,1.5258685747782388
1710527555.869887,1.6509301132626004
1710527555.8700006,1.771788067287869
1710527555.870114,1.8887923823462591
1710527555.8702273,2.0001918739742703
1710527555.8703408,2.107387516233656
1710527555.8704543,2.2117806805504694
1710527555.8705678,2.314422130584717
1710527555.870681,2.4167135026719833
1710527555.8707945,2.517953713734945
1710527555.870908,2.618493503994412
1710527555.8710213,2.715880341000027
1710527555.8711348,2.8087133831448026
1710527555.8712482,2.895590729183621
1710527555.8713617,2.975812488132053
1710527555.871475,3.0490276548597546
1710527555.8715885,3.1145360734727645
1710527555.871702,3.1751402219136553
1710527555.8718154,3.231190310584174
1710527555.8719287,3.284437656402588
1710527555.8720422,3.3366343710157604
1710527555.8721557,3.385678132375081
1710527555.8722692,3.43156894048055
1710527555.8723824,3.473256164126926
1710527555.872496,3.50863774617513
1710527555.8726094,3.538414372338189
1710527555.8727229,3.562235567304823
1710527555.872836,3.580101595984565
1710527555.8729496,3.592712879180908
1710527555.873063,3.6021712091233993
1710527555.8731766,3.6091775364345975
1710527555.8732898,3.614432281917996
1710527555.8734033,3.6175849702623153
1710527555.8735168,3.6186358663770886
1710527555.8736303,3.6175849702623153
1710527555.8737435,3.6140818066067166
1710527555.873857,3.6063750584920244
1710527555.8739705,3.595165146721734
1710527555.874084,3.580802281697591
1710527555.8741972,3.564337624443902
1710527555.8743107,3.5447200139363604
1710527555.8744242,3.524051507314046
1710527555.8745377,3.5012812084621854
1710527555.874651,3.478160699208577
1710527555.8747644,3.4557406107584634
1710527555.874878,3.4329703119066024
1710527555.8749914,3.4098498026529946
1710527555.8751047,3.3860283427768283
1710527555.8752182,3.362207147810194
1710527555.8753316,3.3376852671305337
1710527555.875445,3.3117622799343533
1710527555.8755584,3.284788131713867
1710527555.8756719,3.257813983493381
1710527555.8757854,3.230489624871148
1710527555.8758986,3.202815055847168
1710527555.876012,3.176891803741455
1710527555.8761256,3.1516692373487682
1710527555.876239,3.128198252783881
1710527555.8763523,3.1068293253580728
1710527555.8764658,3.0865112940470376
1710527555.8765793,3.065842787424723
1710527555.8766928,3.046225176917182
1710527555.876806,3.0245057741800943
1710527555.8769195,3.0024361610412598
1710527555.877033,2.9803665479024253
1710527555.8771465,2.9582966698540583
1710527555.8772597,2.93692774242825
1710527555.8773732,2.918361028035482
1710527555.8774867,2.901195685068766
1710527555.8776002,2.8864826096428766
1710527555.8777134,2.87282043033176
1710527555.877827,2.86126004325019
1710527555.8779404,2.8482985496520996
1710527555.878054,2.834636370340983
1710527555.8781672,2.819222609202067
1710527555.8782806,2.803108162350125
1710527555.8783941,2.7855926089816623
1710527555.8785076,2.7698286374409995
1710527555.8786209,2.7547650867038302
1710527555.8787344,2.74180359310574
1710527555.8788478,2.730593681335449
1710527555.8789613,2.719733979966905
1710527555.8790746,2.7102753851148815
1710527555.879188,2.6987149980333114
1710527555.8793015,2.685052818722195
1710527555.879415,2.669288847181532
1710527555.8795283,2.6510726081000433
1710527555.8796418,2.6318054729037814
1710527555.8797553,2.611136966281467
1710527555.8798685,2.5911691453721786
1710527555.879982,2.5715515348646374
1710527555.8800955,2.5533352957831488
1710527555.880209,2.534768846299913
1710527555.8803222,2.514801025390625
1710527555.8804357,2.4927314122517905
1710527555.8805492,2.469260427686903
1710527555.8806627,2.4401844872368708
1710527555.880776,2.408656279246012
1710527555.8808894,2.3757269647386337
1710527555.881003,2.338944011264377
1710527555.8811164,2.3018108473883734
1710527555.8812296,2.2629263665941024
1710527555.8813431,2.224742306603326
1710527555.8814566,2.184105979071723
1710527555.88157,2.1427690982818604
1710527555.8816833,2.0979290538363986
1710527555.8817968,2.0502865314483643
1710527555.8819103,1.9987906350029838
1710527555.8820238,1.9423902034759521
1710527555.882137,1.8824867407480874
1710527555.8822505,1.818729903962877
1710527555.882364,1.7535718282063801
1710527555.8824775,1.6856111420525444
1710527555.8825908,1.6151983208126492
1710527555.8827043,1.541632678773668
1710527555.8828177,1.4680670367346869
1710527555.8829312,1.391698916753133
1710527555.8830445,1.3114772902594671
1710527555.883158,1.2284531858232286
1710527555.8832715,1.140875021616618
1710527555.883385,1.048742863867018
1710527555.8834982,0.9538080957200792
1710527555.8836117,0.8553702963723077
1710527555.8837252,0.7534293333689371
1710527555.8838387,0.6493865119086372
1710527555.883952,0.5442926949924892
1710527555.8840654,0.4381479819615682
1710527555.8841789,0.33095233970218235
1710527555.8842921,0.22270575165748596
1710527555.8844056,0.11340822610590193
1710527555.884519,0.0013081985525786877
1710527555.8846326,-0.11252137521902719
1710527555.8847458,-0.22985314329465228
1710527555.8848593,-0.34928636418448555
1710527555.8849728,-0.4711713062392341
1710527555.8850863,-0.5934064918094211
1710527555.8851995,-0.7156416442659166
1710527555.885313,-0.8371763759189181
1710527555.8854265,-0.9555588165918986
1710527555.88554,-1.072890626059638
1710527555.8856533,-1.1874204211764865
1710527555.8857667,-1.301249795489841
1710527555.8858802,-1.4147288269466824
1710527555.8859937,-1.5285580688052707
1710527555.886107,-1.6427376535203722
1710527555.8862205,-1.7579680018954806
1710527555.886334,-1.8717973762088351
1710527555.8864474,-1.9835252232021756
1710527555.8865607,-2.0921007792154946
1710527555.8866742,-2.194722361034817
1710527555.8867877,-2.2920902570088706
1710527555.8869011,-2.3852552307976618
1710527555.8870144,-2.4742171499464245
1710527555.8871279,-2.559326489766439
1710527555.8872414,-2.6437351438734265
1710527555.8873549,-2.7263927459716797
1710527555.887468,-2.807649506462945
1710527555.8875816,-2.887154950035943
1710527555.887695,-2.9631577597724066
1710527555.8878086,-3.0332067277696395
1710527555.8879218,-3.097301324208577
1710527555.8880353,-3.155441813998752
1710527555.8881488,-3.2072779867384167
1710527555.8882623,-3.2528095775180392
1710527555.8883755,-3.294839064280192
1710527555.888489,-3.3323150210910373
1710527555.8886025,-3.3676897154914007
1710527555.8887157,-3.401313092973497
1710527555.8888292,-3.432484997643365
1710527555.8889427,-3.4591033723619247
1710527555.8890562,-3.4822196430630155
1710527555.8891695,-3.5011325942145453
1710527555.889283,-3.5140917036268444
1710527555.8893964,-3.522497547997369
1710527555.88951,-3.5259999169243708
1710527555.8896232,-3.526700602637397
1710527555.8897367,-3.5235484441121416
1710527555.8898501,-3.5193453894721136
1710527555.8899636,-3.5137414932250977
1710527555.8900769,-3.5074371761745877
1710527555.8901904,-3.4990313318040633
1710527555.8903039,-3.488874170515272
1710527555.8904173,-3.477316167619493
1710527555.8905306,-3.464357058207194
1710527555.890644,-3.4485960006713867
1710527555.8907576,-3.4303834703233504
1710527555.890871,-3.4104196230570474
1710527555.8909843,-3.3883542484707303
1710527555.8910978,-3.3659383985731335
1710527555.8912113,-3.3431726031833224
1710527555.8913248,-3.3204068077935114
1710527555.891438,-3.297991222805447
1710527555.8915515,-3.276276058620877
1710527555.891665,-3.255961736043294
1710527555.8917785,-3.235647678375244
1710527555.8918917,-3.214983410305447
1710527555.8920052,-3.1939686669243708
1710527555.8921187,-3.1708526611328125
1710527555.8922322,-3.146685759226481
1710527555.8923454,-3.1214682261149087
1710527555.892459,-3.0969511138068304
1710527555.8925724,-3.072434001498752
1710527555.892686,-3.049668206108941
1710527555.8927991,-3.0293538835313583
1710527555.8929126,-3.010440667470296
1710527555.893026,-2.993278768327501
1710527555.8931394,-2.9775177107916937
1710527555.8932528,-2.961406707763672
1710527555.8933663,-2.9442445437113443
1710527555.8934798,-2.9260320133633084
1710527555.893593,-2.907118797302246
1710527555.8937066,-2.88750516043769
1710527555.89382,-2.8696425755818686
1710527555.8939335,-2.8528308868408203
1710527555.8940468,-2.838470935821533
1710527555.8941603,-2.827613353729248
1710527555.8942738,-2.81850708855523
1710527555.8943872,-2.8094005584716797
1710527555.8945005,-2.8006445036994085
1710527555.894614,-2.7901371320088706
1710527555.8947275,-2.7768280771043563
1710527555.894841,-2.7628183364868164
1710527555.8949542,-2.747407489352756
1710527555.8950677,-2.7319966422186956
1710527555.8951812,-2.7176366911994085
1710527555.8952947,-2.7053782675001354
1710527555.895408,-2.693469789293077
1710527555.8955214,-2.6847137345208063
1710527555.895635,-2.675607469346788
1710527555.8957484,-2.664749887254503
1710527555.8958616,-2.652140988243951
1710527555.895975,-2.636380195617676
1710527555.8960886,-2.619218031565348
1710527555.896202,-2.5989039738972983
1710527555.8963153,-2.576138178507487
1710527555.8964288,-2.5547732247246637
1710527555.8965423,-2.5323576397365994
1710527555.8966558,-2.51169310675727
1710527555.896769,-2.490328417883979
1710527555.8968825,-2.4672121471828885
1710527555.896996,-2.44269503487481
1710527555.8971095,-2.415376239352756
1710527555.8972228,-2.3835039138793945
1710527555.8973362,-2.348829640282525
1710527555.8974497,-2.3103027873569064
1710527555.897563,-2.26897398630778
1710527555.8976765,-2.2251934475368924
1710527555.89779,-2.180362277560764
1710527555.8979034,-2.1344803439246283
1710527555.8980167,-2.087197436226739
1710527555.8981302,-2.038863764868842
1710527555.8982437,-1.9877281453874376
1710527555.8983572,-1.9334402349260118
1710527555.8984704,-1.875649955537584
1710527555.898584,-1.8133065435621474
1710527555.8986974,-1.7464099989997015
1710527555.8988109,-1.6756606101989746
1710527555.898924,-1.6014088524712455
1710527555.8990376,-1.5240049362182617
1710527555.899151,-1.4441492822435167
1710527555.8992646,-1.3618420230017767
1710527555.8993778,-1.2774331039852567
1710527555.8994913,-1.1909227901034884
1710527555.8996048,-1.1026613579856024
1710527555.8997183,-1.0115979115168254
1710527555.8998315,-0.916331476635403
1710527555.899945,-0.8168621857961018
1710527555.9000585,-0.7121392091115316
1710527555.900172,-0.6046142843034532
1710527555.9002852,-0.49183570676379734
1710527555.9003987,-0.37765612204869586
1710527555.9005122,-0.2606746223237779
1710527555.9006257,-0.14334286252657572
1710527555.900739,-0.026361337966389127
1710527555.9008524,0.09133853018283844
1710527555.900966,0.20869324604670206
1710527555.9010794,0.32639827993181014
1710527555.9011927,0.4455045527882046
1710527555.9013062,0.5695152282714844
1710527555.9014196,0.6952774524688721
1710527555.9015331,0.8234918117523193
1710527555.9016464,0.9524068567487929
1710527555.9017599,1.0820225212309096
1710527555.9018734,1.2091860506269667
1710527555.9019866,1.3338972462548149
1710527555.9021,1.453353828854031
1710527555.9022136,1.5703582763671875
1710527555.902327,1.684209903081258
1710527555.9024403,1.7952589193979898
1710527555.9025538,1.9084099928538003
1710527555.9026673,2.0201596948835583
1710527555.9027808,2.1329602930280895
1710527555.902894,2.245761023627387
1710527555.9030075,2.355058458116319
1710527555.903121,2.4594516224331326
1710527555.9032345,2.5603416230943465
1710527555.9033477,2.6528241899278426
1710527555.9034612,2.7397018008761935
1710527555.9035747,2.82027350531684
1710527555.9036882,2.8976927863226996
1710527555.9038014,2.9712584283616805
1710527555.903915,3.0441233846876354
1710527555.9040284,3.1134851773579912
1710527555.904142,3.181445863511827
1710527555.9042552,3.2452027002970376
1710527555.9043686,3.304755952623155
1710527555.9044821,3.357653088039822
1710527555.9045956,3.40389437145657
1710527555.9047089,3.442779117160373
1710527555.9048223,3.475708431667752
1710527555.9049358,3.5044341617160373
1710527555.9050493,3.527554670969645
1710527555.9051626,3.5492740737067328
1710527555.905276,3.569241894616021
1710527555.9053895,3.5864072375827365
1710527555.905503,3.6014707883199053
1710527555.9056163,3.611629803975423
1710527555.9057298,3.618986341688368
1710527555.9058433,3.6203874482048883
1710527555.9059567,3.6186358663770886
1710527555.90607,3.61198001437717
1710527555.9061835,3.6021712091233993
1710527555.906297,3.5899104012383356
1710527555.9064102,3.5758977466159396
1710527555.9065237,3.5604839854770236
1710527555.9066372,3.5440193282233343
1710527555.9067507,3.527554670969645
1710527555.906864,3.5093384318881564
1710527555.9069774,3.4907719824049206
1710527555.907091,3.470103475782606
1710527555.9072044,3.4483840730455184
1710527555.9073176,3.4249130884806314
1710527555.9074311,3.3993403116861978
1710527555.9075446,3.373417059580485
1710527555.907658,3.346092700958252
1710527555.9077713,3.318418131934272
1710527555.9078848,3.291093773312039
1710527555.9079983,3.264820310804579
1710527555.9081118,3.239947954813639
1710527555.908225,3.216477235158284
1710527555.9083385,3.193006250593397
1710527555.908452,3.1705861621432834
1710527555.9085655,3.148516549004449
1710527555.9086788,3.125746250152588
1710527555.9087923,3.1019247902764215
1710527555.9089057,3.0774029095967608
1710527555.9090192,3.0532315042283797
1710527555.9091325,3.0290598339504666
1710527555.909246,3.0062895350986056
1710527555.9093595,2.9852708180745444
1710527555.909473,2.9670545789930554
1710527555.9095862,2.950589921739366
1710527555.9096997,2.9348256852891708
1710527555.9098132,2.9204630851745605
1710527555.9099267,2.9046988487243652
1710527555.91004,2.888934877183702
1710527555.9101534,2.8710688485039606
1710527555.9102669,2.853203084733751
1710527555.9103804,2.8353370560540094
1710527555.9104936,2.819573084513346
1710527555.910607,2.80415932337443
1710527555.9107206,2.7915480401780868
1710527555.9108338,2.782089445326063
1710527555.9109473,2.772631115383572
1710527555.9110608,2.7624720997280545
1710527555.9111743,2.7519626087612576
1710527555.9112875,2.7400520112779403
1710527555.911401,2.725338935852051
1710527555.9115145,2.7095746994018555
1710527555.911628,2.6927598317464194
1710527555.9117413,2.675244278377957
1710527555.9118547,2.660530938042535
1710527555.9119682,2.645467652214898
1710527555.9120817,2.631454997592502
1710527555.912195,2.6177928182813854
1710527555.9123085,2.603079742855496
1710527555.912422,2.58591439988878
1710527555.9125354,2.5666472646925182
1710527555.9126487,2.543176280127631
1710527555.9127622,2.517253292931451
1710527555.9128757,2.489578458997938
1710527555.9129891,2.460502518547906
1710527555.9131024,2.429674996270074
1710527555.9132159,2.400599055820041
1710527555.9133294,2.370472219255235
1710527555.9134429,2.3392944865756564
1710527555.913556,2.3063649071587458
1710527555.9136696,2.269932428995768
1710527555.913783,2.230347262488471
1710527555.9138966,2.187609010272556
1710527555.9140098,2.1403168307410345
1710527555.9141233,2.0898718304104276
1710527555.9142368,2.0362740092807345
1710527555.9143503,1.9809246063232422
1710527555.9144635,1.9238236215379503
1710527555.914577,1.8642705016665988
1710527555.9146905,1.803666485680474
1710527555.914804,1.7402598592970107
1710527555.9149172,1.6744010978274875
1710527555.9150307,1.6046889623006184
1710527555.9151442,1.5311233202616372
1710527555.9152575,1.453353828854031
1710527555.915371,1.3706800672743056
1710527555.9154844,1.2855541706085205
1710527555.915598,1.1972753206888835
1710527555.9157112,1.1061941252814398
1710527555.9158247,1.0137115584479437
1710527555.9159381,0.9191271993849013
1710527555.9160516,0.8231415351231892
1710527555.9161649,0.7250540124045478
1710527555.9162784,0.6252149078581068
1710527555.9163918,0.5236242545975579
1710527555.9165053,0.4174795415666368
1710527555.9166186,0.3092329700787862
1710527555.916732,0.19643230570687187
1710527555.9168456,0.08117946485678355
1710527555.916959,-0.03791939467191696
1710527555.9170723,-0.15700237618552312
1710527555.9171858,-0.27678584059079486
1710527555.9172993,-0.3958688179651896
1710527555.9174128,-0.512850350803799
1710527555.917526,-0.6294816070132785
1710527555.9176395,-0.7461128632227579
1710527555.917753,-0.8623939090304904
1710527555.9178665,-0.9797256522708468
1710527555.9179797,-1.0991589228312175
1710527555.9180932,-1.219642824596829
1710527555.9182067,-1.3408272796207004
1710527555.9183202,-1.462011734644572
1710527555.9184334,-1.5796938207414415
1710527555.918547,-1.6949240366617837
1710527555.9186604,-1.8052509095933702
1710527555.918774,-1.9117252031962075
1710527555.9188871,-2.014346652560764
1710527555.9190006,-2.114166153801812
1710527555.919114,-2.2125848134358725
1710527555.9192276,-2.3096023665534124
1710527555.9193408,-2.4062697092692056
1710527555.9194543,-2.5022366311815047
1710527555.9195678,-2.5954016049702964
1710527555.919681,-2.684363524119059
1710527555.9197946,-2.7684222327338324
1710527555.919908,-2.8465265697903104
1710527555.9200215,-2.917626168992784
1710527555.9201348,-2.983472082349989
1710527555.9202483,-3.0437138345506454
1710527555.9203618,-3.1011539035373263
1710527555.9204752,-3.155792024400499
1710527555.9205885,-3.2090290387471514
1710527555.920702,-3.2594643698798285
1710527555.9208155,-3.307097487979465
1710527555.920929,-3.3508780267503524
1710527555.9210422,-3.3904555108812118
1710527555.9211557,-3.4233784675598145
1710527555.9212692,-3.4513979487948947
1710527555.9213827,-3.473113112979465
1710527555.921496,-3.4906254874335394
1710527555.9216094,-3.5046352280510797
1710527555.921723,-3.5147921244303384
1710527555.9218364,-3.5228477583991156
1710527555.9219496,-3.5305531819661455
1710527555.922063,-3.535456657409668
1710527555.9221766,-3.537558184729682
1710527555.92229,-3.537207974327935
1710527555.9224033,-3.5337053404914007
1710527555.9225168,-3.526700602637397
1710527555.9226303,-3.5161932309468584
1710527555.9227438,-3.5021834903293185
1710527555.922857,-3.487122853597005
1710527555.9229705,-3.469610744052463
1710527555.923084,-3.4520986345079208
1710527555.9231975,-3.4307336807250977
1710527555.9233108,-3.412170675065782
1710527555.9234242,-3.392907248602973
1710527555.9235377,-3.375044928656684
1710527555.9236512,-3.3540301852756076
1710527555.9237645,-3.3330154418945312
1710527555.923878,-3.3116507530212402
1710527555.9239914,-3.2888846927218967
1710527555.9241047,-3.2636671596103244
1710527555.9242182,-3.2373989952935114
1710527555.9243317,-3.211130566067166
1710527555.9244452,-3.183811505635579
1710527555.9245584,-3.158944182925754
1710527555.924672,-3.134777545928955
1710527555.9247854,-3.1120114856296115
1710527555.9248989,-3.091697427961561
1710527555.925012,-3.072434001498752
1710527555.9251256,-3.05352078543769
1710527555.925239,-3.0335569381713867
1710527555.9253526,-3.0132426155938044
1710527555.9254658,-2.99222813712226
1710527555.9255793,-2.969812552134196
1710527555.9256928,-2.9484475983513727
1710527555.9258063,-2.928483751085069
1710527555.9259195,-2.910621166229248
1710527555.926033,-2.895560794406467
1710527555.9261465,-2.882601684994168
1710527555.92626,-2.8706934716966415
1710527555.9263732,-2.8594856792026095
1710527555.9264867,-2.8482778867085776
1710527555.9266002,-2.834618356492784
1710527555.9267137,-2.820258140563965
1710527555.926827,-2.80449734793769
1710527555.9269404,-2.7876856591966415
1710527555.927054,-2.7712241808573403
1710527555.9271674,-2.7572144402398004
1710527555.9272807,-2.744605541229248
1710527555.9273942,-2.735149065653483
1710527555.9275076,-2.7267429563734265
1710527555.9276211,-2.7183371120029025
1710527555.9277344,-2.7081802156236434
1710527555.9278479,-2.6969724231296115
1710527555.9279613,-2.682612207200792
1710527555.9280748,-2.6661507288614907
1710527555.928188,-2.648638619316949
1710527555.9283016,-2.6311265097724066
1710527555.928415,-2.613614135318332
1710527555.9285283,-2.5975031322903104
1710527555.9286418,-2.583493126763238
1710527555.9287553,-2.568432754940457
1710527555.9288688,-2.5523214870029025
1710527555.928982,-2.5344591670566134
1710527555.9290955,-2.513444423675537
1710527555.929209,-2.488927311367459
1710527555.9293225,-2.4612580405341253
1710527555.9294357,-2.429736190372043
1710527555.9295492,-2.3971634440951877
1710527555.9296627,-2.362839380900065
1710527555.9297762,-2.328165372212728
1710527555.9298894,-2.2938413090176053
1710527555.930003,-2.257065773010254
1710527555.9301164,-2.2195896837446423
1710527555.93023,-2.178260882695516
1710527555.9303432,-2.1337799231211343
1710527555.9304566,-2.0857964621649847
1710527555.9305701,-2.032209104961819
1710527555.9306836,-1.9754695892333984
1710527555.9307969,-1.9148773617214627
1710527555.9309103,-1.8518333964877658
1710527555.9310238,-1.7859874831305609
1710527555.9311373,-1.7180401749081082
1710527555.9312506,-1.6479913393656411
1710527555.931364,-1.5761913193596733
1710527555.9314775,-1.5022897720336914
1710527555.931591,-1.4248858557807074
1710527555.9317043,-1.3439795706007216
1710527555.9318178,-1.2588702307807074
1710527555.9319313,-1.1692077583736844
1710527555.9320447,-1.0749920871522691
1710527555.932158,-0.9772739807764689
1710527555.9322715,-0.8753529522154067
1710527555.932385,-0.7716807391908433
1710527555.9324985,-0.666607485877143
1710527555.9326117,-0.5604835351308187
1710527555.9327252,-0.4529586103227403
1710527555.9328387,-0.3443829549683465
1710527555.932952,-0.23370582196447584
1710527555.9330654,-0.12197796669271257
1710527555.933179,-0.006397426542308595
1710527555.9332924,0.11340822610590193
1710527555.9334056,0.23531700174013773
1710527555.9335191,0.3607288996378581
1710527555.9336326,0.48789239592022365
1710527555.933746,0.6150558259752061
1710527555.9338593,0.7408180501725938
1710527555.9339728,0.8641280730565388
1710527555.9340863,0.9853362374835544
1710527555.9341998,1.1051431629392836
1710527555.934313,1.2235487831963432
1710527555.9344265,1.3426551553938124
1710527555.93454,1.4631626341078017
1710527555.9346535,1.5850713517930772
1710527555.9347668,1.7083814409044054
1710527555.9348803,1.8309908443027072
1710527555.9349937,1.9507977697584364
1710527555.9351072,2.0671015315585666
1710527555.9352205,2.1785008907318115
1710527555.935334,2.2835946083068848
1710527555.9354475,2.383784188164605
1710527555.935561,2.479069232940674
1710527555.9356742,2.5712013244628906
1710527555.9357877,2.66158209906684
1710527555.9359012,2.7519626087612576
1710527555.9360147,2.8395409054226346
1710527555.936128,2.9253673553466797
1710527555.9362414,3.0062895350986056
1710527555.9363549,3.0823074446784124
1710527555.9364684,3.150968551635742
1710527555.9365816,3.2129740715026855
1710527555.936695,3.2665718926323786
1710527555.9368086,3.31526517868042
1710527555.936922,3.359754880269368
1710527555.9370353,3.4007416831122503
1710527555.9371488,3.439275953504774
1710527555.9372623,3.475708431667752
1710527555.9373755,3.5100391176011825
1710527555.937489,3.5398157437642412
1710527555.9376025,3.5650380452473955
1710527555.937716,3.58570655186971
1710527555.9378293,3.6004196272956
1710527555.9379427,3.6095277468363443
1710527555.9380562,3.6140818066067166
1710527555.9381697,3.6137315962049694
1710527555.938283,3.61198001437717
1710527555.9383965,3.607776429918077
1710527555.93851,3.6025216844346786
1710527555.9386234,3.595515357123481
1710527555.9387367,3.5867574479844833
1710527555.9388502,3.5758977466159396
1710527555.9389637,3.5611846711900497
1710527555.9390771,3.545420699649387
1710527555.9391904,3.5265037748548718
1710527555.9393039,3.504083686404758
1710527555.9394174,3.4809631771511502
1710527555.9395308,3.4560908211602106
1710527555.939644,3.429817623562283
1710527555.9397576,3.403544161054823
1710527555.939871,3.376920223236084
1710527555.9399846,3.350646760728624
1710527555.9400978,3.325774669647217
1710527555.9402113,3.3009025785658093
1710527555.9403248,3.276380697886149
1710527555.9404383,3.2522090276082354
1710527555.9405515,3.226636250813802
1710527555.940665,3.200362788306342
1710527555.9407785,3.1744395362006292
1710527555.940892,3.1471151775783963
1710527555.9410052,3.1204915046691895
1710527555.9411187,3.0945682525634766
1710527555.9412322,3.0700463718838162
1710527555.9413457,3.0483269691467285
1710527555.941459,3.0280089378356934
1710527555.9415724,3.0090920130411782
1710527555.941686,2.9915764596727157
1710527555.9417992,2.9740609063042536
1710527555.9419127,2.9558446672227645
1710527555.9420261,2.9362270567152233
1710527555.9421396,2.9169599215189614
1710527555.9422529,2.8976927863226996
1710527555.9423664,2.878425386216905
1710527555.9424798,2.8602091471354165
1710527555.9425933,2.8458465470208063
1710527555.9427066,2.8318338923984103
1710527555.94282,2.821324666341146
1710527555.9429336,2.811165385776096
1710527555.943047,2.8003056844075522
1710527555.9431603,2.7897964583502874
1710527555.9432738,2.7761342790391708
1710527555.9433873,2.761771414015028
1710527555.9435008,2.7449562814500594
1710527555.943614,2.7295425203111434
1710527555.9437275,2.7141287591722274
1710527555.943841,2.7008170551723905
1710527555.9439545,2.688205771976047
1710527555.9440677,2.6773460706075034
1710527555.9441812,2.667187054951986
1710527555.9442947,2.6552764574686685
1710527555.9444082,2.6416142781575522
1710527555.9445214,2.625850041707357
1710527555.944635,2.6058822207980685
1710527555.9447484,2.5848635037740073
1710527555.944862,2.5631441010369196
1710527555.9449751,2.5403738021850586
1710527555.9450886,2.518654399447971
1710527555.945202,2.4965847863091364
1710527555.9453156,2.474164697859022
1710527555.9454288,2.451744874318441
1710527555.9455423,2.426872518327501
1710527555.9456558,2.3984972635904946
1710527555.9457693,2.3669690555996366
1710527555.9458826,2.331587473551432
1710527555.945996,2.292702727847629
1710527555.9461095,2.2517161899142795
1710527555.9462228,2.207226620780097
1710527555.9463363,2.1620362334781222
1710527555.9464498,2.115794950061374
1710527555.9465632,2.0678022172715926
1710527555.9466765,2.017707427342733
1710527555.94679,1.9658611880408392
1710527555.9469035,1.9105117850833468
1710527555.947017,1.850257979498969
1710527555.9471302,1.787201828426785
1710527555.9472437,1.718890799416436
1710527555.9473572,1.6470767392052543
1710527555.9474707,1.5724602010515
1710527555.947584,1.495041052500407
1710527555.9476974,1.414469215604994
1710527555.947811,1.3331966929965549
1710527555.9479244,1.249121692445543
1710527555.9480376,1.1632951100667317
1710527555.948151,1.0750162601470947
1710527555.9482646,0.9839349985122681
1710527555.948378,0.8900512589348687
1710527555.9484913,0.791613393359714
1710527555.9486048,0.6900227732128567
1710527555.9487183,0.5852792660395304
1710527555.9488318,0.4770326945516798
1710527555.948945,0.36703454123602974
1710527555.9490585,0.2556351323922475
1710527555.949172,0.14353510406282213
1710527555.9492855,0.03143508194221391
1710527555.9493988,-0.08064916564358605
1710527555.9495122,-0.19307750794622633
1710527555.9496257,-0.306556589073605
1710527555.9497392,-0.4210863841904534
1710527555.9498525,-0.5377176735136244
1710527555.949966,-0.6571508778466119
1710527555.9500794,-0.7779851224687364
1710527555.950193,-0.9002202749252319
1710527555.9503062,-1.0235061910417345
1710527555.9504197,-1.1439900928073459
1710527555.9505332,-1.2620223893059623
1710527555.9506464,-1.377252737681071
1710527555.95076,-1.4893307950761583
1710527555.9508734,-1.6000078784094915
1710527555.9509869,-1.707883146074083
1710527555.9511,-1.8161084916856554
1710527555.9512136,-1.9239836268954806
1710527555.951327,-2.032559315363566
1710527555.9514406,-2.1400842401716442
1710527555.9515538,-2.245157559712728
1710527555.9516673,-2.346728377872043
1710527555.9517808,-2.4433957205878363
1710527555.9518943,-2.53340827094184
1710527555.9520075,-2.6188678211636014
1710527555.952121,-2.6990736855400934
1710527555.9522345,-2.7747265497843423
1710527555.952348,-2.848978307512071
1710527555.9524612,-2.921478748321533
1710527555.9525747,-2.9918779267205133
1710527555.9526882,-3.0605257882012262
1710527555.9528017,-3.124620384640164
1710527555.952915,-3.1852126121520996
1710527555.9530284,-3.2395005226135254
1710527555.953142,-3.2874838511149087
1710527555.9532554,-3.329863283369276
1710527555.9533687,-3.3659383985731335
1710527555.9534822,-3.397110303243001
1710527555.9535956,-3.4247795740763345
1710527555.9537091,-3.450347317589654
1710527555.9538224,-3.473813798692491
1710527555.9539359,-3.4941278563605414
1710527555.9540493,-3.5130410724216037
1710527555.9541628,-3.5281014442443848
1710527555.954276,-3.5379083951314287
1710527555.9543896,-3.544212712181939
1710527555.954503,-3.546314239501953
1710527555.9546165,-3.543862501780192
1710527555.9547298,-3.537558184729682
1710527555.9548433,-3.529852761162652
1710527555.9549568,-3.518995179070367
1710527555.95507,-3.5074371761745877
1710527555.9551835,-3.4948282771640353
1710527555.955297,-3.481518957349989
1710527555.9554105,-3.467859427134196
1710527555.9555237,-3.4527990553114147
1710527555.9556372,-3.4363375769721136
1710527555.9557507,-3.4177745713127985
1710527555.9558642,-3.397810724046495
1710527555.9559774,-3.375745349460178
1710527555.956091,-3.3519286579555936
1710527555.9562044,-3.3274115456475153
1710527555.956318,-3.302194012535943
1710527555.9564312,-3.2773266898261175
1710527555.9565446,-3.253159787919786
1710527555.9566581,-3.230393992529975
1710527555.9567716,-3.2072779867384167
1710527555.9568849,-3.1873141394721136
1710527555.9569983,-3.16594918568929
1710527555.9571118,-3.145284652709961
1710527555.9572253,-3.1225188573201494
1710527555.9573386,-3.0990526411268444
1710527555.957452,-3.0748857392205133
1710527555.9575655,-3.049668206108941
1710527555.957679,-3.0265519354078503
1710527555.9577923,-3.004486560821533
1710527555.9579058,-2.983472082349989
1710527555.9580193,-2.9663099182976618
1710527555.9581327,-2.9501989152696395
1710527555.958246,-2.9365393850538464
1710527555.9583595,-2.9228798548380532
1710527555.958473,-2.908519638909234
1710527555.9585865,-2.8924086358812118
1710527555.9586997,-2.876297367943658
1710527555.9588132,-2.8594856792026095
1710527555.9589267,-2.842323515150282
1710527555.9590402,-2.826912932925754
1710527555.9591534,-2.813953823513455
1710527555.959267,-2.8030962414211698
1710527555.9593804,-2.7946903970506454
1710527555.9594936,-2.787335183885362
1710527555.9596071,-2.7789293395148382
1710527555.9597206,-2.769472863939073
1710527555.959834,-2.7572144402398004
1710527555.9599473,-2.743905120425754
1710527555.9600608,-2.728144062889947
1710527555.9601743,-2.7123830053541393
1710527555.9602878,-2.6966222127278647
1710527555.960401,-2.681561575995551
1710527555.9605145,-2.668602466583252
1710527555.960628,-2.656694253285726
1710527555.9607415,-2.645836671193441
1710527555.9608548,-2.6325273513793945
1710527555.9609683,-2.61781718995836
1710527555.9610817,-2.6003050804138184
1710527555.9611952,-2.578940126630995
1710527555.9613085,-2.5554736455281577
1710527555.961422,-2.5295556916130915
1710527555.9615355,-2.5029370519849987
1710527555.961649,-2.4756179915534124
1710527555.9617622,-2.4486494064331055
1710527555.9618757,-2.420980135599772
1710527555.9619892,-2.3922599686516657
1710527555.9621027,-2.362489170498318
1710527555.962216,-2.3292160034179688
1710527555.9623294,-2.2920902570088706
1710527555.9624429,-2.2518120871649847
1710527555.9625564,-2.2062803639305963
1710527555.9626696,-2.1582969029744468
1710527555.962783,-2.1078618367513022
1710527555.9628966,-2.0553252432081432
1710527555.96301,-2.0010373327467175
1710527555.9631233,-1.946049001481798
1710527555.9632368,-1.8889592753516302
1710527555.9633503,-1.8304685751597085
1710527555.9634638,-1.7681250307295058
1710527555.963577,-1.702279249827067
1710527555.9636905,-1.633631388346354
1710527555.963804,-1.5583288669586182
1710527555.9639173,-1.480224397447374
1710527555.9640307,-1.397566795349121
1710527555.9641442,-1.3103560606638591
1710527555.9642577,-1.221744351916843
1710527555.964371,-1.1306809054480658
1710527555.9644845,-1.0368154446283977
1710527555.964598,-0.9408485889434814
1710527555.9647114,-0.8441812462276882
1710527555.9648247,-0.7454123761918809
1710527555.9649382,-0.6431411372290717
1710527555.9650517,-0.5377176735136244
1710527555.9651651,-0.42879177464379203
1710527555.9652784,-0.3146121899286906
1710527555.9653919,-0.19693020317289564
1710527555.9655054,-0.07714673048920101
1710527555.9656188,0.0440463340944714
1710527555.965732,0.16630543602837455
1710527555.9658456,0.2868129478560554
1710527555.965959,0.4069701830546061
1710527555.9660726,0.5260764559110006
1710527555.9661858,0.6441317664252387
1710527555.9662993,0.7628877957661946
1710527555.9664128,0.8844462368223402
1710527555.9665263,1.0077562597062852
1710527555.9666395,1.133518483903673
1710527555.966753,1.2596310509575737
1710527555.9668665,1.387144856982761
1710527555.96698,1.511505709754096
1710527555.9670932,1.6327138741811116
1710527555.9672067,1.7500686645507812
1710527555.9673202,1.8621687094370523
1710527555.9674337,1.9714661439259846
1710527555.967547,2.077260547214084
1710527555.9676604,2.1827047401004367
1710527555.967774,2.2881486680772567
1710527555.9678874,2.39254183239407
1710527555.9680007,2.496934996710883
1710527555.9681141,2.59922636879815
1710527555.9682276,2.6966132058037653
1710527555.9683409,2.7890957726372614
1710527555.9684544,2.8742218017578125
1710527555.9685678,2.952341503567166
1710527555.9686813,3.0248562494913735
1710527555.9687946,3.0914155642191568
1710527555.968908,3.154471715291341
1710527555.9690216,3.214725653330485
1710527555.969135,3.273227744632297
1710527555.9692483,3.3296280437045627
1710527555.9693618,3.3821749687194824
1710527555.9694753,3.431218730078803
1710527555.9695888,3.4729059537251787
1710527555.969702,3.50863774617513
1710527555.9698155,3.5377136866251626
1710527555.969929,3.560834460788303
1710527555.9700425,3.578700224558512
1710527555.9701557,3.592712879180908
1710527555.9702692,3.6042732662624783
1710527555.9703827,3.6133813858032227
1710527555.9704962,3.620037237803141
1710527555.9706094,3.6249415079752603
1710527555.970723,3.627043565114339
1710527555.9708364,3.625992668999566
1710527555.97095,3.6210881339179144
1710527555.9710631,3.611629803975423
1710527555.9711766,3.5979676246643066
1710527555.97129,3.5822033882141113
1710527555.9714036,3.5632867283291287
1710527555.9715168,3.542968432108561
1710527555.9716303,3.5215995046827526
1710527555.9717438,3.500230312347412
1710527555.9718573,3.477810223897298
1710527555.9719706,3.4553904003567166
1710527555.972084,3.4326201015048556
1710527555.9721975,3.4105502234564886
1710527555.972311,3.3863788180881076
1710527555.9724243,3.361506462097168
1710527555.9725378,3.335232999589708
1710527555.9726512,3.307558430565728
1710527555.9727645,3.2798835966322155
1710527555.972878,3.2515083418952093
1710527555.9729915,3.222782876756456
1710527555.973105,3.1958087285359698
1710527555.9732182,3.16953526602851
1710527555.9733317,3.1446631749471026
1710527555.9734452,3.1215424007839627
1710527555.9735587,3.099472787645128
1710527555.973672,3.07775338490804
1710527555.9737854,3.0556837717692056
1710527555.973899,3.0336138937208386
1710527555.9740124,3.0101429091559515
1710527555.9741256,2.9866721895005965
1710527555.974239,2.96460231145223
1710527555.9743526,2.942532698313395
1710527555.974466,2.922564877404107
1710527555.9745793,2.9057497448391385
1710527555.9746928,2.892087565528022
1710527555.9748063,2.8787758615281844
1710527555.9749198,2.865463892618815
1710527555.975033,2.8528526094224715
1710527555.9751465,2.838840219709608
1710527555.97526,2.8241271442837186
1710527555.9753735,2.808012697431776
1710527555.9754868,2.7911975648668075
1710527555.9756002,2.7757838037278915
1710527555.9757137,2.7614212036132812
1710527555.9758272,2.7484594451056585
1710527555.9759405,2.738300429450141
1710527555.976054,2.72884209950765
1710527555.9761674,2.719733979966905
1710527555.976281,2.7088742785983615
1710527555.9763942,2.695912520090739
1710527555.9765077,2.6819001303778753
1710527555.9766212,2.665435473124186
1710527555.9767344,2.646868758731418
1710527555.976848,2.6286525196499295
1710527555.9769614,2.610436280568441
1710527555.9770749,2.5939716233147516
1710527555.977188,2.5775069660610623
1710527555.9773016,2.561042308807373
1710527555.977415,2.5435267554389105
1710527555.9775286,2.5239091449313693
1710527555.9776418,2.5011388460795083
1710527555.9777553,2.474164697859022
1710527555.9778688,2.4443880716959634
1710527555.9779823,2.411458757188585
1710527555.9780955,2.3774785465664334
1710527555.978209,2.341396278805203
1710527555.9783225,2.3049638006422253
1710527555.978436,2.2681808471679688
1710527555.9785492,2.230347262488471
1710527555.9786627,2.1900612778133817
1710527555.9787762,2.1473231580522323
1710527555.9788897,2.1017824278937445
1710527555.979003,2.052738666534424
1710527555.9791164,1.9980899492899575
1710527555.97923,1.9413393073611789
1710527555.9793434,1.880384948518541
1710527555.9794567,1.8173286649915907
1710527555.9795702,1.7521704567803276
1710527555.9796836,1.6856111420525444
1710527555.9797971,1.6173001130421956
1710527555.9799104,1.5461867385440402
1710527555.9800239,1.4729714393615723
1710527555.9801373,1.3959026336669922
1710527555.9802508,1.3153306643168132
1710527555.980364,1.2316060066223145
1710527555.9804776,1.1426266034444172
1710527555.980591,1.0508447223239474
1710527555.9807045,0.9555596775478786
1710527555.9808178,0.8574721548292372
1710527555.9809313,0.7572827736536661
1710527555.9810448,0.6556920872794257
1710527555.981158,0.5519995755619472
1710527555.9812715,0.4486573735872904
1710527555.981385,0.3439138995276557
1710527555.9814985,0.23671825726826984
1710527555.9816117,0.12707042197386423
1710527555.9817252,0.014620076657997238
1710527555.9818387,-0.1002628356218338
1710527555.9819522,-0.2189955777592129
1710527555.9820654,-0.33982978926764595
1710527555.982179,-0.4610142111778259
1710527555.9822924,-0.582198699315389
1710527555.982406,-0.7033830881118774
1710527555.9825191,-0.8217655950122409
1710527555.9826326,-0.9376963641908433
1710527555.9827461,-1.053627199596829
1710527555.9828596,-1.1681569947136772
1710527555.9829729,-1.2816360261705186
1710527555.9830863,-1.3968663745456271
1710527555.9831998,-1.5131473541259766
1710527555.9833133,-1.630829440222846
1710527555.9834266,-1.7457094457414415
1710527555.98354,-1.8591884771982827
1710527555.9836535,-1.9688149293263753
1710527555.983767,-2.0742383268144393
1710527555.9838803,-2.1744081709120007
1710527555.9839938,-2.2696746720208063
1710527555.9841073,-2.362138960096571
1710527555.9842207,-2.451100879245334
1710527555.984334,-2.5393623775906033
1710527555.9844475,-2.6262230343288846
1710527555.984561,-2.7116825845506454
1710527555.9846745,-2.7957412931654186
1710527555.9847877,-2.876297367943658
1710527555.9849012,-2.9512495464748807
1710527555.9850147,-3.0205978287590876
1710527555.9851282,-3.08294137318929
1710527555.9852414,-3.140731652577718
1710527555.985355,-3.1915169292026095
1710527555.9854684,-3.238449626498752
1710527555.9855816,-3.2822301652696395
1710527555.9856951,-3.3239091767205133
1710527555.9858086,-3.3634866608513727
1710527555.985922,-3.40096288257175
1710527555.9860353,-3.4338858392503524
1710527555.9861488,-3.462956216600206
1710527555.9862623,-3.486772643195258
1710527555.9863758,-3.5060360696580672
1710527555.986489,-3.5186449686686196
1710527555.9866025,-3.52635039223565
1710527555.986716,-3.5312536027696395
1710527555.9868295,-3.532304498884413
1710527555.9869428,-3.5316038131713867
1710527555.9870563,-3.529152340359158
1710527555.9871697,-3.5256497065226235
1710527555.9872832,-3.5200458102756076
1710527555.9873965,-3.5119901763068304
1710527555.98751,-3.5018332799275713
1710527555.9876235,-3.4885239601135254
1710527555.987737,-3.473113112979465
1710527555.9878502,-3.455250793033176
1710527555.9879637,-3.435286945766873
1710527555.9880772,-3.412871095869276
1710527555.9881907,-3.3904555108812118
1710527555.988304,-3.36663908428616
1710527555.9884174,-3.3442234992980957
1710527555.9885309,-3.321107228597005
1710527555.9886444,-3.299742274814182
1710527555.9887576,-3.2787277963426376
1710527555.988871,-3.257713052961561
1710527555.9889846,-3.236348099178738
1710527555.989098,-3.2135823037889266
1710527555.9892113,-3.1901160875956216
1710527555.9893248,-3.1648982895745172
1710527555.9894383,-3.1393305460611978
1710527555.9895518,-3.1148134337531195
1710527555.989665,-3.089946111043294
1710527555.9897785,-3.06753052605523
1710527555.989892,-3.04721646838718
1710527555.9900053,-3.0286534627278643
1710527555.9901187,-3.0125421947903104
1710527555.9902322,-2.996781137254503
1710527555.9903457,-2.980670134226481
1710527555.990459,-2.9645588662889266
1710527555.9905725,-2.9470464918348522
1710527555.990686,-2.9274328549702964
1710527555.9907994,-2.90922032462226
1710527555.9909127,-2.8910075293646917
1710527555.9910262,-2.8748962614271374
1710527555.9911397,-2.8608865208095975
1710527555.9912531,-2.848978307512071
1710527555.9913664,-2.8398720423380532
1710527555.9914799,-2.830765512254503
1710527555.9915934,-2.820608615875244
1710527555.9917068,-2.8101012441847057
1710527555.99182,-2.7971421347724066
1710527555.9919336,-2.7827821837531195
1710527555.992047,-2.767371336619059
1710527555.9921606,-2.751610279083252
1710527555.9922738,-2.738301224178738
1710527555.9923873,-2.7263927459716797
1710527555.9925008,-2.7162358495924206
1710527555.9926143,-2.7078300052218967
1710527555.9927275,-2.6994241608513727
1710527555.992841,-2.6903176307678223
1710527555.9929545,-2.6784094174702964
1710527555.993068,-2.663699256049262
1710527555.9931812,-2.647237777709961
1710527555.9932947,-2.6276241408454046
1710527555.9934082,-2.606959607866075
1710527555.9935217,-2.5866455501980252
1710527555.993635,-2.5666814380221896
1710527555.9937484,-2.5470678011576333
1710527555.993862,-2.527454164293077
1710527555.9939754,-2.506439685821533
1710527555.9940886,-2.4840238359239364
1710527555.9942021,-2.4574054612053766
1710527555.9943156,-2.427984873453776
1710527555.9944289,-2.3936610751681857
1710527555.9945424,-2.3568852742513022
1710527555.9946558,-2.317307790120443
1710527555.9947693,-2.2759789890713162
1710527555.9948826,-2.2325486607021756
1710527555.994996,-2.188768254386054
1710527555.9951096,-2.1439369519551597
1710527555.995223,-2.097004254659017
1710527555.9953363,-2.04797003004286
1710527555.9954498,-1.9954334364997015
1710527555.9955633,-1.939394474029541
1710527555.9956768,-1.878451903661092
1710527555.99579,-1.8136567539638944
1710527555.9959035,-1.7450090249379475
1710527555.996017,-1.6735592153337266
1710527555.9961305,-1.5986069043477376
1710527555.9962437,-1.5219035413530138
1710527555.9963572,-1.4437990718417697
1710527555.9964707,-1.3628926542070177
1710527555.9965842,-1.2798848417070177
1710527555.9966974,-1.1954760551452637
1710527555.996811,-1.1075647672017415
1710527555.9969244,-1.0165013207329643
1710527555.997038,-0.9205344650480483
1710527555.9971511,-0.8207148975796169
1710527555.9972646,-0.7166924079259237
1710527555.997378,-0.6088172064887153
1710527555.9974916,-0.4988405770725674
1710527555.9976048,-0.38711273007922703
1710527555.9977183,-0.2743341359827253
1710527555.9978318,-0.16085505485534668
1710527555.9979453,-0.04772622552182939
1710527555.9980586,0.06646633976035647
1710527555.998172,0.1820694903532664
1710527555.9982855,0.2994241979387071
1710527555.998399,0.42063236236572266
1710527555.9985123,0.5442926949924892
1710527555.9986258,0.672156810760498
1710527555.9987392,0.8003712362713283
1710527555.9988525,0.9292862150404189
1710527555.998966,1.056449744436476
1710527555.9990795,1.1811610062917073
1710527555.999193,1.3023691707187228
1710527555.9993062,1.4204245143466525
1710527555.9994197,1.537078619003296
1710527555.9995332,1.6523314846886528
1710527555.9996467,1.7668836646609836
1710527555.99976,1.8831874264611137
1710527555.9998734,2.000542084376017
1710527555.999987,2.1164956357744003
1710527556.0001004,2.2299967871771917
1710527556.0002136,2.3399949073791504
1710527556.000327,2.44333717558119
1710527556.0004406,2.541775173611111
1710527556.000554,2.6328563690185547
1710527556.0006673,2.719033294253879
1710527556.0007808,2.8006561597188315
1710527556.0008943,2.880527443355984
1710527556.0010078,2.9586471451653376
1710527556.001121,3.035015265146891
1710527556.0012345,3.1096318033006454
1710527556.001348,3.179344071282281
1710527556.0014615,3.2445020145840116
1710527556.0015748,3.3033545811971026
1710527556.0016882,3.3552008204989963
1710527556.0018017,3.399690522087945
1710527556.0019152,3.438225057390001
1710527556.0020285,3.471855057610406
1710527556.002142,3.5019818941752114
1710527556.0022554,3.5289560423956976
1710527556.002369,3.553828133477105
1710527556.0024822,3.576948907640245
1710527556.0025957,3.596216042836507
1710527556.0027092,3.61198001437717
1710527556.0028226,3.6228397157457137
1710527556.002936,3.6284446716308594
1710527556.0030494,3.6301962534586587
1710527556.0031629,3.626342879401313
1710527556.003276,3.6186358663770886
1710527556.0033896,3.6091775364345975
1710527556.003503,3.5976171493530273
1710527556.0036166,3.584655655754937
1710527556.0037298,3.569592105017768
1710527556.0038433,3.554879029591878
1710527556.0039568,3.5377136866251626
1710527556.0040703,3.5198479228549533
1710527556.0041835,3.4995296266343856
1710527556.004297,3.478160699208577
1710527556.0044105,3.4543395042419434
1710527556.004524,3.4287664625379772
1710527556.0046372,3.4021427896287704
1710527556.0047507,3.3744682206047907
1710527556.0048642,3.3474940723843045
1710527556.0049777,3.320169713762071
1710527556.005091,3.292494879828559
1710527556.0052044,3.2665718926323786
1710527556.005318,3.243100908067491
1710527556.0054314,3.218929237789578
1710527556.0055447,3.196158938937717
1710527556.0056581,3.173038429684109
1710527556.0057716,3.149217234717475
1710527556.0058851,3.125746250152588
1710527556.0059984,3.1001734733581543
1710527556.0061119,3.075651592678494
1710527556.0062253,3.051830132802327
1710527556.0063388,3.0287096235487194
1710527556.006452,3.0087418026394315
1710527556.0065656,2.9901750882466636
1710527556.006679,2.9740609063042536
1710527556.0067925,2.9575962490505643
1710527556.0069058,2.9428829087151422
1710527556.0070193,2.9267687267727323
1710527556.0071328,2.9099535942077637
1710527556.0072463,2.892438040839301
1710527556.0073595,2.8742218017578125
1710527556.007473,2.8563557730780706
1710527556.0075865,2.8391904301113553
1710527556.0076997,2.8248275650872126
1710527556.0078132,2.812216281890869
1710527556.0079267,2.8013568454318576
1710527556.0080402,2.7915480401780868
1710527556.0081534,2.782089445326063
1710527556.008267,2.7708795335557723
1710527556.0083804,2.7589689360724554
1710527556.008494,2.7435551749335394
1710527556.0086071,2.72709051767985
1710527556.0087206,2.7102753851148815
1710527556.0088341,2.6948616239759655
1710527556.0089476,2.6790976524353027
1710527556.0090609,2.66473478741116
1710527556.0091743,2.6514228185017905
1710527556.0092878,2.637760639190674
1710527556.0094013,2.624098459879557
1710527556.0095146,2.607283592224121
1710527556.009628,2.58766598171658
1710527556.0097415,2.565946578979492
1710527556.009855,2.540724277496338
1710527556.0099683,2.515501711103651
1710527556.0100818,2.487826877170139
1710527556.0101953,2.4601523081461587
1710527556.0103087,2.432827949523926
1710527556.010422,2.4051531155904136
1710527556.0105355,2.377128071255154
1710527556.010649,2.346300548977322
1710527556.0107625,2.3126705487569175
1710527556.0108757,2.27623807059394
1710527556.0109892,2.23525153266059
1710527556.0111027,2.1904116206698947
1710527556.0112162,2.141017516454061
1710527556.0113294,2.090922726525201
1710527556.011443,2.038025591108534
1710527556.0115564,1.984077427122328
1710527556.0116699,1.9273267851935492
1710527556.0117831,1.8695252471499972
1710527556.0118966,1.8089210987091064
1710527556.01201,1.7458649476369221
1710527556.0121233,1.6786048147413466
1710527556.0122368,1.6081919935014513
1710527556.0123503,1.5328747696346707
1710527556.0124638,1.453353828854031
1710527556.012577,1.3713807529873319
1710527556.0126905,1.2862547238667805
1710527556.012804,1.1990269025166829
1710527556.0129175,1.1093469460805256
1710527556.0130308,1.0182656182183158
1710527556.0131443,0.9268340799543593
1710527556.0132577,0.8325999975204468
1710527556.0133712,0.7359137137730917
1710527556.0134845,0.637475848197937
1710527556.013598,0.5362355377939012
1710527556.0137115,0.429740481906467
1710527556.013825,0.3211436006757948
1710527556.0139382,0.2097441918320126
1710527556.0140517,0.09484166072474585
1710527556.0141652,-0.021107676956388686
1710527556.0142787,-0.1373887062072754
1710527556.014392,-0.2533194919427236
1710527556.0145054,-0.36854979064729476
1710527556.0146189,-0.4827293422487047
1710527556.0147324,-0.5969089269638062
1710527556.0148456,-0.7128396961424086
1710527556.014959,-0.829470952351888
1710527556.0150726,-0.9478534592522515
1710527556.015186,-1.069738401307
1710527556.0152993,-1.1916233433617485
1710527556.0154128,-1.313508219189114
1710527556.0155263,-1.4339922534094915
1710527556.0156398,-1.550273232989841
1710527556.015753,-1.6630518436431885
1710527556.0158665,-1.7733787165747747
1710527556.01598,-1.879502667321099
1710527556.0160935,-1.9835252232021756
1710527556.0162067,-2.0857964621649847
1710527556.0163202,-2.188417911529541
1710527556.0164337,-2.289988729688856
1710527556.016547,-2.3912093374464245
1710527556.0166605,-2.489627732170953
1710527556.016774,-2.584193812476264
1710527556.0168874,-2.673155731625027
1710527556.0170007,-2.756863964928521
1710527556.0171142,-2.833567460378011
1710527556.0172276,-2.905017269982232
1710527556.0173411,-2.9712133937411838
1710527556.0174544,-3.0342573589748807
1710527556.0175679,-3.094499376085069
1710527556.0176814,-3.153340286678738
1710527556.0177948,-3.2093795140584307
1710527556.017908,-3.2622663180033364
1710527556.0180216,-3.3109500673082137
1710527556.018135,-3.3540301852756076
1710527556.0182486,-3.3911561965942383
1710527556.0183618,-3.4230282571580672
1710527556.0184753,-3.4471951590643988
1710527556.0185888,-3.468209637535943
1710527556.0187023,-3.484671115875244
1710527556.0188155,-3.4983306460910373
1710527556.018929,-3.5109395451015897
1710527556.0190425,-3.5203960206773544
1710527556.019156,-3.5288018650478787
1710527556.0192692,-3.5340555508931475
1710527556.0193827,-3.5358068678114147
1710527556.0194962,-3.534756236606174
1710527556.0196097,-3.5302029715643988
1710527556.019723,-3.521096706390381
1710527556.0198364,-3.5088380177815752
1710527556.01995,-3.494478066762288
1710527556.0200634,-3.478016588422987
1710527556.0201766,-3.460504478878445
1710527556.0202901,-3.442291683620877
1710527556.0204036,-3.4240788883633084
1710527556.020517,-3.405866358015272
1710527556.0206304,-3.386252721150716
1710527556.0207438,-3.36663908428616
1710527556.0208573,-3.3456243409050836
1710527556.0209706,-3.3239091767205133
1710527556.021084,-3.3000924852159286
1710527556.0211976,-3.2745247417026095
1710527556.021311,-3.2482565773857965
1710527556.0214243,-3.221637937757704
1710527556.0215378,-3.1964204046461315
1710527556.0216513,-3.1698017650180392
1710527556.0217648,-3.146685759226481
1710527556.021878,-3.1249705950419107
1710527556.0219915,-3.1036056412590876
1710527556.022105,-3.084342214796278
1710527556.0222185,-3.066129684448242
1710527556.0223317,-3.0454651514689126
1710527556.0224452,-3.0241001976860895
1710527556.0225587,-3.0037861400180392
1710527556.0226722,-2.981720765431722
1710527556.0227854,-2.9607060220506454
1710527556.022899,-2.9403919643825955
1710527556.0230124,-2.9225296444363065
1710527556.023126,-2.90781921810574
1710527556.0232391,-2.89521058400472
1710527556.0233526,-2.884002791510688
1710527556.023466,-2.87349541982015
1710527556.0235796,-2.8615869416130915
1710527556.0236928,-2.848978307512071
1710527556.0238063,-2.834618356492784
1710527556.0239198,-2.819207509358724
1710527556.0240333,-2.8037966622246637
1710527556.0241466,-2.7894367112053766
1710527556.02426,-2.7754269705878363
1710527556.0243735,-2.7649195988972983
1710527556.024487,-2.756163544125027
1710527556.0246003,-2.7484581205579968
1710527556.0247138,-2.741103172302246
1710527556.0248272,-2.7312962214152017
1710527556.0249407,-2.7200884289211698
1710527556.025054,-2.7057284779018826
1710527556.0251675,-2.690667841169569
1710527556.025281,-2.672105100419786
1710527556.0253942,-2.654242515563965
1710527556.0255077,-2.6374308268229165
1710527556.0256212,-2.622019979688856
1710527556.0257347,-2.6066093974643283
1710527556.025848,-2.592249446445041
1710527556.0259614,-2.576488388909234
1710527556.026075,-2.559326489766439
1710527556.0261884,-2.5386619567871094
1710527556.0263016,-2.514495054880778
1710527556.026415,-2.486825784047445
1710527556.0265286,-2.4574054612053766
1710527556.026642,-2.425883346133762
1710527556.0267553,-2.3943614959716797
1710527556.0268688,-2.3610883288913302
1710527556.0269823,-2.328165372212728
1710527556.0270958,-2.2941917843288846
1710527556.027209,-2.259167300330268
1710527556.0273225,-2.2209906578063965
1710527556.027436,-2.1789613034990096
1710527556.0275495,-2.1337799231211343
1710527556.0276628,-2.0836949348449707
1710527556.0277762,-2.029757367240058
1710527556.0278897,-1.9726676411098905
1710527556.0280032,-1.9124256239997015
1710527556.0281165,-1.8514831860860188
1710527556.02823,-1.7880890104505751
1710527556.0283434,-1.7229436503516302
1710527556.028457,-1.6549962096744113
1710527556.0285702,-1.5856479273902044
1710527556.0286837,-1.5124469333224826
1710527556.0287971,-1.4357434378729925
1710527556.0289106,-1.3544868098364935
1710527556.029024,-1.2690272596147325
1710527556.0291374,-1.1786643664042156
1710527556.0292509,-1.0840984185536702
1710527556.0293643,-0.987080799208747
1710527556.0294776,-0.8872612317403157
1710527556.029591,-0.7860406902101305
1710527556.0297046,-0.6834191746181911
1710527556.0298178,-0.5786961979336208
1710527556.0299313,-0.4729225238164266
1710527556.0300448,-0.3660980860392253
1710527556.0301583,-0.2557711965507931
1710527556.0302715,-0.14229213198026022
1710527556.030385,-0.024610118319590885
1710527556.0304985,0.09554228848881191
1710527556.030612,0.2195529474152459
1710527556.0307252,0.34461451901329887
1710527556.0308387,0.47037674321068657
1710527556.0309522,0.5954383479224311
1710527556.0310657,0.7169967889785767
1710527556.031179,0.8382049534055922
1710527556.0312924,0.9573112593756782
1710527556.031406,1.0767678419748943
1710527556.0315194,1.1965747674306233
1710527556.0316327,1.3177829318576388
1710527556.0317461,1.4421439170837402
1710527556.0318596,1.5668551127115884
1710527556.0319731,1.691916783650716
1710527556.0320864,1.814526187049018
1710527556.0321999,1.9343331125047472
1710527556.0323133,2.048534949620565
1710527556.0324268,2.15678162044949
1710527556.03254,2.2608243094550238
1710527556.0326536,2.361364099714491
1710527556.032767,2.458750936720106
1710527556.0328805,2.5554373529222274
1710527556.0329938,2.6510726081000433
1710527556.0331073,2.7449562814500594
1710527556.0332208,2.8370886378818088
1710527556.0333343,2.9243164592319064
1710527556.0334475,3.0059393246968584
1710527556.033561,3.0816067589653864
1710527556.0336745,3.1478158632914224
1710527556.033788,3.208069536421034
1710527556.0339012,3.262017832862006
1710527556.0340147,3.311411804623074
1710527556.0341282,3.358353773752848
1710527556.0342414,3.4017925792270236
1710527556.034355,3.442779117160373
1710527556.0344684,3.481313387552897
1710527556.034582,3.515293863084581
1710527556.0346951,3.5447200139363604
1710527556.0348086,3.568190998501248
1710527556.0349221,3.58570655186971
1710527556.0350356,3.5976171493530273
1710527556.0351489,3.6053241623772516
1710527556.0352623,3.6074259546067977
1710527556.0353758,3.608476850721571
1710527556.0354893,3.6074259546067977
1710527556.0356026,3.6032221052381725
1710527556.035716,3.5993687311808267
1710527556.0358295,3.592712879180908
1710527556.035943,3.5839549700419107
1710527556.0360563,3.572394847869873
1710527556.0361698,3.557681507534451
1710527556.0362833,3.540516164567735
1710527556.0363967,3.5198479228549533
1710527556.03651,3.4974278344048395
1710527556.0366235,3.473956849839952
1710527556.036737,3.449785444471571
1710527556.0368505,3.4245628780788846
1710527556.0369637,3.399690522087945
1710527556.0370772,3.375168641408284
1710527556.0371907,3.3516979217529297
1710527556.0373042,3.327526251475016
1710527556.0374174,3.303705056508382
1710527556.037531,3.2791831758287215
1710527556.0376444,3.254310819837782
1710527556.0377579,3.2283878326416016
1710527556.0378711,3.202815055847168
1710527556.0379846,3.1761911180284286
1710527556.038098,3.149217234717475
1710527556.0382116,3.123644193013509
1710527556.0383248,3.0987721019321017
1710527556.0384383,3.076352013481988
1710527556.0385518,3.0553332964579263
1710527556.038665,3.0360661612616644
1710527556.0387785,3.0174997117784286
1710527556.038892,2.9989329973856607
1710527556.0390055,2.980716758304172
1710527556.0391188,2.9607489373948837
1710527556.0392323,2.9397302203708224
1710527556.0393457,2.9201126098632812
1710527556.0394592,2.9008454746670194
1710527556.0395725,2.884030607011583
1710527556.039686,2.8682663705613876
1710527556.0397995,2.8563557730780706
1710527556.039913,2.8444451755947537
1710527556.0400262,2.834636370340983
1710527556.0401397,2.8241271442837186
1710527556.0402532,2.812916967603895
1710527556.0403666,2.7996052636040583
1710527556.04048,2.7852423985799155
1710527556.0405934,2.76947816212972
1710527556.0407069,2.753714190589057
1710527556.0408204,2.7390011151631675
1710527556.0409336,2.7256891462537975
1710527556.041047,2.7144792344835067
1710527556.0411606,2.703619533114963
1710527556.041274,2.693110042148166
1710527556.0413873,2.6819001303778753
1710527556.0415008,2.6682379510667587
1710527556.0416143,2.65177329381307
1710527556.0417278,2.6332065794203015
1710527556.041841,2.6121878623962402
1710527556.0419545,2.5901182492574057
1710527556.042068,2.568048636118571
1710527556.0421815,2.5466794437832303
1710527556.0422947,2.525310516357422
1710527556.0424082,2.503941324022081
1710527556.0425217,2.4822219212849936
1710527556.0426352,2.45805025100708
1710527556.0427485,2.4310763676961265
1710527556.042862,2.4002488454182944
1710527556.0429754,2.3666188451978893
1710527556.0430887,2.3287849956088595
1710527556.0432022,2.288499143388536
1710527556.0433156,2.2478628158569336
1710527556.0434291,2.204424010382758
1710527556.0435424,2.161685890621609
1710527556.0436559,2.115794950061374
1710527556.0437694,2.069904009501139
1710527556.0438828,2.0215609338548446
1710527556.043996,1.969014008839925
1710527556.0441096,1.9133142630259194
1710527556.044223,1.8537611431545682
1710527556.0443366,1.7896539635128446
1710527556.0444498,1.722393963072035
1710527556.0445633,1.6505799028608534
1710527556.0446768,1.5784154997931585
1710527556.0447903,1.503098275926378
1710527556.0449035,1.4270804988013372
1710527556.045017,1.3482601112789578
1710527556.0451305,1.2673379315270317
1710527556.045244,1.18396348423428
1710527556.0453572,1.0967356628841824
1710527556.0454707,1.0067052973641288
1710527556.0455842,0.9114203188154433
1710527556.0456977,0.8140334155824449
1710527556.045811,0.7120924525790744
1710527556.0459244,0.6073489454057481
1710527556.046038,0.4994526836607191
1710527556.0461514,0.3908558024300469
1710527556.0462646,0.28120795885721844
1710527556.0463781,0.1715601152843899
1710527556.0464916,0.06016071471903059
1710527556.046605,-0.051578912470075816
1710527556.0467184,-0.164707750082016
1710527556.0468318,-0.2802882923020257
1710527556.0469453,-0.3972697920269436
1710527556.0470588,-0.5167030294736227
1710527556.047172,-0.6382377280129327
1710527556.0472856,-0.7611733675003052
1710527556.047399,-0.8841090732150607
1710527556.0475123,-1.0056437386406791
1710527556.0476258,-1.1243764559427898
1710527556.0477393,-1.2413579887813992
1710527556.0478528,-1.3548370202382405
1710527556.047966,-1.466564999686347
1710527556.0480795,-1.5779425038231742
1710527556.048193,-1.6886197196112738
1710527556.0483065,-1.8003475666046143
1710527556.0484197,-1.9120754135979545
1710527556.0485332,-2.022402286529541
1710527556.0486467,-2.1323789490593805
1710527556.0487602,-2.2374521361456976
1710527556.0488734,-2.3376218477884927
1710527556.048987,-2.4328883488972983
1710527556.0491004,-2.521850268046061
1710527556.049214,-2.6073098182678223
1710527556.0493271,-2.687865893046061
1710527556.0494406,-2.767371336619059
1710527556.049554,-2.844775252872043
1710527556.0496676,-2.921128537919786
1710527556.0497808,-2.9953802956475153
1710527556.0498943,-3.065078788333469
1710527556.0500078,-3.130924701690674
1710527556.0501213,-3.190466297997369
1710527556.0502346,-3.243353101942274
1710527556.050348,-3.2902857992384167
1710527556.0504615,-3.3312643898857965
1710527556.050575,-3.366288873884413
1710527556.0506883,-3.398160934448242
1710527556.0508018,-3.4275815221998425
1710527556.0509152,-3.4549005826314287
1710527556.0510287,-3.4797679053412542
1710527556.051142,-3.5018332799275713
1710527556.0512555,-3.5193453894721136
1710527556.051369,-3.5330049196879068
1710527556.0514824,-3.541760974460178
1710527556.0515957,-3.545613818698459
1710527556.0517092,-3.5449131329854326
1710527556.0518227,-3.541060553656684
1710527556.051936,-3.5340555508931475
1710527556.0520494,-3.5256497065226235
1710527556.052163,-3.5161932309468584
1710527556.0522764,-3.5053356488545733
1710527556.0523896,-3.4930772251553006
1710527556.052503,-3.480118115743001
1710527556.0526166,-3.466108375125461
1710527556.05273,-3.4499971071879068
1710527556.0528433,-3.432484997643365
1710527556.0529568,-3.412871095869276
1710527556.0530703,-3.3904555108812118
1710527556.0531838,-3.3676897154914007
1710527556.053297,-3.3438730239868164
1710527556.0534105,-3.319005701276991
1710527556.053524,-3.295189274681939
1710527556.0536375,-3.2717227935791016
1710527556.0537508,-3.2493072085910373
1710527556.0538642,-3.227592044406467
1710527556.0539777,-3.20692777633667
1710527556.0540912,-3.1876643498738604
1710527556.0542045,-3.1662993960910373
1710527556.054318,-3.144584231906467
1710527556.0544314,-3.121818436516656
1710527556.054545,-3.0969511138068304
1710527556.0546582,-3.073134422302246
1710527556.0547717,-3.049668206108941
1710527556.0548851,-3.0276028315226235
1710527556.0549986,-3.0079891946580672
1710527556.055112,-2.989776399400499
1710527556.0552254,-2.974365552266439
1710527556.0553389,-2.9596553908454046
1710527556.0554523,-2.9449452294243708
1710527556.0555656,-2.928483751085069
1710527556.055679,-2.912722693549262
1710527556.0557926,-2.8945098982916937
1710527556.055906,-2.876297367943658
1710527556.0560193,-2.8587849934895835
1710527556.0561328,-2.841623094346788
1710527556.0562463,-2.827963564130995
1710527556.0563595,-2.8164055612352157
1710527556.056473,-2.8055479791429305
1710527556.0565865,-2.797492345174154
1710527556.0567,-2.787335183885362
1710527556.0568132,-2.7768280771043563
1710527556.0569267,-2.7642191780938044
1710527556.0570402,-2.7498592270745172
1710527556.0571537,-2.7340981695387097
1710527556.057267,-2.7176366911994085
1710527556.0573804,-2.7022261089748807
1710527556.057494,-2.6885665787590876
1710527556.0576074,-2.676307890150282
1710527556.0577207,-2.664749887254503
1710527556.0578341,-2.654942936367459
1710527556.0579476,-2.6433849334716797
1710527556.0580611,-2.6297254032558866
1710527556.0581744,-2.6125635041130915
1710527556.0582879,-2.592949867248535
1710527556.0584013,-2.5708844926622176
1710527556.0585148,-2.5470678011576333
1710527556.058628,-2.5222004784478083
1710527556.0587416,-2.4973331557379828
1710527556.058855,-2.4724658330281577
1710527556.0589685,-2.4472482999165854
1710527556.0590818,-2.421680556403266
1710527556.0591953,-2.3933105998569064
1710527556.0593088,-2.362138960096571
1710527556.0594223,-2.327815161810981
1710527556.0595355,-2.2896385192871094
1710527556.059649,-2.247259087032742
1710527556.0597625,-2.202077441745334
1710527556.059876,-2.154794534047445
1710527556.0599892,-2.105059888627794
1710527556.0601027,-2.0546246899498835
1710527556.0602162,-2.0027886496649847
1710527556.0603297,-1.949551502863566
1710527556.060443,-1.8942129611968994
1710527556.0605564,-1.8360724714067247
1710527556.06067,-1.7747796906365287
1710527556.0607831,-1.708933777279324
1710527556.0608966,-1.6392352845933702
1710527556.0610101,-1.5646333164638944
1710527556.0611236,-1.4868790573543973
1710527556.0612369,-1.4063229825761583
1710527556.0613503,-1.3226146168178983
1710527556.0614638,-1.2364546457926433
1710527556.0615773,-1.148543357849121
1710527556.0616906,-1.059231095843845
1710527556.061804,-0.9674671623441908
1710527556.0619175,-0.8729012144936455
1710527556.062031,-0.7748328977160983
1710527556.0621443,-0.6736123561859131
1710527556.0622578,-0.5674884054395888
1710527556.0623713,-0.45681128899256385
1710527556.0624847,-0.342631737391154
1710527556.062598,-0.22424923049079046
1710527556.0627115,-0.10516625311639574
1710527556.062825,0.014620076657997238
1710527556.0629385,0.13477729426489934
1710527556.0630517,0.2538835671212938
1710527556.0631652,0.3722892204920451
1710527556.0632787,0.49209614594777423
1710527556.0633922,0.6122533480326334
1710527556.0635054,0.7348627514309353
1710527556.063619,0.8602746327718098
1710527556.0637324,0.9877884387969971
1710527556.0638459,1.1170538266499836
1710527556.0639591,1.2463190820482042
1710527556.0640726,1.3731323348151312
1710527556.064186,1.4967926343282063
1710527556.0642996,1.6173001130421956
1710527556.0644128,1.733253664440579
1710527556.0645263,1.8443026807573106
1710527556.0646398,1.9553518295288086
1710527556.0647533,2.064649396472507
1710527556.0648665,2.1732462777031794
1710527556.06498,2.2821935017903647
1710527556.0650935,2.3907902505662704
1710527556.0652068,2.4965847863091364
1710527556.0653203,2.598175472683377
1710527556.0654337,2.6934605174594455
1710527556.0655472,2.782089445326063
1710527556.0656605,2.8644129965040417
1710527556.065774,2.9397302203708224
1710527556.0658875,3.0101429091559515
1710527556.066001,3.077052699195014
1710527556.0661142,3.1439624892340765
1710527556.0662277,3.20736911561754
1710527556.0663412,3.2679729991488986
1710527556.0664546,3.3254244592454696
1710527556.066568,3.37937249077691
1710527556.0666814,3.427014880710178
1710527556.0667949,3.4673009978400335
1710527556.0669084,3.5012812084621854
1710527556.0670216,3.5296564631991916
1710527556.067135,3.5513758659362793
1710527556.0672486,3.5706432660420733
1710527556.067362,3.5853563414679632
1710527556.0674753,3.5986680454678006
1710527556.0675888,3.6095277468363443
1710527556.0677023,3.6179354455735946
1710527556.0678158,3.6228397157457137
1710527556.067929,3.6235404014587402
1710527556.0680425,3.6207379235161676
1710527556.068156,3.6130309104919434
1710527556.0682695,3.6014707883199053
1710527556.0683827,3.5864072375827365
1710527556.0684962,3.569942580329047
1710527556.0686097,3.5506754451327853
1710527556.0687232,3.531408045026991
1710527556.0688365,3.5110900137159557
1710527556.06895,3.4904215070936413
1710527556.0690634,3.46940279006958
1710527556.069177,3.4476833873324924
1710527556.0692902,3.4259639845954046
1710527556.0694036,3.4024930000305176
1710527556.0695171,3.3783215946621366
1710527556.0696304,3.352748817867703
1710527556.0697439,3.325774669647217
1710527556.0698574,3.2977496253119574
1710527556.0699708,3.2704252666897244
1710527556.070084,3.242400222354465
1710527556.0701976,3.215075863732232
1710527556.070311,3.1902037726508246
1710527556.0704246,3.166032102372911
1710527556.0705378,3.143612013922797
1710527556.0706513,3.1215424007839627
1710527556.0707648,3.099472787645128
1710527556.0708783,3.07775338490804
1710527556.0709915,3.0549830860561795
1710527556.071105,3.0322127872043185
1710527556.0712185,3.008391327328152
1710527556.071332,2.985621028476291
1710527556.0714452,2.9635514153374567
1710527556.0715587,2.9439340697394476
1710527556.0716722,2.926418251461453
1710527556.0717857,2.9113549656338162
1710527556.071899,2.8976927863226996
1710527556.0720124,2.885081503126356
1710527556.072126,2.8707186381022134
1710527556.0722394,2.856705983479818
1710527556.0723526,2.8402413262261286
1710527556.0724661,2.822725772857666
1710527556.0725796,2.8055604298909507
1710527556.072693,2.788745562235514
1710527556.0728064,2.7736820114983454
1710527556.0729198,2.761070728302002
1710527556.0730333,2.750211026933458
1710527556.0731468,2.740752696990967
1710527556.07326,2.730593681335449
1710527556.0733736,2.7200841903686523
1710527556.073487,2.707122696770562
1710527556.0736005,2.692059146033393
1710527556.0737138,2.6755944887797036
1710527556.0738273,2.6577284600999618
1710527556.0739408,2.6405631171332464
1710527556.074054,2.623047563764784
1710527556.0741675,2.606933116912842
1710527556.074281,2.591869831085205
1710527556.0743945,2.576806280348036
1710527556.0745077,2.5603416230943465
1710527556.0746212,2.542475594414605
1710527556.0747347,2.5211066669887967
1710527556.0748482,2.496234575907389
1710527556.0749614,2.468559741973877
1710527556.075075,2.438082695007324
1710527556.0751884,2.4065544870164657
1710527556.075302,2.3732746971978083
1710527556.0754151,2.3403453826904297
1710527556.0755286,2.307065592871772
1710527556.075642,2.2727349069383407
1710527556.0757556,2.2359522183736167
1710527556.0758688,2.1977681583828397
1710527556.0759823,2.1557305918799505
1710527556.0760958,2.1091390980614557
1710527556.0762093,2.0586939652760825
1710527556.0763226,2.004045248031616
1710527556.076436,1.9469442632463243
1710527556.0765495,1.8873911433749728
1710527556.076663,1.8250355455610487
1710527556.0767763,1.7619792620340982
1710527556.0768898,1.6968211862776015
1710527556.0770032,1.6288605001237657
1710527556.0771167,1.5580973360273573
1710527556.07723,1.4848820368448894
1710527556.0773435,1.4081635740068223
1710527556.077457,1.3272413942548964
1710527556.0775704,1.242115365134345
1710527556.0776837,1.153135961956448
1710527556.0777972,1.0620547003216214
1710527556.0779107,0.9667697217729356
1710527556.0780241,0.8707840575112237
1710527556.0781374,0.7726965347925822
1710527556.078251,0.6732077731026543
1710527556.0783644,0.5737189451853434
1710527556.0784776,0.47142770555284286
1710527556.078591,0.3677351607216729
1710527556.0787046,0.26053951846228707
1710527556.078818,0.15054136514663696
1710527556.0789313,0.037390395171112485
1710527556.0790448,-0.07924819158183204
1710527556.0791583,-0.19903166426552665
1710527556.0792718,-0.3198658757739597
1710527556.079385,-0.4399995671378242
1710527556.0794985,-0.5601333247290717
1710527556.079612,-0.6785157654020522
1710527556.0797255,-0.7947968112097846
1710527556.0798388,-0.9117783440483941
1710527556.0799522,-1.0284096002578735
1710527556.0800657,-1.1450408564673529
1710527556.0801792,-1.2634233633677165
1710527556.0802925,-1.382856633928087
1710527556.080406,-1.5026401148902044
1710527556.0805194,-1.6227738062540689
1710527556.080633,-1.7401055494944253
1710527556.0807462,-1.8535845809512668
1710527556.0808597,-1.9628608226776123
1710527556.0809731,-2.0672334565056696
1710527556.0810866,-2.167403300603231
1710527556.0812,-2.26407077577379
1710527556.0813134,-2.3575859599643283
1710527556.0814269,-2.45040045844184
1710527556.0815403,-2.5425148010253906
1710527556.0816536,-2.6328775617811413
1710527556.081767,-2.7207888497246637
1710527556.0818806,-2.8055479791429305
1710527556.081994,-2.884353001912435
1710527556.0821073,-2.9568534427218967
1710527556.0822208,-3.0230495664808483
1710527556.0823343,-3.08294137318929
1710527556.0824478,-3.1368788083394366
1710527556.082561,-3.1873141394721136
1710527556.0826745,-3.235297467973497
1710527556.082788,-3.2797784275478787
1710527556.0829012,-3.322858545515272
1710527556.0830147,-3.3634866608513727
1710527556.0831282,-3.3999122513665094
1710527556.0832417,-3.4317843119303384
1710527556.083355,-3.458052741156684
1710527556.0834684,-3.480118115743001
1710527556.083582,-3.4962293836805554
1710527556.0836954,-3.5077873865763345
1710527556.0838087,-3.515492810143365
1710527556.0839221,-3.5207464959886337
1710527556.0840356,-3.5242488649156356
1710527556.0841491,-3.5259999169243708
1710527556.0842624,-3.5259999169243708
1710527556.0843759,-3.5242488649156356
1710527556.0844893,-3.5207464959886337
1710527556.0846028,-3.5151425997416177
1710527556.084716,-3.5056858592563205
1710527556.0848296,-3.4927267498440213
1710527556.084943,-3.478717009226481
1710527556.0850565,-3.460504478878445
1710527556.0851698,-3.4412410524156356
1710527556.0852833,-3.4205765194363065
1710527556.0853968,-3.400262461768256
1710527556.0855103,-3.3788975079854326
1710527556.0856235,-3.3575325542026095
1710527556.085737,-3.3361678653293185
1710527556.0858505,-3.315503332349989
1710527556.085964,-3.294839064280192
1710527556.0860772,-3.272773689693875
1710527556.0861907,-3.250357839796278
1710527556.0863042,-3.226191202799479
1710527556.0864177,-3.2016740904914007
1710527556.086531,-3.1750554508633084
1710527556.0866444,-3.149837917751736
1710527556.086758,-3.1260212262471514
1710527556.0868714,-3.1036056412590876
1710527556.0869846,-3.082240687476264
1710527556.0870981,-3.063677946726481
1710527556.0872116,-3.04721646838718
1710527556.0873249,-3.0304047796461315
1710527556.0874383,-3.0135930909050836
1710527556.0875518,-2.995730506049262
1710527556.0876653,-2.9768172899881997
1710527556.0877786,-2.9572036531236434
1710527556.087892,-2.9379402266608343
1710527556.0880055,-2.919027010599772
1710527556.088119,-2.901865111456977
1710527556.0882323,-2.886804739634196
1710527556.0883458,-2.8745460510253906
1710527556.0884593,-2.8643888897365994
1710527556.0885727,-2.8538817829555936
1710527556.088686,-2.844074832068549
1710527556.0887995,-2.831816408369276
1710527556.088913,-2.81850708855523
1710527556.0890265,-2.802395820617676
1710527556.0891397,-2.7866347630818686
1710527556.0892532,-2.7705234951443143
1710527556.0893667,-2.75581333372328
1710527556.0894802,-2.743204434712728
1710527556.0895934,-2.732697327931722
1710527556.089707,-2.7232405874464245
1710527556.0898204,-2.71378411187066
1710527556.0899339,-2.7039771609836154
1710527556.0900471,-2.6913685268825955
1710527556.0901606,-2.676307890150282
1710527556.090274,-2.658445570203993
1710527556.0903876,-2.6384814580281577
1710527556.0905008,-2.618517610761854
1710527556.0906143,-2.598553763495551
1710527556.0907278,-2.578940126630995
1710527556.0908413,-2.5607273313734265
1710527556.0909545,-2.5428650114271374
1710527556.091068,-2.524652216169569
1710527556.0911815,-2.5029370519849987
1710527556.091295,-2.4794708357916937
1710527556.0914083,-2.4521517753601074
1710527556.0915217,-2.421330346001519
1710527556.0916352,-2.3870062828063965
1710527556.0917485,-2.350931167602539
1710527556.091862,-2.313805421193441
1710527556.0919755,-2.2738774617513022
1710527556.092089,-2.2346501880221896
1710527556.0922022,-2.195072571436564
1710527556.0923157,-2.1523427963256836
1710527556.0924292,-2.108212047153049
1710527556.0925426,-2.059878375795152
1710527556.092656,-2.007691992653741
1710527556.0927694,-1.9516530301835802
1710527556.0928829,-1.8907104598151312
1710527556.0929964,-1.8255650997161865
1710527556.0931096,-1.7583182122972276
1710527556.093223,-1.6879191663530138
1710527556.0933366,-1.614017751481798
1710527556.09345,-1.5397659937540689
1710527556.0935633,-1.463762919108073
1710527556.0936768,-1.384257607989841
1710527556.0937903,-1.302300426695082
1710527556.0939038,-1.217891640133328
1710527556.094017,-1.1289297209845648
1710527556.0941305,-1.0354144705666435
1710527556.094244,-0.9373461537890964
1710527556.0943575,-0.8361256122589111
1710527556.0944707,-0.7314026355743408
1710527556.0945842,-0.6235275003645155
1710527556.0946977,-0.5142513248655531
1710527556.0948112,-0.40427469544940525
1710527556.0949244,-0.2928970588578118
1710527556.095038,-0.18151945537990993
1710527556.0951514,-0.06979160010814667
1710527556.095265,0.04509727160135905
1710527556.0953782,0.16175135970115662
1710527556.0954916,0.28155826860004
1710527556.0956051,0.40521860122680664
1710527556.0957186,0.5316814449098375
1710527556.0958319,0.6598958704206679
1710527556.0959454,0.7884605725606282
1710527556.0960588,0.9159743785858154
1710527556.096172,1.0403353638119168
1710527556.0962856,1.1625944243537054
1710527556.096399,1.2820510069529216
1710527556.0965126,1.399756007724338
1710527556.0966258,1.5174611409505208
1710527556.0967393,1.6358666949801974
1710527556.0968528,1.7549730671776664
1710527556.0969663,1.8754805458916557
1710527556.0970795,1.995988024605645
1710527556.097193,2.1126421292622886
1710527556.0973065,2.226493888431125
1710527556.09742,2.3343899514940047
1710527556.0975332,2.4370315339830184
1710527556.0976467,2.5323165787590876
1710527556.0977602,2.623398039076063
1710527556.0978737,2.7099251747131348
1710527556.097987,2.79435051812066
1710527556.0981004,2.8780751758151584
1710527556.098214,2.9586471451653376
1710527556.0983274,3.038167953491211
1710527556.0984406,3.112784491644965
1710527556.0985541,3.1828472349378796
1710527556.0986676,3.244852489895291
1710527556.098781,3.300201892852783
1710527556.0988944,3.3488951789008246
1710527556.0990078,3.3916332986619735
1710527556.0991213,3.4280660417344833
1710527556.0992348,3.462396462758382
1710527556.099348,3.493574460347493
1710527556.0994616,3.5233510865105524
1710527556.099575,3.5506754451327853
1710527556.0996885,3.5734457439846463
1710527556.0998018,3.5934135648939343
1710527556.0999153,3.6091775364345975
1710527556.1000288,3.618285655975342
1710527556.1001422,3.623189926147461
1710527556.1002555,3.623189926147461
1710527556.100369,3.619336552090115
1710527556.1004825,3.6130309104919434
1710527556.1005957,3.6053241623772516
1710527556.1007092,3.595515357123481
1710527556.1008227,3.585005866156684
1710527556.1009362,3.573095268673367
1710527556.1010494,3.5590828789605036
1710527556.101163,3.5436691178215876
1710527556.1012764,3.5254528787400985
1710527556.10139,3.5058352682325573
1710527556.1015031,3.4841158654954696
1710527556.1016166,3.4602946705288358
1710527556.10173,3.434721893734402
1710527556.1018436,3.4087986416286893
1710527556.1019568,3.381824758317735
1710527556.1020703,3.3545003996955023
1710527556.1021838,3.3285771475897894
1710527556.1022973,3.3033545811971026
1710527556.1024106,3.2788327005174422
1710527556.102524,3.2550115055508084
1710527556.1026375,3.230839835272895
1710527556.102751,3.206668429904514
1710527556.1028643,3.181445863511827
1710527556.1029778,3.1555228763156467
1710527556.1030912,3.1299498346116805
1710527556.1032047,3.102975951300727
1710527556.103318,3.077052699195014
1710527556.1034315,3.053581714630127
1710527556.103545,3.030811415778266
1710527556.1036584,3.0108435948689776
1710527556.1037717,2.992277145385742
1710527556.1038852,2.9747613271077475
1710527556.1039987,2.957946459452311
1710527556.1041121,2.9404309060838485
1710527556.1042254,2.92221466700236
1710527556.104339,2.903297742207845
1710527556.1044524,2.8836801317003036
1710527556.1045659,2.865113682217068
1710527556.104679,2.847597863939073
1710527556.1047926,2.8325345781114364
1710527556.104906,2.81887239880032
1710527556.1050193,2.8083629078335233
1710527556.1051328,2.7989045778910318
1710527556.1052463,2.788395086924235
1710527556.1053598,2.776484489440918
1710527556.105473,2.764924102359348
1710527556.1055865,2.749860816531711
1710527556.1057,2.733746369679769
1710527556.1058135,2.7165810267130532
1710527556.1059268,2.700466579861111
1710527556.1060402,2.684702608320448
1710527556.1061537,2.6713906394110785
1710527556.1062672,2.6594800419277616
1710527556.1063805,2.646868758731418
1710527556.106494,2.6328563690185547
1710527556.1066074,2.6174426078796387
1710527556.106721,2.599927054511176
1710527556.1068342,2.5785578621758356
1710527556.1069477,2.5557875633239746
1710527556.1070611,2.530564996931288
1710527556.1071746,2.504992220136854
1710527556.107288,2.4787187576293945
1710527556.1074014,2.454196876949734
1710527556.1075149,2.429674996270074
1710527556.1076283,2.403401533762614
1710527556.1077416,2.374676068623861
1710527556.107855,2.3441987567477756
1710527556.1079686,2.310568756527371
1710527556.108082,2.272384696536594
1710527556.1081953,2.2310479482014975
1710527556.1083088,2.1858575608995223
1710527556.1084223,2.1399664878845215
1710527556.1085358,2.091273069381714
1710527556.108649,2.042229308022393
1710527556.1087625,1.9907334115770128
1710527556.108876,1.937485933303833
1710527556.1089895,1.8821365303463407
1710527556.1091027,1.8239846494462755
1710527556.1092162,1.7612787087758381
1710527556.1093297,1.6943689187367756
1710527556.109443,1.6239560974968803
1710527556.1095564,1.5489892164866128
1710527556.10967,1.4698186185624864
1710527556.1097834,1.3888963063557942
1710527556.1098967,1.3051716486612956
1710527556.1100101,1.218994723425971
1710527556.1101236,1.1310663488176134
1710527556.1102371,1.0417366027832031
1710527556.1103504,0.9503049982918633
1710527556.1104639,0.856421258714464
1710527556.1105773,0.7583336697684394
1710527556.1106908,0.6574436691072252
1710527556.110804,0.5530505379041036
1710527556.1109176,0.44515424304538304
1710527556.111031,0.3337548507584466
1710527556.1111445,0.2199032571580675
1710527556.1112578,0.10430009828673469
1710527556.1113713,-0.011651087552309036
1710527556.1114848,-0.12688138418727452
1710527556.1115983,-0.2417614393764072
1710527556.1117115,-0.3569917215241326
1710527556.111825,-0.4718717932701111
1710527556.1119385,-0.587802595562405
1710527556.112052,-0.7047840621736314
1710527556.1121652,-0.825268030166626
1710527556.1122787,-0.9468027618196275
1710527556.1123922,-1.069738401307
1710527556.1125057,-1.1923238966200087
1710527556.112619,-1.3124575879838731
1710527556.1127324,-1.4304897520277235
1710527556.112846,-1.543968915939331
1710527556.1129594,-1.6535952356126573
1710527556.1130726,-1.7614705032772489
1710527556.1131861,-1.866893900765313
1710527556.1132996,-1.9709163241916232
1710527556.113413,-2.0756393008761935
1710527556.1135263,-2.17966185675727
1710527556.1136398,-2.282633516523573
1710527556.1137533,-2.3845545450846353
1710527556.1138666,-2.4829732047186956
1710527556.11398,-2.575437757703993
1710527556.1140935,-2.662648359934489
1710527556.114207,-2.743204434712728
1710527556.1143203,-2.81850708855523
1710527556.1144338,-2.889606687757704
1710527556.1145473,-2.95650323232015
1710527556.1146607,-3.0223491456773544
1710527556.114774,-3.0853931109110513
1710527556.1148875,-3.146335548824734
1710527556.115001,-3.2037756178114147
1710527556.1151145,-3.2566624217563205
1710527556.1152277,-3.303595119052463
1710527556.1153412,-3.3452741305033364
1710527556.1154547,-3.37924771838718
1710527556.1155682,-3.40866830613878
1710527556.1156814,-3.432484997643365
1710527556.115795,-3.452448844909668
1710527556.1159084,-3.471011850568983
1710527556.1160219,-3.4857220119900174
1710527556.1161351,-3.4997317526075573
1710527556.1162486,-3.5119901763068304
1710527556.116362,-3.5203960206773544
1710527556.1164756,-3.5259999169243708
1710527556.1165888,-3.5277512338426376
1710527556.1167023,-3.5256497065226235
1710527556.1168158,-3.5203960206773544
1710527556.1169293,-3.5109395451015897
1710527556.1170425,-3.4986811214023166
1710527556.117156,-3.48537180158827
1710527556.1172695,-3.470661375257704
1710527556.117383,-3.455250793033176
1710527556.1174963,-3.439489735497369
1710527556.1176097,-3.4233784675598145
1710527556.1177232,-3.406566778818766
1710527556.1178367,-3.3883542484707303
1710527556.11795,-3.369441032409668
1710527556.1180634,-3.3487764994303384
1710527556.118177,-3.3260107040405273
1710527556.1182902,-3.302194012535943
1710527556.1184037,-3.2776769002278643
1710527556.1185172,-3.252459367116292
1710527556.1186306,-3.2272418340047198
1710527556.118744,-3.2030749320983887
1710527556.1188574,-3.1799589263068304
1710527556.1189709,-3.158593972524007
1710527556.1190844,-3.138630125257704
1710527556.1191976,-3.1186662779914007
1710527556.119311,-3.0990526411268444
1710527556.1194246,-3.079088528951009
1710527556.119538,-3.0570231543646917
1710527556.1196513,-3.0342573589748807
1710527556.1197648,-3.011491563585069
1710527556.1198783,-2.988375292883979
1710527556.1199918,-2.967010604010688
1710527556.120105,-2.9484475983513727
1710527556.1202185,-2.9312856992085776
1710527556.120332,-2.916225062476264
1710527556.1204455,-2.903966638776991
1710527556.1205587,-2.8903071085611978
1710527556.1206722,-2.8773479991488986
1710527556.1207857,-2.8626378377278647
1710527556.1208992,-2.846876780192057
1710527556.1210124,-2.829714881049262
1710527556.121126,-2.8136036131117077
1710527556.1212394,-2.7978425555759006
1710527556.121353,-2.78383281495836
1710527556.1214662,-2.7726250224643283
1710527556.1215796,-2.764569388495551
1710527556.1216931,-2.756513754526774
1710527556.1218066,-2.748808330959744
1710527556.1219199,-2.7404024865892196
1710527556.1220334,-2.7291946940951877
1710527556.1221468,-2.715885639190674
1710527556.1222603,-2.70082500245836
1710527556.1223736,-2.6847137345208063
1710527556.122487,-2.6682522561815047
1710527556.1226006,-2.653542094760471
1710527556.1227138,-2.6395323541429305
1710527556.1228273,-2.6269234551323786
1710527556.1229408,-2.6146650314331055
1710527556.1230543,-2.6017059220208063
1710527556.1231675,-2.5866455501980252
1710527556.123281,-2.5680825445387097
1710527556.1233945,-2.5463673803541393
1710527556.123508,-2.5215000576443143
1710527556.1236212,-2.493830786810981
1710527556.1237347,-2.4644101990593805
1710527556.1238482,-2.4356902970208063
1710527556.1239617,-2.4048688676622176
1710527556.124075,-2.3750980695088706
1710527556.1241884,-2.343926429748535
1710527556.124302,-2.3106532626681857
1710527556.1244154,-2.274928357866075
1710527556.1245286,-2.2346501880221896
1710527556.1246421,-2.1919204129113092
1710527556.1247556,-2.1446375052134194
1710527556.124869,-2.093501753277249
1710527556.1249824,-2.0392139752705893
1710527556.1250958,-1.9824744595421684
1710527556.1252093,-1.9246841801537407
1710527556.1253228,-1.865843137105306
1710527556.125436,-1.8049006991916232
1710527556.1255496,-1.7408061027526855
1710527556.125663,-1.6749601893954806
1710527556.1257765,-1.6059621175130208
1710527556.1258898,-1.5324107805887857
1710527556.1260033,-1.4546566539340549
1710527556.1261168,-1.3723492622375488
1710527556.1262302,-1.2865395016140408
1710527556.1263435,-1.1951258447435167
1710527556.126457,-1.1026613579856024
1710527556.1265705,-1.0059940152698092
1710527556.126684,-0.906874934832255
1710527556.1267972,-0.8070553673638238
1710527556.1269107,-0.7054845492045084
1710527556.1270242,-0.6018123361799452
1710527556.1271374,-0.4953381419181824
1710527556.127251,-0.3874629735946655
1710527556.1273644,-0.27328340543640983
1710527556.127478,-0.15700237618552312
1710527556.1275911,-0.036168172955513
1710527556.1277046,0.08713478015528785
1710527556.127818,0.21289699607425266
1710527556.1279316,0.33900953001446194
1710527556.1280448,0.46372082498338485
1710527556.1281583,0.5859798855251735
1710527556.1282718,0.7075383928087022
1710527556.1283853,0.8269949754079182
1710527556.1284986,0.9468019008636475
1710527556.128612,1.0676597224341497
1710527556.1287255,1.1902691258324516
1710527556.128839,1.3156810071733263
1710527556.1289523,1.4403923352559407
1710527556.1290658,1.5665049023098416
1710527556.1291792,1.6894645161098905
1710527556.1292927,1.8089210987091064
1710527556.129406,1.9241739643944633
1710527556.1295195,2.033821874194675
1710527556.129633,2.138565248913235
1710527556.1297464,2.2405062781439886
1710527556.1298597,2.3403453826904297
1710527556.1299732,2.4394838015238443
1710527556.1300867,2.5379215346442328
1710527556.1302001,2.6356588469611273
1710527556.1303134,2.731294102138943
1710527556.130427,2.822375562455919
1710527556.1305404,2.907501326666938
1710527556.1306539,2.9873726103040905
1710527556.130767,3.058135774400499
1710527556.1308806,3.123644193013509
1710527556.130994,3.1824967596266003
1710527556.1311076,3.2371454768710666
1710527556.1312208,3.2900428771972656
1710527556.1313343,3.3397870593600802
1710527556.1314478,3.3877799246046276
1710527556.131561,3.4322696261935763
1710527556.1316745,3.473256164126926
1710527556.131788,3.508287535773383
1710527556.1319015,3.5377136866251626
1710527556.1320148,3.560834460788303
1710527556.1321282,3.5790506998697915
1710527556.1322417,3.5913115077548556
1710527556.1323552,3.599719206492106
1710527556.1324685,3.6060248480902777
1710527556.132582,3.6098782221476235
1710527556.1326954,3.6112793286641436
1710527556.132809,3.610929118262397
1710527556.1329222,3.608476850721571
1710527556.1330357,3.6025216844346786
1710527556.1331491,3.5944644610087075
1710527556.1332626,3.5825538635253906
1710527556.133376,3.5667896270751953
1710527556.1334894,3.5485733879937067
1710527556.1336029,3.527554670969645
1710527556.1337163,3.5051345825195312
1710527556.1338296,3.4827147589789496
1710527556.133943,3.4595939848158093
1710527556.1340566,3.4357727898491754
1710527556.13417,3.412301805284288
1710527556.1342833,3.3895315064324274
1710527556.1343968,3.367111417982313
1710527556.1345103,3.3436406983269586
1710527556.1346238,3.3205199241638184
1710527556.134737,3.2952973577711315
1710527556.1348505,3.269374370574951
1710527556.134964,3.243100908067491
1710527556.1350775,3.216477235158284
1710527556.1351907,3.1891528765360513
1710527556.1353042,3.1635798348320856
1710527556.1354177,3.139057954152425
1710527556.1355312,3.115236759185791
1710527556.1356444,3.0942180421617294
1710527556.135758,3.073549535539415
1710527556.1358714,3.0539321899414062
1710527556.1359847,3.0336138937208386
1710527556.1360981,3.0132958624098034
1710527556.1362116,2.991926670074463
1710527556.1363251,2.970207267337375
1710527556.1364384,2.9477874437967935
1710527556.1365519,2.9267687267727323
1710527556.1366653,2.907851801978217
1710527556.1367788,2.8910366694132485
1710527556.136892,2.877024279700385
1710527556.1370056,2.8644129965040417
1710527556.137119,2.8521519237094455
1710527556.1372325,2.8402413262261286
1710527556.1373458,2.827630043029785
1710527556.1374593,2.8132674429151745
1710527556.1375728,2.7978536817762585
1710527556.1376863,2.781389024522569
1710527556.1377995,2.765975263383653
1710527556.137913,2.7516123983595104
1710527556.1380265,2.738650639851888
1710527556.13814,2.7281414137946234
1710527556.1382532,2.7176319228278265
1710527556.1383667,2.708523803287082
1710527556.1384802,2.6976641019185386
1710527556.1385937,2.684702608320448
1710527556.138707,2.669639057583279
1710527556.1388204,2.6521235042148166
1710527556.138934,2.6325061586168075
1710527556.1390474,2.6125383377075195
1710527556.1391606,2.592220041486952
1710527556.1392741,2.572602695888943
1710527556.1393876,2.5543864568074546
1710527556.139501,2.535819742414686
1710527556.1396143,2.5162023968166776
1710527556.1397278,2.4941325187683105
1710527556.1398413,2.4696106380886502
1710527556.1399548,2.44193606906467
1710527556.140068,2.410407861073812
1710527556.1401815,2.37642765045166
1710527556.140295,2.3392944865756564
1710527556.1404083,2.3011104265848794
1710527556.1405218,2.261875205569797
1710527556.1406353,2.2212390104929605
1710527556.1407487,2.179902129703098
1710527556.140862,2.1364634566836886
1710527556.1409755,2.0905725161234536
1710527556.141089,2.04117841190762
1710527556.1412024,1.9886314868927002
1710527556.1413157,1.9308299488491483
1710527556.1414292,1.8695252471499972
1710527556.1415427,1.8040168285369873
1710527556.1416562,1.7371070384979248
1710527556.1417694,1.6666942172580295
1710527556.141883,1.5945298141903348
1710527556.1419964,1.5202636188930936
1710527556.1421099,1.4445960521697998
1710527556.1422231,1.3664763503604465
1710527556.1423366,1.2852038277520073
1710527556.14245,1.2014791700575087
1710527556.1425636,1.1132003201378715
1710527556.1426768,1.021768781873915
1710527556.1427903,0.926133460468716
1710527556.1429038,0.8266446325514052
1710527556.1430173,0.7240030500623915
1710527556.1431305,0.6199602286020914
1710527556.143244,0.5138155155711703
1710527556.1433575,0.4066198733117845
1710527556.143471,0.29907388819588554
1710527556.1435843,0.19047699040836757
1710527556.1436977,0.0801285273498959
1710527556.1438112,-0.0323154880768723
1710527556.1439247,-0.14649505416552225
1710527556.144038,-0.26382681396272445
1710527556.1441514,-0.3839605384402805
1710527556.144265,-0.5058454473813375
1710527556.1443784,-0.6291313966115316
1710527556.1444917,-0.7517168256971571
1710527556.1446052,-0.8732514911227756
1710527556.1447186,-0.9937354591157701
1710527556.144832,-1.1107169919543796
1710527556.1449454,-1.2269980377621121
1710527556.1450589,-1.3401268588172064
1710527556.1451724,-1.4536058902740479
1710527556.1452856,-1.566734711329142
1710527556.145399,-1.6802138752407498
1710527556.1455126,-1.794043117099338
1710527556.145626,-1.9075221485561795
1710527556.1457393,-2.018899785147773
1710527556.1458528,-2.126424709955851
1710527556.1459663,-2.227645185258653
1710527556.1460798,-2.324663003285726
1710527556.146193,-2.416777080959744
1710527556.1463065,-2.5036377376980252
1710527556.14642,-2.587696181403266
1710527556.1465335,-2.669303152296278
1710527556.1466467,-2.750909858279758
1710527556.1467602,-2.8293646706475153
1710527556.1468737,-2.907118797302246
1710527556.1469872,-2.9803196589152017
1710527556.1471004,-3.049668206108941
1710527556.147214,-3.1113110648261175
1710527556.1473274,-3.1684009234110513
1710527556.147441,-3.21953641043769
1710527556.1475542,-3.2636671596103244
1710527556.1476676,-3.304645750257704
1710527556.1477811,-3.3417717615763345
1710527556.1478946,-3.3760955598619247
1710527556.1480079,-3.40866830613878
1710527556.1481214,-3.4401901563008623
1710527556.1482348,-3.466808795928955
1710527556.1483483,-3.4906254874335394
1710527556.1484616,-3.509538438585069
1710527556.148575,-3.5235484441121416
1710527556.1486886,-3.53265470928616
1710527556.148802,-3.536857499016656
1710527556.1489153,-3.537558184729682
1710527556.1490288,-3.534756236606174
1710527556.1491423,-3.5305531819661455
1710527556.1492555,-3.5249492857191296
1710527556.149369,-3.5172438621520996
1710527556.1494825,-3.509538438585069
1710527556.149596,-3.4986811214023166
1710527556.1497092,-3.487122853597005
1710527556.1498227,-3.473113112979465
1710527556.1499362,-3.456651634640164
1710527556.1500497,-3.4370379977756076
1710527556.150163,-3.4160235193040633
1710527556.1502764,-3.3932574590047198
1710527556.15039,-3.3687403466966415
1710527556.1505034,-3.3445737096998425
1710527556.1506166,-3.320056597391764
1710527556.1507301,-3.29623990588718
1710527556.1508436,-3.2731239000956216
1710527556.150957,-3.2507083151075573
1710527556.1510704,-3.2286429405212402
1710527556.1511838,-3.2072779867384167
1710527556.1512973,-3.1845121913486056
1710527556.1514108,-3.1606954998440213
1710527556.151524,-3.135477966732449
1710527556.1516376,-3.1109608544243708
1710527556.151751,-3.085042635599772
1710527556.1518645,-3.060875998602973
1710527556.1519778,-3.0381099383036294
1710527556.1520913,-3.017795880635579
1710527556.1522048,-2.999232874976264
1710527556.1523182,-2.983472082349989
1710527556.1524315,-2.9687616560194225
1710527556.152545,-2.9533510737948947
1710527556.1526585,-2.9372398058573403
1710527556.152772,-2.919727431403266
1710527556.1528852,-2.90151490105523
1710527556.1529987,-2.8833021057976618
1710527556.1531122,-2.8650895754496255
1710527556.1532257,-2.8479274113972983
1710527556.153339,-2.833917670779758
1710527556.1534524,-2.822009457482232
1710527556.153566,-2.8122025065951877
1710527556.1536791,-2.8030962414211698
1710527556.1537926,-2.793289555443658
1710527556.153906,-2.7824319733513727
1710527556.1540196,-2.769472863939073
1710527556.1541328,-2.7544124921162925
1710527556.1542463,-2.738301224178738
1710527556.1543598,-2.7225401666429305
1710527556.1544733,-2.7067791091071234
1710527556.1545866,-2.6945206854078503
1710527556.1547,-2.682261996799045
1710527556.1548135,-2.672105100419786
1710527556.154927,-2.662648359934489
1710527556.1550403,-2.652140988243951
1710527556.1551538,-2.6402327749464245
1710527556.1552672,-2.6244717174106174
1710527556.1553807,-2.606959607866075
1710527556.155494,-2.586995760599772
1710527556.1556075,-2.5659810172186956
1710527556.155721,-2.5435654322306314
1710527556.1558344,-2.521850268046061
1710527556.1559477,-2.5008357895745172
1710527556.1560612,-2.4794708357916937
1710527556.1561747,-2.4574054612053766
1710527556.1562881,-2.433588769700792
1710527556.1564014,-2.405219078063965
1710527556.156515,-2.3743976487053766
1710527556.1566284,-2.3397233751085067
1710527556.1567419,-2.3008463117811413
1710527556.156855,-2.259167300330268
1710527556.1569686,-2.2143359978993735
1710527556.157082,-2.169154485066732
1710527556.1571956,-2.1222217877705893
1710527556.1573088,-2.073537906010946
1710527556.1574223,-2.023803260591295
1710527556.1575358,-1.9709163241916232
1710527556.1576493,-1.9162783357832167
1710527556.1577625,-1.8563865290747747
1710527556.157876,-1.792992353439331
1710527556.1579895,-1.7253952556186252
1710527556.1581028,-1.6532450252109103
1710527556.1582162,-1.5768918726179335
1710527556.1583297,-1.4984371927049425
1710527556.1584432,-1.4164800114101834
1710527556.1585565,-1.3331219885084364
1710527556.15867,-1.2469618850284152
1710527556.1587834,-1.1594009399414062
1710527556.158897,-1.0693881909052532
1710527556.1590102,-0.9765734937455919
1710527556.1591237,-0.8806066380606757
1710527556.1592371,-0.7811372809939914
1710527556.1593506,-0.6771147913402981
1710527556.159464,-0.5695898665322198
1710527556.1595774,-0.4571615325080024
1710527556.1596909,-0.3429819809065925
1710527556.1598043,-0.22565020455254448
1710527556.1599176,-0.10971942709551917
1710527556.160031,0.007263512557579411
1710527556.1601446,0.12321698168913522
1710527556.160258,0.2398710780673557
1710527556.1603713,0.3561748398674859
1710527556.1604848,0.4749308029810587
1710527556.1605983,0.5957886907789443
1710527556.1607118,0.7208502292633057
1710527556.160825,0.8487143781450059
1710527556.1609385,0.9769287374284532
1710527556.161052,1.10654440191057
1710527556.1611655,1.2347588274214003
1710527556.1612787,1.3598203659057617
1710527556.1613922,1.480327977074517
1710527556.1615057,1.5976826349894204
1710527556.1616192,1.7129355006747775
1710527556.1617324,1.8250355455610487
1710527556.161846,1.938186486562093
1710527556.1619594,2.0509872171613903
1710527556.162073,2.1630871295928955
1710527556.1621861,2.2748369640774198
1710527556.1622996,2.384484608968099
1710527556.1624131,2.489578458997938
1710527556.1625264,2.588716877831353
1710527556.1626399,2.6815499199761286
1710527556.1627533,2.7673763699001737
1710527556.1628668,2.8465469678243003
1710527556.16298,2.9218641916910806
1710527556.1630936,2.9940287272135415
1710527556.163207,3.0633905198838973
1710527556.1633205,3.1320518917507596
1710527556.1634338,3.1975603103637695
1710527556.1635473,3.2595655653211804
1710527556.1636608,3.3166665501064725
1710527556.1637743,3.3685127894083657
1710527556.1638875,3.413352701399061
1710527556.164001,3.450485865275065
1710527556.1641145,3.4820140732659235
1710527556.164228,3.5093384318881564
1710527556.1643412,3.5321087307400174
1710527556.1644547,3.552777237362332
1710527556.1645682,3.5716941621568465
1710527556.1646817,3.5874581336975098
1710527556.164795,3.6014707883199053
1710527556.1649084,3.611629803975423
1710527556.165022,3.6179354455735946
1710527556.1651354,3.6196870274013944
1710527556.1652486,3.6172347598605685
1710527556.1653621,3.6098782221476235
1710527556.1654756,3.59901852077908
1710527556.165589,3.585005866156684
1710527556.1657023,3.569592105017768
1710527556.1658158,3.552777237362332
1710527556.1659293,3.535611894395616
1710527556.1660428,3.515994283888075
1710527556.166156,3.496026462978787
1710527556.1662695,3.475708431667752
1710527556.166383,3.4543395042419434
1710527556.1664965,3.4308685196770563
1710527556.1666098,3.4056459532843695
1710527556.1667233,3.380073176489936
1710527556.1668367,3.352748817867703
1710527556.16695,3.3243732982211642
1710527556.1670635,3.2952973577711315
1710527556.167177,3.2676227887471514
1710527556.1672904,3.2406486405266657
1710527556.1674037,3.2143751780192056
1710527556.1675172,3.1902037726508246
1710527556.1676307,3.166382312774658
1710527556.1677442,3.1439624892340765
1710527556.1678574,3.1204915046691895
1710527556.167971,3.0984218915303545
1710527556.1680844,3.0742502212524414
1710527556.1681979,3.050429026285807
1710527556.168311,3.025907145606147
1710527556.1684246,3.0013852649264865
1710527556.168538,2.978264490763346
1710527556.1686516,2.9582966698540583
1710527556.1687648,2.940080430772569
1710527556.1688783,2.9243164592319064
1710527556.1689918,2.9099535942077637
1710527556.1691053,2.8959412044949002
1710527556.1692185,2.8822790251837835
1710527556.169332,2.8665147887335882
1710527556.1694455,2.8504006067911782
1710527556.169559,2.834286159939236
1710527556.1696723,2.8171208169725204
1710527556.1697857,2.8013568454318576
1710527556.1698992,2.786993980407715
1710527556.1700127,2.7754335933261447
1710527556.170126,2.765274577670627
1710527556.1702394,2.757217354244656
1710527556.170353,2.7477590243021646
1710527556.1704664,2.737599743737115
1710527556.1705797,2.7256891462537975
1710527556.1706932,2.711676756540934
1710527556.1708066,2.695912520090739
1710527556.1709201,2.6783969667222762
1710527556.1710334,2.6619323094685874
1710527556.1711469,2.645117176903619
1710527556.1712604,2.630053891075982
1710527556.1713736,2.615340815650092
1710527556.171487,2.601328161027696
1710527556.1716006,2.5866150856018066
1710527556.171714,2.5694497426350913
1710527556.1718273,2.550182607438829
1710527556.1719408,2.527061833275689
1710527556.1720543,2.501839531792535
1710527556.1721678,2.4738144874572754
1710527556.172281,2.4447385470072427
1710527556.1723945,2.4156626065572104
1710527556.172508,2.3855357699924045
1710527556.1726215,2.3554086685180664
1710527556.1727347,2.3238807254367404
1710527556.1728482,2.2909511460198297
1710527556.1729617,2.2548691431681314
1710527556.1730752,2.214933501349555
1710527556.1731884,2.1711443530188665
1710527556.173302,2.123501830630832
1710527556.1734154,2.072356277041965
1710527556.173529,2.0173570844862194
1710527556.1736422,1.9602562321556938
1710527556.1737556,1.9021043512556288
1710527556.1738691,1.841850545671251
1710527556.1739826,1.779494947857327
1710527556.1740959,1.71503742535909
1710527556.1742094,1.6470767392052543
1710527556.1743228,1.5766639179653592
1710527556.1744363,1.5013466940985785
1710527556.1745496,1.422876649432712
1710527556.174663,1.3395023345947266
1710527556.1747766,1.2536757522159152
1710527556.17489,1.1629447672102187
1710527556.1750033,1.0708125432332356
1710527556.1751168,0.9765784607993232
1710527556.1752303,0.8802424536810981
1710527556.1753438,0.7825052738189697
1710527556.175457,0.6837171316146851
1710527556.1755705,0.5828270647260878
1710527556.175684,0.4805358250935872
1710527556.1757972,0.3743911120626661
1710527556.1759107,0.266144507461124
1710527556.1760242,0.15439480543136597
1710527556.1761377,0.03844133267800013
1710527556.176251,-0.07854770455095503
1710527556.1763644,-0.19728044668833414
1710527556.176478,-0.3160131639904446
1710527556.1765914,-0.4336951838599311
1710527556.1767046,-0.5499762296676636
1710527556.1768181,-0.665556788444519
1710527556.1769316,-0.7800865835613674
1710527556.177045,-0.8949665890799628
1710527556.1771584,-1.0119481219185722
1710527556.1772718,-1.1292799313863118
1710527556.1773853,-1.2483628590901692
1710527556.1774988,-1.3688468933105469
1710527556.177612,-1.4886303742726643
1710527556.1777256,-1.6063123279147677
1710527556.177839,-1.7211923334333632
1710527556.1779525,-1.8315192063649495
1710527556.1780658,-1.9369427363077798
1710527556.1781793,-2.0392139752705893
1710527556.1782928,-2.1386832661098905
1710527556.1784062,-2.2360510296291776
1710527556.1785195,-2.3320179515414767
1710527556.178633,-2.427984873453776
1710527556.1787465,-2.522550688849555
1710527556.17886,-2.615715662638346
1710527556.1789732,-2.7039771609836154
1710527556.1790867,-2.7887362904018826
1710527556.1792002,-2.8664904170566134
1710527556.1793137,-2.9386406474643283
1710527556.179427,-3.00483677122328
1710527556.1795404,-3.065078788333469
1710527556.179654,-3.1221686469184027
1710527556.1797674,-3.1761063469780817
1710527556.1798806,-3.228292465209961
1710527556.179994,-3.2780271106296115
1710527556.1801076,-3.324609597524007
1710527556.1802208,-3.3676897154914007
1710527556.1803343,-3.4055161476135254
1710527556.1804478,-3.4370379977756076
1710527556.1805613,-3.462956216600206
1710527556.1806746,-3.484320905473497
1710527556.180788,-3.5000819630093045
1710527556.1809015,-3.5109395451015897
1710527556.181015,-3.5200458102756076
1710527556.1811283,-3.5270508130391436
1710527556.1812418,-3.532304498884413
1710527556.1813552,-3.535456657409668
1710527556.1814687,-3.536857499016656
1710527556.181582,-3.5358068678114147
1710527556.1816955,-3.5316038131713867
1710527556.181809,-3.5249492857191296
1710527556.1819224,-3.5144419140285916
1710527556.1820357,-3.5014830695258246
1710527556.1821492,-3.48537180158827
1710527556.1822627,-3.467509216732449
1710527556.1823761,-3.449296686384413
1710527556.1824894,-3.4296830495198565
1710527556.182603,-3.4097189373440213
1710527556.1827164,-3.390105300479465
1710527556.1828299,-3.3704916636149087
1710527556.182943,-3.3498273955451117
1710527556.1830566,-3.3295130729675293
1710527556.18317,-3.307797908782959
1710527556.1832836,-3.284331692589654
1710527556.1833968,-3.2594643698798285
1710527556.1835103,-3.23354615105523
1710527556.1836238,-3.20692777633667
1710527556.1837373,-3.180309136708577
1710527556.1838505,-3.155792024400499
1710527556.183964,-3.130924701690674
1710527556.1840775,-3.1088593271043563
1710527556.184191,-3.0885452694363065
1710527556.1843042,-3.069632053375244
1710527556.1844177,-3.051419258117676
1710527556.1845312,-3.0325060420566134
1710527556.1846445,-3.0132426155938044
1710527556.184758,-2.9918779267205133
1710527556.1848714,-2.97051297293769
1710527556.184985,-2.9491480191548667
1710527556.1850982,-2.929184171888563
1710527556.1852117,-2.911321587032742
1710527556.1853251,-2.89521058400472
1710527556.1854386,-2.882601684994168
1710527556.185552,-2.8710436820983887
1710527556.1856654,-2.8601861000061035
1710527556.1857789,-2.8493285179138184
1710527556.1858923,-2.836719618903266
1710527556.1860056,-2.822359667883979
1710527556.186119,-2.8072992960611978
1710527556.1862326,-2.7915382385253906
1710527556.186346,-2.7761273913913302
1710527556.1864593,-2.7614172299702964
1710527556.1865728,-2.752310964796278
1710527556.1866863,-2.74180359310574
1710527556.1867998,-2.733047538333469
1710527556.186913,-2.7256923251681857
1710527556.1870265,-2.7172864807976618
1710527556.18714,-2.7057284779018826
1710527556.1872535,-2.6920689476860895
1710527556.1873667,-2.675607469346788
1710527556.1874802,-2.659145991007487
1710527556.1875937,-2.6402327749464245
1710527556.1877072,-2.6223704550001354
1710527556.1878204,-2.604858080546061
1710527556.187934,-2.58839660220676
1710527556.1880474,-2.572635809580485
1710527556.188161,-2.5547732247246637
1710527556.1882741,-2.5358600086636014
1710527556.1883876,-2.512744002872043
1710527556.1885011,-2.486825784047445
1710527556.1886146,-2.4570552508036294
1710527556.1887279,-2.424482504526774
1710527556.1888413,-2.3901584413316512
1710527556.1889548,-2.354433536529541
1710527556.189068,-2.3180082109239364
1710527556.1891816,-2.2808824645148382
1710527556.189295,-2.2423556115892196
1710527556.1894085,-2.203828626208835
1710527556.1895218,-2.1610988510979547
1710527556.1896353,-2.115567127863566
1710527556.1897488,-2.0661828253004284
1710527556.1898623,-2.012595468097263
1710527556.1899755,-1.9544549783070881
1710527556.190089,-1.8931621975368924
1710527556.1902025,-1.8290676010979545
1710527556.190316,-1.7621709240807426
1710527556.1904292,-1.6935230626000297
1710527556.1905427,-1.623824569914076
1710527556.1906562,-1.550973786248101
1710527556.1907697,-1.4756712648603652
1710527556.190883,-1.397216584947374
1710527556.1909964,-1.315259536107381
1710527556.19111,-1.2297999858856201
1710527556.1912234,-1.140137513478597
1710527556.1913366,-1.0455715656280518
1710527556.19145,-0.9464524851904975
1710527556.1915636,-0.8441812462276882
1710527556.191677,-0.7398084799448649
1710527556.1917903,-0.6333343187967936
1710527556.1919038,-0.5254591173595852
1710527556.1920173,-0.4172337055206299
1710527556.1921308,-0.30830780665079754
1710527556.192244,-0.19763069020377264
1710527556.1923575,-0.08485209610727099
1710527556.192471,0.030384144435326256
1710527556.1925845,0.14949041936132643
1710527556.1926978,0.2710488935311635
1710527556.1928113,0.3968111011717054
1710527556.1929247,0.5232739448547363
1710527556.1930382,0.6500871313942803
1710527556.1931515,0.7754990127351549
1710527556.193265,0.899159378475613
1710527556.1933784,1.0203675429026287
1710527556.1934917,1.1384228865305583
1710527556.1936052,1.2554272015889485
1710527556.1937187,1.3727819919586182
1710527556.1938322,1.4915378888448079
1710527556.1939454,1.6116951571570501
1710527556.194059,1.733253664440579
1710527556.1941724,1.8537611431545682
1710527556.1942859,1.9732177257537842
1710527556.194399,2.087770038180881
1710527556.1945126,2.1974178155263266
1710527556.194626,2.302862008412679
1710527556.1947396,2.4016499519348145
1710527556.1948528,2.496934996710883
1710527556.1949663,2.588366667429606
1710527556.1950798,2.6783969667222762
1710527556.1951933,2.7670261594984265
1710527556.1953065,2.8556550873650446
1710527556.19542,2.9411313268873425
1710527556.1955335,3.023104667663574
1710527556.195647,3.099472787645128
1710527556.1957603,3.16953526602851
1710527556.1958737,3.2318909962972002
1710527556.1959872,3.287240399254693
1710527556.1961007,3.3369845814175076
1710527556.196214,3.381124072604709
1710527556.1963274,3.4214099248250323
1710527556.196441,3.4599444601270886
1710527556.1965544,3.496026462978787
1710527556.1966677,3.5286055670844183
1710527556.1967812,3.558382193247477
1710527556.1968946,3.5829040739271374
1710527556.1970081,3.6021712091233993
1710527556.1971214,3.615833388434516
1710527556.1972349,3.6228397157457137
1710527556.1973484,3.6256421936882868
1710527556.1974618,3.6249415079752603
1710527556.197575,3.6214386092291937
1710527556.1976886,3.615132967631022
1710527556.197802,3.608476850721571
1710527556.1979153,3.599719206492106
1710527556.1980288,3.588509029812283
1710527556.1981423,3.576248221927219
1710527556.1982558,3.5625860426161022
1710527556.198369,3.5447200139363604
1710527556.1984825,3.525102403428819
1710527556.198596,3.5030327902899847
1710527556.1987095,3.4785109096103244
1710527556.1988227,3.452938132815891
1710527556.1989362,3.4266646703084307
1710527556.1990497,3.3993403116861978
1710527556.1991632,3.372716638776991
1710527556.1992764,3.3474940723843045
1710527556.19939,3.321921295589871
1710527556.1995034,3.296698729197184
1710527556.199617,3.27287753423055
1710527556.1997302,3.24800517823961
1710527556.1998436,3.224534193674723
1710527556.1999571,3.1989614168802896
1710527556.2000706,3.173038429684109
1710527556.2001839,3.1450133853488498
1710527556.2002974,3.1187399228413897
1710527556.2004108,3.093167146046956
1710527556.2005243,3.0679445796542697
1710527556.2006376,3.044824070400662
1710527556.200751,3.023805088467068
1710527556.2008646,3.004187742869059
1710527556.200978,2.9863217141893172
1710527556.2010913,2.9681054751078286
1710527556.2012048,2.9495390256245932
1710527556.2013183,2.930271625518799
1710527556.2014318,2.9099535942077637
1710527556.201545,2.8899857732984753
1710527556.2016585,2.8703684277004666
1710527556.201772,2.8528526094224715
1710527556.2018855,2.8370886378818088
1710527556.2019987,2.8241271442837186
1710527556.2021122,2.8136176533169217
1710527556.2022257,2.803808848063151
1710527556.202339,2.7932996220058866
1710527556.2024524,2.7824399206373425
1710527556.202566,2.7698286374409995
1710527556.2026794,2.7558159828186035
1710527556.2027926,2.740752696990967
1710527556.2029061,2.7246382501390243
1710527556.2030196,2.7095746994018555
1710527556.203133,2.696262995402018
1710527556.2032464,2.684001922607422
1710527556.2033598,2.673492696550157
1710527556.2034733,2.662282519870334
1710527556.2035868,2.6503719223870172
1710527556.2037,2.6367097430759006
1710527556.2038136,2.6202450858222113
1710527556.203927,2.60062747531467
1710527556.2040405,2.5792585478888617
1710527556.2041538,2.556138038635254
1710527556.2042673,2.5323165787590876
1710527556.2043808,2.5084953837924533
1710527556.2044942,2.4850243992275662
1710527556.2046075,2.4622541003757052
1710527556.204721,2.438082695007324
1710527556.2048345,2.411809232499864
1710527556.204948,2.3830835024515786
1710527556.2050612,2.3501541879442
1710527556.2051747,2.3140719201829696
1710527556.2052882,2.2748369640774198
1710527556.2054017,2.2313981586032443
1710527556.205515,2.1865581141577826
1710527556.2056284,2.1406671735975475
1710527556.205742,2.092674308353
1710527556.2058554,2.0443312327067056
1710527556.2059686,1.9931855466630723
1710527556.206082,1.9402884112464056
1710527556.2061956,1.88388811217414
1710527556.206309,1.8239846494462755
1710527556.2064223,1.7602276802062988
1710527556.2065358,1.691916783650716
1710527556.2066493,1.6197523805830214
1710527556.2067626,1.544785499572754
1710527556.206876,1.4666657977634006
1710527556.2069895,1.3860938284132216
1710527556.207103,1.3041207525465224
1710527556.2072163,1.2207463052537706
1710527556.2073298,1.1345693800184462
1710527556.2074432,1.0466409391827054
1710527556.2075567,0.956960916519165
1710527556.20767,0.8630771769417657
1710527556.2077835,0.7656902737087673
1710527556.207897,0.6637493107053969
1710527556.2080104,0.5597064892450968
1710527556.2081237,0.4514598846435547
1710527556.2082372,0.34181204107072616
1710527556.2083507,0.22901137669881183
1710527556.2084641,0.11656103862656488
1710527556.2085774,0.003760386672284868
1710527556.208691,-0.10936918358008066
1710527556.2088044,-0.22214776939815944
1710527556.2089179,-0.33702780803044635
1710527556.209031,-0.45120739274554783
1710527556.2091446,-0.5681888924704658
1710527556.209258,-0.6883226500617133
1710527556.2093716,-0.8098573154873318
1710527556.2094848,-0.9317422575420803
1710527556.2095983,-1.055028173658583
1710527556.2097118,-1.1765628390842013
1710527556.2098253,-1.2942447927263048
1710527556.2099385,-1.4098253515031602
1710527556.210052,-1.5215531984965005
1710527556.2101655,-1.631179650624593
1710527556.210279,-1.7380040221744113
1710527556.2103922,-1.8448285261789956
1710527556.2105057,-1.9516530301835802
1710527556.2106192,-2.0595281653934054
1710527556.2107327,-2.16565211613973
1710527556.210846,-2.2696746720208063
1710527556.2109594,-2.3698443836636014
1710527556.211073,-2.4658113055759006
1710527556.2111862,-2.5554736455281577
1710527556.2112997,-2.6395323541429305
1710527556.2114131,-2.7190377977159286
1710527556.2115266,-2.7943401866488986
1710527556.21164,-2.8664904170566134
1710527556.2117534,-2.9372398058573403
1710527556.2118669,-3.0062378777398004
1710527556.2119803,-3.072784211900499
1710527556.2120936,-3.1368788083394366
1710527556.212207,-3.1960701942443848
1710527556.2123206,-3.2500076293945312
1710527556.212434,-3.297991222805447
1710527556.2125473,-3.3393200238545733
1710527556.2126608,-3.374344242943658
1710527556.2127743,-3.404465251498752
1710527556.2128878,-3.4307336807250977
1710527556.213001,-3.4549005826314287
1710527556.2131145,-3.475915061102973
1710527556.213228,-3.495178487565782
1710527556.2133415,-3.5116399659050836
1710527556.2134547,-3.5249492857191296
1710527556.2135682,-3.5340555508931475
1710527556.2136817,-3.538258605533176
1710527556.2137952,-3.53895902633667
1710527556.2139084,-3.535456657409668
1710527556.214022,-3.5284516546461315
1710527556.2141354,-3.5179445478651257
1710527556.214249,-3.5056858592563205
1710527556.2143621,-3.4927267498440213
1710527556.2144756,-3.478016588422987
1710527556.214589,-3.463306427001953
1710527556.2147026,-3.4475453694661455
1710527556.2148159,-3.4310838911268444
1710527556.2149293,-3.4139219919840493
1710527556.2150428,-3.394308355119493
1710527556.2151563,-3.3732936117384167
1710527556.2152696,-3.3505278163486056
1710527556.215383,-3.3260107040405273
1710527556.2154965,-3.300793170928955
1710527556.2156098,-3.2745247417026095
1710527556.2157233,-3.24895699818929
1710527556.2158368,-3.2244398858812118
1710527556.2159503,-3.2009736696879068
1710527556.2160635,-3.1789082951015897
1710527556.216177,-3.158593972524007
1710527556.2162905,-3.138980335659451
1710527556.216404,-3.118316067589654
1710527556.2165172,-3.0976515346103244
1710527556.2166307,-3.075936370425754
1710527556.2167442,-3.052820364634196
1710527556.2168577,-3.0297040939331055
1710527556.216971,-3.007638719346788
1710527556.2170844,-2.986974451276991
1710527556.217198,-2.9680612352159286
1710527556.2173114,-2.9512495464748807
1710527556.2174246,-2.9372398058573403
1710527556.217538,-2.924630906846788
1710527556.2176516,-2.912022272745768
1710527556.217765,-2.899063163333469
1710527556.2178783,-2.884703212314182
1710527556.2179918,-2.8685919443766275
1710527556.2181053,-2.8517802556355796
1710527556.2182188,-2.836019198099772
1710527556.218332,-2.819557719760471
1710527556.2184455,-2.8065986103481717
1710527556.218559,-2.7950406074523926
1710527556.2186725,-2.7859343422783747
1710527556.2187858,-2.7778787083095975
1710527556.2188993,-2.770173284742567
1710527556.2190127,-2.7607168091668024
1710527556.2191262,-2.74950901667277
1710527556.2192395,-2.735849486456977
1710527556.219353,-2.7211390601264105
1710527556.2194664,-2.7050280570983887
1710527556.21958,-2.6889167891608343
1710527556.2196932,-2.675257258945041
1710527556.2198067,-2.661947939130995
1710527556.2199202,-2.6510903570387097
1710527556.2200334,-2.6395323541429305
1710527556.220147,-2.627974351247152
1710527556.2202604,-2.6132639249165854
1710527556.2203739,-2.595751815372043
1710527556.220487,-2.575437757703993
1710527556.2206006,-2.5512708557976618
1710527556.220714,-2.5260533226860895
1710527556.2208276,-2.49908447265625
1710527556.2209408,-2.4710649914211698
1710527556.2210543,-2.4433957205878363
1710527556.2211678,-2.4150257640414767
1710527556.2212813,-2.3863058620029025
1710527556.2213945,-2.355134222242567
1710527556.221508,-2.3215105798509383
1710527556.2216215,-2.2840346230400934
1710527556.221735,-2.2423556115892196
1710527556.2218482,-2.196823755900065
1710527556.2219617,-2.1477896637386746
1710527556.2220752,-2.095253070195516
1710527556.2221887,-2.0413155025906033
1710527556.222302,-1.9845758544074164
1710527556.2224154,-1.9278363386789956
1710527556.222529,-1.868645085228814
1710527556.2226424,-1.8080528577168782
1710527556.2227557,-1.7443084716796875
1710527556.2228692,-1.6770615842607286
1710527556.2229826,-1.6059621175130208
1710527556.2230961,-1.5310098065270317
1710527556.2232094,-1.4522049162122939
1710527556.2233229,-1.3684965504540336
1710527556.2234364,-1.2819863690270317
1710527556.2235498,-1.1919735537634955
1710527556.223663,-1.1005598968929715
1710527556.2237766,-1.0070447127024333
1710527556.22389,-0.9110778570175171
1710527556.2240036,-0.8147607247034708
1710527556.2241168,-0.7159919208950466
1710527556.2242303,-0.6140708923339844
1710527556.2243438,-0.5089976721339755
1710527556.224457,-0.39972149663501316
1710527556.2245705,-0.28694291909535724
1710527556.224684,-0.16996140281359354
1710527556.2247975,-0.05017793426911036
1710527556.2249107,0.07172102729479472
1710527556.2250242,0.19468074043591815
1710527556.2251377,0.31658954090542263
1710527556.2252512,0.4367467429902818
1710527556.2253644,0.556553668446011
1710527556.225478,0.6753096315595839
1710527556.2255914,0.7947662141587999
1710527556.225705,0.9163246552149454
1710527556.2258182,1.0392844014697604
1710527556.2259316,1.1660975880093045
1710527556.2260451,1.2932610511779785
1710527556.2261586,1.4211250676049125
1710527556.2262719,1.5468872918023002
1710527556.2263854,1.668796141942342
1710527556.2264988,1.7868514855702717
1710527556.2266123,1.9007031122843423
1710527556.2267256,2.0096502039167614
1710527556.226839,2.115794950061374
1710527556.2269526,2.219837771521674
1710527556.227066,2.3245814111497665
1710527556.2271793,2.4282738897535534
1710527556.2272928,2.5312656826443143
1710527556.2274063,2.630754576789008
1710527556.2275198,2.726740042368571
1710527556.227633,2.817821502685547
1710527556.2277465,2.900495264265272
1710527556.22786,2.976863384246826
1710527556.2279735,3.046225176917182
1710527556.2280867,3.111033174726698
1710527556.2282002,3.1712868478563094
1710527556.2283137,3.2280373573303223
1710527556.2284272,3.284788131713867
1710527556.2285404,3.33838595284356
1710527556.228654,3.3895315064324274
1710527556.2287674,3.4354225794474282
1710527556.2288806,3.476759327782525
1710527556.2289941,3.511440224117703
1710527556.2291076,3.539465268452962
1710527556.229221,3.5625860426161022
1710527556.2293344,3.5790506998697915
1710527556.2294478,3.592362668779161
1710527556.2295613,3.6032221052381725
1710527556.2296748,3.6112793286641436
1710527556.229788,3.6172347598605685
1710527556.2299016,3.6210881339179144
1710527556.230015,3.622489505343967
1710527556.2301285,3.6203874482048883
1710527556.2302418,3.6147824923197427
1710527556.2303553,3.6049736870659723
1710527556.2304688,3.5920121934678817
1710527556.2305822,3.5751973258124456
1710527556.2306955,3.5562804010179305
1710527556.230809,3.535611894395616
1710527556.2309225,3.5135422812567816
1710527556.231036,3.491122192806668
1710527556.2311492,3.4680016835530596
1710527556.2312627,3.4448809093899198
1710527556.2313762,3.4217604001363116
1710527556.2314897,3.3986396259731717
1710527556.231603,3.3748184310065374
1710527556.2317164,3.34994633992513
1710527556.23183,3.3236728774176703
1710527556.2319434,3.296698729197184
1710527556.2320566,3.269023895263672
1710527556.23217,3.2413493262396917
1710527556.2322836,3.2143751780192056
1710527556.232397,3.188101715511746
1710527556.2325103,3.1625289387173123
1710527556.2326238,3.139057954152425
1710527556.2327373,3.117689026726617
1710527556.2328508,3.096319834391276
1710527556.232964,3.076352013481988
1710527556.2330775,3.056033982170953
1710527556.233191,3.035015265146891
1710527556.2333043,3.0129456520080566
1710527556.2334177,2.990525563557943
1710527556.2335312,2.968455950419108
1710527556.2336447,2.94673654768202
1710527556.233758,2.9278196228875055
1710527556.2338715,2.911004490322537
1710527556.233985,2.896291414896647
1710527556.2340984,2.8836801317003036
1710527556.2342117,2.87141932381524
1710527556.2343252,2.858457565307617
1710527556.2344387,2.845496071709527
1710527556.2345521,2.8311332066853843
1710527556.2346654,2.815369235144721
1710527556.234779,2.7989045778910318
1710527556.2348924,2.783841027153863
1710527556.2350059,2.769127951727973
1710527556.235119,2.7565166685316296
1710527556.2352326,2.7460074424743652
1710527556.235346,2.7365488476223416
1710527556.2354596,2.726740042368571
1710527556.2355728,2.7162308163113065
1710527556.2356863,2.70256863700019
1710527556.2357998,2.687505086263021
1710527556.2359133,2.6713906394110785
1710527556.2360265,2.65177329381307
1710527556.23614,2.631454997592502
1710527556.2362535,2.611837651994493
1710527556.236367,2.5936214129130044
1710527556.2364802,2.5750546985202365
1710527556.2365937,2.5582398308648004
1710527556.2367072,2.5393229060702853
1710527556.2368207,2.518304189046224
1710527556.236934,2.495183414883084
1710527556.2370474,2.468559741973877
1710527556.237161,2.4391335911220975
1710527556.2372744,2.4058538013034396
1710527556.2373877,2.3715231153700085
1710527556.2375011,2.3361415333218045
1710527556.2376146,2.29935884475708
1710527556.2377279,2.2615249951680503
1710527556.2378414,2.22369114557902
1710527556.2379549,2.183405293358697
1710527556.2380683,2.141017516454061
1710527556.2381816,2.094776233037313
1710527556.238295,2.0436305469936795
1710527556.2384086,1.9896825154622395
1710527556.238522,1.9315305021074083
1710527556.2386353,1.8691749042934842
1710527556.2387488,1.8054180675082736
1710527556.2388623,1.737807724210951
1710527556.2389758,1.669496695200602
1710527556.239089,1.59873366355896
1710527556.2392025,1.5258685747782388
1710527556.239316,1.4512520366244845
1710527556.2394295,1.3734825452168782
1710527556.2395427,1.2918598122066922
1710527556.2396562,1.2074344687991672
1710527556.2397697,1.118104722764757
1710527556.2398832,1.0252718793021307
1710527556.2399964,0.9296365578969319
1710527556.24011,0.8315490351782905
1710527556.2402234,0.7306590345170763
1710527556.240337,0.6280174520280626
1710527556.2404501,0.5253758364253573
1710527556.2405636,0.42098267210854423
1710527556.240677,0.31623923116260105
1710527556.2407906,0.21009450157483417
1710527556.2409039,0.10079697602325015
1710527556.2410173,-0.010950599486629168
1710527556.2411308,-0.1254804101255205
1710527556.2412443,-0.2428121699227227
1710527556.2413576,-0.36294589440027875
1710527556.241471,-0.4837800727950202
1710527556.2415845,-0.6046142843034532
1710527556.241698,-0.7247479756673177
1710527556.2418113,-0.8434807591968112
1710527556.2419248,-0.9597618050045437
1710527556.2420382,-1.0753422975540161
1710527556.2421515,-1.1905725797017415
1710527556.242265,-1.30510237481859
1710527556.2423785,-1.4210331439971924
1710527556.242492,-1.5376644664340549
1710527556.2426052,-1.6549962096744113
1710527556.2427187,-1.7719777425130208
1710527556.2428322,-1.8858071168263753
1710527556.2429457,-1.9975349638197157
1710527556.243059,-2.104709678226047
1710527556.2431724,-2.205930153528849
1710527556.243286,-2.3032980495029025
1710527556.2433994,-2.3957623375786676
1710527556.2435126,-2.4857751528422036
1710527556.243626,-2.573336230383979
1710527556.2437396,-2.659846411810981
1710527556.243853,-2.745305962032742
1710527556.2439663,-2.828663984934489
1710527556.2440798,-2.90781921810574
1710527556.2441933,-2.981720765431722
1710527556.2443068,-3.049317995707194
1710527556.24442,-3.1113110648261175
1710527556.2445335,-3.1662993960910373
1710527556.244647,-3.216034041510688
1710527556.2447605,-3.2608652114868164
1710527556.2448738,-3.302194012535943
1710527556.2449872,-3.341421286265055
1710527556.2451007,-3.378547297583686
1710527556.2452142,-3.412871095869276
1710527556.2453275,-3.4440430005391436
1710527556.245441,-3.471011850568983
1710527556.2455544,-3.4920263290405273
1710527556.245668,-3.5091882281833224
1710527556.2457812,-3.5207464959886337
1710527556.2458947,-3.526700602637397
1710527556.2460082,-3.529152340359158
1710527556.2461216,-3.529152340359158
1710527556.246235,-3.5270508130391436
1710527556.2463484,-3.5231979688008623
1710527556.2464619,-3.5186449686686196
1710527556.246575,-3.5116399659050836
1710527556.2466886,-3.5039345423380532
1710527556.246802,-3.4934274355570474
1710527556.2469156,-3.480818536546495
1710527556.2470288,-3.465758164723714
1710527556.2471423,-3.4478955798678927
1710527556.2472558,-3.4275815221998425
1710527556.2473693,-3.405866358015272
1710527556.2474825,-3.383450773027208
1710527556.247596,-3.3596340815226235
1710527556.2477095,-3.3361678653293185
1710527556.247823,-3.3137520154317217
1710527556.2479362,-3.2909862200419107
1710527556.2480497,-3.2682204246520996
1710527556.2481632,-3.246855470869276
1710527556.2482767,-3.2251403066847057
1710527556.24839,-3.201323880089654
1710527556.2485034,-3.1771569781833224
1710527556.248617,-3.152289655473497
1710527556.2487304,-3.127422332763672
1710527556.2488437,-3.100803693135579
1710527556.2489572,-3.076636791229248
1710527556.2490706,-3.05352078543769
1710527556.2491841,-3.0328565173678927
1710527556.2492974,-3.014993932512071
1710527556.2494109,-2.9974818229675293
1710527556.2495244,-2.9824211862352157
1710527556.2496378,-2.9663099182976618
1710527556.249751,-2.9501989152696395
1710527556.2498646,-2.9323363304138184
1710527556.249978,-2.91412353515625
1710527556.2500916,-2.895560794406467
1710527556.2502048,-2.8787491056654186
1710527556.2503183,-2.8615869416130915
1710527556.2504318,-2.8479274113972983
1710527556.2505453,-2.836369408501519
1710527556.2506585,-2.827263143327501
1710527556.250772,-2.818857298956977
1710527556.2508855,-2.809751033782959
1710527556.2509987,-2.7999440828959146
1710527556.2511122,-2.7866347630818686
1710527556.2512257,-2.7726250224643283
1710527556.2513392,-2.756863964928521
1710527556.2514524,-2.741103172302246
1710527556.251566,-2.7267429563734265
1710527556.2516794,-2.7134339014689126
1710527556.251793,-2.7029265297783747
1710527556.2519062,-2.6931195788913302
1710527556.2520196,-2.683663103315565
1710527556.2521331,-2.673856152428521
1710527556.2522466,-2.661247518327501
1710527556.2523599,-2.6465370919969344
1710527556.2524734,-2.6286747720506454
1710527556.2525868,-2.6083607143825955
1710527556.2527003,-2.586995760599772
1710527556.2528136,-2.5666814380221896
1710527556.252927,-2.5453167491488986
1710527556.2530406,-2.524652216169569
1710527556.253154,-2.50538878970676
1710527556.2532673,-2.4843743112352157
1710527556.2533808,-2.4609078301323786
1710527556.2534943,-2.4356902970208063
1710527556.2536077,-2.4055692884657116
1710527556.253721,-2.3719459109836154
1710527556.2538345,-2.335170110066732
1710527556.253948,-2.2952424155341253
1710527556.2540615,-2.253563404083252
1710527556.2541747,-2.211534049775865
1710527556.2542882,-2.1677535110049777
1710527556.2544017,-2.122922341028849
1710527556.2545152,-2.0770402749379477
1710527556.2546284,-2.028006182776557
1710527556.254742,-1.9765203528934054
1710527556.2548554,-1.9208314683702257
1710527556.254969,-1.861640214920044
1710527556.2550821,-1.796845065222846
1710527556.2551956,-1.7288977570003934
1710527556.255309,-1.6574479473961723
1710527556.2554224,-1.5828459792666965
1710527556.2555358,-1.5054420630137124
1710527556.2556493,-1.4262868298424614
1710527556.2557628,-1.3443297810024686
1710527556.255876,-1.2616721789042156
1710527556.2559896,-1.1751618650224473
1710527556.256103,-1.0861998796463013
1710527556.2562165,-0.9933851824866401
1710527556.2563298,-0.897768603430854
1710527556.2564433,-0.7968982723024156
1710527556.2565567,-0.6914748085869683
1710527556.2566702,-0.582899186346266
1710527556.2567835,-0.47082106272379554
1710527556.256897,-0.3580424520704481
1710527556.2570105,-0.24351265695359972
1710527556.257124,-0.12968334058920541
1710527556.2572372,-0.015153527880708376
1710527556.2573507,0.09869510100947486
1710527556.2574642,0.21464856134520635
1710527556.2575777,0.3320032689306471
1710527556.257691,0.4525108138720194
1710527556.2578044,0.5765214893552992
1710527556.257918,0.7036849525239732
1710527556.2580314,0.8315490351782905
1710527556.2581446,0.9611646996604072
1710527556.258258,1.087977819972568
1710527556.2583716,1.2123388714260526
1710527556.258485,1.3342475891113281
1710527556.2585983,1.4516023794809978
1710527556.2587118,1.5675557984246147
1710527556.2588253,1.6828086641099718
1710527556.2589388,1.7977111869388156
1710527556.259052,1.9140149487389457
1710527556.2591655,2.0306690533955893
1710527556.259279,2.146272129482693
1710527556.2593925,2.2608243094550238
1710527556.2595057,2.3708224296569824
1710527556.2596192,2.4752155939737954
1710527556.2597327,2.5740038024054632
1710527556.259846,2.6650849978129068
1710527556.2599595,2.7509117126464844
1710527556.260073,2.8318338923984103
1710527556.2601864,2.9106542799207897
1710527556.2602997,2.9870223999023438
1710527556.2604132,3.061638938056098
1710527556.2605267,3.1334529982672796
1710527556.2606401,3.201763894822862
1710527556.2607534,3.264820310804579
1710527556.2608669,3.3212206098768444
1710527556.2609804,3.3706145816379123
1710527556.2610939,3.413352701399061
1710527556.261207,3.449084758758545
1710527556.2613206,3.4795618057250977
1710527556.261434,3.506535953945584
1710527556.2615476,3.531408045026991
1710527556.2616608,3.553828133477105
1710527556.2617743,3.5734457439846463
1710527556.2618878,3.5913115077548556
1710527556.2620013,3.604623476664225
1710527556.2621145,3.6137315962049694
1710527556.262228,3.6175849702623153
1710527556.2623415,3.6179354455735946
1710527556.262455,3.6123304896884494
1710527556.2625682,3.603572580549452
1710527556.2626817,3.5920121934678817
1710527556.2627952,3.5794009102715387
1710527556.2629087,3.564337624443902
1710527556.263022,3.5485733879937067
1710527556.2631354,3.53175852033827
1710527556.263249,3.5131918059455023
1710527556.2633624,3.4946253564622665
1710527556.2634757,3.4746575355529785
1710527556.2635891,3.4525879224141436
1710527556.2637026,3.4287664625379772
1710527556.263816,3.403544161054823
1710527556.2639294,3.376920223236084
1710527556.2640429,3.34994633992513
1710527556.2641563,3.322621981302897
1710527556.2642696,3.295647833082411
1710527556.264383,3.269023895263672
1710527556.2644966,3.2434511184692383
1710527556.26461,3.2199801339043512
1710527556.2647233,3.1972098350524902
1710527556.2648368,3.1747900115119085
1710527556.2649503,3.1523699230617948
1710527556.2650638,3.1295996242099338
1710527556.265177,3.10542795393202
1710527556.2652905,3.081256548563639
1710527556.265404,3.057435088687473
1710527556.2655175,3.0329132080078125
1710527556.2656307,3.0097926987542047
1710527556.2657442,2.9894746674431696
1710527556.2658577,2.9712584283616805
1710527556.2659712,2.9544432957967124
1710527556.2660844,2.9393800099690757
1710527556.266198,2.9243164592319064
1710527556.2663114,2.9085524876912436
1710527556.266425,2.892438040839301
1710527556.2665381,2.8752726978725858
1710527556.2666516,2.857757144504123
1710527556.266765,2.8402413262261286
1710527556.2668786,2.823426458570692
1710527556.2669919,2.8090635935465493
1710527556.2671053,2.796452310350206
1710527556.2672188,2.7862932946946883
1710527556.2673323,2.777185175153944
1710527556.2674456,2.7680770556131997
1710527556.267559,2.757567564646403
1710527556.2676725,2.745656967163086
1710527556.267786,2.7323452631632485
1710527556.2678993,2.7165810267130532
1710527556.2680128,2.700116369459364
1710527556.2681262,2.684001922607422
1710527556.2682397,2.667887740665012
1710527556.268353,2.653875086042616
1710527556.2684665,2.6405631171332464
1710527556.26858,2.6276016235351562
1710527556.2686932,2.6125383377075195
1710527556.2688067,2.596774101257324
1710527556.2689202,2.577857176462809
1710527556.2690337,2.5557875633239746
1710527556.269147,2.529864576127794
1710527556.2692604,2.503240638309055
1710527556.269374,2.474164697859022
1710527556.2694874,2.445789443122016
1710527556.2696006,2.4170637130737305
1710527556.269714,2.388338247934977
1710527556.2698276,2.3589118321736655
1710527556.269941,2.326683203379313
1710527556.2700543,2.292702727847629
1710527556.2701678,2.2548691431681314
1710527556.2702813,2.2138824727800155
1710527556.2703948,2.16904256078932
1710527556.270508,2.1206993526882596
1710527556.2706215,2.069553666644626
1710527556.270735,2.0166565312279596
1710527556.2708485,1.9630587100982666
1710527556.2709618,1.907008621427748
1710527556.2710752,1.8485065301259358
1710527556.2711887,1.7893036206563313
1710527556.2713022,1.7269480228424072
1710527556.2714155,1.6593376795450845
1710527556.271529,1.5892752011617024
1710527556.2716424,1.514658530553182
1710527556.271756,1.4368891716003418
1710527556.2718692,1.3545657528771293
1710527556.2719827,1.2690895133548312
1710527556.2720962,1.1811610062917073
1710527556.2722096,1.091130640771654
1710527556.272323,0.9993487596511841
1710527556.2724364,0.9065159161885579
1710527556.2725499,0.8115812142690022
1710527556.2726634,0.7138440344068739
1710527556.2727766,0.6136545870039198
1710527556.27289,0.5106626947720846
1710527556.2730036,0.40416767199834186
1710527556.2731168,0.29416951868269176
1710527556.2732303,0.18066825138198003
1710527556.2733438,0.06471477862861422
1710527556.2734573,-0.05333013004726834
1710527556.2735705,-0.17171262039078605
1710527556.273684,-0.2886941366725498
1710527556.2737975,-0.40567566951115924
1710527556.273911,-0.5216064386897616
1710527556.2740242,-0.6375372409820557
1710527556.2741377,-0.7531177997589111
1710527556.2742512,-0.8704495429992676
1710527556.2743647,-0.990583234363132
1710527556.274478,-1.1110672023561265
1710527556.2745914,-1.232251591152615
1710527556.274705,-1.3548370202382405
1710527556.2748184,-1.4739200803968642
1710527556.2749317,-1.5905512703789604
1710527556.2750452,-1.7029796706305609
1710527556.2751586,-1.8115553590986464
1710527556.2752721,-1.9166285461849637
1710527556.2753854,-2.01995054880778
1710527556.2754989,-2.1204706033070884
1710527556.2756124,-2.2213408682081432
1710527556.2757258,-2.3211603694491916
1710527556.275839,-2.420980135599772
1710527556.2759526,-2.519048319922553
1710527556.276066,-2.6129137145148382
1710527556.2761796,-2.7011752128601074
1710527556.2762928,-2.7841830253601074
1710527556.2764063,-2.8608865208095975
1710527556.2765198,-2.9316359096103244
1710527556.2766333,-2.996781137254503
1710527556.2767465,-3.0591246816847057
1710527556.27686,-3.1190164883931475
1710527556.2769735,-3.1757558716668024
1710527556.277087,-3.231444888644748
1710527556.2772002,-3.2829305860731335
1710527556.2773137,-3.3309141794840493
1710527556.2774272,-3.373643822140164
1710527556.2775404,-3.4097189373440213
1710527556.277654,-3.4401901563008623
1710527556.2777674,-3.4654076894124346
1710527556.277881,-3.4850215911865234
1710527556.2779942,-3.5004321734110513
1710527556.2781076,-3.5126908620198565
1710527556.2782211,-3.5228477583991156
1710527556.2783346,-3.5316038131713867
1710527556.2784479,-3.537558184729682
1710527556.2785614,-3.541060553656684
1710527556.2786748,-3.541760974460178
1710527556.2787883,-3.5393092367384167
1710527556.2789016,-3.533355130089654
1710527556.279015,-3.5231979688008623
1710527556.2791286,-3.5109395451015897
1710527556.279242,-3.4955286979675293
1710527556.2793553,-3.478366798824734
1710527556.2794688,-3.460504478878445
1710527556.2795823,-3.442291683620877
1710527556.2796957,-3.4230282571580672
1710527556.279809,-3.404115041097005
1710527556.2799225,-3.386252721150716
1710527556.280036,-3.366288873884413
1710527556.2801495,-3.346324761708577
1710527556.2802627,-3.324960072835286
1710527556.2803762,-3.302194012535943
1710527556.2804897,-3.278377585940891
1710527556.2806032,-3.253159787919786
1710527556.2807164,-3.227592044406467
1710527556.28083,-3.201323880089654
1710527556.2809434,-3.1764565573798285
1710527556.281057,-3.152990076276991
1710527556.2811701,-3.130924701690674
1710527556.2812836,-3.1113110648261175
1710527556.281397,-3.0920476383633084
1710527556.2815106,-3.073484632703993
1710527556.2816238,-3.05492189195421
1710527556.2817373,-3.0346075693766275
1710527556.2818508,-3.0135930909050836
1710527556.281964,-2.99222813712226
1710527556.2820776,-2.9712133937411838
1710527556.282191,-2.9512495464748807
1710527556.2823045,-2.932686540815565
1710527556.2824178,-2.916925483279758
1710527556.2825313,-2.903266217973497
1710527556.2826447,-2.8910075293646917
1710527556.2827582,-2.87979973687066
1710527556.2828715,-2.8675413131713867
1710527556.282985,-2.8535313076443143
1710527556.2830985,-2.838120725419786
1710527556.283212,-2.821659247080485
1710527556.2833252,-2.80449734793769
1710527556.2834387,-2.7887362904018826
1710527556.2835522,-2.773675653669569
1710527556.2836657,-2.7614172299702964
1710527556.283779,-2.751610279083252
1710527556.2838924,-2.742854224310981
1710527556.2840059,-2.734448379940457
1710527556.2841194,-2.7249919043646917
1710527556.2842326,-2.7127332157558866
1710527556.284346,-2.6990736855400934
1710527556.2844596,-2.683663103315565
1710527556.284573,-2.665800518459744
1710527556.2846863,-2.648638619316949
1710527556.2847998,-2.6311265097724066
1710527556.2849133,-2.6146650314331055
1710527556.2850268,-2.599954605102539
1710527556.28514,-2.5859448644849987
1710527556.2852535,-2.5694833861456976
1710527556.285367,-2.5519712766011557
1710527556.2854805,-2.530956533220079
1710527556.2855937,-2.50678989622328
1710527556.2857072,-2.4787704149881997
1710527556.2858207,-2.4489996168348522
1710527556.2859342,-2.415726449754503
1710527556.2860475,-2.3828034930759006
1710527556.286161,-2.348129219479031
1710527556.2862744,-2.3141556315951877
1710527556.2863877,-2.279131147596571
1710527556.2865012,-2.242005401187473
1710527556.2866147,-2.203128205405341
1710527556.2867281,-2.1603984302944608
1710527556.2868414,-2.114166153801812
1710527556.2869549,-2.0640812979804144
1710527556.2870684,-2.009443177117242
1710527556.2871819,-1.9520032405853271
1710527556.287295,-1.8917612234751382
1710527556.2874086,-1.8290676010979545
1710527556.287522,-1.7649728722042508
1710527556.2876356,-1.699477301703559
1710527556.2877488,-1.631179650624593
1710527556.2878623,-1.5621815787421331
1710527556.2879758,-1.4886303742726643
1710527556.2880893,-1.4115766684214275
1710527556.2882025,-1.3310204611884222
1710527556.288316,-1.2455609109666612
1710527556.2884295,-1.1565989918178983
1710527556.288543,-1.0634340180291069
1710527556.2886562,-0.9667666753133137
1710527556.2887697,-0.8669471078448825
1710527556.2888832,-0.7657265663146973
1710527556.2889967,-0.6631050507227579
1710527556.28911,-0.5590825610690646
1710527556.2892234,-0.4526083668073018
1710527556.289337,-0.344733198483785
1710527556.2894504,-0.23405606547991434
1710527556.2895637,-0.12057699263095856
1710527556.2896771,-0.0021944978895286718
1710527556.2897906,0.11971385114722781
1710527556.289904,0.24512575732337102
1710527556.2900174,0.3719389107492235
1710527556.2901309,0.4994526836607191
1710527556.2902443,0.6262658702002631
1710527556.2903578,0.7499261697133383
1710527556.290471,0.8739368783103095
1710527556.2905846,0.9937437375386555
1710527556.290698,1.114951901965671
1710527556.2908113,1.2354595131344266
1710527556.2909248,1.3577185736762152
1710527556.2910383,1.480327977074517
1710527556.2911518,1.6057398584153917
1710527556.291265,1.730451186498006
1710527556.2913785,1.8523599041832817
1710527556.291492,1.9714661439259846
1710527556.2916055,2.084967427783542
1710527556.2917187,2.1928637557559543
1710527556.2918322,2.295505470699734
1710527556.2919457,2.3942934142218695
1710527556.2920592,2.4902791447109647
1710527556.2921724,2.584162818060981
1710527556.292286,2.67769628100925
1710527556.2923994,2.769127951727973
1710527556.292513,2.8591582510206432
1710527556.2926261,2.944984965854221
1710527556.2927396,3.025907145606147
1710527556.292853,3.0984218915303545
1710527556.2929666,3.163930310143365
1710527556.2930799,3.223833772871229
1710527556.2931933,3.275680012173123
1710527556.2933068,3.324023087819417
1710527556.2934203,3.3692134751213922
1710527556.2935336,3.4112509091695147
1710527556.293647,3.4511865509880915
1710527556.2937605,3.488669925265842
1710527556.293874,3.5219497150845
1710527556.2939873,3.5517263412475586
1710527556.2941008,3.5751973258124456
1710527556.2942142,3.5920121934678817
1710527556.2943277,3.6042732662624783
1710527556.294441,3.610929118262397
1710527556.2945545,3.614432281917996
1710527556.294668,3.6137315962049694
1710527556.2947814,3.6123304896884494
1710527556.2948947,3.608476850721571
1710527556.2950082,3.6025216844346786
1710527556.2951217,3.595515357123481
1710527556.295235,3.58570655186971
1710527556.2953484,3.573095268673367
1710527556.295462,3.557681507534451
1710527556.2955754,3.539465268452962
1710527556.2956886,3.51879702674018
1710527556.295802,3.4956762525770397
1710527556.2959156,3.4708041614956326
1710527556.296029,3.4448809093899198
1710527556.2961423,3.419308132595486
1710527556.2962558,3.3937353558010526
1710527556.2963693,3.368162579006619
1710527556.2964828,3.3432902230156794
1710527556.296596,3.318418131934272
1710527556.2967095,3.2945969369676376
1710527556.296823,3.2704252666897244
1710527556.2969365,3.2445020145840116
1710527556.2970498,3.219629923502604
1710527556.2971632,3.1933564609951444
1710527556.2972767,3.1656818919711642
1710527556.2973902,3.139408429463704
1710527556.2975035,3.1131349669562445
1710527556.297617,3.088613086276584
1710527556.2977304,3.065842787424723
1710527556.297844,3.045524491204156
1710527556.2979572,3.025907145606147
1710527556.2980707,3.0069902208116317
1710527556.2981842,2.9884237713283963
1710527556.2982976,2.9698570569356284
1710527556.298411,2.9495390256245932
1710527556.2985244,2.9292207294040256
1710527556.2986379,2.9085524876912436
1710527556.2987514,2.888234191470676
1710527556.2988646,2.8703684277004666
1710527556.298978,2.853903505537245
1710527556.2990916,2.8402413262261286
1710527556.2992048,2.8279805183410645
1710527556.2993183,2.8174710273742676
1710527556.2994318,2.8066113260057235
1710527556.2995453,2.795051203833686
1710527556.2996585,2.781389024522569
1710527556.299772,2.765975263383653
1710527556.2998855,2.750211026933458
1710527556.299999,2.734447055392795
1710527556.3001122,2.719383504655626
1710527556.3002257,2.706071800655789
1710527556.3003392,2.6941609382629395
1710527556.3004527,2.682600816090902
1710527556.300566,2.672792010837131
1710527556.3006794,2.660881413353814
1710527556.300793,2.646868758731418
1710527556.3009064,2.6318054729037814
1710527556.3010197,2.6132387585110135
1710527556.3011332,2.591869831085205
1710527556.3012466,2.570500638749864
1710527556.3013601,2.548781236012777
1710527556.3014734,2.526711622873942
1710527556.3015869,2.5060431162516275
1710527556.3017004,2.4857250849405923
1710527556.3018138,2.4633049964904785
1710527556.301927,2.4398340119255915
1710527556.3020406,2.4139110247294107
1710527556.302154,2.383433712853326
1710527556.3022676,2.349453502231174
1710527556.3023808,2.3126705487569175
1710527556.3024943,2.27308538224962
1710527556.3026078,2.2310479482014975
1710527556.3027213,2.187959353129069
1710527556.3028345,2.1438199943966336
1710527556.302948,2.0982793966929116
1710527556.3030615,2.0513374275631375
1710527556.303175,2.0015931129455566
1710527556.3032882,1.94939653078715
1710527556.3034017,1.8929962317148843
1710527556.3035152,1.8320417404174805
1710527556.3036284,1.7675842179192436
1710527556.303742,1.700324217478434
1710527556.3038554,1.6281598144107394
1710527556.303969,1.5552948580847845
1710527556.3040822,1.4782260523902044
1710527556.3041956,1.4008070362938774
1710527556.3043091,1.3205854098002117
1710527556.3044226,1.2386122014787462
1710527556.3045359,1.1545372009277344
1710527556.3046494,1.0669591029485066
1710527556.3047628,0.9765784607993232
1710527556.3048763,0.8819940355088975
1710527556.3049896,0.783556236161126
1710527556.305103,0.6812649303012424
1710527556.3052166,0.5761711464987861
1710527556.30533,0.46862519449657863
1710527556.3054433,0.3596779704093933
1710527556.3055568,0.2496798170937432
1710527556.3056703,0.13898104429244995
1710527556.3057837,0.02863258123397827
1710527556.305897,-0.08380136556095547
1710527556.3060105,-0.19693020317289564
1710527556.306124,-0.3114599982897441
1710527556.3062375,-0.42844153112835354
1710527556.3063507,-0.547874735461341
1710527556.3064642,-0.670109921031528
1710527556.3065777,-0.7933958371480305
1710527556.3066912,-0.9166817532645332
1710527556.3068044,-1.0396173927519057
1710527556.306918,-1.1601013607449002
1710527556.3070314,-1.2767326831817627
1710527556.3071449,-1.391962899102105
1710527556.3072581,-1.5043912993537054
1710527556.3073716,-1.615768935945299
1710527556.307485,-1.7271465725368924
1710527556.3075986,-1.8378236558702257
1710527556.3077118,-1.9492012924618192
1710527556.3078253,-2.0595281653934054
1710527556.3079388,-2.168454064263238
1710527556.308052,-2.2724766201443143
1710527556.3081656,-2.3719459109836154
1710527556.308279,-2.465461095174154
1710527556.3083925,-2.5537225935194225
1710527556.3085058,-2.6367304060194225
1710527556.3086193,-2.7151849534776473
1710527556.3087327,-2.7915382385253906
1710527556.3088462,-2.8661402066548667
1710527556.3089595,-2.9386406474643283
1710527556.309073,-3.010090457068549
1710527556.3091865,-3.077337476942274
1710527556.3093,-3.140381442175971
1710527556.3094132,-3.1971208254496255
1710527556.3095267,-3.2482565773857965
1710527556.3096402,-3.2923873265584307
1710527556.3097537,-3.3302134937710233
1710527556.309867,-3.363837136162652
1710527556.3099804,-3.395008775922987
1710527556.3100939,-3.4223278363545733
1710527556.3102074,-3.4478955798678927
1710527556.3103206,-3.470311164855957
1710527556.310434,-3.490975697835286
1710527556.3105476,-3.5088380177815752
1710527556.310661,-3.521096706390381
1710527556.3107743,-3.529502550760905
1710527556.3108878,-3.533355130089654
1710527556.3110013,-3.533355130089654
1710527556.3111148,-3.5288018650478787
1710527556.311228,-3.522497547997369
1710527556.3113415,-3.5144419140285916
1710527556.311455,-3.5046352280510797
1710527556.3115685,-3.4934274355570474
1710527556.3116817,-3.481869167751736
1710527556.3117952,-3.469260533650716
1710527556.3119087,-3.4549005826314287
1710527556.3120222,-3.4405403667026095
1710527556.3121355,-3.4230282571580672
1710527556.312249,-3.4034146202935114
1710527556.3123624,-3.3823998769124346
1710527556.3124757,-3.359283871120877
1710527556.3125892,-3.335467179616292
1710527556.3127027,-3.3109500673082137
1710527556.3128161,-3.2867834303114147
1710527556.3129294,-3.2629667388068304
1710527556.3130429,-3.239850733015272
1710527556.3131564,-3.218835989634196
1710527556.3132699,-3.1974710358513727
1710527556.313383,-3.1771569781833224
1710527556.3134966,-3.156842920515272
1710527556.31361,-3.135127756330702
1710527556.3137236,-3.1120114856296115
1710527556.3138368,-3.0885452694363065
1710527556.3139503,-3.064378367529975
1710527556.3140638,-3.041612572140164
1710527556.3141773,-3.0195471975538464
1710527556.3142905,-3.0002837710910373
1710527556.314404,-2.983472082349989
1710527556.3145175,-2.967711024814182
1710527556.314631,-2.9547519154018826
1710527556.3147442,-2.9403919643825955
1710527556.3148577,-2.9260320133633084
1710527556.3149712,-2.910270955827501
1710527556.3150847,-2.8931090566847057
1710527556.315198,-2.8755966822306314
1710527556.3153114,-2.8577343622843423
1710527556.315425,-2.842673990461561
1710527556.3155384,-2.827963564130995
1710527556.3156517,-2.816055350833469
1710527556.3157651,-2.807649506462945
1710527556.3158786,-2.7985432412889266
1710527556.315992,-2.7897869216071234
1710527556.3161054,-2.7796300252278647
1710527556.3162189,-2.7670211262173123
1710527556.3163323,-2.7526611751980252
1710527556.3164458,-2.7376005384657116
1710527556.316559,-2.7207888497246637
1710527556.3166726,-2.7039771609836154
1710527556.316786,-2.6892669995625815
1710527556.3168993,-2.675957679748535
1710527556.3170128,-2.664399676852756
1710527556.3171263,-2.653542094760471
1710527556.3172398,-2.6409331957499185
1710527556.317353,-2.6265732447306314
1710527556.3174665,-2.6097615559895835
1710527556.31758,-2.58979770872328
1710527556.3176935,-2.567732334136963
1710527556.3178067,-2.5428650114271374
1710527556.3179202,-2.5179976887173123
1710527556.3180337,-2.49278015560574
1710527556.3181472,-2.4682630432976618
1710527556.3182604,-2.44269503487481
1710527556.318374,-2.4171272913614907
1710527556.3184874,-2.3891078101264105
1710527556.318601,-2.3589868015713162
1710527556.3187141,-2.325013213687473
1710527556.3188276,-2.287186781565348
1710527556.318941,-2.245157559712728
1710527556.3190546,-2.20067646768358
1710527556.3191679,-2.1523427963256836
1710527556.3192813,-2.102257940504286
1710527556.3193948,-2.0511223210228815
1710527556.3195083,-1.9985857274797227
1710527556.3196216,-1.944297817018297
1710527556.319735,-1.8879085116916232
1710527556.3198485,-1.8283670478396945
1710527556.319962,-1.7646226618025038
1710527556.3200753,-1.697375774383545
1710527556.3201888,-1.625925964779324
1710527556.3203022,-1.549923022588094
1710527556.3204157,-1.470417579015096
1710527556.320529,-1.387059556113349
1710527556.3206425,-1.299848821428087
1710527556.320756,-1.2119375334845648
1710527556.3208694,-1.1208740870157878
1710527556.3209827,-1.0291100872887504
1710527556.3210962,-0.9341939290364583
1710527556.3212097,-0.8378768629497951
1710527556.321323,-0.7387577825122409
1710527556.3214364,-0.6357859902911716
1710527556.32155,-0.5296620726585388
1710527556.3216634,-0.4175839490360684
1710527556.3217766,-0.30305415391921997
1710527556.32189,-0.18502190709114075
1710527556.3220036,-0.06593891729911168
1710527556.322117,0.05385508553849326
1710527556.3222303,0.1736619902981652
1710527556.3223438,0.29276827971140545
1710527556.3224573,0.4104733135965135
1710527556.3225708,0.5288789669672648
1710527556.322684,0.648685892422994
1710527556.3227975,0.7698939906226264
1710527556.322911,0.8942549758487277
1710527556.3230245,1.0210681623882718
1710527556.3231378,1.1503334840138753
1710527556.3232512,1.2792485290103488
1710527556.3233647,1.4064119921790228
1710527556.3234782,1.5304226345486112
1710527556.3235915,1.6505799028608534
1710527556.323705,1.7668836646609836
1710527556.3238184,1.8789837095472548
1710527556.323932,1.9886314868927002
1710527556.3240452,2.0968781577216253
1710527556.3241587,2.204774353239271
1710527556.3242722,2.3133712344699435
1710527556.3243856,2.4202166663275824
1710527556.324499,2.525310516357422
1710527556.3246124,2.625850041707357
1710527556.3247259,2.7207848760816784
1710527556.3248394,2.8090635935465493
1710527556.3249526,2.8903362486097546
1710527556.325066,2.9649527867635093
1710527556.3251796,3.034664789835612
1710527556.325293,3.099822998046875
1710527556.3254063,3.1632296244303384
1710527556.3255198,3.223833772871229
1710527556.3256333,3.2823358641730414
1710527556.3257465,3.338736163245307
1710527556.32586,3.3895315064324274
1710527556.3259735,3.4354225794474282
1710527556.326087,3.473956849839952
1710527556.3262002,3.5058352682325573
1710527556.3263137,3.53175852033827
1710527556.3264272,3.552777237362332
1710527556.3265407,3.569942580329047
1710527556.326654,3.58430544535319
1710527556.3267674,3.59726693895128
1710527556.326881,3.6067252688937717
1710527556.3269944,3.615483178032769
1710527556.3271077,3.6207379235161676
1710527556.3272212,3.6221390300326877
1710527556.3273346,3.620037237803141
1710527556.3274481,3.6140818066067166
1710527556.3275614,3.603922790951199
1710527556.3276749,3.5902606116400824
1710527556.3277884,3.5744966400994196
1710527556.3279018,3.5562804010179305
1710527556.328015,3.537363476223416
1710527556.3281286,3.5177458657158747
1710527556.328242,3.4974278344048395
1710527556.3283556,3.477460013495551
1710527556.3284688,3.4560908211602106
1710527556.3285823,3.433670997619629
1710527556.3286958,3.410900698767768
1710527556.3288093,3.3867290284898544
1710527556.3289225,3.361506462097168
1710527556.329036,3.334532578786214
1710527556.3291495,3.306507534450955
1710527556.329263,3.2788327005174422
1710527556.3293762,3.2508076561821833
1710527556.3294897,3.2224324014451766
1710527556.3296032,3.1975603103637695
1710527556.3297167,3.173038429684109
1710527556.32983,3.150618341233995
1710527556.3299434,3.1278480423821344
1710527556.330057,3.106479114956326
1710527556.3301702,3.084409236907959
1710527556.3302836,3.0619894133673773
1710527556.3303971,3.0378177430894637
1710527556.3305106,3.014696968926324
1710527556.3306239,2.9915764596727157
1710527556.3307374,2.969156371222602
1710527556.3308508,2.94848812950982
1710527556.3309643,2.930271625518799
1710527556.3310776,2.914858129289415
1710527556.331191,2.900144788953993
1710527556.3313046,2.88753350575765
1710527556.331418,2.8731709056430392
1710527556.3315313,2.8595087263319225
1710527556.3316448,2.843043804168701
1710527556.3317583,2.8255282508002386
1710527556.3318717,2.80731201171875
1710527556.331985,2.7911975648668075
1710527556.3320985,2.7768349647521973
1710527556.332212,2.7631725205315485
1710527556.3323255,2.752313084072537
1710527556.3324387,2.74180359310574
1710527556.3325522,2.7319947878519693
1710527556.3326657,2.721485561794705
1710527556.3327792,2.708523803287082
1710527556.3328924,2.6934605174594455
1710527556.333006,2.676995860205756
1710527556.3331194,2.6584291458129883
1710527556.3332329,2.6398626963297525
1710527556.3333461,2.622346878051758
1710527556.3334596,2.6048313246832953
1710527556.333573,2.588716877831353
1710527556.3336866,2.572602695888943
1710527556.3337998,2.5557875633239746
1710527556.3339133,2.537571324242486
1710527556.3340268,2.5158519215053983
1710527556.3341403,2.4909798304239907
1710527556.3342535,2.4633049964904785
1710527556.334367,2.432827949523926
1710527556.3344805,2.400599055820041
1710527556.3345938,2.3676697413126626
1710527556.3347073,2.334039741092258
1710527556.3348207,2.299709055158827
1710527556.3349342,2.2657288445366754
1710527556.3350475,2.2285956806606717
1710527556.335161,2.1897109349568686
1710527556.3352745,2.1466224723392062
1710527556.335388,2.100731531778971
1710527556.3355012,2.0502865314483643
1710527556.3356147,1.995988024605645
1710527556.3357282,1.937485933303833
1710527556.3358417,1.8775824705759683
1710527556.335955,1.8152267403072782
1710527556.3360684,1.7518202463785806
1710527556.3361819,1.6852607991960313
1710527556.3362954,1.6176504558987088
1710527556.3364086,1.5468872918023002
1710527556.336522,1.4733216497633193
1710527556.3366356,1.395552290810479
1710527556.336749,1.3128785292307537
1710527556.3368623,1.2281028429667156
1710527556.3369758,1.137722200817532
1710527556.3370893,1.0445390807257757
1710527556.3372028,0.9482031398349338
1710527556.337316,0.8501156171162922
1710527556.3374295,0.7499261697133383
1710527556.337543,0.648685892422994
1710527556.3376565,0.5460442768202888
1710527556.3377697,0.4416511125034756
1710527556.3378832,0.3358567092153761
1710527556.3379967,0.22725981142785814
1710527556.3381102,0.11621072888374329
1710527556.3382235,0.0009578859640492334
1710527556.338337,-0.11707454919815063
1710527556.3384504,-0.23720827367570665
1710527556.338564,-0.35874297221501666
1710527556.3386772,-0.47922690709431964
1710527556.3387907,-0.5990103880564371
1710527556.3389041,-0.7173928949568007
1710527556.3390174,-0.8343744277954102
1710527556.3391309,-0.9499549203448825
1710527556.3392444,-1.065535479121738
1710527556.3393579,-1.1807657612694633
1710527556.339471,-1.2966965304480658
1710527556.3395846,-1.4143786165449355
1710527556.339698,-1.532761123445299
1710527556.3398116,-1.649742523829142
1710527556.3399248,-1.7653230826059976
1710527556.3400383,-1.877401272455851
1710527556.3401518,-1.9852764076656766
1710527556.3402653,-2.0885984102884927
1710527556.3403785,-2.18666672706604
1710527556.340492,-2.282283306121826
1710527556.3406055,-2.3747478591071234
1710527556.340719,-2.4658113055759006
1710527556.3408322,-2.5568747520446777
1710527556.3409457,-2.6461868815951877
1710527556.3410592,-2.733047538333469
1710527556.3411727,-2.817456192440457
1710527556.341286,-2.8966114256117077
1710527556.3413994,-2.969462341732449
1710527556.341513,-3.0360086758931475
1710527556.3416264,-3.095900217692057
1710527556.3417397,-3.150188128153483
1710527556.3418531,-3.1999227735731335
1710527556.3419666,-3.2465052604675293
1710527556.34208,-3.2909862200419107
1710527556.3421934,-3.3323150210910373
1710527556.3423069,-3.3718927701314287
1710527556.3424203,-3.4069169892205133
1710527556.3425338,-3.438088893890381
1710527556.342647,-3.462956216600206
1710527556.3427606,-3.483620484670003
1710527556.342874,-3.4986811214023166
1710527556.3429875,-3.5081375969780817
1710527556.3431008,-3.5144419140285916
1710527556.3432143,-3.5175940725538464
1710527556.3433278,-3.5193453894721136
1710527556.343441,-3.518995179070367
1710527556.3435545,-3.5175940725538464
1710527556.343668,-3.5147921244303384
1710527556.3437815,-3.5091882281833224
1710527556.3438947,-3.5011325942145453
1710527556.3440082,-3.49167611863878
1710527556.3441217,-3.4776663780212402
1710527556.3442352,-3.4626057412889266
1710527556.3443484,-3.444393210940891
1710527556.344462,-3.4240788883633084
1710527556.3445754,-3.403064409891764
1710527556.344689,-3.381699456108941
1710527556.3448021,-3.3610351880391436
1710527556.3449156,-3.3393200238545733
1710527556.345029,-3.319005701276991
1710527556.3451426,-3.298341433207194
1710527556.3452559,-3.278377585940891
1710527556.3453693,-3.2570126321580672
1710527556.3454828,-3.234597047170003
1710527556.3455963,-3.211130566067166
1710527556.3457096,-3.1862632433573403
1710527556.345823,-3.160345289442274
1710527556.3459365,-3.135477966732449
1710527556.34605,-3.110260433620877
1710527556.3461633,-3.087144162919786
1710527556.3462768,-3.0647285779317217
1710527556.3463902,-3.0454651514689126
1710527556.3465037,-3.0276028315226235
1710527556.346617,-3.0097402466668024
1710527556.3467305,-2.9925783475240073
1710527556.346844,-2.974365552266439
1710527556.3469574,-2.9551021258036294
1710527556.3470707,-2.9344378577338324
1710527556.3471842,-2.9144740104675293
1710527556.3472977,-2.894860108693441
1710527556.3474112,-2.8776982095506454
1710527556.3475244,-2.8626378377278647
1710527556.347638,-2.850379149119059
1710527556.3477514,-2.839521567026774
1710527556.3478646,-2.829714881049262
1710527556.347978,-2.820258140563965
1710527556.3480916,-2.8087001376681857
1710527556.348205,-2.796091503567166
1710527556.3483183,-2.7806806564331055
1710527556.3484318,-2.765970495012071
1710527556.3485453,-2.750909858279758
1710527556.3486588,-2.736549907260471
1710527556.348772,-2.7249919043646917
1710527556.3488855,-2.7151849534776473
1710527556.348999,-2.7067791091071234
1710527556.3491125,-2.6990736855400934
1710527556.3492258,-2.6892669995625815
1710527556.3493392,-2.678059207068549
1710527556.3494527,-2.664749887254503
1710527556.3495662,-2.647938198513455
1710527556.3496795,-2.6290249824523926
1710527556.349793,-2.6094113455878363
1710527556.3499064,-2.590147919125027
1710527556.35002,-2.5708844926622176
1710527556.3501332,-2.5519712766011557
1710527556.3502467,-2.5337584813435874
1710527556.3503602,-2.515545950995551
1710527556.3504736,-2.494180997212728
1710527556.350587,-2.4700140953063965
1710527556.3507004,-2.4430455101860895
1710527556.3508139,-2.4125740263197155
1710527556.3509274,-2.3779000176323786
1710527556.3510406,-2.341824902428521
1710527556.351154,-2.3029478391011557
1710527556.3512676,-2.26407077577379
1710527556.351381,-2.2237926059299045
1710527556.3514943,-2.181763251622518
1710527556.3516078,-2.1397340297698975
1710527556.3517213,-2.0942023065355087
1710527556.3518348,-2.046218845579359
1710527556.351948,-1.9933320416344535
1710527556.3520615,-1.9369427363077798
1710527556.352175,-1.876000298394097
1710527556.3522882,-1.8115553590986464
1710527556.3524017,-1.7425572872161865
1710527556.3525152,-1.6714576880137124
1710527556.3526287,-1.5986069043477376
1710527556.352742,-1.5229541725582547
1710527556.3528554,-1.445900599161784
1710527556.352969,-1.3656946023305256
1710527556.3530824,-1.2833873430887859
1710527556.3531957,-1.1972272396087646
1710527556.3533092,-1.1082652542326186
1710527556.3534226,-1.0140495830112033
1710527556.3535361,-0.915630989604526
1710527556.3536494,-0.8133597506417168
1710527556.3537629,-0.7061850362353854
1710527556.3538764,-0.5962084399329292
1710527556.3539898,-0.4848308033413357
1710527556.354103,-0.37275271283255684
1710527556.3542166,-0.2592736482620239
1710527556.35433,-0.14544432361920676
1710527556.3544436,-0.03091451194551256
1710527556.3545568,0.08468259539869097
1710527556.3546703,0.2034385667906867
1710527556.3547838,0.32429642147488064
1710527556.3548973,0.4493579930729336
1710527556.3550105,0.5761711464987861
1710527556.355124,0.7050861914952596
1710527556.3552375,0.8347018559773762
1710527556.355351,0.9618653191460503
1710527556.3554642,1.0862263043721516
1710527556.3555777,1.2088357077704535
1710527556.3556912,1.3268910513983831
1710527556.3558047,1.4445960521697998
1710527556.355918,1.5594985749986436
1710527556.3560314,1.6758023367987738
1710527556.356145,1.7928067843119302
1710527556.3562584,1.9112124707963731
1710527556.3563716,2.0289174715677896
1710527556.3564851,2.1434696515401206
1710527556.3565986,2.2548691431681314
1710527556.3567119,2.361013889312744
1710527556.3568254,2.461203204260932
1710527556.3569388,2.5554373529222274
1710527556.3570523,2.6433658599853516
1710527556.3571656,2.7284916241963706
1710527556.357279,2.810815175374349
1710527556.3573925,2.8910366694132485
1710527556.357506,2.9705577426486545
1710527556.3576193,3.0472760730319552
1710527556.3577328,3.1211921903822155
1710527556.3578463,3.1891528765360513
1710527556.3579597,3.2508076561821833
1710527556.358073,3.3058068487379284
1710527556.3581865,3.3537997139824762
1710527556.3583,3.395486937628852
1710527556.3584135,3.4322696261935763
1710527556.3585267,3.465199205610487
1710527556.3586402,3.4949755668640137
1710527556.3587537,3.5233510865105524
1710527556.3588672,3.5492740737067328
1710527556.3589804,3.572394847869873
1710527556.359094,3.5906110869513617
1710527556.3592074,3.6053241623772516
1710527556.3593209,3.6140818066067166
1710527556.3594341,3.6175849702623153
1710527556.3595476,3.6172347598605685
1710527556.359661,3.61198001437717
1710527556.3597746,3.604623476664225
1710527556.3598878,3.5948146714104547
1710527556.3600013,3.58430544535319
1710527556.3601148,3.5720443725585938
1710527556.3602283,3.5590828789605036
1710527556.3603415,3.5443698035346136
1710527556.360455,3.527554670969645
1710527556.3605685,3.5100391176011825
1710527556.360682,3.4890204005771213
1710527556.3607953,3.4666003121270075
1710527556.3609087,3.442779117160373
1710527556.3610222,3.416505654652913
1710527556.3611355,3.3902321921454535
1710527556.361249,3.3632580439249673
1710527556.3613625,3.3369845814175076
1710527556.361476,3.311411804623074
1710527556.3615892,3.2858390278286405
1710527556.3617027,3.262017832862006
1710527556.3618162,3.238546848297119
1710527556.3619297,3.215426074133979
1710527556.362043,3.191955354478624
1710527556.3621564,3.1674334737989636
1710527556.3622699,3.142210907406277
1710527556.3623834,3.1166381306118436
1710527556.3624966,3.09106535381741
1710527556.36261,3.0661929978264704
1710527556.3627236,3.042021592458089
1710527556.362837,3.0199517144097223
1710527556.3629503,2.999983893500434
1710527556.3630638,2.9821181297302246
1710527556.3631773,2.965653207567003
1710527556.3632908,2.9495390256245932
1710527556.363404,2.9327238930596247
1710527556.3635175,2.915208339691162
1710527556.363631,2.896641625298394
1710527556.3637445,2.8780751758151584
1710527556.3638577,2.8598589367336698
1710527556.3639712,2.843043804168701
1710527556.3640847,2.827279832628038
1710527556.3641982,2.814668549431695
1710527556.3643115,2.80415932337443
1710527556.364425,2.7940000428093805
1710527556.3645384,2.7841915024651422
1710527556.364652,2.7736820114983454
1710527556.3647652,2.7607205179002547
1710527556.3648787,2.7470583385891385
1710527556.3649921,2.730943891737196
1710527556.3651056,2.71553013059828
1710527556.3652189,2.699415683746338
1710527556.3653324,2.685052818722195
1710527556.3654459,2.6713906394110785
1710527556.365559,2.6594800419277616
1710527556.3656726,2.6479199197557235
1710527556.365786,2.6349581612481012
1710527556.3658996,2.6205952962239585
1710527556.3660128,2.603079742855496
1710527556.3661263,2.5831119219462075
1710527556.3662398,2.5599914126925998
1710527556.3663533,2.53511905670166
1710527556.3664665,2.5095462799072266
1710527556.36658,2.4829226069980197
1710527556.3666935,2.457700040605333
1710527556.366807,2.431426578097873
1710527556.3669202,2.404452429877387
1710527556.3670337,2.3757269647386337
1710527556.3671472,2.343848546346029
1710527556.3672607,2.3084669642978244
1710527556.367374,2.269932428995768
1710527556.3674874,2.227194309234619
1710527556.367601,2.1813035011291504
1710527556.3677144,2.1329602930280895
1710527556.3678277,2.0828656355539956
1710527556.3679411,2.031719949510362
1710527556.3680546,1.9784724712371826
1710527556.368168,1.9234734111362033
1710527556.3682814,1.8660220834943984
1710527556.3683949,1.80681930647956
1710527556.3685083,1.7423617839813232
1710527556.3686218,1.6754519939422607
1710527556.368735,1.603637933731079
1710527556.3688486,1.5276201566060383
1710527556.368962,1.448799769083659
1710527556.3690755,1.3668266932169597
1710527556.3691888,1.2824013498094347
1710527556.3693023,1.1962244245741103
1710527556.3694158,1.1075953642527263
1710527556.3695292,1.0182656182183158
1710527556.3696425,0.926133460468716
1710527556.369756,0.8315490351782905
1710527556.3698695,0.7341621319452921
1710527556.3699827,0.633272131284078
1710527556.3700962,0.5292292767100863
1710527556.3702097,0.4202820526229011
1710527556.3703232,0.30783169799380833
1710527556.3704364,0.19433043069309658
1710527556.37055,0.07837697035736507
1710527556.3706634,-0.038269638187355466
1710527556.370777,-0.1549009150928921
1710527556.3708901,-0.2708317008283403
1710527556.3710036,-0.385011268986596
1710527556.371117,-0.5016425251960754
1710527556.3712306,-0.6186240249209933
1710527556.3713439,-0.7356055577596029
1710527556.3714573,-0.8557393153508503
1710527556.3715708,-0.9779744678073459
1710527556.3716843,-1.1012603839238484
1710527556.3717976,-1.224196089638604
1710527556.371911,-1.3446799914042156
1710527556.3720245,-1.463412708706326
1710527556.372138,-1.5775922934214273
1710527556.3722513,-1.6879191663530138
1710527556.3723648,-1.795444091161092
1710527556.3724782,-1.9001670678456624
1710527556.3725917,-2.0034890704684787
1710527556.372705,-2.1078618367513022
1710527556.3728185,-2.209782865312364
1710527556.372932,-2.3113536834716797
1710527556.3730454,-2.411173184712728
1710527556.3731587,-2.507840527428521
1710527556.3732722,-2.598553763495551
1710527556.3733857,-2.6840133137173123
1710527556.3734992,-2.7628183364868164
1710527556.3736124,-2.836369408501519
1710527556.373726,-2.905367480383979
1710527556.3738394,-2.9712133937411838
1710527556.3739529,-3.0346075693766275
1710527556.374066,-3.0962506930033364
1710527556.3741796,-3.155792024400499
1710527556.374293,-3.212531672583686
1710527556.3744063,-3.2654184765285916
1710527556.3745198,-3.313051594628228
1710527556.3746333,-3.3550808164808483
1710527556.3747468,-3.3904555108812118
1710527556.37486,-3.4205765194363065
1710527556.3749735,-3.4450936317443848
1710527556.375087,-3.466458585527208
1710527556.3752005,-3.48397069507175
1710527556.3753138,-3.5000819630093045
1710527556.3754272,-3.5137414932250977
1710527556.3755407,-3.5256497065226235
1710527556.3756542,-3.5351064470079208
1710527556.3757675,-3.540009922451443
1710527556.375881,-3.541760974460178
1710527556.3759944,-3.540009922451443
1710527556.376108,-3.5340555508931475
1710527556.3762212,-3.5242488649156356
1710527556.3763347,-3.5123406516181097
1710527556.3764482,-3.49798043568929
1710527556.3765616,-3.481869167751736
1710527556.376675,-3.466808795928955
1710527556.3767884,-3.449296686384413
1710527556.3769019,-3.4328352080451117
1710527556.3770154,-3.4142722023857965
1710527556.3771286,-3.3946585655212402
1710527556.377242,-3.375745349460178
1710527556.3773556,-3.3536799748738604
1710527556.377469,-3.3302134937710233
1710527556.3775823,-3.3053461710611978
1710527556.3776958,-3.2794282171461315
1710527556.3778093,-3.253159787919786
1710527556.3779228,-3.226191202799479
1710527556.378036,-3.2006231943766275
1710527556.3781495,-3.1761063469780817
1710527556.378263,-3.154040972391764
1710527556.3783765,-3.132676018608941
1710527556.3784897,-3.1123616960313583
1710527556.3786032,-3.092397848765055
1710527556.3787167,-3.0713833702935114
1710527556.37883,-3.049668206108941
1710527556.3789434,-3.027252621120877
1710527556.379057,-3.004486560821533
1710527556.3791704,-2.981720765431722
1710527556.3792837,-2.9603558116488986
1710527556.3793972,-2.9410923851860895
1710527556.3795106,-2.924630906846788
1710527556.3796241,-2.9095705350240073
1710527556.3797374,-2.896961636013455
1710527556.3798509,-2.8850534227159286
1710527556.3799644,-2.8717441029018826
1710527556.3800778,-2.8580845726860895
1710527556.380191,-2.841973304748535
1710527556.3803046,-2.825161616007487
1710527556.380418,-2.8079997168646917
1710527556.3805315,-2.7922386593288846
1710527556.3806448,-2.7768280771043563
1710527556.3807583,-2.765269809299045
1710527556.3808718,-2.755112912919786
1710527556.3809853,-2.746707068549262
1710527556.3810985,-2.738651434580485
1710527556.381212,-2.7295449044969344
1710527556.3813255,-2.7179869016011557
1710527556.381439,-2.7050280570983887
1710527556.3815522,-2.6896172099643283
1710527556.3816657,-2.673155731625027
1710527556.3817792,-2.657044463687473
1710527556.3818927,-2.641633881462945
1710527556.382006,-2.6272736655341253
1710527556.3821194,-2.6150152418348522
1710527556.382233,-2.602756553226047
1710527556.3823464,-2.589097287919786
1710527556.3824596,-2.574036651187473
1710527556.3825731,-2.5561743312411838
1710527556.3826866,-2.5344591670566134
1710527556.3828,-2.510292265150282
1710527556.3829134,-2.4829732047186956
1710527556.3830268,-2.453902827368842
1710527556.3831403,-2.424482504526774
1710527556.3832536,-2.3936610751681857
1710527556.383367,-2.3635400666130915
1710527556.3834805,-2.332718637254503
1710527556.383594,-2.2997956805759006
1710527556.3837073,-2.26407077577379
1710527556.3838208,-2.224843237135145
1710527556.3839343,-2.181763251622518
1710527556.3840477,-2.1341301335228815
1710527556.384161,-2.08264430363973
1710527556.3842745,-2.028006182776557
1710527556.384388,-1.9705661137898762
1710527556.3845015,-1.9106744395362005
1710527556.3846147,-1.8497320016225178
1710527556.3847282,-1.7863378259870741
1710527556.3848417,-1.7215426762898762
1710527556.3849552,-1.6528948148091633
1710527556.3850684,-1.5817952156066895
1710527556.385182,-1.5068430370754666
1710527556.3852954,-1.4273375935024686
1710527556.3854089,-1.3436292277442083
1710527556.3855221,-1.2557180722554524
1710527556.3856356,-1.1636038621266682
1710527556.385749,-1.069037914276123
1710527556.3858626,-0.9709695974985758
1710527556.3859758,-0.8718505170610216
1710527556.3860893,-0.7713304625617133
1710527556.3862028,-0.669409434000651
1710527556.3863163,-0.5660874313778347
1710527556.3864295,-0.46066396766238743
1710527556.386543,-0.3527887993388706
1710527556.3866565,-0.24106095234553018
1710527556.38677,-0.125130166610082
1710527556.3868833,-0.005696938476628727
1710527556.3869967,0.11691135664780934
1710527556.3871102,0.24127231703864202
1710527556.3872237,0.36633392175038654
1710527556.387337,0.49034456411997474
1710527556.3874505,0.6129539675182766
1710527556.387564,0.733811789088779
1710527556.3876772,0.8539690574010212
1710527556.3877907,0.9734256400002373
1710527556.3879042,1.0939331849416096
1710527556.3880177,1.2168929311964247
1710527556.388131,1.3423048125372992
1710527556.3882444,1.4680670367346869
1710527556.3883579,1.5938292609320746
1710527556.3884714,1.718540456559923
1710527556.3885846,1.8386977248721652
1710527556.388698,1.9546511438157823
1710527556.3888116,2.0653499497307672
1710527556.388925,2.1707940101623535
1710527556.3890383,2.27308538224962
1710527556.3891518,2.372223801083035
1710527556.3892653,2.4706615342034235
1710527556.3893788,2.5676981608072915
1710527556.389492,2.6636838912963867
1710527556.3896055,2.7582682503594294
1710527556.389719,2.8479483392503524
1710527556.3898325,2.932023207346598
1710527556.3899457,3.0101429091559515
1710527556.3900592,3.0798551771375866
1710527556.3901727,3.1432618035210504
1710527556.3902862,3.201063474019368
1710527556.3903995,3.254661295149061
1710527556.390513,3.304055266910129
1710527556.3906264,3.352748817867703
1710527556.39074,3.397938940260145
1710527556.3908532,3.4406773249308267
1710527556.3909667,3.480612701839871
1710527556.3910801,3.514593177371555
1710527556.3911936,3.542968432108561
1710527556.3913069,3.565738730960422
1710527556.3914204,3.5822033882141113
1710527556.3915339,3.5934135648939343
1710527556.3916473,3.6004196272956
1710527556.3917606,3.604623476664225
1710527556.391874,3.6067252688937717
1710527556.3919876,3.6074259546067977
1710527556.3921008,3.6056743727789984
1710527556.3922143,3.6021712091233993
1710527556.3923278,3.596216042836507
1710527556.3924413,3.5864072375827365
1710527556.3925545,3.5744966400994196
1710527556.392668,3.557681507534451
1710527556.3927815,3.5398157437642412
1710527556.392895,3.518096341027154
1710527556.3930082,3.4949755668640137
1710527556.3931217,3.4704536861843533
1710527556.3932352,3.446632491217719
1710527556.3933487,3.4210597144232855
1710527556.393462,3.396888044145372
1710527556.3935754,3.3716657426622176
1710527556.393689,3.3474940723843045
1710527556.3938024,3.322972191704644
1710527556.3939157,3.2981001006232367
1710527556.3940291,3.2721768485175238
1710527556.3941426,3.245553175608317
1710527556.394256,3.218228816986084
1710527556.3943694,3.1902037726508246
1710527556.3944829,3.1632296244303384
1710527556.3945963,3.1366059515211315
1710527556.3947098,3.111033174726698
1710527556.394823,3.088262610965305
1710527556.3949366,3.065842787424723
1710527556.39505,3.0465756522284613
1710527556.3951635,3.026607831319173
1710527556.3952768,3.0069902208116317
1710527556.3953903,2.9873726103040905
1710527556.3955038,2.9667043685913086
1710527556.3956172,2.9446344905429416
1710527556.3957305,2.923265563117133
1710527556.395844,2.902947266896566
1710527556.3959575,2.88438081741333
1710527556.396071,2.867916160159641
1710527556.3961842,2.853903505537245
1710527556.3962977,2.841642697652181
1710527556.3964112,2.8314836819966636
1710527556.3965244,2.82027350531684
1710527556.396638,2.8076622221204968
1710527556.3967514,2.7947007285224066
1710527556.396865,2.77963744269477
1710527556.3969781,2.764573891957601
1710527556.3970916,2.748809920416938
1710527556.397205,2.734447055392795
1710527556.3973186,2.721485561794705
1710527556.3974319,2.710976070827908
1710527556.3975453,2.700116369459364
1710527556.3976588,2.6910082499186196
1710527556.3977723,2.680849234263102
1710527556.3978856,2.667887740665012
1710527556.397999,2.6528241899278426
1710527556.3981125,2.636359532674154
1710527556.398226,2.616741922166612
1710527556.3983393,2.596423890855577
1710527556.3984528,2.5761055946350098
1710527556.3985662,2.557188934750027
1710527556.3986797,2.537571324242486
1710527556.398793,2.519355085160997
1710527556.3989065,2.4997374746534557
1710527556.39902,2.4773176511128745
1710527556.3991334,2.4534961912367077
1710527556.3992467,2.425821622212728
1710527556.3993602,2.3946438895331488
1710527556.3994737,2.3603132035997176
1710527556.3995872,2.322829829321967
1710527556.3997004,2.283945083618164
1710527556.399814,2.244710127512614
1710527556.3999274,2.203373114267985
1710527556.4000409,2.160985337363349
1710527556.400154,2.1171961890326605
1710527556.4002676,2.0709549056159124
1710527556.400381,2.0208602481418185
1710527556.4004946,1.9665618737538655
1710527556.4006078,1.9087602032555473
1710527556.4007213,1.8460542625851102
1710527556.4008348,1.7798451582590737
1710527556.400948,1.710483365588718
1710527556.4010615,1.6390195157792833
1710527556.401175,1.565453873740302
1710527556.4012885,1.4894360966152616
1710527556.4014018,1.4123672909206815
1710527556.4015152,1.3324960072835286
1710527556.4016287,1.249822245703803
1710527556.4017422,1.164696349038018
1710527556.4018555,1.0753666030036078
1710527556.401969,0.9825337595409817
1710527556.4020824,0.8861978186501397
1710527556.402196,0.7856580946180556
1710527556.4023092,0.6826661692725288
1710527556.4024227,0.5772221088409424
1710527556.4025362,0.47072705295350814
1710527556.4026496,0.36213017172283596
1710527556.402763,0.2538835671212938
1710527556.4028764,0.14528666933377585
1710527556.4029899,0.03528852015733719
1710527556.4031034,-0.07609599166446261
1710527556.4032166,-0.18922482927640277
1710527556.40333,-0.3055058585272895
1710527556.4034436,-0.4242386089430915
1710527556.403557,-0.5440220567915175
1710527556.4036703,-0.666257275475396
1710527556.4037838,-0.7881421513027614
1710527556.4038973,-0.908626119295756
1710527556.4040108,-1.0266584157943726
1710527556.404124,-1.1436398824055989
1710527556.4042375,-1.2571190463172064
1710527556.404351,-1.3695473141140408
1710527556.4044645,-1.4809249507056341
1710527556.4045777,-1.5923025872972276
1710527556.4046912,-1.705431408352322
1710527556.4048047,-1.8182100190056694
1710527556.4049182,-1.9313388400607638
1710527556.4050314,-2.04166571299235
1710527556.405145,-2.1491906378004284
1710527556.4052584,-2.2518120871649847
1710527556.4053717,-2.349179850684272
1710527556.4054852,-2.4412941932678223
1710527556.4055986,-2.5288552708095975
1710527556.4057121,-2.6129137145148382
1710527556.4058254,-2.6945206854078503
1710527556.4059389,-2.7743763393825955
1710527556.4060524,-2.8538817829555936
1710527556.4061658,-2.9295343822903104
1710527556.406279,-3.0030857192145453
1710527556.4063926,-3.071733580695258
1710527556.406506,-3.133726649814182
1710527556.4066195,-3.1901160875956216
1710527556.4067328,-3.239850733015272
1710527556.4068463,-3.2839814821879068
1710527556.4069598,-3.322858545515272
1710527556.4070733,-3.3582332399156356
1710527556.4071865,-3.3911561965942383
1710527556.4073,-3.4219776259528265
1710527556.4074135,-3.4499971071879068
1710527556.407527,-3.475915061102973
1710527556.4076402,-3.4983306460910373
1710527556.4077537,-3.5161932309468584
1710527556.4078672,-3.5281014442443848
1710527556.4079807,-3.536157078213162
1710527556.408094,-3.539659447140164
1710527556.4082074,-3.538258605533176
1710527556.408321,-3.534756236606174
1710527556.4084344,-3.5302029715643988
1710527556.4085476,-3.5235484441121416
1710527556.4086611,-3.515492810143365
1710527556.4087746,-3.506736490461561
1710527556.408888,-3.4962293836805554
1710527556.4090014,-3.483620484670003
1710527556.4091148,-3.46996095445421
1710527556.4092283,-3.453849686516656
1710527556.4093418,-3.4356371561686196
1710527556.409455,-3.4142722023857965
1710527556.4095685,-3.391506406995985
1710527556.409682,-3.3676897154914007
1710527556.4097953,-3.3428223927815752
1710527556.4099088,-3.319005701276991
1710527556.4100223,-3.2944885889689126
1710527556.4101357,-3.2717227935791016
1710527556.410249,-3.2500076293945312
1710527556.4103625,-3.2272418340047198
1710527556.410476,-3.2062270906236434
1710527556.4105895,-3.1834612952338324
1710527556.4107027,-3.1606954998440213
1710527556.4108162,-3.136178387535943
1710527556.4109297,-3.1109608544243708
1710527556.4110432,-3.085042635599772
1710527556.4111564,-3.0612262090047198
1710527556.41127,-3.0381099383036294
1710527556.4113834,-3.0163950390285916
1710527556.4114969,-2.9974818229675293
1710527556.4116101,-2.981720765431722
1710527556.4117236,-2.9652592870924206
1710527556.411837,-2.94984843995836
1710527556.4119506,-2.9344378577338324
1710527556.4120638,-2.9179763793945312
1710527556.4121773,-2.8994133737352157
1710527556.4122908,-2.8815510537889266
1710527556.4124043,-2.8633382585313583
1710527556.4125175,-2.846876780192057
1710527556.412631,-2.833217249976264
1710527556.4127445,-2.821659247080485
1710527556.412858,-2.813253402709961
1710527556.4129713,-2.804147137535943
1710527556.4130847,-2.7964417139689126
1710527556.4131982,-2.7866347630818686
1710527556.4133117,-2.7750767601860895
1710527556.413425,-2.7614172299702964
1710527556.4135385,-2.747407489352756
1710527556.413652,-2.7319966422186956
1710527556.4137654,-2.716586059994168
1710527556.4138787,-2.7029265297783747
1710527556.4139922,-2.6917187372843423
1710527556.4141057,-2.681561575995551
1710527556.414219,-2.671054204305013
1710527556.4143324,-2.660196622212728
1710527556.4144459,-2.6468873023986816
1710527556.4145594,-2.631476720174154
1710527556.4146726,-2.6125635041130915
1710527556.414786,-2.591548760732015
1710527556.4148996,-2.5680825445387097
1710527556.415013,-2.5442658530341253
1710527556.4151263,-2.520098951127794
1710527556.4152398,-2.496632734934489
1710527556.4153533,-2.4742171499464245
1710527556.4154668,-2.449700037638346
1710527556.41558,-2.424482504526774
1710527556.4156935,-2.3943614959716797
1710527556.415807,-2.362489170498318
1710527556.4159205,-2.3267642656962075
1710527556.4160337,-2.286486360761854
1710527556.4161472,-2.2437564531962075
1710527556.4162607,-2.198224729961819
1710527556.4163742,-2.1516423755221896
1710527556.4164875,-2.10365891456604
1710527556.416601,-2.0539242691463895
1710527556.4167144,-2.003138860066732
1710527556.416828,-1.9506022665235732
1710527556.4169412,-1.8945631715986464
1710527556.4170547,-1.8350217077467177
1710527556.4171681,-1.7716275321112738
1710527556.4172816,-1.7036802238888211
1710527556.4173949,-1.630479097366333
1710527556.4175084,-1.554476155175103
1710527556.4176219,-1.4749708440568712
1710527556.4177353,-1.3923132419586182
1710527556.4178486,-1.307554112540351
1710527556.417962,-1.220693588256836
1710527556.4180756,-1.1324320899115667
1710527556.418189,-1.0417188538445366
1710527556.4183023,-0.9482037358813815
1710527556.4184158,-0.8515363269382052
1710527556.4185293,-0.750315851635403
1710527556.4186425,-0.6455928749508327
1710527556.418756,-0.5363166994518703
1710527556.4188695,-0.42353812191221446
1710527556.418983,-0.307957563135359
1710527556.4190962,-0.1899253163072798
1710527556.4192097,-0.07189306947920057
1710527556.4193232,0.04579789936542511
1710527556.4194367,0.16350292497211033
1710527556.41955,0.28015702962875366
1710527556.4196634,0.39716141091452706
1710527556.419777,0.5155670642852783
1710527556.4198904,0.6360746092266506
1710527556.4200037,0.7597349749671088
1710527556.4201171,0.8847965796788533
1710527556.4202306,1.0130109389623005
1710527556.420344,1.1398241255018446
1710527556.4204574,1.2666372458140056
1710527556.4205709,1.3892466492123074
1710527556.4206843,1.5090535746680365
1710527556.4207978,1.6239560974968803
1710527556.420911,1.7371070384979248
1710527556.4210246,1.8485065301259358
1710527556.421138,1.9585046503278944
1710527556.4212515,2.069904009501139
1710527556.4213648,2.1813035011291504
1710527556.4214783,2.2923525174458823
1710527556.4215918,2.4016499519348145
1710527556.4217052,2.5070940123664007
1710527556.4218185,2.606232696109348
1710527556.421932,2.701167265574137
1710527556.4220455,2.786993980407715
1710527556.422159,2.8672154744466147
1710527556.4222722,2.9432333840264215
1710527556.4223857,3.0157481299506292
1710527556.4224992,3.0854601330227323
1710527556.4226127,3.153420819176568
1710527556.422726,3.2192797131008573
1710527556.4228394,3.281284968058268
1710527556.422953,3.33838595284356
1710527556.4230661,3.3895315064324274
1710527556.4231796,3.434371683332655
1710527556.423293,3.4722052680121527
1710527556.4234066,3.502682579888238
1710527556.4235198,3.5286055670844183
1710527556.4236333,3.550324969821506
1710527556.4237468,3.569592105017768
1710527556.4238603,3.5864072375827365
1710527556.4239736,3.6007701026068792
1710527556.424087,3.6133813858032227
1710527556.4242005,3.6214386092291937
1710527556.424314,3.626342879401313
1710527556.4244273,3.627743985917833
1710527556.4245408,3.6228397157457137
1710527556.4246542,3.6147824923197427
1710527556.4247677,3.602871894836426
1710527556.424881,3.588158819410536
1710527556.4249945,3.5709934764438205
1710527556.425108,3.5531274477640786
1710527556.4252214,3.53491120868259
1710527556.4253347,3.515644073486328
1710527556.4254482,3.496026462978787
1710527556.4255617,3.4750077459547253
1710527556.4256752,3.453638818528917
1710527556.4257884,3.43016783396403
1710527556.425902,3.4059961636861162
1710527556.4260154,3.3804233868916826
1710527556.4261289,3.3530990282694497
1710527556.426242,3.3243732982211642
1710527556.4263556,3.2952973577711315
1710527556.426469,3.2665718926323786
1710527556.4265826,3.238546848297119
1710527556.4266958,3.211572700076633
1710527556.4268093,3.1870508193969727
1710527556.4269228,3.1628794140285916
1710527556.4270363,3.1397586398654513
1710527556.4271495,3.1169883410135903
1710527556.427263,3.093167146046956
1710527556.4273765,3.069696161482069
1710527556.4274898,3.045874966515435
1710527556.4276032,3.0203021897210016
1710527556.4277167,2.9971814155578613
1710527556.4278302,2.9744111167060003
1710527556.4279435,2.953042189280192
1710527556.428057,2.9348256852891708
1710527556.4281704,2.919061713748508
1710527556.428284,2.904348638322618
1710527556.4283972,2.890686459011502
1710527556.4285107,2.876323593987359
1710527556.4286242,2.86126004325019
1710527556.4287376,2.845496071709527
1710527556.428851,2.8290314144558377
1710527556.4289644,2.811515861087375
1710527556.4290779,2.795051203833686
1710527556.4291914,2.780688338809543
1710527556.4293046,2.7677265803019204
1710527556.429418,2.757918039957682
1710527556.4295316,2.7484594451056585
1710527556.429645,2.738650639851888
1710527556.4297583,2.7295425203111434
1710527556.4298718,2.7172817124260797
1710527556.4299853,2.705020639631483
1710527556.4300988,2.688555982377794
1710527556.430212,2.6713906394110785
1710527556.4303255,2.654925982157389
1710527556.430439,2.637760639190674
1710527556.4305525,2.622697353363037
1710527556.4306657,2.6083344883388944
1710527556.4307792,2.5946723090277777
1710527556.4308927,2.579608758290609
1710527556.4310062,2.5627938906351724
1710527556.4311194,2.542475594414605
1710527556.431233,2.519355085160997
1710527556.4313464,2.4930816226535373
1710527556.43146,2.464355892605252
1710527556.4315732,2.4331781599256725
1710527556.4316866,2.4023506376478405
1710527556.4318001,2.370472219255235
1710527556.4319134,2.3385938008626304
1710527556.4320269,2.3049638006422253
1710527556.4321404,2.270983590020074
1710527556.4322538,2.233499950832791
1710527556.432367,2.1932140986124673
1710527556.4324806,2.1469728151957193
1710527556.432594,2.098979949951172
1710527556.4327075,2.046783367792765
1710527556.4328208,1.9914339648352728
1710527556.4329343,1.9343331125047472
1710527556.4330478,1.8744296497768826
1710527556.4331613,1.8134751584794786
1710527556.4332745,1.7511195606655545
1710527556.433388,1.6870123810238309
1710527556.4335015,1.6190516948699951
1710527556.433615,1.549689902199639
1710527556.4337282,1.4754235744476318
1710527556.4338417,1.3966031869252522
1710527556.4339552,1.3139294253455267
1710527556.4340687,1.2288035286797416
1710527556.434182,1.138072543674045
1710527556.4342954,1.0466409391827054
1710527556.434409,0.9527571996053059
1710527556.4345224,0.8571218782001071
1710527556.4346356,0.7593846321105957
1710527556.4347491,0.660596489906311
1710527556.4348626,0.5597064892450968
1710527556.434976,0.4570648736423916
1710527556.4350893,0.35021954112582737
1710527556.4352028,0.24127231703864202
1710527556.4353163,0.12882197896639505
1710527556.4354298,0.012868514491452111
1710527556.435543,-0.10551649663183424
1710527556.4356565,-0.22565020455254448
1710527556.43577,-0.346134172545539
1710527556.4358835,-0.464866922961341
1710527556.4359968,-0.582198699315389
1710527556.4361103,-0.6991801659266154
1710527556.4362237,-0.8144105143017238
1710527556.436337,-0.9299910068511963
1710527556.4364505,-1.0455715656280518
1710527556.436564,-1.1629033088684082
1710527556.4366775,-1.2809356053670247
1710527556.4367907,-1.400368743472629
1710527556.4369042,-1.5191015932295058
1710527556.4370177,-1.635732783211602
1710527556.4371312,-1.7492119471232095
1710527556.4372444,-1.8591884771982827
1710527556.437358,-1.9635612434811063
1710527556.4374714,-2.0647818512386746
1710527556.4375849,-2.1628501680162215
1710527556.4376981,-2.258466879526774
1710527556.4378116,-2.3533829053243003
1710527556.437925,-2.448298931121826
1710527556.4380386,-2.5414639049106174
1710527556.4381518,-2.6325273513793945
1710527556.4382653,-2.72148953543769
1710527556.4383788,-2.80449734793769
1710527556.4384923,-2.881901264190674
1710527556.4386055,-2.9523001776801214
1710527556.438719,-3.0174456702338324
1710527556.4388325,-3.077337476942274
1710527556.438946,-3.132325808207194
1710527556.4390593,-3.1852126121520996
1710527556.4391727,-3.235997888776991
1710527556.4392862,-3.2839814821879068
1710527556.4393997,-3.329863283369276
1710527556.439513,-3.3718927701314287
1710527556.4396265,-3.4090185165405273
1710527556.43974,-3.440890842013889
1710527556.4398534,-3.466458585527208
1710527556.4399667,-3.486772643195258
1710527556.4400802,-3.5025337007310653
1710527556.4401937,-3.5137414932250977
1710527556.4403071,-3.5207464959886337
1710527556.4404204,-3.5270508130391436
1710527556.4405339,-3.5305531819661455
1710527556.4406474,-3.531954288482666
1710527556.4407606,-3.5312536027696395
1710527556.440874,-3.5281014442443848
1710527556.4409876,-3.521797127193875
1710527556.441101,-3.5123406516181097
1710527556.4412143,-3.4997317526075573
1710527556.4413278,-3.48397069507175
1710527556.4414413,-3.465758164723714
1710527556.4415548,-3.4457940525478787
1710527556.441668,-3.4251297844780817
1710527556.4417815,-3.404465251498752
1710527556.441895,-3.383100562625461
1710527556.4420085,-3.3617356088426376
1710527556.4421217,-3.3410710758633084
1710527556.4422352,-3.320757018195258
1710527556.4423487,-3.300442960527208
1710527556.4424622,-3.2790780067443848
1710527556.4425755,-3.255961736043294
1710527556.442689,-3.231795099046495
1710527556.4428024,-3.2072779867384167
1710527556.442916,-3.1813597679138184
1710527556.4430292,-3.155792024400499
1710527556.4431427,-3.13022428088718
1710527556.4432561,-3.107458485497369
1710527556.4433696,-3.0857433213127985
1710527556.4434829,-3.0654289987352157
1710527556.4435964,-3.0482670995924206
1710527556.4437099,-3.0307549900478787
1710527556.4438233,-3.0135930909050836
1710527556.4439366,-2.9946798748440213
1710527556.44405,-2.975766658782959
1710527556.4441636,-2.9554523362053766
1710527556.444277,-2.9351382785373263
1710527556.4443903,-2.916225062476264
1710527556.4445038,-2.898712952931722
1710527556.4446173,-2.884002791510688
1710527556.4447308,-2.8710436820983887
1710527556.444844,-2.8608865208095975
1710527556.4449575,-2.8507293595208063
1710527556.445071,-2.8402222527398004
1710527556.4451842,-2.828313774532742
1710527556.4452977,-2.815354930029975
1710527556.4454112,-2.8002942932976618
1710527556.4455247,-2.7852339214748807
1710527556.445638,-2.7698230743408203
1710527556.4457514,-2.75581333372328
1710527556.445865,-2.744255330827501
1710527556.4459784,-2.7347985903422036
1710527556.4460917,-2.7267429563734265
1710527556.4462051,-2.7197382185194225
1710527556.4463186,-2.7106319533454046
1710527556.446432,-2.70082500245836
1710527556.4465454,-2.687165472242567
1710527556.4466588,-2.672105100419786
1710527556.4467723,-2.6545927259657116
1710527556.4468858,-2.636380195617676
1710527556.446999,-2.6181674003601074
1710527556.4471126,-2.600655290815565
1710527556.447226,-2.5838436020745172
1710527556.4473395,-2.5673821237352157
1710527556.4474528,-2.5495195388793945
1710527556.4475663,-2.530956533220079
1710527556.4476798,-2.508540948232015
1710527556.4477932,-2.482622994316949
1710527556.4479065,-2.4528521961636014
1710527556.44802,-2.419579029083252
1710527556.4481335,-2.3849047554863825
1710527556.448247,-2.348129219479031
1710527556.4483602,-2.3103027873569064
1710527556.4484737,-2.2724766201443143
1710527556.4485872,-2.2332490815056696
1710527556.4487007,-2.192270623313056
1710527556.448814,-2.1484900845421686
1710527556.4489274,-2.101557387246026
1710527556.449041,-2.0511223210228815
1710527556.4491544,-1.9961339897579617
1710527556.4492676,-1.9369427363077798
1710527556.449381,-1.873898771074083
1710527556.4494946,-1.8073524369133842
1710527556.4496078,-1.7390547858344183
1710527556.4497213,-1.6683055294884575
1710527556.4498348,-1.5958049562242296
1710527556.4499483,-1.5215531984965005
1710527556.4500616,-1.4452000459035237
1710527556.450175,-1.3663951555887859
1710527556.4502885,-1.2844379742940266
1710527556.450402,-1.1979277928670247
1710527556.4505153,-1.1089657412634955
1710527556.4506288,-1.0151003466712103
1710527556.4507422,-0.916331476635403
1710527556.4508557,-0.8147607247034708
1710527556.450969,-0.7103880246480306
1710527556.4510825,-0.6039137972725762
1710527556.451196,-0.49638887246449787
1710527556.4513094,-0.3881634606255425
1710527556.4514227,-0.2788873182402717
1710527556.4515362,-0.16821018523640102
1710527556.4516497,-0.056132082309987806
1710527556.4517632,0.05946008695496453
1710527556.4518764,0.17821605006853738
1710527556.45199,0.3011757797665066
1710527556.4521034,0.4269380039638943
1710527556.4522169,0.5541014671325684
1710527556.45233,0.6823158926433986
1710527556.4524436,0.8091290129555596
1710527556.452557,0.9345409605238173
1710527556.4526706,1.056449744436476
1710527556.4527838,1.1766069465213351
1710527556.4528973,1.2936113940344915
1710527556.4530108,1.4123672909206815
1710527556.4531243,1.5311233202616372
1710527556.4532375,1.6516307989756265
1710527556.453351,1.771788067287869
1710527556.4534645,1.8929962317148843
1710527556.453578,2.0121024714575872
1710527556.4536912,2.1270049942864313
1710527556.4538047,2.237703800201416
1710527556.4539182,2.3406955930921765
1710527556.4540315,2.4394838015238443
1710527556.454145,2.5330172644721136
1710527556.4542584,2.622697353363037
1710527556.454372,2.7102753851148815
1710527556.4544852,2.797503206464979
1710527556.4545987,2.8822790251837835
1710527556.4547122,2.966003682878282
1710527556.4548256,3.045524491204156
1710527556.454939,3.119090133243137
1710527556.4550524,3.1870508193969727
1710527556.4551659,3.2473047574361162
1710527556.4552794,3.30055210325453
1710527556.4553926,3.3481947580973306
1710527556.455506,3.3902321921454535
1710527556.4556196,3.4294671482510037
1710527556.455733,3.464498519897461
1710527556.4558463,3.499179416232639
1710527556.4559598,3.5303571489122176
1710527556.4560733,3.5580319828457303
1710527556.4561868,3.5829040739271374
1710527556.4563,3.6007701026068792
1710527556.4564135,3.614432281917996
1710527556.456527,3.6217888196309405
1710527556.4566405,3.623890611860487
1710527556.4567537,3.6228397157457137
1710527556.4568672,3.6179354455735946
1710527556.4569807,3.61198001437717
1710527556.4570942,3.602871894836426
1710527556.4572074,3.592712879180908
1710527556.457321,3.5815029674106174
1710527556.4574344,3.5674903127882214
1710527556.457548,3.5524270269605847
1710527556.4576612,3.53491120868259
1710527556.4577746,3.5142429669698076
1710527556.4578881,3.491822878519694
1710527556.4580016,3.4680016835530596
1710527556.4581149,3.442779117160373
1710527556.4582283,3.416155179341634
1710527556.4583418,3.3902321921454535
1710527556.458455,3.363958729637994
1710527556.4585686,3.338035477532281
1710527556.458682,3.3131633864508734
1710527556.4587955,3.288641505771213
1710527556.4589088,3.2655209965176053
1710527556.4590223,3.2413493262396917
1710527556.4591358,3.2175281312730575
1710527556.4592493,3.1933564609951444
1710527556.4593625,3.1677836842007108
1710527556.459476,3.1415102216932507
1710527556.4595895,3.115236759185791
1710527556.459703,3.0903646681043835
1710527556.4598162,3.065842787424723
1710527556.4599297,3.0434226989746094
1710527556.4600432,3.0241555637783475
1710527556.4601567,3.005588849385579
1710527556.46027,2.988073296017117
1710527556.4603834,2.9719588491651745
1710527556.460497,2.9544432957967124
1710527556.4606104,2.9365772671169705
1710527556.4607236,2.9180108176337347
1710527556.4608371,2.898743682437473
1710527556.4609506,2.8798267576429577
1710527556.461064,2.861610518561469
1710527556.4611773,2.8465469678243003
1710527556.4612908,2.8335854742262097
1710527556.4614043,2.8216748767428927
1710527556.4615178,2.812216281890869
1710527556.461631,2.8017070558336044
1710527556.4617445,2.7897964583502874
1710527556.461858,2.776484489440918
1710527556.4619715,2.7624720997280545
1710527556.4620848,2.7460074424743652
1710527556.4621983,2.7295425203111434
1710527556.4623117,2.7137785487704806
1710527556.4624252,2.699415683746338
1710527556.4625385,2.6861039797465005
1710527556.462652,2.673492696550157
1710527556.4627655,2.6626329951816134
1710527556.4628787,2.649321026272244
1710527556.4629922,2.6360090573628745
1710527556.4631057,2.619194189707438
1710527556.4632192,2.599927054511176
1710527556.4633324,2.577857176462809
1710527556.463446,2.5547366672092013
1710527556.4635594,2.530915472242567
1710527556.4636729,2.5060431162516275
1710527556.4637861,2.4829226069980197
1710527556.4638996,2.4598018328348794
1710527556.464013,2.435279952155219
1710527556.4641266,2.408656279246012
1710527556.4642398,2.380281024509006
1710527556.4643533,2.347001234690348
1710527556.4644668,2.310568756527371
1710527556.4645803,2.269932428995768
1710527556.4646935,2.225793202718099
1710527556.464807,2.180252472559611
1710527556.4649205,2.1326099501715765
1710527556.465034,2.083916531668769
1710527556.4651473,2.033121188481649
1710527556.4652607,1.9823258452945285
1710527556.4653742,1.9276771280500624
1710527556.4654877,1.8702258004082573
1710527556.465601,1.8092714415656195
1710527556.4657145,1.7444635762108696
1710527556.465828,1.6747514406840005
1710527556.4659414,1.6018863519032795
1710527556.4660547,1.5258685747782388
1710527556.4661682,1.4466979768541124
1710527556.4662817,1.3657757971021864
1710527556.4663951,1.2831019030676947
1710527556.4665084,1.1979760064019096
1710527556.4666219,1.111098461680942
1710527556.4667354,1.0235203637017143
1710527556.4668489,0.9324390358395046
1710527556.466962,0.8385552962621052
1710527556.4670756,0.7408180501725938
1710527556.467189,0.6399280495113796
1710527556.4673023,0.5358851949373881
1710527556.4674158,0.4279889331923591
1710527556.4675293,0.3176404701338874
1710527556.4676428,0.20659137103292677
1710527556.467756,0.09379072321785821
1710527556.4678695,-0.019006213794151943
1710527556.467983,-0.13248528871271345
1710527556.4680965,-0.2445633874999152
1710527556.4682097,-0.35874297221501666
1710527556.4683232,-0.47362301084730357
1710527556.4684367,-0.5902542670567831
1710527556.4685502,-0.7100377480189005
1710527556.4686635,-0.831572413444519
1710527556.468777,-0.9548583295610216
1710527556.4688904,-1.078144245677524
1710527556.469004,-1.2000291877322726
1710527556.4691172,-1.3191122478908963
1710527556.4692307,-1.4357434378729925
1710527556.4693441,-1.548872258928087
1710527556.4694576,-1.6588489214579263
1710527556.4695709,-1.7674246099260118
1710527556.4696844,-1.874599324332343
1710527556.4697978,-1.9824744595421684
1710527556.4699113,-2.0903495947519937
1710527556.4700246,-2.196123335096571
1710527556.470138,-2.3008463117811413
1710527556.4702516,-2.402417129940457
1710527556.470365,-2.4980335765414767
1710527556.4704783,-2.58839660220676
1710527556.4705918,-2.672455310821533
1710527556.4707053,-2.7512600686815047
1710527556.4708188,-2.825862036810981
1710527556.470932,-2.8973118464152017
1710527556.4710455,-2.9659597078959146
1710527556.471159,-3.0335569381713867
1710527556.4712725,-3.0990526411268444
1710527556.4713857,-3.161045710245768
1710527556.4714992,-3.218835989634196
1710527556.4716127,-3.269971741570367
1710527556.471726,-3.315853542751736
1710527556.4718394,-3.3550808164808483
1710527556.471953,-3.3890546692742243
1710527556.4720664,-3.4163737297058105
1710527556.4721797,-3.4405403667026095
1710527556.4722931,-3.46225553088718
1710527556.4724066,-3.4822196430630155
1710527556.47252,-3.4997317526075573
1710527556.4726334,-3.5144419140285916
1710527556.4727468,-3.5259999169243708
1710527556.4728603,-3.534756236606174
1710527556.4729738,-3.5379083951314287
1710527556.473087,-3.5386088159349227
1710527556.4732006,-3.534406026204427
1710527556.473314,-3.526700602637397
1710527556.4734275,-3.5158430205451117
1710527556.4735408,-3.5035843319363065
1710527556.4736543,-3.4885239601135254
1710527556.4737678,-3.473813798692491
1710527556.4738812,-3.458052741156684
1710527556.4739945,-3.441591262817383
1710527556.474108,-3.4247795740763345
1710527556.4742215,-3.405866358015272
1710527556.474335,-3.386252721150716
1710527556.4744482,-3.363837136162652
1710527556.4745617,-3.3403706550598145
1710527556.4746752,-3.315503332349989
1710527556.4747887,-3.2902857992384167
1710527556.474902,-3.2636671596103244
1710527556.4750154,-3.2373989952935114
1710527556.475129,-3.21183098687066
1710527556.4752424,-3.1876643498738604
1710527556.4753556,-3.1655989752875433
1710527556.475469,-3.144584231906467
1710527556.4755826,-3.1242701742384167
1710527556.475696,-3.104306062062581
1710527556.4758093,-3.08294137318929
1710527556.4759228,-3.0612262090047198
1710527556.4760363,-3.0381099383036294
1710527556.4761496,-3.015694353315565
1710527556.476263,-2.993278768327501
1710527556.4763765,-2.9719138145446777
1710527556.47649,-2.9526503880818686
1710527556.4766033,-2.9368895954555936
1710527556.4767168,-2.921128537919786
1710527556.4768302,-2.908519638909234
1710527556.4769437,-2.8973118464152017
1710527556.477057,-2.884002791510688
1710527556.4771705,-2.8699927859836154
1710527556.477284,-2.8545822037590876
1710527556.4773974,-2.838470935821533
1710527556.4775107,-2.823060088687473
1710527556.4776242,-2.8072992960611978
1710527556.4777377,-2.7943401866488986
1710527556.4778512,-2.7831323941548667
1710527556.4779644,-2.7747265497843423
1710527556.478078,-2.7663207054138184
1710527556.4781914,-2.758615281846788
1710527556.4783049,-2.750209437476264
1710527556.478418,-2.739001644982232
1710527556.4785316,-2.7256923251681857
1710527556.478645,-2.7102814780341253
1710527556.4787586,-2.6938202646043563
1710527556.4788718,-2.677008310953776
1710527556.4789853,-2.661247518327501
1710527556.4790988,-2.647237777709961
1710527556.4792123,-2.6342786682976618
1710527556.4793255,-2.6227206654018826
1710527556.479439,-2.6094113455878363
1710527556.4795525,-2.594000498453776
1710527556.479666,-2.57578796810574
1710527556.4797792,-2.5544230143229165
1710527556.4798927,-2.5313070085313583
1710527556.4800062,-2.50538878970676
1710527556.4801197,-2.4770190980699325
1710527556.480233,-2.449700037638346
1710527556.4803464,-2.421330346001519
1710527556.48046,-2.3926101790534124
1710527556.4805732,-2.3638902770148382
1710527556.4806867,-2.333769268459744
1710527556.4808002,-2.3004961013793945
1710527556.4809136,-2.26407077577379
1710527556.481027,-2.2227419747246637
1710527556.4811404,-2.1789613034990096
1710527556.4812539,-2.1299272113376193
1710527556.4813673,-2.0780910385979547
1710527556.4814806,-2.024153470993042
1710527556.481594,-1.9688149293263753
1710527556.4817076,-1.9117252031962075
1710527556.481821,-1.8528841601477728
1710527556.4819343,-1.793342696295844
1710527556.4820478,-1.7295981778038871
1710527556.4821613,-1.6620010799831815
1710527556.4822748,-1.5919522444407144
1710527556.482388,-1.5170000659094915
1710527556.4825015,-1.4374946223364935
1710527556.482615,-1.3537863890329997
1710527556.4827285,-1.2662253114912245
1710527556.4828417,-1.1744614442189534
1710527556.4829552,-1.0816466808319092
1710527556.4830687,-0.986730588807
1710527556.4831822,-0.8890124824311998
1710527556.4832954,-0.7902436123953925
1710527556.483409,-0.6900738345252143
1710527556.4835224,-0.586751831902398
1710527556.483636,-0.4813283681869507
1710527556.4837492,-0.3713517387708028
1710527556.4838626,-0.25752241412798565
1710527556.4839761,-0.14019065433078343
1710527556.4840896,-0.019356457309590444
1710527556.4842029,0.10254853301578097
1710527556.4843163,0.2258585724565718
1710527556.4844298,0.3477673398123847
1710527556.4845433,0.46862519449657863
1710527556.4846566,0.5884320868386163
1710527556.48477,0.7068377733230591
1710527556.4848835,0.8262943559222751
1710527556.4849968,0.9468019008636475
1710527556.4851103,1.0701119237475925
1710527556.4852238,1.195874081717597
1710527556.4853373,1.3230375448862712
1710527556.4854505,1.4502010080549452
1710527556.485564,1.576313575108846
1710527556.4856775,1.6985726356506348
1710527556.485791,1.8176790078481038
1710527556.4859042,1.9311802917056613
1710527556.4860177,2.0401275157928467
1710527556.4861312,2.1466224723392062
1710527556.4862447,2.2510157691107855
1710527556.486358,2.354357772403293
1710527556.4864714,2.45805025100708
1710527556.486585,2.5603416230943465
1710527556.4866984,2.660530938042535
1710527556.4868116,2.756867143842909
1710527556.4869251,2.8468974431355796
1710527556.4870386,2.931322786543104
1710527556.487152,3.0069902208116317
1710527556.4872653,3.0774029095967608
1710527556.4873788,3.1397586398654513
1710527556.4874923,3.198611206478543
1710527556.4876058,3.254661295149061
1710527556.487719,3.307558430565728
1710527556.4878325,3.3590544594658747
1710527556.487946,3.4070470598008895
1710527556.4880595,3.450485865275065
1710527556.4881728,3.487969504462348
1710527556.4882863,3.5205483436584473
1710527556.4883997,3.5457709100511337
1710527556.4885132,3.565738730960422
1710527556.4886265,3.5790506998697915
1710527556.48874,3.5895599259270563
1710527556.4888535,3.5969167285495334
1710527556.488967,3.6018209987216525
1710527556.4890802,3.6049736870659723
1710527556.4891937,3.607075744205051
1710527556.4893072,3.6060248480902777
1710527556.4894204,3.6025216844346786
1710527556.489534,3.5958655675252276
1710527556.4896474,3.58570655186971
1710527556.4897609,3.5709934764438205
1710527556.4898741,3.554528819190131
1710527556.4899876,3.534560998280843
1710527556.490101,3.5135422812567816
1710527556.4902146,3.4907719824049206
1710527556.4903278,3.468351893954807
1710527556.4904413,3.445581595102946
1710527556.4905548,3.4217604001363116
1710527556.4906683,3.3993403116861978
1710527556.4907815,3.37621980243259
1710527556.490895,3.352748817867703
1710527556.4910085,3.3282269371880426
1710527556.491122,3.303004370795356
1710527556.4912353,3.2760302225748696
1710527556.4913487,3.249056339263916
1710527556.4914622,3.2217317157321506
1710527556.4915757,3.1940571467081704
1710527556.491689,3.1667327880859375
1710527556.4918025,3.141860432094998
1710527556.491916,3.1180392371283636
1710527556.4920294,3.0952689382765026
1710527556.4921427,3.0753011173672147
1710527556.4922562,3.0553332964579263
1710527556.4923697,3.034664789835612
1710527556.4924831,3.014696968926324
1710527556.4925964,2.9929778310987682
1710527556.4927099,2.9716086387634277
1710527556.4928234,2.9495390256245932
1710527556.4929368,2.9285203086005316
1710527556.49305,2.9103038046095104
1710527556.4931636,2.893839147355821
1710527556.493277,2.8791260719299316
1710527556.4933906,2.867916160159641
1710527556.4935038,2.857056458791097
1710527556.4936173,2.8458465470208063
1710527556.4937308,2.8325345781114364
1710527556.493844,2.819222609202067
1710527556.4939575,2.8045095337761774
1710527556.494071,2.788745562235514
1710527556.4941845,2.772981325785319
1710527556.4942977,2.758618460761176
1710527556.4944112,2.746357652876112
1710527556.4945247,2.735147741105821
1710527556.4946382,2.726039621565077
1710527556.4947515,2.71553013059828
1710527556.494865,2.7064220110575357
1710527556.4949784,2.6938107278611922
1710527556.495092,2.6780467563205295
1710527556.4952052,2.660530938042535
1710527556.4953187,2.641964488559299
1710527556.4954321,2.621646457248264
1710527556.4955456,2.601328161027696
1710527556.4956589,2.5827617115444608
1710527556.4957724,2.564545472462972
1710527556.4958858,2.545978758070204
1710527556.4959993,2.5274123085869684
1710527556.4961126,2.5063935915629068
1710527556.496226,2.4825721316867404
1710527556.4963396,2.456298934088813
1710527556.496453,2.425471411810981
1710527556.4965663,2.3928923077053494
1710527556.4966798,2.357510725657145
1710527556.4967933,2.3207277721828885
1710527556.4969068,2.282894187503391
1710527556.49702,2.245060337914361
1710527556.4971335,2.2058253818088107
1710527556.497247,2.1655393971337213
1710527556.4973605,2.122100591659546
1710527556.4974737,2.0755090978410506
1710527556.4975872,2.025414307912191
1710527556.4977007,1.9714661439259846
1710527556.4978142,1.9126137097676594
1710527556.4979274,1.8513090080685086
1710527556.498041,1.7868514855702717
1710527556.4981544,1.7199416955312092
1710527556.4982677,1.6509301132626004
1710527556.4983811,1.580867634879218
1710527556.4984946,1.5080026785532632
1710527556.498608,1.433386007944743
1710527556.4987214,1.3556166489919026
1710527556.4988348,1.2746944692399766
1710527556.4989483,1.1899187829759386
1710527556.4990618,1.1005891031689115
1710527556.499175,1.0074059830771551
1710527556.4992886,0.9107196993298
1710527556.499402,0.810880594783359
1710527556.4995155,0.7089396317799886
1710527556.4996288,0.6052470869488186
1710527556.4997423,0.500853955745697
1710527556.4998558,0.3947092427147759
1710527556.4999692,0.28751356734169853
1710527556.5000825,0.17926699585384792
1710527556.500196,0.06891852865616481
1710527556.5003095,-0.04387354271279441
1710527556.500423,-0.15910383727815416
1710527556.5005362,-0.27818683120939464
1710527556.5006497,-0.39972149663501316
1710527556.5007632,-0.5209059516588846
1710527556.5008767,-0.6427908605999416
1710527556.50099,-0.7636251052220662
1710527556.5011034,-0.8827080991533067
1710527556.501217,-1.0003900527954102
1710527556.5013304,-1.1163208219740126
1710527556.5014436,-1.230150196287367
1710527556.501557,-1.3439795706007216
1710527556.5016706,-1.45850936571757
1710527556.501784,-1.5733893712361653
1710527556.5018973,-1.6900206936730278
1710527556.5020108,-1.8052509095933702
1710527556.5021243,-1.9180295202467177
1710527556.5022378,-2.028706603580051
1710527556.502351,-2.1344803439246283
1710527556.5024645,-2.2350003984239364
1710527556.502578,-2.3313175307379828
1710527556.5026913,-2.4227311876085067
1710527556.5028048,-2.510992685953776
1710527556.5029182,-2.5982035530938044
1710527556.5030317,-2.682962682512071
1710527556.503145,-2.7677215470208063
1710527556.5032585,-2.8500289387173123
1710527556.503372,-2.9288339614868164
1710527556.5034854,-3.0030857192145453
1710527556.5035987,-3.071733580695258
1710527556.5037122,-3.133026229010688
1710527556.5038257,-3.1880145602756076
1710527556.5039392,-3.237749205695258
1710527556.5040524,-3.2818799548678927
1710527556.504166,-3.322858545515272
1710527556.5042794,-3.3603345023261175
1710527556.5043929,-3.3967600928412542
1710527556.504506,-3.4296830495198565
1710527556.5046196,-3.458753161960178
1710527556.504733,-3.484320905473497
1710527556.5048466,-3.5056858592563205
1710527556.5049598,-3.5207464959886337
1710527556.5050733,-3.5312536027696395
1710527556.5051868,-3.537207974327935
1710527556.5053003,-3.5379083951314287
1710527556.5054135,-3.5365072886149087
1710527556.505527,-3.5330049196879068
1710527556.5056405,-3.5281014442443848
1710527556.505754,-3.5221473375956216
1710527556.5058672,-3.5147921244303384
1710527556.5059807,-3.5060360696580672
1710527556.5060942,-3.4941278563605414
1710527556.5062077,-3.481168746948242
1710527556.506321,-3.465057479010688
1710527556.5064344,-3.4471951590643988
1710527556.506548,-3.4272313117980957
1710527556.5066614,-3.405165937211778
1710527556.5067747,-3.382750087314182
1710527556.5068882,-3.359283871120877
1710527556.5070016,-3.3361678653293185
1710527556.507115,-3.313401805029975
1710527556.5072284,-3.2923873265584307
1710527556.5073419,-3.2713725831773544
1710527556.5074553,-3.250357839796278
1710527556.5075686,-3.229693571726481
1710527556.507682,-3.207628197140164
1710527556.5077956,-3.1852126121520996
1710527556.507909,-3.1606954998440213
1710527556.5080223,-3.13652859793769
1710527556.5081358,-3.1116612752278643
1710527556.5082493,-3.087144162919786
1710527556.5083628,-3.064378367529975
1710527556.508476,-3.0433636241488986
1710527556.5085895,-3.0241001976860895
1710527556.508703,-3.007638719346788
1710527556.5088165,-2.991527716318766
1710527556.5089297,-2.975766658782959
1710527556.5090432,-2.9589549700419107
1710527556.5091567,-2.9407421747843423
1710527556.5092702,-2.921128537919786
1710527556.5093834,-2.901865111456977
1710527556.509497,-2.8829518953959146
1710527556.5096104,-2.8650895754496255
1710527556.509724,-2.850379149119059
1710527556.5098372,-2.8374203046162925
1710527556.5099506,-2.827263143327501
1710527556.5100641,-2.816755771636963
1710527556.5101776,-2.8072992960611978
1710527556.5102909,-2.7964417139689126
1710527556.5104043,-2.7834826045566134
1710527556.5105178,-2.7687724431355796
1710527556.5106313,-2.753361596001519
1710527556.5107446,-2.7376005384657116
1710527556.510858,-2.7221899562411838
1710527556.5109715,-2.7088806364271374
1710527556.511085,-2.6980230543348522
1710527556.5111983,-2.6882161034478083
1710527556.5113118,-2.679810259077284
1710527556.5114253,-2.669303152296278
1710527556.5115385,-2.656694253285726
1710527556.511652,-2.642334302266439
1710527556.5117655,-2.6255226135253906
1710527556.511879,-2.6045078701443143
1710527556.5119922,-2.583493126763238
1710527556.5121057,-2.5610775417751737
1710527556.5122192,-2.5393623775906033
1710527556.5123327,-2.517647478315565
1710527556.512446,-2.496282524532742
1710527556.5125594,-2.4749175707499185
1710527556.512673,-2.4507506688435874
1710527556.5127864,-2.42378208372328
1710527556.5128996,-2.3940112855699325
1710527556.5130131,-2.359337011973063
1710527556.5131266,-2.3218610551622176
1710527556.51324,-2.281582885318332
1710527556.5133533,-2.2385027673509383
1710527556.5134668,-2.195072571436564
1710527556.5135803,-2.1505916118621826
1710527556.5136938,-2.105410099029541
1710527556.513807,-2.0574266380733914
1710527556.5139205,-2.0080422030554876
1710527556.514034,-1.9558559523688421
1710527556.5141475,-1.9012178315056694
1710527556.5142608,-1.8406256039937336
1710527556.5143743,-1.776881217956543
1710527556.5144877,-1.708583566877577
1710527556.5146012,-1.6367835468716092
1710527556.5147145,-1.5625317891438801
1710527556.514828,-1.4851278728908963
1710527556.5149415,-1.4066731929779053
1710527556.515055,-1.3247161441379123
1710527556.5151682,-1.2420585420396593
1710527556.5152817,-1.155548228157891
1710527556.5153952,-1.066936453183492
1710527556.5155087,-0.9744720326529609
1710527556.515622,-0.8785051769680446
1710527556.5157354,-0.7776348458396064
1710527556.5158489,-0.6722113821241591
1710527556.5159621,-0.5629352728525797
1710527556.5160756,-0.45120739274554783
1710527556.516189,-0.33702780803044635
1710527556.5163026,-0.22109703885184392
1710527556.5164158,-0.10516625311639574
1710527556.5165293,0.009715700935986307
1710527556.5166428,0.12672010395261976
1710527556.5167563,0.24337419205241734
1710527556.5168695,0.36213017172283596
1710527556.516983,0.4843892653783162
1710527556.5170965,0.6094508700900607
1710527556.51721,0.7366143332587348
1710527556.5173233,0.8669306172264947
1710527556.5174367,0.9965462817086114
1710527556.5175502,1.1251109176211886
1710527556.5176637,1.2508731418185763
1710527556.517777,1.3731323348151312
1710527556.5178905,1.4911876784430609
1710527556.518004,1.6074914402431912
1710527556.5181174,1.722393963072035
1710527556.5182307,1.8362455897861056
1710527556.5183442,1.9511481126149495
1710527556.5184577,2.0664008458455405
1710527556.5185711,2.1809531582726374
1710527556.5186844,2.2930532031589084
1710527556.5187979,2.4023506376478405
1710527556.5189114,2.5046420097351074
1710527556.5190248,2.601328161027696
1710527556.519138,2.691358460320367
1710527556.5192516,2.7747329076131186
1710527556.519365,2.853553295135498
1710527556.5194786,2.930271625518799
1710527556.5195918,3.005588849385579
1710527556.5197053,3.0781035953097873
1710527556.5198188,3.148516549004449
1710527556.5199323,3.215776549445258
1710527556.5200455,3.2784824901156955
1710527556.520159,3.334882789187961
1710527556.5202725,3.384977446662055
1710527556.5203857,3.427365356021457
1710527556.5204992,3.4634476237826877
1710527556.5206127,3.4942751460605197
1710527556.5207262,3.5201981332567
1710527556.5208395,3.5440193282233343
1710527556.520953,3.5650380452473955
1710527556.5210664,3.58430544535319
1710527556.52118,3.599719206492106
1710527556.5212932,3.61198001437717
1710527556.5214067,3.620037237803141
1710527556.5215201,3.6228397157457137
1710527556.5216336,3.6210881339179144
1710527556.5217469,3.615132967631022
1710527556.5218604,3.604623476664225
1710527556.5219738,3.5920121934678817
1710527556.5220873,3.577299118041992
1710527556.5222006,3.561885356903076
1710527556.522314,3.5450702243381076
1710527556.5224276,3.5279051462809243
1710527556.522541,3.5100391176011825
1710527556.5226543,3.4907719824049206
1710527556.5227678,3.4711543718973794
1710527556.5228813,3.4480338626437717
1710527556.5229948,3.4245628780788846
1710527556.523108,3.399690522087945
1710527556.5232215,3.373417059580485
1710527556.523335,3.345392280154758
1710527556.5234485,3.3177174462212458
1710527556.5235617,3.2900428771972656
1710527556.5236752,3.2634189393785262
1710527556.5237887,3.237495952182346
1710527556.5239022,3.2129740715026855
1710527556.5240154,3.1891528765360513
1710527556.524129,3.166032102372911
1710527556.5242424,3.143612013922797
1710527556.524356,3.119790818956163
1710527556.5244691,3.096319834391276
1710527556.5245826,3.071447743309869
1710527556.524696,3.0465756522284613
1710527556.5248094,3.022053771548801
1710527556.5249228,2.999283207787408
1710527556.5250363,2.9775640699598522
1710527556.5251498,2.9582966698540583
1710527556.525263,2.942532698313395
1710527556.5253766,2.926418251461453
1710527556.52549,2.911705176035563
1710527556.5256035,2.896291414896647
1710527556.5257168,2.880877653757731
1710527556.5258303,2.8626614146762424
1710527556.5259438,2.84514586130778
1710527556.5260572,2.826929622226291
1710527556.5261705,2.810464964972602
1710527556.526284,2.79435051812066
1710527556.5263975,2.781389024522569
1710527556.526511,2.7701788478427463
1710527556.5266242,2.7607205179002547
1710527556.5267377,2.7509117126464844
1710527556.5268512,2.7400520112779403
1710527556.5269647,2.7277912033928766
1710527556.527078,2.713428338368734
1710527556.5271914,2.698014577229818
1710527556.527305,2.6804987589518228
1710527556.5274184,2.664384577009413
1710527556.5275316,2.6482701301574707
1710527556.527645,2.6335570547315807
1710527556.5277586,2.6202450858222113
1710527556.527872,2.606933116912842
1710527556.5279853,2.5929207271999783
1710527556.5280988,2.5775069660610623
1710527556.5282123,2.5592907269795737
1710527556.5283258,2.538272009955512
1710527556.528439,2.5133996539645724
1710527556.5285525,2.486425770653619
1710527556.528666,2.4594516224331326
1710527556.5287795,2.4303756819831
1710527556.5288928,2.4023506376478405
1710527556.5290062,2.3736251725090876
1710527556.5291197,2.343848546346029
1710527556.529233,2.3130210240681968
1710527556.5293465,2.2786903381347656
1710527556.52946,2.241206963857015
1710527556.5295734,2.199519740210639
1710527556.5296867,2.153628799650404
1710527556.5298002,2.1042346954345703
1710527556.5299137,2.052738666534424
1710527556.5300272,1.9987906350029838
1710527556.5301404,1.9420399930742052
1710527556.530254,1.8849390082889133
1710527556.5303674,1.8250355455610487
1710527556.5304809,1.7633805010053847
1710527556.530594,1.699623664220174
1710527556.5307076,1.6320133209228516
1710527556.530821,1.56089981396993
1710527556.5309346,1.4852323797014024
1710527556.5310478,1.406762335035536
1710527556.5311613,1.3240885734558105
1710527556.5312748,1.2386122014787462
1710527556.5313883,1.1510341697269015
1710527556.5315015,1.060653461350335
1710527556.531615,0.9681709607442219
1710527556.5317285,0.8756883939107258
1710527556.531842,0.779702795876397
1710527556.5319552,0.6830165121290419
1710527556.5320687,0.5828270647260878
1710527556.5321822,0.47983520560794407
1710527556.5322957,0.3733401828342014
1710527556.532409,0.26299170321888393
1710527556.5325224,0.149840729104148
1710527556.532636,0.03318664514356189
1710527556.5327494,-0.085552583138148
1710527556.5328627,-0.20428531699710423
1710527556.5329762,-0.3233683109283447
1710527556.5330896,-0.4396493236223856
1710527556.5332031,-0.5569810999764336
1710527556.5333164,-0.6732621457841661
1710527556.5334299,-0.7895431253645155
1710527556.5335433,-0.907225145234002
1710527556.5336566,-1.0273589028252494
1710527556.53377,-1.147842804590861
1710527556.5338836,-1.2697278128729925
1710527556.533997,-1.3923132419586182
1710527556.5341103,-1.5131473541259766
1710527556.5342238,-1.629078123304579
1710527556.5343373,-1.7425572872161865
1710527556.5344508,-1.8514831860860188
1710527556.534564,-1.9572569264305961
1710527556.5346775,-2.0584774017333984
1710527556.534791,-2.15864724583096
1710527556.5349045,-2.257766193813748
1710527556.5350177,-2.356535063849555
1710527556.5351312,-2.453902827368842
1710527556.5352447,-2.5495195388793945
1710527556.5353582,-2.642334302266439
1710527556.5354714,-2.727443642086453
1710527556.535585,-2.8090503480699325
1710527556.5356984,-2.882601684994168
1710527556.535812,-2.9505491256713867
1710527556.5359251,-3.0132426155938044
1710527556.5360386,-3.072784211900499
1710527556.5361521,-3.1284729639689126
1710527556.5362656,-3.1824106640285916
1710527556.5363789,-3.234246836768256
1710527556.5364923,-3.28363127178616
1710527556.5366058,-3.3288126521640353
1710527556.5367193,-3.3690908220079208
1710527556.5368326,-3.403064409891764
1710527556.536946,-3.4328352080451117
1710527556.5370595,-3.4563014242384167
1710527556.537173,-3.4748644298977323
1710527556.5372863,-3.4892243809170194
1710527556.5373998,-3.5011325942145453
1710527556.5375133,-3.5112897555033364
1710527556.5376267,-3.5193453894721136
1710527556.53774,-3.5256497065226235
1710527556.5378535,-3.529152340359158
1710527556.537967,-3.5305531819661455
1710527556.5380802,-3.5288018650478787
1710527556.5381937,-3.524599075317383
1710527556.5383072,-3.5151425997416177
1710527556.5384207,-3.5035843319363065
1710527556.538534,-3.488874170515272
1710527556.5386474,-3.471712271372477
1710527556.538761,-3.4541998969184027
1710527556.5388744,-3.4356371561686196
1710527556.5389876,-3.4160235193040633
1710527556.5391011,-3.397110303243001
1710527556.5392146,-3.377146191067166
1710527556.539328,-3.3571823438008623
1710527556.5394413,-3.3368682861328125
1710527556.5395548,-3.315153121948242
1710527556.5396683,-3.292037116156684
1710527556.5397818,-3.2671697934468584
1710527556.539895,-3.2423024707370334
1710527556.5400085,-3.2163842519124346
1710527556.540122,-3.190466297997369
1710527556.5402355,-3.1662993960910373
1710527556.5403488,-3.142482704586453
1710527556.5404623,-3.121118015713162
1710527556.5405757,-3.1018545892503524
1710527556.5406892,-3.084342214796278
1710527556.5408025,-3.066479894849989
1710527556.540916,-3.0482670995924206
1710527556.5410295,-3.0290036731296115
1710527556.541143,-3.009390036265055
1710527556.5412562,-2.988375292883979
1710527556.5413697,-2.9680612352159286
1710527556.5414832,-2.9480973879496255
1710527556.5415967,-2.9295343822903104
1710527556.54171,-2.914824220869276
1710527556.5418234,-2.900464004940457
1710527556.5419369,-2.889606687757704
1710527556.5420504,-2.8776982095506454
1710527556.5421636,-2.8661402066548667
1710527556.542277,-2.8535313076443143
1710527556.5423906,-2.838470935821533
1710527556.5425038,-2.823060088687473
1710527556.5426173,-2.806949085659451
1710527556.5427308,-2.7897869216071234
1710527556.5428443,-2.7750767601860895
1710527556.5429575,-2.762467861175537
1710527556.543071,-2.7519607543945312
1710527556.5431845,-2.743204434712728
1710527556.543298,-2.735149065653483
1710527556.5434113,-2.7256923251681857
1710527556.5435247,-2.713083691067166
1710527556.5436382,-2.6994241608513727
1710527556.5437517,-2.682261996799045
1710527556.543865,-2.66510009765625
1710527556.5439785,-2.6465370919969344
1710527556.544092,-2.6283245616488986
1710527556.5442054,-2.6115128729078503
1710527556.5443187,-2.5954016049702964
1710527556.5444322,-2.579990757836236
1710527556.5445457,-2.5638794898986816
1710527556.5446591,-2.5463673803541393
1710527556.5447724,-2.5264035330878363
1710527556.5448859,-2.501536210378011
1710527556.5449994,-2.4749175707499185
1710527556.5451128,-2.444796562194824
1710527556.545226,-2.4122238159179688
1710527556.5453396,-2.379300859239366
1710527556.545453,-2.344977060953776
1710527556.5455666,-2.3113536834716797
1710527556.5456798,-2.2759789890713162
1710527556.5457933,-2.2402540842692056
1710527556.5459068,-2.201026678085327
1710527556.5460203,-2.1582969029744468
1710527556.5461335,-2.112064758936564
1710527556.546247,-2.0609291394551597
1710527556.5463605,-2.0062910185919867
1710527556.546474,-1.948150528801812
1710527556.5465872,-1.8858071168263753
1710527556.5467007,-1.8213621775309243
1710527556.5468142,-1.7558664745754666
1710527556.5469275,-1.6868684026930068
1710527556.547041,-1.6175201204087999
1710527556.5471544,-1.5450195471445718
1710527556.547268,-1.4693669478098552
1710527556.5473812,-1.390561925040351
1710527556.5474946,-1.3068536917368572
1710527556.5476081,-1.219642824596829
1710527556.5477216,-1.1289297209845648
1710527556.5478349,-1.0329627990722656
1710527556.5479484,-0.9338437186347114
1710527556.5480618,-0.832272900475396
1710527556.5481753,-0.7286006874508327
1710527556.5482886,-0.6235275003645155
1710527556.548402,-0.5181040035353767
1710527556.5485156,-0.4112795657581753
1710527556.548629,-0.3027039104037815
1710527556.5487423,-0.1920267773999108
1710527556.5488558,-0.07784721752007802
1710527556.5489693,0.03914195630285475
1710527556.5490828,0.16070043047269186
1710527556.549196,0.28506139914194745
1710527556.5493095,0.4111739330821567
1710527556.549423,0.5390380157364739
1710527556.5495365,0.6640995873345269
1710527556.5496497,0.7888109154171413
1710527556.5497632,0.9114203188154433
1710527556.5498767,1.0315775209003024
1710527556.5499902,1.1517347229851616
1710527556.5501034,1.2708409627278645
1710527556.550217,1.3923994700113933
1710527556.5503304,1.5150088734096951
1710527556.550444,1.6397202014923096
1710527556.5505571,1.7630301581488714
1710527556.5506706,1.8856395615471733
1710527556.550784,2.0047459337446423
1710527556.5508976,2.1175465318891735
1710527556.5510108,2.22544272740682
1710527556.5511243,2.328434785207113
1710527556.5512378,2.425821622212728
1710527556.551351,2.52040598127577
1710527556.5514646,2.6132387585110135
1710527556.551578,2.705020639631483
1710527556.5516915,2.795051203833686
1710527556.5518048,2.8822790251837835
1710527556.5519183,2.9667043685913086
1710527556.5520318,3.045524491204156
1710527556.5521452,3.1169883410135903
1710527556.5522585,3.181796073913574
1710527556.552372,3.239247534010145
1710527556.5524855,3.2896924018859863
1710527556.552599,3.3366343710157604
1710527556.5527122,3.37937249077691
1710527556.5528257,3.4203590287102594
1710527556.5529392,3.4581928782992892
1710527556.5530527,3.493574460347493
1710527556.553166,3.526853985256619
1710527556.5532794,3.553828133477105
1710527556.553393,3.577299118041992
1710527556.5535064,3.5937637752956815
1710527556.5536196,3.6049736870659723
1710527556.553733,3.611629803975423
1710527556.5538466,3.6137315962049694
1710527556.55396,3.6133813858032227
1710527556.5540733,3.610929118262397
1710527556.5541868,3.6074259546067977
1710527556.5543003,3.602871894836426
1710527556.5544138,3.5948146714104547
1710527556.554527,3.585005866156684
1710527556.5546405,3.5744966400994196
1710527556.554754,3.5604839854770236
1710527556.5548675,3.542968432108561
1710527556.5549808,3.5219497150845
1710527556.5550942,3.500230312347412
1710527556.5552077,3.476759327782525
1710527556.5553212,3.4518872367011175
1710527556.5554345,3.426314459906684
1710527556.555548,3.400391207800971
1710527556.5556614,3.3755191167195635
1710527556.5557747,3.350296550326877
1710527556.5558882,3.326475355360243
1710527556.5560017,3.3012527889675565
1710527556.5561152,3.2781322797139483
1710527556.5562284,3.2522090276082354
1710527556.556342,3.226636250813802
1710527556.5564554,3.199311892191569
1710527556.5565689,3.1723377439710827
1710527556.556682,3.146064281463623
1710527556.5567956,3.1187399228413897
1710527556.556909,3.0935173564487033
1710527556.5570226,3.0700463718838162
1710527556.5571358,3.0490276548597546
1710527556.5572493,3.0290598339504666
1710527556.5573628,3.0101429091559515
1710527556.5574763,2.9915764596727157
1710527556.5575895,2.972659534878201
1710527556.557703,2.9519910282558866
1710527556.5578165,2.932023207346598
1710527556.55793,2.9113549656338162
1710527556.5580432,2.8910366694132485
1710527556.5581567,2.8731709056430392
1710527556.5582702,2.856705983479818
1710527556.5583837,2.8433942794799805
1710527556.558497,2.8318338923984103
1710527556.5586104,2.8209741910298667
1710527556.558724,2.810815175374349
1710527556.5588374,2.7982038921780057
1710527556.5589507,2.7859430842929416
1710527556.5590641,2.7708795335557723
1710527556.5591776,2.7551155620151095
1710527556.5592911,2.738650639851888
1710527556.5594044,2.722886668311225
1710527556.5595179,2.7088742785983615
1710527556.5596313,2.695562309688992
1710527556.5597448,2.684702608320448
1710527556.559858,2.672792010837131
1710527556.5599716,2.66158209906684
1710527556.560085,2.6472192340426974
1710527556.5601983,2.6311047871907554
1710527556.5603118,2.6125383377075195
1710527556.5604253,2.590818934970432
1710527556.5605388,2.568749056922065
1710527556.560652,2.546329233381483
1710527556.5607655,2.5235589345296225
1710527556.560879,2.5021897421942816
1710527556.5609925,2.480820814768473
1710527556.5611057,2.45805025100708
1710527556.5612192,2.4335283703274198
1710527556.5613327,2.407955593532986
1710527556.5614462,2.377128071255154
1710527556.5615594,2.343848546346029
1710527556.561673,2.306715382470025
1710527556.5617864,2.2667797406514487
1710527556.5619,2.2250925170050726
1710527556.5620131,2.1809531582726374
1710527556.5621266,2.1368137995402017
1710527556.5622401,2.091623412238227
1710527556.5623536,2.0439808898501926
1710527556.5624669,1.9945867856343586
1710527556.5625803,1.9420399930742052
1710527556.5626938,1.8859899044036865
1710527556.5628073,1.8246852027045355
1710527556.5629206,1.7595271269480386
1710527556.563034,1.6908657550811768
1710527556.5631475,1.6187014844682481
1710527556.563261,1.5437344710032144
1710527556.5633743,1.4670160081651475
1710527556.5634878,1.387495067384508
1710527556.5636013,1.306572887632582
1710527556.5637147,1.2235487831963432
1710527556.563828,1.1370216475592718
1710527556.5639415,1.0483925210105047
1710527556.564055,0.9559100204043918
1710527556.5641685,0.8599243561426798
1710527556.5642817,0.7597349749671088
1710527556.5643952,0.6556920872794257
1710527556.5645087,0.5491970976193746
1710527556.564622,0.4395492540465461
1710527556.5647354,0.3288504812452528
1710527556.564849,0.21675043635898167
1710527556.5649624,0.10430009828673469
1710527556.5650756,-0.007448159158229828
1710527556.5651891,-0.12127747966183557
1710527556.5653026,-0.23405606547991434
1710527556.565416,-0.34963660769992405
1710527556.5655293,-0.466267897023095
1710527556.5656428,-0.585701134469774
1710527556.5657563,-0.7075860765245225
1710527556.5658698,-0.830171439382765
1710527556.565983,-0.9527568684683906
1710527556.5660965,-1.074641810523139
1710527556.56621,-1.1944252914852567
1710527556.5663235,-1.3100058502621121
1710527556.5664368,-1.4241854349772136
1710527556.5665503,-1.5345123079087999
1710527556.5666637,-1.6437884171803792
1710527556.5667772,-1.7527143160502114
1710527556.5668905,-1.861990425321791
1710527556.567004,-1.9716168774498832
1710527556.5671175,-2.0812433295779758
1710527556.567231,-2.187717490726047
1710527556.5673442,-2.2910393608940973
1710527556.5674577,-2.3901584413316512
1710527556.5675712,-2.4836736255221896
1710527556.5676847,-2.5715849134657116
1710527556.567798,-2.653542094760471
1710527556.5679114,-2.7319966422186956
1710527556.5680249,-2.807649506462945
1710527556.5681384,-2.8808503680759006
1710527556.5682516,-2.9526503880818686
1710527556.568365,-3.0226993560791016
1710527556.5684786,-3.0892456902398004
1710527556.568592,-3.150888548956977
1710527556.5687053,-3.2072779867384167
1710527556.5688188,-3.2570126321580672
1710527556.5689323,-3.300793170928955
1710527556.5690455,-3.3382691277398004
1710527556.569159,-3.370841874016656
1710527556.5692725,-3.398511144849989
1710527556.569386,-3.4247795740763345
1710527556.5694993,-3.4482457902696395
1710527556.5696127,-3.469610744052463
1710527556.5697262,-3.488173749711778
1710527556.5698397,-3.5042850176493325
1710527556.569953,-3.5158430205451117
1710527556.5700665,-3.5231979688008623
1710527556.57018,-3.52635039223565
1710527556.5702934,-3.525299496120877
1710527556.5704067,-3.5200458102756076
1710527556.5705202,-3.5126908620198565
1710527556.5706336,-3.5032341215345593
1710527556.5707471,-3.492376539442274
1710527556.5708604,-3.480818536546495
1710527556.5709739,-3.468209637535943
1710527556.5710874,-3.4549005826314287
1710527556.5712008,-3.4405403667026095
1710527556.571314,-3.4251297844780817
1710527556.5714276,-3.4076176749335394
1710527556.571541,-3.388704458872477
1710527556.5716546,-3.367339505089654
1710527556.5717678,-3.3442234992980957
1710527556.5718813,-3.3197063869900174
1710527556.5719948,-3.295539485083686
1710527556.5721083,-3.2706721623738604
1710527556.5722215,-3.2465052604675293
1710527556.572335,-3.223389254675971
1710527556.5724485,-3.201323880089654
1710527556.572562,-3.180309136708577
1710527556.5726752,-3.1599950790405273
1710527556.5727887,-3.138980335659451
1710527556.5729022,-3.1172651714748807
1710527556.5730157,-3.0941491656833224
1710527556.573129,-3.070682684580485
1710527556.5732424,-3.0465157826741533
1710527556.573356,-3.0226993560791016
1710527556.5734692,-3.0002837710910373
1710527556.5735826,-2.9796192381117077
1710527556.5736961,-2.9617569181654186
1710527556.5738096,-2.9456456502278647
1710527556.5739229,-2.9316359096103244
1710527556.5740364,-2.917626168992784
1710527556.5741498,-2.9029157426622176
1710527556.5742633,-2.886804739634196
1710527556.5743766,-2.8696425755818686
1710527556.57449,-2.8535313076443143
1710527556.5746036,-2.8349685668945312
1710527556.574717,-2.81850708855523
1710527556.5748303,-2.804147137535943
1710527556.5749438,-2.7929390801323786
1710527556.5750573,-2.7831323941548667
1710527556.5751708,-2.7747265497843423
1710527556.575284,-2.7670211262173123
1710527556.5753975,-2.758615281846788
1710527556.575511,-2.747757699754503
1710527556.5756245,-2.7347985903422036
1710527556.5757377,-2.7200884289211698
1710527556.5758512,-2.7046775817871094
1710527556.5759647,-2.689967420366075
1710527556.5760782,-2.676658100552029
1710527556.5761914,-2.6640494664510093
1710527556.576305,-2.652841673956977
1710527556.5764184,-2.6437351438734265
1710527556.576532,-2.631476720174154
1710527556.5766451,-2.618517610761854
1710527556.5767586,-2.6031070285373263
1710527556.576872,-2.584193812476264
1710527556.5769856,-2.5617782274881997
1710527556.5770988,-2.5372611151801214
1710527556.5772123,-2.511342896355523
1710527556.5773258,-2.486125363243951
1710527556.5774393,-2.4598571989271374
1710527556.5775526,-2.4328883488972983
1710527556.577666,-2.407320605383979
1710527556.5777795,-2.3779000176323786
1710527556.5778928,-2.34707858827379
1710527556.5780063,-2.3124043146769204
1710527556.5781198,-2.2745778825547958
1710527556.5782332,-2.2318482398986816
1710527556.5783465,-2.185966306262546
1710527556.57846,-2.1379828453063965
1710527556.5785735,-2.0875476466284857
1710527556.578687,-2.035011053085327
1710527556.5788002,-1.9821242491404214
1710527556.5789137,-1.9278363386789956
1710527556.5790272,-1.8707466125488281
1710527556.5791407,-1.8112051486968994
1710527556.579254,-1.7481611834632025
1710527556.5793674,-1.6812645064459906
1710527556.579481,-1.6098146968417697
1710527556.5795944,-1.5334615442487929
1710527556.5797076,-1.4532556798723009
1710527556.579821,-1.3688468933105469
1710527556.5799346,-1.2819863690270317
1710527556.580048,-1.1916233433617485
1710527556.5801613,-1.0995091332329643
1710527556.5802748,-1.0059940152698092
1710527556.5803883,-0.910727580388387
1710527556.5805018,-0.8126592636108398
1710527556.580615,-0.7117889987097846
1710527556.5807285,-0.6067157453960842
1710527556.580842,-0.4984903335571289
1710527556.5809555,-0.38641224304835
1710527556.5810688,-0.2690804832511478
1710527556.5811822,-0.1485965152581533
1710527556.5812957,-0.02671158355143335
1710527556.5814092,0.09519197046756744
1710527556.5815225,0.21780138214429218
1710527556.581636,0.3383089105288188
1710527556.5817494,0.458466112613678
1710527556.581863,0.5779227283265855
1710527556.5819762,0.6980799304114448
1710527556.5820897,0.8196384376949734
1710527556.5822031,0.9439993566936916
1710527556.5823164,1.0697615808910794
1710527556.58243,1.1972753206888835
1710527556.5825434,1.3254898124270968
1710527556.5826569,1.4505513509114583
1710527556.58277,1.5742117828792996
1710527556.5828836,1.692617336908976
1710527556.582997,1.8064689636230469
1710527556.5831106,1.9168174266815186
1710527556.5832238,2.023662726084391
1710527556.5833373,2.129457129372491
1710527556.5834508,2.2349013222588434
1710527556.5835643,2.3403453826904297
1710527556.5836775,2.445789443122016
1710527556.583791,2.549131711324056
1710527556.5839045,2.647569444444444
1710527556.584018,2.74180359310574
1710527556.5841312,2.828330728742811
1710527556.5842447,2.9085524876912436
1710527556.5843582,2.9824683401319714
1710527556.5844717,3.050429026285807
1710527556.584585,3.114886548784044
1710527556.5846984,3.176541593339708
1710527556.584812,3.2360945807562933
1710527556.5849254,3.2928453551398382
1710527556.5850387,3.3474940723843045
1710527556.5851521,3.3975887298583984
1710527556.5852656,3.4420784314473467
1710527556.5853791,3.4795618057250977
1710527556.5854924,3.5110900137159557
1710527556.5856059,3.5359621047973633
1710527556.5857193,3.5555797153049045
1710527556.5858328,3.5709934764438205
1710527556.585946,3.5839549700419107
1710527556.5860596,3.5941139856974282
1710527556.586173,3.6032221052381725
1710527556.5862865,3.6095277468363443
1710527556.5863998,3.612680700090196
1710527556.5865133,3.612680700090196
1710527556.5866268,3.6095277468363443
1710527556.58674,3.601120313008626
1710527556.5868535,3.5895599259270563
1710527556.586967,3.5751973258124456
1710527556.5870805,3.558382193247477
1710527556.5871937,3.539465268452962
1710527556.5873072,3.51879702674018
1710527556.5874207,3.4988292058308916
1710527556.5875342,3.4771098030938044
1710527556.5876474,3.4560908211602106
1710527556.587761,3.4354225794474282
1710527556.5878744,3.4126522805955672
1710527556.587988,3.3902321921454535
1710527556.5881011,3.366410997178819
1710527556.5882146,3.3415386411878796
1710527556.5883281,3.3149149682786727
1710527556.5884416,3.2879408200581866
1710527556.5885549,3.260266251034207
1710527556.5886683,3.2322412066989474
1710527556.5887818,3.2063179545932345
1710527556.5888953,3.180745177798801
1710527556.5890086,3.15657377243042
1710527556.589122,3.133803473578559
1710527556.5892355,3.112084070841471
1710527556.589349,3.0914155642191568
1710527556.5894623,3.0693459510803223
1710527556.5895758,3.0479767587449813
1710527556.5896893,3.0248562494913735
1710527556.5898027,3.001034789615207
1710527556.589916,2.978264490763346
1710527556.5900295,2.9558446672227645
1710527556.590143,2.9358768463134766
1710527556.5902565,2.9180108176337347
1710527556.5903697,2.9018963707817926
1710527556.5904832,2.888234191470676
1710527556.5905967,2.8745720121595593
1710527556.5907102,2.8619607289632163
1710527556.5908234,2.848649024963379
1710527556.590937,2.833235263824463
1710527556.5910504,2.8171208169725204
1710527556.5911636,2.8013568454318576
1710527556.5912771,2.784541712866889
1710527556.5913906,2.7701788478427463
1710527556.591504,2.757918039957682
1710527556.5916173,2.746707863277859
1710527556.5917308,2.737599743737115
1710527556.5918443,2.7284916241963706
1710527556.5919578,2.718332608540853
1710527556.592071,2.707472907172309
1710527556.5921845,2.692409621344672
1710527556.592298,2.67629517449273
1710527556.5924115,2.658078935411241
1710527556.5925248,2.6398626963297525
1710527556.5926383,2.622346878051758
1710527556.5927517,2.6044811142815485
1710527556.5928652,2.588366667429606
1710527556.5929785,2.572252220577664
1710527556.593092,2.555086877610948
1710527556.5932055,2.537221113840739
1710527556.593319,2.5162023968166776
1710527556.5934322,2.4916805161370172
1710527556.5935457,2.4640056822035046
1710527556.5936592,2.4335283703274198
1710527556.5937726,2.4016499519348145
1710527556.593886,2.36801995171441
1710527556.5939994,2.333339055379232
1710527556.5941129,2.2986581590440536
1710527556.5942264,2.2622256808810763
1710527556.5943396,2.2250925170050726
1710527556.594453,2.18445618947347
1710527556.5945666,2.141017516454061
1710527556.59468,2.09197375509474
1710527556.5947933,2.04117841190762
1710527556.5949068,1.984077427122328
1710527556.5950203,1.9248746501074896
1710527556.5951338,1.8628692626953125
1710527556.595247,1.799112425910102
1710527556.5953605,1.7318524254692924
1710527556.595474,1.66494263543023
1710527556.5955873,1.595580842759874
1710527556.5957007,1.5230660968356662
1710527556.5958142,1.4470481872558594
1710527556.5959277,1.368928485446506
1710527556.596041,1.2859045134650335
1710527556.5961545,1.1993772453731961
1710527556.596268,1.1093469460805256
1710527556.5963814,1.0151127974192302
1710527556.5964947,0.9198278188705444
1710527556.5966082,0.8203390571806166
1710527556.5967216,0.7204999526341757
1710527556.5968351,0.6185589896308051
1710527556.5969484,0.516267716884613
1710527556.5970619,0.41187455256779987
1710527556.5971754,0.30572983953687877
1710527556.5972888,0.19643230570687187
1710527556.597402,0.08573353290557861
1710527556.5975156,-0.029513535814152822
1710527556.597629,-0.14719554119639927
1710527556.5977426,-0.2673292491171095
1710527556.5978558,-0.38991467820273507
1710527556.5979693,-0.511449376742045
1710527556.5980828,-0.6315830681059096
1710527556.5981963,-0.751366549068027
1710527556.5983095,-0.8690485689375136
1710527556.598423,-0.9846291277143691
1710527556.5985365,-1.1005598968929715
1710527556.59865,-1.216140455669827
1710527556.5987632,-1.3320712248484294
1710527556.5988767,-1.4494029680887859
1710527556.5989902,-1.566734711329142
1710527556.5991037,-1.6837162441677518
1710527556.599217,-1.7989465925428603
1710527556.5993304,-1.9113748603396945
1710527556.599444,-2.018899785147773
1710527556.5995574,-2.121171156565348
1710527556.5996706,-2.2192394733428955
1710527556.5997841,-2.3134552107916937
1710527556.5998976,-2.4034677611456976
1710527556.6000109,-2.493480576409234
1710527556.6001244,-2.58209228515625
1710527556.6002378,-2.6689529418945312
1710527556.6003513,-2.7544124921162925
1710527556.6004646,-2.836719618903266
1710527556.600578,-2.9130729039510093
1710527556.6006916,-2.98452271355523
1710527556.600805,-3.049317995707194
1710527556.6009183,-3.1081589063008623
1710527556.6010318,-3.161045710245768
1710527556.6011453,-3.209729724460178
1710527556.6012588,-3.255961736043294
1710527556.601372,-3.298691643608941
1710527556.6014855,-3.3400204446580672
1710527556.601599,-3.3788975079854326
1710527556.6017125,-3.41497262318929
1710527556.6018257,-3.4461442629496255
1710527556.6019392,-3.472412692175971
1710527556.6020527,-3.4937776459587946
1710527556.6021662,-3.5098889138963485
1710527556.6022794,-3.5207464959886337
1710527556.602393,-3.526700602637397
1710527556.6025064,-3.5309033923678927
1710527556.60262,-3.531954288482666
1710527556.6027331,-3.531954288482666
1710527556.6028466,-3.529852761162652
1710527556.60296,-3.5259999169243708
1710527556.6030736,-3.5200458102756076
1710527556.6031868,-3.5119901763068304
1710527556.6033003,-3.5004321734110513
1710527556.6034138,-3.486772643195258
1710527556.6035273,-3.470311164855957
1710527556.6036406,-3.4510477383931475
1710527556.603754,-3.4300332599216037
1710527556.6038675,-3.407967885335286
1710527556.603981,-3.384501404232449
1710527556.6040943,-3.361385398440891
1710527556.6042078,-3.338619338141547
1710527556.6043212,-3.31655396355523
1710527556.6044345,-3.294839064280192
1710527556.604548,-3.272773689693875
1710527556.6046615,-3.2507083151075573
1710527556.604775,-3.2272418340047198
1710527556.6048882,-3.2027247216966415
1710527556.6050017,-3.1768067677815752
1710527556.6051152,-3.1512387593587237
1710527556.6052287,-3.124620384640164
1710527556.605342,-3.0997530619303384
1710527556.6054554,-3.075936370425754
1710527556.605569,-3.0542212062411838
1710527556.6056824,-3.0346075693766275
1710527556.6057956,-3.0174456702338324
1710527556.605909,-3.0009841918945312
1710527556.6060226,-2.98452271355523
1710527556.606136,-2.966660393608941
1710527556.6062493,-2.9477471775478787
1710527556.6063628,-2.928483751085069
1710527556.6064763,-2.908169428507487
1710527556.6065898,-2.889606687757704
1710527556.606703,-2.8713938925001354
1710527556.6068165,-2.855983045366075
1710527556.60693,-2.8430242008633084
1710527556.6070435,-2.8321666187710233
1710527556.6071568,-2.822009457482232
1710527556.6072702,-2.8122025065951877
1710527556.6073837,-2.8002942932976618
1710527556.6074972,-2.7876856591966415
1710527556.6076105,-2.7722748120625815
1710527556.607724,-2.756163544125027
1710527556.6078374,-2.741103172302246
1710527556.607951,-2.7256923251681857
1710527556.6080642,-2.71378411187066
1710527556.6081777,-2.7029265297783747
1710527556.6082911,-2.6941704750061035
1710527556.6084046,-2.6857646306355796
1710527556.608518,-2.677008310953776
1710527556.6086314,-2.66510009765625
1710527556.6087449,-2.6517907778422036
1710527556.608858,-2.6356795099046493
1710527556.6089716,-2.6171167691548667
1710527556.609085,-2.5982035530938044
1710527556.6091986,-2.578589916229248
1710527556.6093118,-2.559326489766439
1710527556.6094253,-2.5411136945088706
1710527556.6095388,-2.5232513745625815
1710527556.6096523,-2.504338158501519
1710527556.6097655,-2.4843743112352157
1710527556.609879,-2.4605576197306314
1710527556.6099925,-2.434289190504286
1710527556.610106,-2.4027673403422036
1710527556.6102192,-2.3677428563435874
1710527556.6103327,-2.330967320336236
1710527556.6104462,-2.2920902570088706
1710527556.6105597,-2.2518120871649847
1710527556.610673,-2.210483286115858
1710527556.6107864,-2.1681038538614907
1710527556.6109,-2.1243233150906033
1710527556.6110134,-2.0784413814544678
1710527556.6111267,-2.028706603580051
1710527556.6112401,-1.9751193788316515
1710527556.6113536,-1.9176793098449707
1710527556.6114671,-1.8560363186730278
1710527556.6115804,-1.789840194914076
1710527556.6116939,-1.7204919126298692
1710527556.6118073,-1.6483415497673881
1710527556.6119208,-1.5740899244944253
1710527556.612034,-1.4966858757866752
1710527556.6121476,-1.4182311958736844
1710527556.612261,-1.3366243574354384
1710527556.6123745,-1.2536165449354384
1710527556.6124878,-1.1671062310536702
1710527556.6126013,-1.07674327161577
1710527556.6127148,-0.981827179590861
1710527556.6128283,-0.8834085861841837
1710527556.6129415,-0.7804367939631144
1710527556.613055,-0.6739626328150431
1710527556.6131685,-0.5636357598834567
1710527556.6132817,-0.45155763626098633
1710527556.6133952,-0.33982978926764595
1710527556.6135087,-0.22705119517114428
1710527556.6136222,-0.1139223575592041
1710527556.6137354,-0.0007935216934937569
1710527556.613849,0.11445916361278957
1710527556.6139624,0.23111325171258715
1710527556.614076,0.3509201606114705
1710527556.6141891,0.4749308029810587
1710527556.6143026,0.6010433700349596
1710527556.6144161,0.7299584150314331
1710527556.6145296,0.8592237366570367
1710527556.6146429,0.9870878193113539
1710527556.6147563,1.1121494240230985
1710527556.6148698,1.2358097235361736
1710527556.6149833,1.3549160957336426
1710527556.6150966,1.472270753648546
1710527556.61521,1.5885745154486761
1710527556.6153235,1.7041777239905462
1710527556.615437,1.8215323819054496
1710527556.6155503,1.9395877255333793
1710527556.6156638,2.0576430691613092
1710527556.6157773,2.17219524913364
1710527556.6158907,2.28464576933119
1710527556.616004,2.3911407258775497
1710527556.6161175,2.4902791447109647
1710527556.616231,2.5831119219462075
1710527556.6163445,2.6710404290093317
1710527556.6164577,2.754064400990804
1710527556.6165712,2.834986845652262
1710527556.6166847,2.9138069682651095
1710527556.6167982,2.991226249270969
1710527556.6169114,3.067243893941243
1710527556.617025,3.137656847635905
1710527556.6171384,3.2059677441914873
1710527556.6172519,3.2669221030341253
1710527556.6173651,3.3208703994750977
1710527556.6174786,3.3678121036953397
1710527556.617592,3.4087986416286893
1710527556.6177053,3.44312932756212
1710527556.6178188,3.4750077459547253
1710527556.6179323,3.5044341617160373
1710527556.6180458,3.530707624223497
1710527556.618159,3.5555797153049045
1710527556.6182725,3.5765984323289657
1710527556.618386,3.5941139856974282
1710527556.6184995,3.6074259546067977
1710527556.6186128,3.615483178032769
1710527556.6187263,3.6179354455735946
1710527556.6188397,3.6161838637457953
1710527556.6189532,3.610929118262397
1710527556.6190665,3.6014707883199053
1710527556.61918,3.5899104012383356
1710527556.6192935,3.577649328443739
1710527556.619407,3.5646878348456488
1710527556.6195202,3.549974759419759
1710527556.6196337,3.53351010216607
1710527556.6197472,3.515994283888075
1710527556.6198606,3.4963769382900662
1710527556.619974,3.4750077459547253
1710527556.6200874,3.4511865509880915
1710527556.6202009,3.426314459906684
1710527556.6203144,3.3993403116861978
1710527556.6204276,3.372015953063965
1710527556.620541,3.3439909087287054
1710527556.6206546,3.315965864393446
1710527556.620768,3.2879408200581866
1710527556.6208813,3.26131714714898
1710527556.6209948,3.2357443703545465
1710527556.6211083,3.211572700076633
1710527556.6212218,3.1877515051099987
1710527556.621335,3.1632296244303384
1710527556.6214485,3.139057954152425
1710527556.621562,3.1141858630710177
1710527556.6216753,3.088262610965305
1710527556.6217887,3.0626898341708713
1710527556.6219022,3.0378177430894637
1710527556.6220157,3.0136460728115506
1710527556.622129,2.992277145385742
1710527556.6222425,2.9730100101894803
1710527556.622356,2.9551439815097384
1710527556.6224694,2.940080430772569
1710527556.6225827,2.9243164592319064
1710527556.6226962,2.9085524876912436
1710527556.6228096,2.8927882512410483
1710527556.6229231,2.8749224874708386
1710527556.6230364,2.857056458791097
1710527556.6231499,2.838840219709608
1710527556.6232634,2.822725772857666
1710527556.6233768,2.80731201171875
1710527556.62349,2.7947007285224066
1710527556.6236036,2.783841027153863
1710527556.623717,2.7747329076131186
1710527556.6238306,2.765975263383653
1710527556.6239438,2.7554657724168563
1710527556.6240573,2.744255860646566
1710527556.6241708,2.730593681335449
1710527556.6242843,2.715179920196533
1710527556.6243975,2.699415683746338
1710527556.624511,2.6829510264926486
1710527556.6246245,2.668938636779785
1710527556.624738,2.6545757717556424
1710527556.6248512,2.642665174272325
1710527556.6249647,2.630404101477729
1710527556.6250782,2.6174426078796387
1710527556.6251917,2.6023790571424694
1710527556.625305,2.5852139790852866
1710527556.6254184,2.565596368577745
1710527556.625532,2.542475594414605
1710527556.6256454,2.5176035033331976
1710527556.6257586,2.492030726538764
1710527556.6258721,2.465407053629557
1710527556.6259856,2.4391335911220975
1710527556.6260989,2.413560814327664
1710527556.6262124,2.3865866661071777
1710527556.6263258,2.357510725657145
1710527556.6264393,2.3263327280680337
1710527556.6265526,2.291651831732856
1710527556.626666,2.253117561340332
1710527556.6267796,2.2100290987226696
1710527556.626893,2.1637878153059216
1710527556.6270063,2.115794950061374
1710527556.6271198,2.064299053615994
1710527556.6272333,2.011752128601074
1710527556.6273468,1.9581543074713812
1710527556.62746,1.9021043512556288
1710527556.6275735,1.8436021274990506
1710527556.627687,1.7826477686564126
1710527556.6278005,1.718540456559923
1710527556.6279137,1.649178663889567
1710527556.6280272,1.576313575108846
1710527556.6281407,1.498894559012519
1710527556.6282542,1.417972246805827
1710527556.6283674,1.3338972462548149
1710527556.628481,1.2480706638760037
1710527556.6285944,1.1594416035546196
1710527556.628708,1.0694113042619493
1710527556.6288211,0.9776293569140964
1710527556.6289346,0.8840958939658271
1710527556.629048,0.7884605725606282
1710527556.6291616,0.6903730498419868
1710527556.6292748,0.5887824296951294
1710527556.6293883,0.4836886458926731
1710527556.6295018,0.3754420412911309
1710527556.6296153,0.2633420129617055
1710527556.6297286,0.14949041936132643
1710527556.629842,0.033536956955989204
1710527556.6299555,-0.08345112204551697
1710527556.630069,-0.19868142075008816
1710527556.6301823,-0.3146121899286906
1710527556.6302958,-0.42844153112835354
1710527556.6304092,-0.5433215697606405
1710527556.6305225,-0.6578513648774889
1710527556.630636,-0.7741324106852213
1710527556.6307495,-0.8928651279873318
1710527556.630863,-1.0122983985477023
1710527556.6309762,-1.1341832743750677
1710527556.6310897,-1.2560682826571994
1710527556.6312032,-1.3758517636193168
1710527556.6313167,-1.4928332964579265
1710527556.63143,-1.6063123279147677
1710527556.6315434,-1.716639200846354
1710527556.631657,-1.8231133619944253
1710527556.6317704,-1.9271359178755019
1710527556.6318836,-2.029757367240058
1710527556.631997,-2.1323789490593805
1710527556.6321106,-2.2346501880221896
1710527556.632224,-2.336571216583252
1710527556.6323373,-2.4363907178243003
1710527556.6324508,-2.5330580605400934
1710527556.6325643,-2.6251724031236434
1710527556.6326778,-2.7102814780341253
1710527556.632791,-2.7908378177218967
1710527556.6329045,-2.8650895754496255
1710527556.633018,-2.933386961619059
1710527556.6331315,-2.9988826645745172
1710527556.6332448,-3.0619266298082137
1710527556.6333582,-3.1225188573201494
1710527556.6334717,-3.180309136708577
1710527556.6335852,-3.235647678375244
1710527556.6336985,-3.286433219909668
1710527556.633812,-3.3323150210910373
1710527556.6339254,-3.3725931909349227
1710527556.634039,-3.405866358015272
1710527556.6341522,-3.4331854184468584
1710527556.6342657,-3.4563014242384167
1710527556.6343791,-3.475214640299479
1710527556.6344926,-3.49027501212226
1710527556.634606,-3.5042850176493325
1710527556.6347194,-3.5165434413486056
1710527556.6348329,-3.526700602637397
1710527556.634946,-3.5340555508931475
1710527556.6350596,-3.5386088159349227
1710527556.635173,-3.540009922451443
1710527556.6352866,-3.537558184729682
1710527556.6353998,-3.5312536027696395
1710527556.6355133,-3.5221473375956216
1710527556.6356268,-3.5088380177815752
1710527556.6357403,-3.4962293836805554
1710527556.6358535,-3.4797679053412542
1710527556.635967,-3.462956216600206
1710527556.6360805,-3.4457940525478787
1710527556.636194,-3.4286321534050836
1710527556.6363072,-3.4097189373440213
1710527556.6364207,-3.391506406995985
1710527556.6365342,-3.3711920844184027
1710527556.6366477,-3.3501776059468584
1710527556.636761,-3.3274115456475153
1710527556.6368744,-3.301843802134196
1710527556.636988,-3.276276058620877
1710527556.6371014,-3.249657418992784
1710527556.6372147,-3.223739465077718
1710527556.6373281,-3.1964204046461315
1710527556.6374416,-3.172603713141547
1710527556.6375551,-3.148787286546495
1710527556.6376684,-3.1284729639689126
1710527556.6377819,-3.1067577997843423
1710527556.6378953,-3.087144162919786
1710527556.6380088,-3.06753052605523
1710527556.638122,-3.0465157826741533
1710527556.6382356,-3.0237499872843423
1710527556.638349,-3.0016846126980252
1710527556.6384625,-2.9789188173082137
1710527556.6385758,-2.9582542843288846
1710527556.6386893,-2.9386406474643283
1710527556.6388028,-2.9225296444363065
1710527556.6389163,-2.908519638909234
1710527556.6390295,-2.8959110048082137
1710527556.639143,-2.884353001912435
1710527556.6392565,-2.8720943133036294
1710527556.6393697,-2.859135468800863
1710527556.6394832,-2.8444250424702964
1710527556.6395967,-2.828663984934489
1710527556.6397102,-2.8122025065951877
1710527556.6398234,-2.7964417139689126
1710527556.639937,-2.7824319733513727
1710527556.6400504,-2.7705234951443143
1710527556.640164,-2.761067019568549
1710527556.6402771,-2.753361596001519
1710527556.6403906,-2.745305962032742
1710527556.6405041,-2.7369001176622176
1710527556.6406176,-2.7260425355699325
1710527556.6407309,-2.713083691067166
1710527556.6408443,-2.6983732647365994
1710527556.6409578,-2.681561575995551
1710527556.6410713,-2.664399676852756
1710527556.6411846,-2.647938198513455
1710527556.641298,-2.6328775617811413
1710527556.6414115,-2.6195685068766275
1710527556.641525,-2.6045078701443143
1710527556.6416383,-2.58979770872328
1710527556.6417518,-2.573686440785726
1710527556.6418653,-2.5540728039211698
1710527556.6419787,-2.5316572189331055
1710527556.642092,-2.50538878970676
1710527556.6422055,-2.4770190980699325
1710527556.642319,-2.4461976687113443
1710527556.6424325,-2.4150257640414767
1710527556.6425457,-2.382453282674154
1710527556.6426592,-2.350931167602539
1710527556.6427727,-2.3180082109239364
1710527556.6428862,-2.2840346230400934
1710527556.6429994,-2.2469086117214627
1710527556.643113,-2.2062803639305963
1710527556.6432264,-2.1624999576144748
1710527556.6433399,-2.113815943400065
1710527556.6434531,-2.0619799031151667
1710527556.6435666,-2.006641228993734
1710527556.64368,-1.948150528801812
1710527556.6437933,-1.8879085116916232
1710527556.6439068,-1.8255650997161865
1710527556.6440203,-1.7625211344824896
1710527556.6441338,-1.695974800321791
1710527556.644247,-1.627677149242825
1710527556.6443605,-1.555877129236857
1710527556.644474,-1.4805747403038871
1710527556.6445875,-1.401069296730889
1710527556.6447008,-1.317010720570882
1710527556.6448143,-1.2287492222256131
1710527556.6449277,-1.135934591293335
1710527556.6450412,-1.0403178797827826
1710527556.6451545,-0.9411988655726115
1710527556.645268,-0.8413792981041802
1710527556.6453815,-0.740158756573995
1710527556.645495,-0.6364864773220485
1710527556.6456082,-0.5324640207820468
1710527556.6457217,-0.426690313551161
1710527556.6458352,-0.31776441468132866
1710527556.6459486,-0.20498580402798122
1710527556.646062,-0.08975551360183291
1710527556.6461754,0.030033830553293228
1710527556.6462889,0.15299354990323386
1710527556.6464024,0.27735451857248944
1710527556.6465156,0.4017155037985908
1710527556.646629,0.5260764559110006
1710527556.6467426,0.6483355495664809
1710527556.646856,0.76849275165134
1710527556.6469693,0.887599057621426
1710527556.6470828,1.0056544012493558
1710527556.6471963,1.1251109176211886
1710527556.6473098,1.245268185933431
1710527556.647423,1.3675272464752197
1710527556.6475365,1.4922385745578342
1710527556.64765,1.6165995597839355
1710527556.6477635,1.7392089631822374
1710527556.6478767,1.8590158886379666
1710527556.6479902,1.9739184114668105
1710527556.6481037,2.083566188812256
1710527556.648217,2.189010249243842
1710527556.6483305,2.2902507252163358
1710527556.648444,2.3893891440497503
1710527556.6485574,2.487126456366645
1710527556.6486707,2.5852139790852866
1710527556.6487842,2.680849234263102
1710527556.6488976,2.7757838037278915
1710527556.6490111,2.8665147887335882
1710527556.6491244,2.9516408178541393
1710527556.6492379,3.0311618910895453
1710527556.6493514,3.1026254759894476
1710527556.6494648,3.1667327880859375
1710527556.649578,3.2248846689860025
1710527556.6496916,3.2788327005174422
1710527556.649805,3.3285771475897894
1710527556.6499186,3.3758693271213107
1710527556.6500318,3.4207095040215387
1710527556.6501453,3.4634476237826877
1710527556.6502588,3.5016316837734647
1710527556.6503723,3.5342105229695635
1710527556.6504855,3.562235567304823
1710527556.650599,3.5832542843288846
1710527556.6507125,3.5986680454678006
1710527556.650826,3.608126640319824
1710527556.6509392,3.6140818066067166
1710527556.6510527,3.616534074147542
1710527556.6511662,3.6175849702623153
1710527556.6512797,3.616534074147542
1710527556.651393,3.6133813858032227
1710527556.6515064,3.608126640319824
1710527556.65162,3.6007701026068792
1710527556.6517334,3.5899104012383356
1710527556.6518466,3.5765984323289657
1710527556.6519601,3.5597835646735296
1710527556.6520736,3.5398157437642412
1710527556.652187,3.5177458657158747
1710527556.6523004,3.4939246707492404
1710527556.6524138,3.4697532653808594
1710527556.6525273,3.4434798028733993
1710527556.6526406,3.4186074468824597
1710527556.652754,3.393034670088026
1710527556.6528676,3.368862999810113
1710527556.652981,3.3450418048434787
1710527556.6530943,3.3208703994750977
1710527556.6532078,3.295647833082411
1710527556.6533213,3.2704252666897244
1710527556.6534348,3.2445020145840116
1710527556.653548,3.217177655961778
1710527556.6536615,3.1895030869377985
1710527556.653775,3.162178728315565
1710527556.6538885,3.134854369693332
1710527556.6540017,3.1092815928988986
1710527556.6541152,3.0854601330227323
1710527556.6542287,3.0626898341708713
1710527556.6543422,3.0416711171468096
1710527556.6544554,3.0217032962375217
1710527556.654569,3.0020859506395126
1710527556.6546824,2.9817676544189453
1710527556.654796,2.9607489373948837
1710527556.6549091,2.9390295346577964
1710527556.6550226,2.9173101319207086
1710527556.655136,2.8973423110114203
1710527556.6552496,2.8780751758151584
1710527556.6553628,2.861610518561469
1710527556.6554763,2.8472476535373263
1710527556.6555898,2.834986845652262
1710527556.6557033,2.8248275650872126
1710527556.6558166,2.8136176533169217
1710527556.65593,2.8020572662353516
1710527556.6560435,2.788745562235514
1710527556.656157,2.7743826972113714
1710527556.6562703,2.7589689360724554
1710527556.6563838,2.7435551749335394
1710527556.6564972,2.72884209950765
1710527556.6566107,2.71553013059828
1710527556.656724,2.705020639631483
1710527556.6568375,2.695212099287245
1710527556.656951,2.685052818722195
1710527556.6570642,2.6738429069519043
1710527556.6571777,2.662282519870334
1710527556.6572912,2.6465185483296714
1710527556.6574047,2.629002994961209
1710527556.657518,2.610436280568441
1710527556.6576314,2.588716877831353
1710527556.657745,2.5676981608072915
1710527556.6578584,2.547029654184977
1710527556.6579716,2.527762518988715
1710527556.658085,2.50744448767768
1710527556.6581986,2.487126456366645
1710527556.658312,2.464355892605252
1710527556.6584253,2.4394838015238443
1710527556.6585388,2.410407861073812
1710527556.6586523,2.3788796530829535
1710527556.6587658,2.3434980710347495
1710527556.658879,2.3049638006422253
1710527556.6589925,2.2657288445366754
1710527556.659106,2.2243918312920465
1710527556.6592195,2.1823543972439237
1710527556.6593328,2.1396162774827743
1710527556.6594462,2.0937253369225397
1710527556.6595597,2.046783367792765
1710527556.6596732,1.9966887103186712
1710527556.6597865,1.9413393073611789
1710527556.6599,1.8831874264611137
1710527556.6600134,1.8204814857906766
1710527556.660127,1.7546227243211534
1710527556.6602402,1.6863116953108046
1710527556.6603537,1.614847977956136
1710527556.6604671,1.5409319930606418
1710527556.6605806,1.464914215935601
1710527556.660694,1.387845410241021
1710527556.6608074,1.3086748123168945
1710527556.6609209,1.226701603995429
1710527556.6610343,1.141575707329644
1710527556.6611476,1.0536472002665203
1710527556.661261,0.9618653191460503
1710527556.6613746,0.8658796548843384
1710527556.6614878,0.7653399308522542
1710527556.6616013,0.6626983483632406
1710527556.6617148,0.5576045645607842
1710527556.6618283,0.45005861255857676
1710527556.6619415,0.341111421585083
1710527556.662055,0.23181388775507608
1710527556.6621685,0.12251635392506917
1710527556.662282,0.011116951290104125
1710527556.6623952,-0.10166380968358782
1710527556.6625087,-0.2154931260479821
1710527556.6626222,-0.33212439881430733
1710527556.6627357,-0.4505069057146708
1710527556.662849,-0.5716913276248508
1710527556.6629624,-0.6946270333396064
1710527556.663076,-0.8175626728269789
1710527556.6631894,-0.9387471278508503
1710527556.6633027,-1.058180332183838
1710527556.6634161,-1.1748116546207004
1710527556.6635296,-1.2889912393358018
1710527556.6636431,-1.4007190863291423
1710527556.6637564,-1.5117463800642226
1710527556.6638699,-1.622423595852322
1710527556.6639833,-1.7338010999891493
1710527556.6640968,-1.8451787365807426
1710527556.66421,-1.956556373172336
1710527556.6643236,-2.0665330357021756
1710527556.664437,-2.1726569864484997
1710527556.6645505,-2.274928357866075
1710527556.6646638,-2.3712452252705893
1710527556.6647773,-2.4619584613376193
1710527556.6648908,-2.548468907674154
1710527556.6650043,-2.63077629937066
1710527556.6651175,-2.7113323741488986
1710527556.665231,-2.7897869216071234
1710527556.6653445,-2.8671908378601074
1710527556.665458,-2.9428437021043563
1710527556.6655712,-3.0153441429138184
1710527556.6656847,-3.08294137318929
1710527556.6657982,-3.1456348631117077
1710527556.6659114,-3.2009736696879068
1710527556.666025,-3.2507083151075573
1710527556.6661384,-3.294138378567166
1710527556.666252,-3.3323150210910373
1710527556.6663651,-3.367339505089654
1710527556.6664786,-3.399211565653483
1710527556.6665921,-3.4282819430033364
1710527556.6667056,-3.45595121383667
1710527556.6668189,-3.480118115743001
1710527556.6669323,-3.5007823838127985
1710527556.6670458,-3.5165434413486056
1710527556.6671593,-3.5281014442443848
1710527556.6672726,-3.534756236606174
1710527556.667386,-3.5365072886149087
1710527556.6674995,-3.5340555508931475
1710527556.667613,-3.5284516546461315
1710527556.6677263,-3.521797127193875
1710527556.6678398,-3.5133912828233504
1710527556.6679533,-3.5032341215345593
1710527556.6680667,-3.49167611863878
1710527556.66818,-3.4794176949395075
1710527556.6682935,-3.466108375125461
1710527556.668407,-3.4506975279914007
1710527556.6685205,-3.4331854184468584
1710527556.6686337,-3.4135717815823026
1710527556.6687472,-3.3918566173977323
1710527556.6688607,-3.3683901362948947
1710527556.6689742,-3.3431726031833224
1710527556.6690874,-3.318305280473497
1710527556.669201,-3.293437957763672
1710527556.6693144,-3.2689208454555936
1710527556.6694279,-3.246155050065782
1710527556.6695411,-3.223389254675971
1710527556.6696546,-3.2023745112948947
1710527556.669768,-3.1813597679138184
1710527556.6698816,-3.160345289442274
1710527556.6699948,-3.138279914855957
1710527556.6701083,-3.1158643298678927
1710527556.6702218,-3.091697427961561
1710527556.670335,-3.0682309468587237
1710527556.6704485,-3.044414520263672
1710527556.670562,-3.0226993560791016
1710527556.6706755,-3.0027355088127985
1710527556.6707888,-2.985573344760471
1710527556.6709023,-2.969462341732449
1710527556.6710157,-2.9561530219184027
1710527556.6711292,-2.9414425955878363
1710527556.6712425,-2.927082644568549
1710527556.671356,-2.910971376630995
1710527556.6714694,-2.894159687889947
1710527556.671583,-2.8766475783454046
1710527556.6716962,-2.8587849934895835
1710527556.6718097,-2.841973304748535
1710527556.6719232,-2.827613353729248
1710527556.6720366,-2.816055350833469
1710527556.67215,-2.8065986103481717
1710527556.6722634,-2.7978425555759006
1710527556.6723769,-2.7890865008036294
1710527556.6724904,-2.7799802356296115
1710527556.6726036,-2.768071757422553
1710527556.672717,-2.755112912919786
1710527556.6728306,-2.740052276187473
1710527556.672944,-2.7249919043646917
1710527556.6730573,-2.7095810572306314
1710527556.6731708,-2.6969724231296115
1710527556.6732843,-2.685063944922553
1710527556.6733978,-2.675257258945041
1710527556.673511,-2.6661507288614907
1710527556.6736245,-2.655293411678738
1710527556.673738,-2.6430347230699325
1710527556.6738515,-2.6283245616488986
1710527556.6739647,-2.6097615559895835
1710527556.6740782,-2.589097287919786
1710527556.6741917,-2.5659810172186956
1710527556.6743052,-2.5421645906236434
1710527556.6744184,-2.518347899119059
1710527556.674532,-2.493830786810981
1710527556.6746454,-2.4707147810194225
1710527556.6747587,-2.4461976687113443
1710527556.6748722,-2.4192288186815047
1710527556.6749856,-2.3894580205281577
1710527556.6750991,-2.356535063849555
1710527556.6752124,-2.320109738243951
1710527556.6753259,-2.278780937194824
1710527556.6754394,-2.2350003984239364
1710527556.6755528,-2.188067701127794
1710527556.675666,-2.1386832661098905
1710527556.6757796,-2.08894862069024
1710527556.675893,-2.0374627908070884
1710527556.6760066,-1.9852764076656766
1710527556.6761198,-1.9299378659990098
1710527556.6762333,-1.8731983502705891
1710527556.6763468,-1.8119055695003934
1710527556.6764603,-1.7464099989997015
1710527556.6765735,-1.6788129011789956
1710527556.676687,-1.6052615642547607
1710527556.6768005,-1.5285580688052707
1710527556.676914,-1.4480019940270317
1710527556.6770272,-1.3656946023305256
1710527556.6771407,-1.2798848417070177
1710527556.6772542,-1.1923238966200087
1710527556.6773677,-1.1040623320473564
1710527556.677481,-1.0136993726094563
1710527556.6775944,-0.9205344650480483
1710527556.677708,-0.823867056104872
1710527556.6778214,-0.7233470016055636
1710527556.6779346,-0.6186240249209933
1710527556.6780481,-0.511449376742045
1710527556.6781616,-0.3983205225732591
1710527556.678275,-0.2827399969100952
1710527556.6783884,-0.164707750082016
1710527556.6785018,-0.04667549497551388
1710527556.6786153,0.07277196480168237
1710527556.6787288,0.1911776264508565
1710527556.678842,0.30853235059314305
1710527556.6789556,0.4251864221360948
1710527556.679069,0.5456939670774672
1710527556.6791823,0.6665517886479696
1710527556.6792958,0.7898618115319146
1710527556.6794093,0.9173756175571017
1710527556.6795228,1.0462906625535753
1710527556.679636,1.1741546789805095
1710527556.6797495,1.302719513575236
1710527556.679863,1.4270804988013372
1710527556.6799765,1.5482885307735867
1710527556.6800897,1.6656433211432562
1710527556.6802032,1.7784439192877874
1710527556.6803167,1.8901936213175454
1710527556.6804302,2.0001918739742703
1710527556.6805434,2.110189994176229
1710527556.680657,2.220188114378187
1710527556.6807704,2.329835891723633
1710527556.680884,2.4373820092942977
1710527556.6809971,2.5403738021850586
1710527556.6811106,2.6384613249037
1710527556.681224,2.730593681335449
1710527556.6813376,2.814668549431695
1710527556.6814508,2.8927882512410483
1710527556.6815643,2.966003682878282
1710527556.6816778,3.035015265146891
1710527556.6817913,3.1026254759894476
1710527556.6819046,3.1677836842007108
1710527556.682018,3.231540520985921
1710527556.6821315,3.2914439837137857
1710527556.682245,3.3481947580973306
1710527556.6823583,3.3982894155714245
1710527556.6824718,3.442428641849094
1710527556.6825852,3.4792115953233504
1710527556.6826987,3.509688642289903
1710527556.682812,3.5342105229695635
1710527556.6829255,3.5555797153049045
1710527556.683039,3.5741461647881403
1710527556.6831524,3.589209715525309
1710527556.6832657,3.6032221052381725
1710527556.6833792,3.6130309104919434
1710527556.6834927,3.6210881339179144
1710527556.683606,3.6252919832865396
1710527556.6837194,3.6252919832865396
1710527556.683833,3.6203874482048883
1710527556.6839464,3.6112793286641436
1710527556.6840596,3.5986680454678006
1710527556.684173,3.583604759640164
1710527556.6842866,3.566439416673448
1710527556.6844,3.5478729671902127
1710527556.6845133,3.5279051462809243
1710527556.6846268,3.5079373253716364
1710527556.6847403,3.487268818749322
1710527556.6848538,3.465899626413981
1710527556.684967,3.4434798028733993
1710527556.6850805,3.4203590287102594
1710527556.685194,3.395486937628852
1710527556.6853075,3.370264371236165
1710527556.6854208,3.342589537302653
1710527556.6855342,3.31526517868042
1710527556.6856477,3.287240399254693
1710527556.6857612,3.2599157757229276
1710527556.6858745,3.2329418924119735
1710527556.685988,3.207719326019287
1710527556.6861014,3.183197445339627
1710527556.686215,3.161478042602539
1710527556.6863282,3.139408429463704
1710527556.6864417,3.117689026726617
1710527556.6865551,3.096319834391276
1710527556.6866686,3.073549535539415
1710527556.686782,3.0507792366875544
1710527556.6868954,3.027658727433946
1710527556.6870089,3.00383726755778
1710527556.6871223,2.9817676544189453
1710527556.6872356,2.9607489373948837
1710527556.687349,2.942532698313395
1710527556.6874626,2.9260680410597057
1710527556.687576,2.91205538643731
1710527556.6876893,2.8983932071261935
1710527556.6878028,2.884731027815077
1710527556.6879163,2.8700179523891873
1710527556.6880295,2.854253980848524
1710527556.688143,2.837789323594835
1710527556.6882565,2.8209741910298667
1710527556.68837,2.804859744177924
1710527556.6884832,2.7897964583502874
1710527556.6885967,2.777185175153944
1710527556.6887102,2.7663254737854004
1710527556.6888237,2.7565166685316296
1710527556.688937,2.7470583385891385
1710527556.6890504,2.7365488476223416
1710527556.689164,2.7249884605407715
1710527556.6892774,2.710625860426161
1710527556.6893907,2.6941609382629395
1710527556.6895041,2.67629517449273
1710527556.6896176,2.6591298315260143
1710527556.6897311,2.641263802846273
1710527556.6898444,2.6244489351908364
1710527556.6899579,2.6093853844536676
1710527556.6900713,2.5939716233147516
1710527556.6901848,2.577857176462809
1710527556.690298,2.560692098405626
1710527556.6904116,2.5403738021850586
1710527556.690525,2.5165526072184243
1710527556.6906385,2.4902791447109647
1710527556.6907518,2.460852993859185
1710527556.6908653,2.430725892384847
1710527556.6909788,2.398147053188748
1710527556.6910923,2.3666188451978893
1710527556.6912055,2.3329888449774847
1710527556.691319,2.300059530470106
1710527556.6914325,2.2657288445366754
1710527556.691546,2.2275447845458984
1710527556.6916592,2.1862077713012695
1710527556.6917727,2.141718069712321
1710527556.6918862,2.092674308353
1710527556.6919997,2.0397771729363336
1710527556.692113,1.984077427122328
1710527556.6922264,1.9252249929640028
1710527556.69234,1.8646208445231118
1710527556.6924531,1.8019149038526747
1710527556.6925666,1.7381580670674641
1710527556.6926801,1.672299305597941
1710527556.6927936,1.6039882765875921
1710527556.6929069,1.5318238735198975
1710527556.6930203,1.456506649653117
1710527556.6931338,1.376635366015964
1710527556.6932473,1.2932610511779785
1710527556.6933606,1.2067337830861409
1710527556.693474,1.1167034837934706
1710527556.6935875,1.0228196779886882
1710527556.693701,0.9282353189256456
1710527556.6938143,0.8308484156926472
1710527556.6939278,0.7327608929740058
1710527556.6940413,0.633622407913208
1710527556.6941547,0.5334330267376369
1710527556.694268,0.4307914442486233
1710527556.6943815,0.3249970409605238
1710527556.694495,0.21675043635898167
1710527556.6946084,0.10535103579362233
1710527556.6947217,-0.009899867905510796
1710527556.6948352,-0.1275818712181515
1710527556.6949487,-0.24596436156166923
1710527556.6950622,-0.3660980860392253
1710527556.6951754,-0.4844805598258972
1710527556.695289,-0.6018123361799452
1710527556.6954024,-0.7187938690185547
1710527556.6955159,-0.83402415116628
1710527556.6956291,-0.9499549203448825
1710527556.6957426,-1.066235966152615
1710527556.695856,-1.1835677093929715
1710527556.6959696,-1.302650769551595
1710527556.6960828,-1.4231346713172064
1710527556.6961963,-1.542567941877577
1710527556.6963098,-1.6613006591796875
1710527556.6964233,-1.775830454296536
1710527556.6965365,-1.8868577480316162
1710527556.69665,-1.9936822520362005
1710527556.6967635,-2.0959534909990096
1710527556.6968768,-2.194021807776557
1710527556.6969903,-2.2913898362053766
1710527556.6971037,-2.3852552307976618
1710527556.6972172,-2.4794708357916937
1710527556.6973305,-2.5722853342692056
1710527556.697444,-2.6640494664510093
1710527556.6975574,-2.750559647878011
1710527556.697671,-2.8342678811815047
1710527556.6977842,-2.910621166229248
1710527556.6978977,-2.981370555029975
1710527556.6980112,-3.04581536187066
1710527556.6981246,-3.1039558516608343
1710527556.698238,-3.157543341318766
1710527556.6983514,-3.2079784075419107
1710527556.6984649,-3.2566624217563205
1710527556.6985784,-3.302194012535943
1710527556.6986916,-3.3456243409050836
1710527556.698805,-3.384851614634196
1710527556.6989186,-3.4202263090345593
1710527556.699032,-3.4489462110731335
1710527556.6991453,-3.472412692175971
1710527556.6992588,-3.49027501212226
1710527556.6993723,-3.5046352280510797
1710527556.6994858,-3.5126908620198565
1710527556.699599,-3.5186449686686196
1710527556.6997125,-3.5221473375956216
1710527556.699826,-3.5249492857191296
1710527556.6999395,-3.5256497065226235
1710527556.7000527,-3.5242488649156356
1710527556.7001662,-3.5214469167921276
1710527556.7002797,-3.5158430205451117
1710527556.7003932,-3.506736490461561
1710527556.7005064,-3.4948282771640353
1710527556.70062,-3.480468326144748
1710527556.7007334,-3.4626057412889266
1710527556.700847,-3.4433423148261175
1710527556.7009602,-3.4223278363545733
1710527556.7010736,-3.400612672170003
1710527556.7011871,-3.37924771838718
1710527556.7013004,-3.3571823438008623
1710527556.7014139,-3.335467179616292
1710527556.7015274,-3.314102490743001
1710527556.7016408,-3.292037116156684
1710527556.701754,-3.269971741570367
1710527556.7018676,-3.2465052604675293
1710527556.701981,-3.221637937757704
1710527556.7020946,-3.1960701942443848
1710527556.7022078,-3.1698017650180392
1710527556.7023213,-3.143883811102973
1710527556.7024348,-3.118316067589654
1710527556.7025483,-3.0941491656833224
1710527556.7026615,-3.072784211900499
1710527556.702775,-3.052470154232449
1710527556.7028885,-3.0346075693766275
1710527556.703002,-3.0174456702338324
1710527556.7031152,-2.999583085378011
1710527556.7032287,-2.981720765431722
1710527556.7033422,-2.963507970174154
1710527556.7034557,-2.9431939125061035
1710527556.703569,-2.9232300652398004
1710527556.7036824,-2.903616428375244
1710527556.703796,-2.8864542643229165
1710527556.7039094,-2.8710436820983887
1710527556.7040226,-2.8594856792026095
1710527556.7041361,-2.848978307512071
1710527556.7042496,-2.839171356625027
1710527556.704363,-2.829714881049262
1710527556.7044764,-2.818857298956977
1710527556.7045898,-2.8055479791429305
1710527556.7047033,-2.7911880281236434
1710527556.7048168,-2.7761273913913302
1710527556.70493,-2.761067019568549
1710527556.7050436,-2.747407489352756
1710527556.705157,-2.73549927605523
1710527556.7052705,-2.7256923251681857
1710527556.7053838,-2.716586059994168
1710527556.7054973,-2.7081802156236434
1710527556.7056108,-2.6990736855400934
1710527556.705724,-2.6885665787590876
1710527556.7058375,-2.674556838141547
1710527556.705951,-2.658095359802246
1710527556.7060645,-2.6402327749464245
1710527556.7061777,-2.6206191380818686
1710527556.7062912,-2.601355711619059
1710527556.7064047,-2.5824424955579968
1710527556.7065182,-2.565630806816949
1710527556.7066314,-2.5481186972724066
1710527556.706745,-2.530956533220079
1710527556.7068584,-2.510992685953776
1710527556.706972,-2.488927311367459
1710527556.7070851,-2.4630093574523926
1710527556.7071986,-2.433588769700792
1710527556.707312,-2.400315602620443
1710527556.7074256,-2.365641329023573
1710527556.7075388,-2.3288657930162215
1710527556.7076523,-2.2910393608940973
1710527556.7077658,-2.2525125079684787
1710527556.7078793,-2.2136355770958795
1710527556.7079926,-2.1737077501085067
1710527556.708106,-2.1306276321411133
1710527556.7082195,-2.0847456985049777
1710527556.708333,-2.03466084268358
1710527556.7084463,-1.9807232750786674
1710527556.7085598,-1.9218822320302327
1710527556.7086732,-1.86023924085829
1710527556.7087867,-1.794393327501085
1710527556.7089,-1.7260958088768852
1710527556.7090135,-1.6553464200761583
1710527556.709127,-1.5831961896684434
1710527556.7092404,-1.5089444319407144
1710527556.7093537,-1.4318907260894775
1710527556.7094672,-1.3527356253729925
1710527556.7095807,-1.2700780232747395
1710527556.7096941,-1.1832174989912245
1710527556.7098074,-1.0921540525224473
1710527556.709921,-0.9975881046719021
1710527556.7100344,-0.897768603430854
1710527556.7101476,-0.7944466008080376
1710527556.710261,-0.6883226500617133
1710527556.7103746,-0.5800972382227579
1710527556.710488,-0.4718717932701111
1710527556.7106013,-0.3618951638539632
1710527556.7107148,-0.25086778733465404
1710527556.7108283,-0.1398404108153449
1710527556.7109418,-0.02671158355143335
1710527556.711055,0.08853603568341997
1710527556.7111685,0.20799262656105888
1710527556.711282,0.3306020299593608
1710527556.7113955,0.45566363467110527
1710527556.7115088,0.5828270647260878
1710527556.7116222,0.7113918330934312
1710527556.7117357,0.8389055728912354
1710527556.7118492,0.9639671776029799
1710527556.7119625,1.0865765810012817
1710527556.712076,1.2067337830861409
1710527556.7121894,1.3247891267140706
1710527556.712303,1.4431948131985135
1710527556.7124162,1.5612501568264432
1710527556.7125297,1.6807067394256592
1710527556.7126431,1.8022652467091878
1710527556.7127566,1.922772725423177
1710527556.71287,2.0418789651658797
1710527556.7129834,2.158533069822523
1710527556.7130969,2.268531322479248
1710527556.7132103,2.3732746971978083
1710527556.7133236,2.472062905629476
1710527556.713437,2.564895682864719
1710527556.7135506,2.653875086042616
1710527556.713664,2.740752696990967
1710527556.7137773,2.825878726111518
1710527556.7138908,2.9103038046095104
1710527556.7140043,2.992277145385742
1710527556.7141178,3.069696161482069
1710527556.714231,3.142210907406277
1710527556.7143445,3.2091206974453397
1710527556.714458,3.2676227887471514
1710527556.7145712,3.319469028049045
1710527556.7146847,3.36465941535102
1710527556.7147982,3.404595057169596
1710527556.7149117,3.4406773249308267
1710527556.715025,3.4736066394382052
1710527556.7151384,3.5044341617160373
1710527556.715252,3.53351010216607
1710527556.7153654,3.558382193247477
1710527556.7154787,3.5794009102715387
1710527556.7155921,3.5958655675252276
1710527556.7157056,3.6063750584920244
1710527556.7158191,3.61198001437717
1710527556.7159324,3.612680700090196
1710527556.7160459,3.6091775364345975
1710527556.7161593,3.6032221052381725
1710527556.7162728,3.5948146714104547
1710527556.716386,3.585005866156684
1710527556.7164996,3.5741461647881403
1710527556.716613,3.561885356903076
1710527556.7167265,3.5478729671902127
1710527556.7168398,3.5321087307400174
1710527556.7169533,3.514593177371555
1710527556.7170668,3.4946253564622665
1710527556.7171803,3.472555743323432
1710527556.7172935,3.449084758758545
1710527556.717407,3.422811296251085
1710527556.7175205,3.397938940260145
1710527556.717634,3.3706145816379123
1710527556.7177472,3.3439909087287054
1710527556.7178607,3.3173672358194985
1710527556.7179742,3.292144669426812
1710527556.7180877,3.2686736848619247
1710527556.718201,3.2438015937805176
1710527556.7183144,3.2199801339043512
1710527556.718428,3.1972098350524902
1710527556.7185414,3.1723377439710827
1710527556.7186546,3.1471151775783963
1710527556.7187681,3.1218926111857095
1710527556.7188816,3.096319834391276
1710527556.7189949,3.0710975329081216
1710527556.7191083,3.046225176917182
1710527556.7192218,3.0252064598931208
1710527556.7193353,3.0045379532708063
1710527556.7194486,2.9873726103040905
1710527556.719562,2.9709079530504012
1710527556.7196755,2.953742610083686
1710527556.719789,2.9362270567152233
1710527556.7199023,2.919061713748508
1710527556.7200158,2.901195685068766
1710527556.7201293,2.8822790251837835
1710527556.7202427,2.8633621003892684
1710527556.720356,2.8465469678243003
1710527556.7204695,2.830782996283637
1710527556.720583,2.8181717130872936
1710527556.7206964,2.80731201171875
1710527556.7208097,2.7971529960632324
1710527556.7209232,2.788044876522488
1710527556.7210367,2.7785862816704645
1710527556.7211502,2.766675684187147
1710527556.7212634,2.7526632944742837
1710527556.721377,2.737950219048394
1710527556.7214904,2.722185982598199
1710527556.7216039,2.7064220110575357
1710527556.7217171,2.692409621344672
1710527556.7218306,2.6790976524353027
1710527556.721944,2.6682379510667587
1710527556.7220576,2.6563273535834417
1710527556.7221708,2.6440662807888455
1710527556.7222843,2.6293532053629556
1710527556.7223978,2.6125383377075195
1710527556.7225113,2.592220041486952
1710527556.7226245,2.570500638749864
1710527556.722738,2.545978758070204
1710527556.7228515,2.5200557708740234
1710527556.722965,2.4948332044813366
1710527556.7230783,2.4703113238016763
1710527556.7231917,2.44508875740899
1710527556.7233052,2.41881529490153
1710527556.7234185,2.391841411590576
1710527556.723532,2.362414995829264
1710527556.7236454,2.3294856813218856
1710527556.723759,2.292702727847629
1710527556.7238722,2.2520666652255588
1710527556.7239857,2.2086278597513833
1710527556.7240992,2.1627369191911483
1710527556.7242126,2.115794950061374
1710527556.724326,2.0667511887020535
1710527556.7244394,2.0166565312279596
1710527556.7245529,1.964810291926066
1710527556.7246664,1.9112124707963731
1710527556.7247796,1.8537611431545682
1710527556.724893,1.7928067843119302
1710527556.7250066,1.7286996046702066
1710527556.72512,1.6596880224015977
1710527556.7252333,1.5868229336208768
1710527556.7253468,1.5104548136393228
1710527556.7254603,1.4309338728586833
1710527556.7255738,1.3489606645372179
1710527556.725687,1.265236006842719
1710527556.7258005,1.179409424463908
1710527556.725914,1.091831260257297
1710527556.7260275,1.0021512375937567
1710527556.7261407,0.9107196993298
1710527556.7262542,0.8154346545537312
1710527556.7263677,0.7166465123494467
1710527556.7264812,0.614355206489563
1710527556.7265944,0.508560836315155
1710527556.726708,0.3996136122279697
1710527556.7268214,0.28646263811323375
1710527556.726935,0.17296137081252203
1710527556.7270482,0.05805883970525529
1710527556.7271616,-0.057182816995514765
1710527556.7272751,-0.17136237687534756
1710527556.7273886,-0.28659267557991874
1710527556.7275019,-0.4007722602950202
1710527556.7276154,-0.5163527859581841
1710527556.7277288,-0.6336845291985406
1710527556.727842,-0.7531177997589111
1710527556.7279556,-0.8739519781536526
1710527556.728069,-0.9975881046719021
1710527556.7281826,-1.1194731129540336
1710527556.7282958,-1.2413579887813992
1710527556.7284093,-1.3593902852800157
1710527556.7285228,-1.4746205012003581
1710527556.7286363,-1.5859981377919514
1710527556.7287495,-1.6952742470635307
1710527556.728863,-1.8024489614698622
1710527556.7289765,-1.9078724914126926
1710527556.72909,-2.0136460993025036
1710527556.7292032,-2.119770050048828
1710527556.7293167,-2.2251934475368924
1710527556.7294302,-2.3292160034179688
1710527556.7295437,-2.43008640077379
1710527556.729657,-2.5260533226860895
1710527556.7297704,-2.6167665587531195
1710527556.729884,-2.7004747920566134
1710527556.7299974,-2.7796300252278647
1710527556.7301106,-2.853181097242567
1710527556.7302241,-2.9239304860432944
1710527556.7303376,-2.991527716318766
1710527556.730451,-3.057723840077718
1710527556.7305644,-3.121118015713162
1710527556.7306778,-3.1820604536268444
1710527556.7307913,-3.238799836900499
1710527556.7309048,-3.2888846927218967
1710527556.731018,-3.3347667588127985
1710527556.7311316,-3.37294340133667
1710527556.731245,-3.404815461900499
1710527556.7313585,-3.4321345223320856
1710527556.7314718,-3.4549005826314287
1710527556.7315853,-3.474514219495985
1710527556.7316988,-3.4927267498440213
1710527556.7318122,-3.5081375969780817
1710527556.7319255,-3.5214469167921276
1710527556.732039,-3.532304498884413
1710527556.7321525,-3.5386088159349227
1710527556.7322657,-3.5421111848619247
1710527556.7323792,-3.54036013285319
1710527556.7324927,-3.5358068678114147
1710527556.7326062,-3.526700602637397
1710527556.7327194,-3.515492810143365
1710527556.732833,-3.5021834903293185
1710527556.7329464,-3.487122853597005
1710527556.73306,-3.4720624817742243
1710527556.7331731,-3.4563014242384167
1710527556.7332866,-3.4401901563008623
1710527556.7334,-3.4233784675598145
1710527556.7335136,-3.405165937211778
1710527556.7336268,-3.386252721150716
1710527556.7337403,-3.3659383985731335
1710527556.7338538,-3.3438730239868164
1710527556.7339673,-3.319005701276991
1710527556.7340806,-3.2944885889689126
1710527556.734194,-3.269971741570367
1710527556.7343075,-3.2437033123440213
1710527556.734421,-3.219186200035943
1710527556.7345343,-3.1957199838426376
1710527556.7346478,-3.173304133945041
1710527556.7347612,-3.152289655473497
1710527556.7348747,-3.133026229010688
1710527556.734988,-3.1127121713426376
1710527556.7351015,-3.092397848765055
1710527556.735215,-3.071032894982232
1710527556.7353284,-3.047916889190674
1710527556.7354417,-3.0251510938008623
1710527556.7355552,-3.0027355088127985
1710527556.7356687,-2.980670134226481
1710527556.7357821,-2.961406707763672
1710527556.7358954,-2.9442445437113443
1710527556.736009,-2.929184171888563
1710527556.7361224,-2.9158748520745172
1710527556.7362359,-2.903616428375244
1710527556.736349,-2.889956898159451
1710527556.7364626,-2.8759471575419107
1710527556.736576,-2.8601861000061035
1710527556.7366893,-2.842673990461561
1710527556.7368028,-2.825161616007487
1710527556.7369163,-2.8087001376681857
1710527556.7370298,-2.793989976247152
1710527556.737143,-2.781731287638346
1710527556.7372565,-2.7712241808573403
1710527556.73737,-2.763168546888563
1710527556.7374835,-2.753711806403266
1710527556.7375968,-2.744955751630995
1710527556.7377102,-2.7333977487352157
1710527556.7378237,-2.7207888497246637
1710527556.7379372,-2.7050280570983887
1710527556.7380505,-2.687865893046061
1710527556.738164,-2.67140441470676
1710527556.7382774,-2.656694253285726
1710527556.738391,-2.641633881462945
1710527556.7385042,-2.6283245616488986
1710527556.7386177,-2.61641608344184
1710527556.7387311,-2.6031070285373263
1710527556.7388446,-2.587696181403266
1710527556.738958,-2.5708844926622176
1710527556.7390714,-2.5488191180759006
1710527556.7391849,-2.525352636973063
1710527556.7392983,-2.498734262254503
1710527556.7394116,-2.4696638849046493
1710527556.739525,-2.4412941932678223
1710527556.7396386,-2.410472763909234
1710527556.739752,-2.3814023865593805
1710527556.7398653,-2.351281378004286
1710527556.7399788,-2.3190591070387097
1710527556.7400923,-2.285085254245334
1710527556.7402058,-2.2483097182379828
1710527556.740319,-2.2062803639305963
1710527556.7404325,-2.1603984302944608
1710527556.740546,-2.111364205678304
1710527556.7406595,-2.0595281653934054
1710527556.7407727,-2.004890044530233
1710527556.7408862,-1.948500739203559
1710527556.7409997,-1.8910608026716444
1710527556.741113,-1.8322197596232095
1710527556.7412264,-1.7705767684512668
1710527556.74134,-1.7075328032175698
1710527556.7414534,-1.6406362586551242
1710527556.7415667,-1.5698868698543973
1710527556.7416801,-1.4949346913231742
1710527556.7417936,-1.4157795906066895
1710527556.7419071,-1.3324214352501762
1710527556.7420204,-1.2448604901631672
1710527556.7421339,-1.1551980177561443
1710527556.7422473,-1.061332556936476
1710527556.7423608,-0.9660661882824367
1710527556.742474,-0.8700992663701375
1710527556.7425876,-0.7709802521599664
1710527556.742701,-0.6704601976606581
1710527556.7428145,-0.5674884054395888
1710527556.7429278,-0.4617146982087029
1710527556.7430413,-0.35173806879255504
1710527556.7431548,-0.23720827367570665
1710527556.7432683,-0.11847553153832753
1710527556.7433815,0.003760386672284868
1710527556.743495,0.1277710414595074
1710527556.7436085,0.25213201840718585
1710527556.743722,0.377543932861752
1710527556.7438352,0.500853955745697
1710527556.7439487,0.622062087059021
1710527556.7440622,0.7429199748569064
1710527556.7441757,0.8637777964274088
1710527556.744289,0.9856865803400675
1710527556.7444024,1.1089966032240126
1710527556.744516,1.2347588274214003
1710527556.7446294,1.3622726334465873
1710527556.7447426,1.4894360966152616
1710527556.744856,1.6151983208126492
1710527556.7449696,1.7374573813544378
1710527556.745083,1.8555127249823675
1710527556.7451963,1.9683133231268988
1710527556.7453098,2.076209651099311
1710527556.7454233,2.180602815416124
1710527556.7455366,2.282894187503391
1710527556.74565,2.383784188164605
1710527556.7457635,2.4850243992275662
1710527556.745877,2.5848635037740073
1710527556.7459903,2.6829510264926486
1710527556.7461038,2.777185175153944
1710527556.7462173,2.865814103020562
1710527556.7463307,2.9477874437967935
1710527556.746444,3.023104667663574
1710527556.7465575,3.0903646681043835
1710527556.746671,3.1516692373487682
1710527556.7467844,3.210171593560113
1710527556.7468977,3.2637694146898055
1710527556.7470112,3.315615653991699
1710527556.7471247,3.365710311465793
1710527556.7472382,3.4126522805955672
1710527556.7473514,3.4567915068732367
1710527556.747465,3.4946253564622665
1710527556.7475784,3.526153564453125
1710527556.7476919,3.5524270269605847
1710527556.747805,3.572394847869873
1710527556.7479186,3.5864072375827365
1710527556.748032,3.5969167285495334
1710527556.7481456,3.603572580549452
1710527556.7482588,3.608126640319824
1710527556.7483723,3.610929118262397
1710527556.7484858,3.611629803975423
1710527556.7485993,3.6095277468363443
1710527556.7487125,3.6056743727789984
1710527556.748826,3.59726693895128
1710527556.7489395,3.585005866156684
1710527556.749053,3.5706432660420733
1710527556.7491663,3.552777237362332
1710527556.7492797,3.5321087307400174
1710527556.7493932,3.509688642289903
1710527556.7495067,3.4862179226345487
1710527556.74962,3.462046252356635
1710527556.7497334,3.4378745820787215
1710527556.749847,3.4140533871120877
1710527556.7499602,3.3902321921454535
1710527556.7500737,3.366410997178819
1710527556.7501872,3.342589537302653
1710527556.7503006,3.3177174462212458
1710527556.750414,3.292494879828559
1710527556.7505274,3.2662214173210993
1710527556.7506409,3.2395977444118924
1710527556.7507544,3.2119231753879123
1710527556.7508676,3.184949027167426
1710527556.750981,3.157624668545193
1710527556.7510946,3.1327523125542536
1710527556.751208,3.1089311175876193
1710527556.7513213,3.0872117148505316
1710527556.7514348,3.065492312113444
1710527556.7515483,3.0451742808024087
1710527556.7516618,3.0255566702948675
1710527556.751775,3.0048884285820856
1710527556.7518885,2.9835192362467446
1710527556.752002,2.96144962310791
1710527556.7521155,2.9390295346577964
1710527556.7522287,2.9169599215189614
1710527556.7523422,2.8976927863226996
1710527556.7524557,2.8798267576429577
1710527556.7525692,2.865113682217068
1710527556.7526824,2.8521519237094455
1710527556.752796,2.8402413262261286
1710527556.7529094,2.8286812040540905
1710527556.753023,2.8160699208577475
1710527556.7531362,2.8027579519483776
1710527556.7532496,2.786993980407715
1710527556.7533631,2.771580219268799
1710527556.7534766,2.7554657724168563
1710527556.7535899,2.7411029073927136
1710527556.7537034,2.7274407280815973
1710527556.7538168,2.7169315020243325
1710527556.7539303,2.7064220110575357
1710527556.7540436,2.6973138915167914
1710527556.754157,2.6864541901482477
1710527556.7542706,2.674193117353651
1710527556.7543838,2.6594800419277616
1710527556.7544973,2.641964488559299
1710527556.7546108,2.623047563764784
1710527556.7547243,2.6034302181667752
1710527556.7548375,2.5831119219462075
1710527556.754951,2.564194997151693
1710527556.7550645,2.545978758070204
1710527556.755178,2.5274123085869684
1710527556.7552912,2.5091960695054794
1710527556.7554047,2.488877773284912
1710527556.7555182,2.466107474433051
1710527556.7556317,2.4401844872368708
1710527556.755745,2.410057650672065
1710527556.7558584,2.3774785465664334
1710527556.755972,2.3417464892069497
1710527556.7560854,2.305664486355252
1710527556.7561986,2.2671299510531955
1710527556.7563121,2.2292963663736978
1710527556.7564256,2.189360592100355
1710527556.756539,2.1480237113104925
1710527556.7566524,2.1045850382910833
1710527556.7567658,2.0572927263047958
1710527556.7568793,2.007198068830702
1710527556.7569928,1.9521990087297227
1710527556.757106,1.8936967849731445
1710527556.7572196,1.8306405014461942
1710527556.757333,1.7654824256896973
1710527556.7574465,1.6982224252488878
1710527556.7575598,1.6285101572672525
1710527556.7576733,1.557396782769097
1710527556.7577868,1.4834807978736029
1710527556.7579002,1.4081635740068223
1710527556.7580135,1.329693529340956
1710527556.758127,1.2480706638760037
1710527556.7582405,1.1622440814971924
1710527556.758354,1.0729144016901653
1710527556.7584672,0.9797312815984089
1710527556.7585807,0.8826946549945407
1710527556.7586942,0.7821549309624566
1710527556.7588074,0.6805643108155992
1710527556.758921,0.5761711464987861
1710527556.7590344,0.47072705295350814
1710527556.759148,0.36423203017976546
1710527556.7592611,0.25703638792037964
1710527556.7593746,0.14843949013286167
1710527556.759488,0.037390395171112485
1710527556.7596016,-0.07574574814902411
1710527556.7597148,-0.1916765338844723
1710527556.7598283,-0.31005902422799003
1710527556.7599418,-0.43159372276730007
1710527556.7600553,-0.5534786648220485
1710527556.7601686,-0.6774650679694282
1710527556.760282,-0.7993500100241767
1710527556.7603955,-0.9201841884189181
1710527556.760509,-1.0382164186901517
1710527556.7606223,-1.155898438559638
1710527556.7607358,-1.2697278128729925
1710527556.7608492,-1.383557054731581
1710527556.7609627,-1.4984371927049425
1710527556.761076,-1.6136674086252847
1710527556.7611895,-1.7288977570003934
1710527556.761303,-1.8437777625189886
1710527556.7614164,-1.956906583574083
1710527556.7615297,-2.0668832461039224
1710527556.7616432,-2.17195643319024
1710527556.7617567,-2.271075513627794
1710527556.7618701,-2.3659918043348522
1710527556.7619834,-2.456004354688856
1710527556.762097,-2.541814115312364
1710527556.7622104,-2.6258728239271374
1710527556.7623239,-2.7088806364271374
1710527556.762437,-2.7894367112053766
1710527556.7625506,-2.8696425755818686
1710527556.762664,-2.9456456502278647
1710527556.7627776,-3.0170954598320856
1710527556.7628908,-3.0825911627875433
1710527556.7630043,-3.1428329149881997
1710527556.7631178,-3.1953695085313583
1710527556.763231,-3.2423024707370334
1710527556.7633445,-3.2839814821879068
1710527556.763458,-3.322858545515272
1710527556.7635715,-3.358583450317383
1710527556.7636847,-3.3918566173977323
1710527556.7637982,-3.4226780467563205
1710527556.7639117,-3.4513979487948947
1710527556.7640252,-3.4755648507012262
1710527556.7641385,-3.4948282771640353
1710527556.764252,-3.5109395451015897
1710527556.7643654,-3.5207464959886337
1710527556.764479,-3.52635039223565
1710527556.7645922,-3.527401023440891
1710527556.7647057,-3.52635039223565
1710527556.7648191,-3.5228477583991156
1710527556.7649326,-3.518294758266873
1710527556.765046,-3.5123406516181097
1710527556.7651594,-3.5053356488545733
1710527556.7652729,-3.4969298044840493
1710527556.7653863,-3.4857220119900174
1710527556.7654996,-3.473113112979465
1710527556.765613,-3.4584029515584307
1710527556.7657266,-3.4412410524156356
1710527556.76584,-3.4212769402398004
1710527556.7659533,-3.3999122513665094
1710527556.7660668,-3.377146191067166
1710527556.7661803,-3.3533297644721136
1710527556.7662938,-3.3288126521640353
1710527556.766407,-3.3060468567742243
1710527556.7665205,-3.28363127178616
1710527556.766634,-3.2615658971998425
1710527556.7667475,-3.240551153818766
1710527556.7668607,-3.219186200035943
1710527556.7669742,-3.1974710358513727
1710527556.7670877,-3.174705240461561
1710527556.7672012,-3.150888548956977
1710527556.7673144,-3.1263714366488986
1710527556.767428,-3.1018545892503524
1710527556.7675414,-3.078738318549262
1710527556.7676547,-3.055622312757704
1710527556.7677681,-3.0353079901801214
1710527556.7678816,-3.0170954598320856
1710527556.767995,-3.000633981492784
1710527556.7681084,-2.985573344760471
1710527556.7682219,-2.970162762535943
1710527556.7683353,-2.9554523362053766
1710527556.7684488,-2.9375900162590876
1710527556.768562,-2.919727431403266
1710527556.7686756,-2.900814480251736
1710527556.768789,-2.882601684994168
1710527556.7689025,-2.8650895754496255
1710527556.7690158,-2.8500289387173123
1710527556.7691293,-2.8377705150180392
1710527556.7692428,-2.8265627225240073
1710527556.7693563,-2.817456192440457
1710527556.7694695,-2.8087001376681857
1710527556.769583,-2.797492345174154
1710527556.7696965,-2.7855841318766275
1710527556.76981,-2.7712241808573403
1710527556.7699232,-2.755112912919786
1710527556.7700367,-2.739351855383979
1710527556.7701502,-2.7242914835611978
1710527556.7702637,-2.7095810572306314
1710527556.770377,-2.6973226335313583
1710527556.7704904,-2.687165472242567
1710527556.770604,-2.677358786265055
1710527556.7707174,-2.667201624976264
1710527556.7708306,-2.654242515563965
1710527556.770944,-2.6391821437411838
1710527556.7710576,-2.6209693484836154
1710527556.771171,-2.6010055012173123
1710527556.7712843,-2.578940126630995
1710527556.7713978,-2.5565245416429305
1710527556.7715113,-2.5344591670566134
1710527556.7716248,-2.51309421327379
1710527556.771738,-2.4913790490892196
1710527556.7718515,-2.4700140953063965
1710527556.771965,-2.4468980895148382
1710527556.7720783,-2.420980135599772
1710527556.7721918,-2.3908591270446777
1710527556.7723053,-2.357235484653049
1710527556.7724187,-2.320109738243951
1710527556.772532,-2.279831568400065
1710527556.7726455,-2.237101925743951
1710527556.772759,-2.1929711765713162
1710527556.7728724,-2.1477896637386746
1710527556.7729857,-2.100506756040785
1710527556.7730992,-2.0525232950846353
1710527556.7732127,-2.0020880964067245
1710527556.7733262,-1.948500739203559
1710527556.7734394,-1.8914110130733914
1710527556.773553,-1.8290676010979545
1710527556.7736664,-1.7635718981424966
1710527556.7737799,-1.6938732730017767
1710527556.773893,-1.6203220685323079
1710527556.7740066,-1.5432683626810708
1710527556.77412,-1.464113261964586
1710527556.7742336,-1.382156080669827
1710527556.7743468,-1.2980975045098198
1710527556.7744603,-1.212988297144572
1710527556.7745738,-1.1247266663445366
1710527556.7746873,-1.0340134965048895
1710527556.7748005,-0.9404983785417345
1710527556.774914,-0.8420797851350572
1710527556.7750275,-0.740158756573995
1710527556.775141,-0.6347352928585476
1710527556.7752542,-0.5244083868132697
1710527556.7753677,-0.4116298092736138
1710527556.7754812,-0.2963995271258884
1710527556.7755947,-0.17941799428727892
1710527556.775708,-0.06348720855183071
1710527556.7758214,0.05210352440675099
1710527556.775935,0.1680569847424825
1710527556.7760484,0.28506139914194745
1710527556.7761617,0.4034670525126987
1710527556.7762752,0.5246752169397142
1710527556.7763886,0.6483355495664809
1710527556.776502,0.7754990127351549
1710527556.7766154,0.9040637148751153
1710527556.7767289,1.0343799988428752
1710527556.7768424,1.1622440814971924
1710527556.7769556,1.2887069914076064
1710527556.777069,1.410966051949395
1710527556.7771826,1.5304226345486112
1710527556.777296,1.645675500233968
1710527556.7774093,1.7595271269480386
1710527556.7775228,1.8719773822360568
1710527556.7776363,1.9865296946631537
1710527556.7777498,2.1000309785207114
1710527556.777863,2.2138824727800155
1710527556.7779765,2.325982517666287
1710527556.77809,2.434229056040446
1710527556.7782035,2.5361702177259655
1710527556.7783167,2.6328563690185547
1710527556.7784302,2.721485561794705
1710527556.7785437,2.804859744177924
1710527556.7786572,2.8822790251837835
1710527556.7787704,2.956895563337538
1710527556.778884,3.0297605196634927
1710527556.7789974,3.099822998046875
1710527556.779111,3.1667327880859375
1710527556.7792242,3.2329418924119735
1710527556.7793376,3.293195565541585
1710527556.7794511,3.3471438619825573
1710527556.7795646,3.394786251915826
1710527556.7796779,3.435072104136149
1710527556.7797914,3.46940279006958
1710527556.7799048,3.4977780448065863
1710527556.7800183,3.5222999254862466
1710527556.7801316,3.5447200139363604
1710527556.780245,3.565738730960422
1710527556.7803586,3.5825538635253906
1710527556.780472,3.59901852077908
1710527556.7805853,3.6102284325493708
1710527556.7806988,3.619336552090115
1710527556.7808123,3.6235404014587402
1710527556.7809255,3.6228397157457137
1710527556.781039,3.6175849702623153
1710527556.7811525,3.6091775364345975
1710527556.781266,3.5976171493530273
1710527556.7813792,3.583604759640164
1710527556.7814927,3.5678407880995007
1710527556.7816062,3.5513758659362793
1710527556.7817197,3.5342105229695635
1710527556.781833,3.515994283888075
1710527556.7819464,3.4963769382900662
1710527556.78206,3.475708431667752
1710527556.7821734,3.452938132815891
1710527556.7822866,3.429817623562283
1710527556.7824001,3.404244581858317
1710527556.7825136,3.3779711193508573
1710527556.782627,3.350646760728624
1710527556.7827404,3.322621981302897
1710527556.7828538,3.2945969369676376
1710527556.7829673,3.2679729991488986
1710527556.7830808,3.2416995366414385
1710527556.783194,3.217177655961778
1710527556.7833076,3.193006250593397
1710527556.783421,3.170235951741536
1710527556.7835345,3.1471151775783963
1710527556.7836478,3.123994668324788
1710527556.7837613,3.100523683759901
1710527556.7838748,3.0749509069654675
1710527556.7839882,3.050078550974528
1710527556.7841015,3.0252064598931208
1710527556.784215,3.001034789615207
1710527556.7843285,2.9796658621893988
1710527556.784442,2.9600482516818576
1710527556.7845552,2.9421824879116483
1710527556.7846687,2.9267687267727323
1710527556.7847822,2.9113549656338162
1710527556.7848957,2.8959412044949002
1710527556.785009,2.879476547241211
1710527556.7851224,2.8633621003892684
1710527556.785236,2.8447953859965005
1710527556.7853491,2.826929622226291
1710527556.7854626,2.809764279259576
1710527556.785576,2.79435051812066
1710527556.7856896,2.78103854921129
1710527556.7858028,2.7705293231540256
1710527556.7859163,2.7603700425889754
1710527556.7860298,2.750561502244737
1710527556.7861433,2.740752696990967
1710527556.7862566,2.7284916241963706
1710527556.78637,2.7144792344835067
1710527556.7864835,2.6987149980333114
1710527556.786597,2.6815499199761286
1710527556.7867103,2.6636838912963867
1710527556.7868237,2.6472192340426974
1710527556.7869372,2.632155683305528
1710527556.7870507,2.6174426078796387
1710527556.787164,2.6034302181667752
1710527556.7872775,2.5894175635443792
1710527556.787391,2.57295290629069
1710527556.7875044,2.5543864568074546
1710527556.7876177,2.532667054070367
1710527556.7877312,2.5077946980794272
1710527556.7878447,2.480820814768473
1710527556.7879581,2.453145980834961
1710527556.7880714,2.4237198299831815
1710527556.788185,2.394994099934896
1710527556.7882984,2.36486726337009
1710527556.7884119,2.334740426805284
1710527556.788525,2.303212218814426
1710527556.7886386,2.269232008192274
1710527556.788752,2.2313981586032443
1710527556.7888656,2.1900612778133817
1710527556.7889788,2.144870890511407
1710527556.7890923,2.095476918750339
1710527556.7892058,2.0439808898501926
1710527556.7893193,1.9896825154622395
1710527556.7894325,1.9329318735334609
1710527556.789546,1.8747798601786294
1710527556.7896595,1.8152267403072782
1710527556.7897727,1.753221485349867
1710527556.7898862,1.6894645161098905
1710527556.7899997,1.6211536195543077
1710527556.7901132,1.5489892164866128
1710527556.7902265,1.472621096505059
1710527556.79034,1.3931001557244194
1710527556.7904534,1.3090251551734076
1710527556.790567,1.2210966481102836
1710527556.7906802,1.1314165592193604
1710527556.7907937,1.0385837819841173
1710527556.7909071,0.9446999761793349
1710527556.7910206,0.8483640352884928
1710527556.7911339,0.7513274749120076
1710527556.7912474,0.652539332707723
1710527556.7913609,0.5505983365906609
1710527556.7914743,0.4458548625310262
1710527556.7915876,0.33865922027164036
1710527556.791701,0.2276101377275255
1710527556.7918146,0.11340822610590193
1710527556.791928,-0.004295962345268991
1710527556.7920413,-0.12337894075446658
1710527556.7921548,-0.2424619264072842
1710527556.7922683,-0.3618951638539632
1710527556.7923818,-0.47817617654800415
1710527556.792495,-0.5948074658711752
1710527556.7926085,-0.7103880246480306
1710527556.792722,-0.825968517197503
1710527556.7928355,-0.9425998396343654
1710527556.7929487,-1.0609822803073459
1710527556.7930622,-1.1807657612694633
1710527556.7931757,-1.301249795489841
1710527556.7932892,-1.4224341180589464
1710527556.7934024,-1.5408166249593098
1710527556.793516,-1.6567475265926785
1710527556.7936294,-1.7688255839877658
1710527556.793743,-1.876000298394097
1710527556.7938561,-1.9796725114186604
1710527556.7939696,-2.0805427763197155
1710527556.794083,-2.178611093097263
1710527556.7941964,-2.27667940987481
1710527556.7943099,-2.3733467525906033
1710527556.7944233,-2.4700140953063965
1710527556.7945368,-2.5645801756117077
1710527556.79465,-2.655993832482232
1710527556.7947636,-2.742504013909234
1710527556.794877,-2.823760774400499
1710527556.7949905,-2.8973118464152017
1710527556.7951038,-2.9652592870924206
1710527556.7952173,-3.0279530419243708
1710527556.7953308,-3.0860935317145453
1710527556.7954443,-3.1414320733812118
1710527556.7955575,-3.1946690877278643
1710527556.795671,-3.2451044188605414
1710527556.7957845,-3.292737536960178
1710527556.795898,-3.3361678653293185
1710527556.7960112,-3.3760955598619247
1710527556.7961247,-3.4090185165405273
1710527556.7962382,-3.4366877873738604
1710527556.7963517,-3.4591033723619247
1710527556.796465,-3.475214640299479
1710527556.7965784,-3.488173749711778
1710527556.796692,-3.4983306460910373
1710527556.7968054,-3.5056858592563205
1710527556.7969186,-3.5119901763068304
1710527556.797032,-3.5165434413486056
1710527556.7971456,-3.5186449686686196
1710527556.797259,-3.5186449686686196
1710527556.7973723,-3.5158430205451117
1710527556.7974858,-3.509538438585069
1710527556.7975993,-3.5000819630093045
1710527556.7977128,-3.487473063998752
1710527556.797826,-3.471712271372477
1710527556.7979395,-3.4541998969184027
1710527556.798053,-3.435987366570367
1710527556.7981665,-3.4174243609110513
1710527556.7982798,-3.398160934448242
1710527556.7983932,-3.378197087181939
1710527556.7985067,-3.359283871120877
1710527556.79862,-3.3400204446580672
1710527556.7987335,-3.3197063869900174
1710527556.798847,-3.298691643608941
1710527556.7989604,-3.2769764794243708
1710527556.7990737,-3.253159787919786
1710527556.7991872,-3.2279422548082137
1710527556.7993007,-3.201323880089654
1710527556.7994142,-3.1757558716668024
1710527556.7995274,-3.150888548956977
1710527556.799641,-3.1260212262471514
1710527556.7997544,-3.1032554308573403
1710527556.7998679,-3.0832915835910373
1710527556.799981,-3.064378367529975
1710527556.8000946,-3.04581536187066
1710527556.800208,-3.0265519354078503
1710527556.8003216,-3.0062378777398004
1710527556.8004348,-2.98592382007175
1710527556.8005483,-2.963858445485433
1710527556.8006618,-2.942143281300863
1710527556.8007753,-2.9225296444363065
1710527556.8008885,-2.9029157426622176
1710527556.801002,-2.88750516043769
1710527556.8011155,-2.8731452094184027
1710527556.801229,-2.8622876273261175
1710527556.8013422,-2.8510798348320856
1710527556.8014557,-2.8409226735432944
1710527556.8015692,-2.828313774532742
1710527556.8016827,-2.814654244316949
1710527556.801796,-2.8002942932976618
1710527556.8019094,-2.7841830253601074
1710527556.802023,-2.7691226535373263
1710527556.8021364,-2.7547627025180392
1710527556.8022497,-2.742854224310981
1710527556.8023632,-2.733747959136963
1710527556.8024766,-2.7256923251681857
1710527556.8025901,-2.7179869016011557
1710527556.8027034,-2.7092308468288846
1710527556.8028169,-2.6994241608513727
1710527556.8029304,-2.687165472242567
1710527556.8030436,-2.671054204305013
1710527556.803157,-2.6538923051622176
1710527556.8032706,-2.6360299852159286
1710527556.803384,-2.6181674003601074
1710527556.8034973,-2.6010055012173123
1710527556.8036108,-2.5852444436815047
1710527556.8037243,-2.570184071858724
1710527556.8038378,-2.5544230143229165
1710527556.803951,-2.5379615359836154
1710527556.8040645,-2.516596582200792
1710527556.804178,-2.493830786810981
1710527556.8042915,-2.4665117263793945
1710527556.8044047,-2.436740928226047
1710527556.8045182,-2.4041681819491916
1710527556.8046317,-2.3705448044670954
1710527556.8047452,-2.336571216583252
1710527556.8048584,-2.3018969429863825
1710527556.804972,-2.265821827782525
1710527556.8050854,-2.2290462917751737
1710527556.805199,-2.1891184647878013
1710527556.8053122,-2.1456881364186606
1710527556.8054256,-2.099806202782525
1710527556.8055391,-2.049020793702867
1710527556.8056526,-1.9926314883761935
1710527556.8057659,-1.9341407881842718
1710527556.8058794,-1.8721475866105821
1710527556.8059928,-1.8077026473151312
1710527556.8061063,-1.7408061027526855
1710527556.8062196,-1.6721582412719727
1710527556.806333,-1.6014088524712455
1710527556.8064466,-1.5282078584035237
1710527556.80656,-1.4525551266140408
1710527556.8066733,-1.3726994726392958
1710527556.8067868,-1.2893414497375488
1710527556.8069003,-1.2010799513922796
1710527556.8070138,-1.1089657412634955
1710527556.807127,-1.0122983985477023
1710527556.8072405,-0.9110778570175171
1710527556.807354,-0.8084563414255778
1710527556.8074672,-0.7019821140501235
1710527556.8075807,-0.595157676272922
1710527556.8076942,-0.48658205403221977
1710527556.8078077,-0.37730587853325737
1710527556.807921,-0.266979005601671
1710527556.8080344,-0.1549009150928921
1710527556.808148,-0.03932036873367097
1710527556.8082614,0.07907758984300825
1710527556.8083746,0.20238762100537616
1710527556.8084881,0.32709889941745335
1710527556.8086016,0.454612672328949
1710527556.808715,0.5821264452404445
1710527556.8088284,0.7089396317799886
1710527556.8089418,0.8333006170060899
1710527556.8090553,0.9555596775478786
1710527556.8091688,1.0746659835179646
1710527556.809282,1.1937722894880507
1710527556.8093956,1.3118276331159804
1710527556.809509,1.4312842157151964
1710527556.8096225,1.5517916944291856
1710527556.8097358,1.6733502017127142
1710527556.8098493,1.795609262254503
1710527556.8099627,1.9168174266815186
1710527556.8100762,2.033821874194675
1710527556.8101895,2.145571576224433
1710527556.810303,2.2527670860290527
1710527556.8104165,2.35330687628852
1710527556.81053,2.449642817179362
1710527556.8106432,2.5428260697258844
1710527556.8107567,2.6328563690185547
1710527556.8108702,2.722185982598199
1710527556.8109837,2.8101144896613226
1710527556.811097,2.896291414896647
1710527556.8112104,2.9786149660746255
1710527556.811324,3.056033982170953
1710527556.8114374,3.127497831980387
1710527556.8115506,3.1909041934543185
1710527556.811664,3.2476549678378634
1710527556.8117776,3.2981001006232367
1710527556.8118908,3.3439909087287054
1710527556.8120043,3.3860283427768283
1710527556.8121178,3.4252635637919107
1710527556.8122313,3.462746938069661
1710527556.8123446,3.4977780448065863
1710527556.812458,3.5282553566826715
1710527556.8125715,3.5562804010179305
1710527556.812685,3.577649328443739
1710527556.8127983,3.5941139856974282
1710527556.8129117,3.6049736870659723
1710527556.8130252,3.61057890786065
1710527556.8131387,3.611629803975423
1710527556.813252,3.6098782221476235
1710527556.8133655,3.6060248480902777
1710527556.813479,3.6004196272956
1710527556.8135924,3.5934135648939343
1710527556.8137057,3.584655655754937
1710527556.8138192,3.5741461647881403
1710527556.8139327,3.5604839854770236
1710527556.8140461,3.5457709100511337
1710527556.8141594,3.5272044605678983
1710527556.8142729,3.5068861643473306
1710527556.8143864,3.483765655093723
1710527556.8144999,3.4595939848158093
1710527556.814613,3.435072104136149
1710527556.8147266,3.4087986416286893
1710527556.81484,3.3839265505472818
1710527556.8149536,3.358353773752848
1710527556.8150668,3.3334814177619085
1710527556.8151803,3.3096602227952743
1710527556.8152938,3.284788131713867
1710527556.8154073,3.262017832862006
1710527556.8155205,3.2378461625840926
1710527556.815634,3.2119231753879123
1710527556.8157475,3.1859999232821994
1710527556.815861,3.1600769360860186
1710527556.8159742,3.1327523125542536
1710527556.8160877,3.1061286396450467
1710527556.8162012,3.0819572342766657
1710527556.8163145,3.058486249711778
1710527556.816428,3.0371170573764377
1710527556.8165414,3.0171492364671493
1710527556.816655,2.999633683098687
1710527556.8167682,2.9817676544189453
1710527556.8168817,2.9632012049357095
1710527556.8169951,2.9439340697394476
1710527556.8171086,2.9236157735188804
1710527556.8172219,2.9039984279208713
1710527556.8173354,2.8836801317003036
1710527556.8174489,2.865463892618815
1710527556.8175623,2.849349445766873
1710527556.8176756,2.8353370560540094
1710527556.817789,2.8237766689724393
1710527556.8179026,2.8132674429151745
1710527556.818016,2.8027579519483776
1710527556.8181293,2.791898250579834
1710527556.8182428,2.77963744269477
1710527556.8183563,2.765624788072374
1710527556.8184698,2.749860816531711
1710527556.818583,2.734096580081516
1710527556.8186965,2.719383504655626
1710527556.81881,2.706071800655789
1710527556.8189235,2.6941609382629395
1710527556.8190367,2.683301501803928
1710527556.8191502,2.673492696550157
1710527556.8192637,2.662282519870334
1710527556.8193772,2.6496712366739907
1710527556.8194904,2.6332065794203015
1710527556.819604,2.6156910260518393
1710527556.8197174,2.595022519429525
1710527556.819831,2.57295290629069
1710527556.8199441,2.549131711324056
1710527556.8200576,2.526711622873942
1710527556.820171,2.5046420097351074
1710527556.8202846,2.481521235571967
1710527556.8203979,2.45805025100708
1710527556.8205113,2.4331781599256725
1710527556.8206248,2.4058538013034396
1710527556.820738,2.3750262790256076
1710527556.8208516,2.341396278805203
1710527556.820965,2.303212218814426
1710527556.8210785,2.2629263665941024
1710527556.8211918,2.218436532550388
1710527556.8213053,2.1749978595309787
1710527556.8214188,2.1287565761142306
1710527556.8215322,2.0821649498409696
1710527556.8216455,2.033471531338162
1710527556.821759,1.9823258452945285
1710527556.8218725,1.9280274709065754
1710527556.821986,1.8705761432647705
1710527556.8220992,1.8082205454508462
1710527556.8222127,1.741661098268297
1710527556.8223262,1.672299305597941
1710527556.8224397,1.599083873960707
1710527556.822553,1.5227157539791532
1710527556.8226664,1.4438954989115398
1710527556.82278,1.3640242152743869
1710527556.8228934,1.2813504536946614
1710527556.8230066,1.1979760064019096
1710527556.82312,1.1117990811665852
1710527556.8232336,1.022469401359558
1710527556.823347,0.929986900753445
1710527556.8234603,0.8336508936352199
1710527556.8235738,0.733461512459649
1710527556.8236873,0.629768967628479
1710527556.8238008,0.5222230156262716
1710527556.823914,0.41292548179626465
1710527556.8240275,0.30047516028086346
1710527556.824141,0.18802480565177068
1710527556.8242545,0.07452353007263607
1710527556.8243678,-0.03861988170279397
1710527556.8244812,-0.15244919392797682
1710527556.8245947,-0.266979005601671
1710527556.8247082,-0.38326005140940345
1710527556.8248215,-0.5002415511343214
1710527556.824935,-0.6200249989827474
1710527556.8250484,-0.741909941037496
1710527556.8251617,-0.8648456467522515
1710527556.8252752,-0.988481773270501
1710527556.8253887,-1.1110672023561265
1710527556.8255022,-1.230850617090861
1710527556.8256154,-1.3474819395277235
1710527556.825729,-1.460260550181071
1710527556.8258424,-1.5712878439161513
1710527556.8259559,-1.6798635323842366
1710527556.826069,-1.788439220852322
1710527556.8261826,-1.8956139352586534
1710527556.826296,-2.0034890704684787
1710527556.8264096,-2.111364205678304
1710527556.8265228,-2.2171379460228815
1710527556.8266363,-2.3197595278422036
1710527556.8267498,-2.417477501763238
1710527556.8268633,-2.509241633945041
1710527556.8269765,-2.595051394568549
1710527556.82709,-2.676307890150282
1710527556.8272035,-2.753011385599772
1710527556.827317,-2.8265627225240073
1710527556.8274302,-2.898712952931722
1710527556.8275437,-2.9687616560194225
1710527556.8276572,-3.0370593070983887
1710527556.8277707,-3.1032554308573403
1710527556.827884,-3.1641978687710233
1710527556.8279974,-3.22093751695421
1710527556.828111,-3.2706721623738604
1710527556.8282244,-3.315153121948242
1710527556.8283377,-3.3526293436686196
1710527556.8284512,-3.384851614634196
1710527556.8285646,-3.4132215711805554
1710527556.8286781,-3.439489735497369
1710527556.8287914,-3.463306427001953
1710527556.8289049,-3.484320905473497
1710527556.8290184,-3.5032341215345593
1710527556.8291318,-3.518995179070367
1710527556.829245,-3.529852761162652
1710527556.8293586,-3.538258605533176
1710527556.829472,-3.540710343254937
1710527556.8295853,-3.539659447140164
1710527556.8296988,-3.5340555508931475
1710527556.8298123,-3.52635039223565
1710527556.8299258,-3.5161932309468584
1710527556.830039,-3.5042850176493325
1710527556.8301525,-3.490975697835286
1710527556.830266,-3.478016588422987
1710527556.8303795,-3.464006847805447
1710527556.8304927,-3.4489462110731335
1710527556.8306062,-3.4310838911268444
1710527556.8307197,-3.4125208854675293
1710527556.8308332,-3.3925570382012262
1710527556.8309464,-3.369441032409668
1710527556.83106,-3.3456243409050836
1710527556.8311734,-3.320056597391764
1710527556.831287,-3.294138378567166
1710527556.8314002,-3.2678702142503524
1710527556.8315136,-3.24265268113878
1710527556.8316271,-3.218135568830702
1710527556.8317406,-3.1957199838426376
1710527556.8318539,-3.1740048196580672
1710527556.8319674,-3.152639865875244
1710527556.8320808,-3.131625122494168
1710527556.8321943,-3.110260433620877
1710527556.8323076,-3.087144162919786
1710527556.832421,-3.062977261013455
1710527556.8325346,-3.0391608344184027
1710527556.832648,-3.014993932512071
1710527556.8327613,-2.99222813712226
1710527556.8328748,-2.9719138145446777
1710527556.8329883,-2.9540514945983887
1710527556.8331017,-2.9379402266608343
1710527556.833215,-2.923580275641547
1710527556.8333285,-2.910270955827501
1710527556.833442,-2.895560794406467
1710527556.8335555,-2.880500157674154
1710527556.8336687,-2.8629880481296115
1710527556.8337822,-2.846176359388563
1710527556.8338957,-2.827963564130995
1710527556.834009,-2.8108016649881997
1710527556.8341224,-2.7957412931654186
1710527556.834236,-2.7834826045566134
1710527556.8343494,-2.7733254432678223
1710527556.8344626,-2.765269809299045
1710527556.8345761,-2.7572144402398004
1710527556.8346896,-2.747407489352756
1710527556.834803,-2.736549907260471
1710527556.8349164,-2.7235907978481717
1710527556.8350298,-2.7088806364271374
1710527556.8351433,-2.6938202646043563
1710527556.8352568,-2.6784094174702964
1710527556.83537,-2.663699256049262
1710527556.8354836,-2.6517907778422036
1710527556.835597,-2.6405829853481717
1710527556.8357105,-2.6304260889689126
1710527556.8358238,-2.619218031565348
1710527556.8359373,-2.6066093974643283
1710527556.8360507,-2.590498129526774
1710527556.8361642,-2.5722853342692056
1710527556.8362775,-2.550570434994168
1710527556.836391,-2.5260533226860895
1710527556.8365045,-2.5008357895745172
1710527556.836618,-2.4749175707499185
1710527556.8367312,-2.449700037638346
1710527556.8368447,-2.42378208372328
1710527556.8369582,-2.396813233693441
1710527556.8370717,-2.36879375245836
1710527556.837185,-2.33797205819024
1710527556.8372984,-2.3029478391011557
1710527556.8374119,-2.264420986175537
1710527556.8375254,-2.2220414214664035
1710527556.8376386,-2.1754589345720077
1710527556.837752,-2.1260744995541043
1710527556.8378656,-2.0742383268144393
1710527556.837979,-2.020300759209527
1710527556.8380923,-1.9649622175428603
1710527556.8382058,-1.9085729122161865
1710527556.8383193,-1.8490314483642578
1710527556.8384326,-1.7877388000488281
1710527556.838546,-1.7232938607533772
1710527556.8386595,-1.6539454460144043
1710527556.838773,-1.5803942415449355
1710527556.8388863,-1.5033405356936984
1710527556.8389997,-1.4220839076571994
1710527556.8391132,-1.3359239366319444
1710527556.8392267,-1.2480126486884222
1710527556.83934,-1.157299412621392
1710527556.8394535,-1.064834992090861
1710527556.839567,-0.9706193208694458
1710527556.8396804,-0.8746524651845295
1710527556.8397937,-0.7769343588087294
1710527556.8399072,-0.6781655550003052
1710527556.8400207,-0.5741430653466119
1710527556.8401341,-0.4659176535076565
1710527556.8402474,-0.35454001691606307
1710527556.8403609,-0.23930973476833767
1710527556.8404744,-0.12057699263095856
1710527556.8405879,0.0013081985525786877
1710527556.840701,0.12286666366789076
1710527556.8408146,0.2437245017952389
1710527556.840928,0.36423203017976546
1710527556.8410416,0.4843892653783162
1710527556.8411548,0.6034955713484023
1710527556.8412683,0.7229521539476182
1710527556.8413818,0.8438099755181206
1710527556.8414953,0.9671199984020656
1710527556.8416085,1.0928822225994534
1710527556.841722,1.2217972013685439
1710527556.8418355,1.3489606645372179
1710527556.841949,1.476474470562405
1710527556.8420622,1.6008354557885063
1710527556.8421757,1.7202920383877225
1710527556.8422892,1.834494007958306
1710527556.8424027,1.945893367131551
1710527556.842516,2.053089009390937
1710527556.8426294,2.158533069822523
1710527556.842743,2.2639772627088757
1710527556.8428562,2.368720637427436
1710527556.8429697,2.472413116031223
1710527556.8430831,2.5750546985202365
1710527556.8431966,2.672792010837131
1710527556.8433099,2.765624788072374
1710527556.8434234,2.8518017133076987
1710527556.8435369,2.930622100830078
1710527556.8436503,3.003136846754286
1710527556.8437636,3.0700463718838162
1710527556.843877,3.1317014164394803
1710527556.8439906,3.1909041934543185
1710527556.844104,3.24800517823961
1710527556.8442173,3.3033545811971026
1710527556.8443308,3.3562519815233016
1710527556.8444443,3.404595057169596
1710527556.8445578,3.447333176930745
1710527556.844671,3.485166761610243
1710527556.8447845,3.515644073486328
1710527556.844898,3.539465268452962
1710527556.8450115,3.5587324036492243
1710527556.8451247,3.573095268673367
1710527556.8452382,3.5853563414679632
1710527556.8453517,3.5941139856974282
1710527556.8454652,3.6014707883199053
1710527556.8455784,3.6067252688937717
1710527556.845692,3.6095277468363443
1710527556.8458054,3.6088273260328503
1710527556.845919,3.604623476664225
1710527556.8460321,3.596566253238254
1710527556.8461456,3.584655655754937
1710527556.846259,3.568891684214274
1710527556.8463726,3.5506754451327853
1710527556.8464859,3.530707624223497
1710527556.8465993,3.509688642289903
1710527556.8467128,3.4862179226345487
1710527556.8468263,3.4641480445861816
1710527556.8469396,3.4413777457343206
1710527556.847053,3.4175565507676864
1710527556.8471665,3.3940855662027993
1710527556.8472798,3.3706145816379123
1710527556.8473933,3.3446915944417315
1710527556.8475068,3.318418131934272
1710527556.8476202,3.291794459025065
1710527556.8477335,3.2641196250915527
1710527556.847847,3.2360945807562933
1710527556.8479605,3.20736911561754
1710527556.848074,3.1803949673970537
1710527556.8481872,3.1537712944878473
1710527556.8483007,3.1295996242099338
1710527556.8484142,3.10717953575982
1710527556.8485277,3.0854601330227323
1710527556.848641,3.0644414159986706
1710527556.8487544,3.0441233846876354
1710527556.848868,3.0217032962375217
1710527556.8489814,3.00068457921346
1710527556.8490946,2.9775640699598522
1710527556.849208,2.954793506198459
1710527556.8493216,2.9334245787726507
1710527556.849435,2.9127560721503363
1710527556.8495483,2.895590729183621
1710527556.8496618,2.880527443355984
1710527556.8497753,2.8668652640448675
1710527556.8498888,2.8549546665615506
1710527556.850002,2.843043804168701
1710527556.8501155,2.8293816248575845
1710527556.850229,2.815369235144721
1710527556.8503425,2.799955474005805
1710527556.8504558,2.7834908167521157
1710527556.8505692,2.7677265803019204
1710527556.8506827,2.75336398018731
1710527556.8507962,2.7400520112779403
1710527556.8509095,2.7291923099093967
1710527556.851023,2.7200841903686523
1710527556.8511364,2.710976070827908
1710527556.85125,2.701167265574137
1710527556.8513632,2.689606878492567
1710527556.8514767,2.676995860205756
1710527556.8515902,2.6601807276407876
1710527556.8517034,2.6437160703870983
1710527556.851817,2.6254998313056097
1710527556.8519304,2.607633802625868
1710527556.8520439,2.5901182492574057
1710527556.852157,2.5743542777167425
1710527556.8522706,2.5582398308648004
1710527556.852384,2.5410744878980847
1710527556.8524976,2.5232084592183432
1710527556.8526108,2.501839531792535
1710527556.8527243,2.478018071916368
1710527556.8528378,2.450693713294135
1710527556.8529513,2.4195159806145563
1710527556.8530645,2.3869368765089245
1710527556.853178,2.352606190575494
1710527556.8532915,2.317925294240316
1710527556.853405,2.2818430264790854
1710527556.8535182,2.245060337914361
1710527556.8536317,2.2061755922105575
1710527556.8537452,2.1655393971337213
1710527556.8538587,2.1214000384012857
1710527556.853972,2.0737575160132513
1710527556.8540854,2.0205099052853055
1710527556.854199,1.9641096062130399
1710527556.8543124,1.9045564863416884
1710527556.8544257,1.8411498599582248
1710527556.8545392,1.7752910984887016
1710527556.8546526,1.7083814409044054
1710527556.8547661,1.6393698586357963
1710527556.8548794,1.568256351682875
1710527556.8549929,1.4943404992421467
1710527556.8551064,1.417972246805827
1710527556.8552198,1.3388016488817003
1710527556.855333,1.2554272015889485
1710527556.8554466,1.1678491698371039
1710527556.85556,1.0764175653457642
1710527556.8556736,0.9818331400553385
1710527556.8557868,0.8844462368223402
1710527556.8559003,0.783906512790256
1710527556.8560138,0.6826661692725288
1710527556.856127,0.5800245867835151
1710527556.8562405,0.47633207506603664
1710527556.856354,0.3712382912635803
1710527556.8564675,0.2654438879754808
1710527556.8565807,0.15649668044514126
1710527556.8566942,0.04544758548339208
1710527556.8568077,-0.06804038253095415
1710527556.8569212,-0.18467166357570225
1710527556.8570344,-0.30480537149641246
1710527556.857148,-0.4249390959739685
1710527556.8572614,-0.546473761399587
1710527556.857375,-0.66730797290802
1710527556.8574882,-0.7853402031792535
1710527556.8576016,-0.9023217360178629
1710527556.8577151,-1.0186027818255954
1710527556.8578286,-1.1327823003133137
1710527556.8579419,-1.2462614642249212
1710527556.8580554,-1.3614916801452637
1710527556.8581688,-1.4774224493238661
1710527556.8582823,-1.5937035613589816
1710527556.8583956,-1.710685094197591
1710527556.858509,-1.8255650997161865
1710527556.8586226,-1.9369427363077798
1710527556.858736,-2.0437671078575983
1710527556.8588493,-2.1470891104804144
1710527556.8589628,-2.244807349310981
1710527556.8590763,-2.338322533501519
1710527556.8591897,-2.429736190372043
1710527556.859303,-2.518347899119059
1710527556.8594165,-2.6062591870625815
1710527556.85953,-2.693469789293077
1710527556.8596435,-2.7775284979078503
1710527556.8597567,-2.8587849934895835
1710527556.8598702,-2.9365393850538464
1710527556.8599837,-3.007638719346788
1710527556.8600972,-3.072434001498752
1710527556.8602104,-3.1305744912889266
1710527556.860324,-3.1845121913486056
1710527556.8604374,-3.231444888644748
1710527556.8605506,-3.2759258482191296
1710527556.8606641,-3.318305280473497
1710527556.8607776,-3.3578827646043563
1710527556.860891,-3.3946585655212402
1710527556.8610044,-3.4289823638068304
1710527556.8611178,-3.4584029515584307
1710527556.8612313,-3.48397069507175
1710527556.8613448,-3.5039345423380532
1710527556.861458,-3.518294758266873
1710527556.8615716,-3.5281014442443848
1710527556.861685,-3.5330049196879068
1710527556.8617985,-3.536157078213162
1710527556.8619118,-3.535456657409668
1710527556.8620253,-3.534406026204427
1710527556.8621387,-3.5305531819661455
1710527556.8622522,-3.526700602637397
1710527556.8623655,-3.5196955998738604
1710527556.862479,-3.5112897555033364
1710527556.8625925,-3.5000819630093045
1710527556.862706,-3.487122853597005
1710527556.8628192,-3.46996095445421
1710527556.8629327,-3.4506975279914007
1710527556.8630462,-3.4300332599216037
1710527556.8631597,-3.4076176749335394
1710527556.863273,-3.384501404232449
1710527556.8633864,-3.3624360296461315
1710527556.8634999,-3.3396702342563205
1710527556.8636134,-3.317254649268256
1710527556.8637266,-3.295189274681939
1710527556.86384,-3.2731239000956216
1710527556.8639536,-3.2514087359110513
1710527556.864067,-3.2286429405212402
1710527556.8641803,-3.2044760386149087
1710527556.8642938,-3.1789082951015897
1710527556.8644073,-3.152990076276991
1710527556.8645208,-3.1270721223619247
1710527556.864634,-3.100803693135579
1710527556.8647475,-3.076636791229248
1710527556.864861,-3.0542212062411838
1710527556.8649743,-3.0339071485731335
1710527556.8650877,-3.015694353315565
1710527556.8652012,-2.9988826645745172
1710527556.8653147,-2.981720765431722
1710527556.865428,-2.963507970174154
1710527556.8655415,-2.9456456502278647
1710527556.865655,-2.927082644568549
1710527556.8657684,-2.907118797302246
1710527556.8658817,-2.8882055812411838
1710527556.8659952,-2.8713938925001354
1710527556.8661087,-2.8566837310791016
1710527556.8662221,-2.8444250424702964
1710527556.8663354,-2.8349685668945312
1710527556.8664489,-2.825862036810981
1710527556.8665624,-2.8171059820387097
1710527556.8666759,-2.807649506462945
1710527556.866789,-2.7950406074523926
1710527556.8669026,-2.7813810772365994
1710527556.867016,-2.7663207054138184
1710527556.8671296,-2.750909858279758
1710527556.8672428,-2.736549907260471
1710527556.8673563,-2.7235907978481717
1710527556.8674698,-2.7127332157558866
1710527556.8675833,-2.7025763193766275
1710527556.8676965,-2.6945206854078503
1710527556.86781,-2.684363524119059
1710527556.8679235,-2.673155731625027
1710527556.868037,-2.659145991007487
1710527556.8681502,-2.642334302266439
1710527556.8682637,-2.6234210862053766
1710527556.8683772,-2.602756553226047
1710527556.8684907,-2.581391864352756
1710527556.868604,-2.5610775417751737
1710527556.8687174,-2.5404132737053766
1710527556.868831,-2.521149847242567
1710527556.8689444,-2.501536210378011
1710527556.8690577,-2.4787704149881997
1710527556.8691711,-2.4535526169670954
1710527556.8692846,-2.425533135732015
1710527556.8693979,-2.3933105998569064
1710527556.8695114,-2.3575859599643283
1710527556.8696249,-2.320109738243951
1710527556.8697383,-2.279481357998318
1710527556.8698516,-2.2374521361456976
1710527556.869965,-2.195422781838311
1710527556.8700786,-2.1519925859239364
1710527556.870192,-2.106811073091295
1710527556.8703053,-2.059878375795152
1710527556.8704188,-2.009793519973755
1710527556.8705323,-1.9562061627705891
1710527556.8706458,-1.8977153301239014
1710527556.870759,-1.8360724714067247
1710527556.8708725,-1.7695260047912598
1710527556.870986,-1.699126958847046
1710527556.8710995,-1.626626518037584
1710527556.8712127,-1.549572812186347
1710527556.8713262,-1.47181855307685
1710527556.8714397,-1.3923132419586182
1710527556.8715532,-1.3096556398603652
1710527556.8716664,-1.225246720843845
1710527556.87178,-1.137335565355089
1710527556.8718934,-1.0469725396898057
1710527556.872007,-0.9513558944066365
1710527556.8721201,-0.8525870905982124
1710527556.8722336,-0.748564600944519
1710527556.872347,-0.6410396761364406
1710527556.8724606,-0.5307128032048544
1710527556.8725739,-0.4179341925515069
1710527556.8726873,-0.3055058585272895
1710527556.8728008,-0.1913262903690338
1710527556.8729143,-0.07819746103551653
1710527556.8730276,0.036339457664224833
1710527556.873141,0.15089167488945854
1710527556.8732545,0.2675457629892561
1710527556.873368,0.3870023621453179
1710527556.8734813,0.5096117655436198
1710527556.8735948,0.6346733702553643
1710527556.8737082,0.7628877957661946
1710527556.8738215,0.8897009160783556
1710527556.873935,1.0165141026178997
1710527556.8740485,1.141225364473131
1710527556.874162,1.2627838717566595
1710527556.8742752,1.3808392153845892
1710527556.8743887,1.4971429771847196
1710527556.8745022,1.611344814300537
1710527556.8746157,1.725546783871121
1710527556.874729,1.841850545671251
1710527556.8748424,1.9585046503278944
1710527556.874956,2.0751587549845376
1710527556.8750694,2.1904116206698947
1710527556.8751826,2.3021613226996527
1710527556.875296,2.4097071753607855
1710527556.8754096,2.5091960695054794
1710527556.875523,2.6048313246832953
1710527556.8756363,2.6927598317464194
1710527556.8757498,2.7768349647521973
1710527556.8758633,2.85810735490587
1710527556.8759768,2.93692774242825
1710527556.87609,3.014696968926324
1710527556.8762035,3.0903646681043835
1710527556.876317,3.162178728315565
1710527556.8764305,3.2290885183546276
1710527556.8765438,3.2903930875990124
1710527556.8766572,3.3439909087287054
1710527556.8767707,3.3902321921454535
1710527556.8768842,3.4308685196770563
1710527556.8769975,3.465199205610487
1710527556.877111,3.496026462978787
1710527556.8772244,3.522650400797526
1710527556.877338,3.5482231775919595
1710527556.8774512,3.5709934764438205
1710527556.8775647,3.5913115077548556
1710527556.8776782,3.6074259546067977
1710527556.8777916,3.6196870274013944
1710527556.877905,3.626342879401313
1710527556.8780184,3.6287951469421387
1710527556.8781319,3.625992668999566
1710527556.878245,3.619336552090115
1710527556.8783586,3.608476850721571
1710527556.878472,3.596216042836507
1710527556.8785856,3.583604759640164
1710527556.8786988,3.5685412089029946
1710527556.8788123,3.552777237362332
1710527556.8789258,3.5359621047973633
1710527556.8790393,3.5177458657158747
1710527556.8791525,3.4977780448065863
1710527556.879266,3.475708431667752
1710527556.8793795,3.4532883432176376
1710527556.879493,3.427014880710178
1710527556.8796062,3.4000409973992243
1710527556.8797197,3.3723661634657116
1710527556.8798332,3.3439909087287054
1710527556.8799467,3.315615653991699
1710527556.88006,3.28759060965644
1710527556.8801734,3.2606164614359536
1710527556.880287,3.2353938950432672
1710527556.8804004,3.210171593560113
1710527556.8805137,3.1859999232821994
1710527556.8806272,3.161828253004286
1710527556.8807406,3.1366059515211315
1710527556.8808541,3.111733595530192
1710527556.8809674,3.0861608187357583
1710527556.8810809,3.060237831539578
1710527556.8811944,3.033964369032118
1710527556.8813078,3.010493384467231
1710527556.881421,2.9884237713283963
1710527556.8815346,2.9681054751078286
1710527556.881648,2.94988923602634
1710527556.8817616,2.933774789174398
1710527556.8818748,2.918361028035482
1710527556.8819883,2.902947266896566
1710527556.8821018,2.8861323992411294
1710527556.8822153,2.868967056274414
1710527556.8823285,2.8514515029059515
1710527556.882442,2.833235263824463
1710527556.8825555,2.8164201312594943
1710527556.8826687,2.8010063701205783
1710527556.8827822,2.7890957726372614
1710527556.8828957,2.7778858608669705
1710527556.8830092,2.7680770556131997
1710527556.8831224,2.758618460761176
1710527556.883236,2.748809920416938
1710527556.8833494,2.7372495333353677
1710527556.883463,2.723937564425998
1710527556.8835762,2.7092244890001083
1710527556.8836896,2.692409621344672
1710527556.8838031,2.67629517449273
1710527556.8839166,2.661231623755561
1710527556.8840299,2.6472192340426974
1710527556.8841434,2.634607950846354
1710527556.8842568,2.622697353363037
1710527556.8843703,2.6093853844536676
1710527556.8844836,2.594322098626031
1710527556.884597,2.5775069660610623
1710527556.8847106,2.5564882490370007
1710527556.884824,2.534418635898166
1710527556.8849373,2.5088455941942
1710527556.8850508,2.4811710251702204
1710527556.8851643,2.454196876949734
1710527556.8852777,2.426872518327501
1710527556.885391,2.398847473992242
1710527556.8855045,2.3708224296569824
1710527556.885618,2.3403453826904297
1710527556.8857315,2.3077662785847983
1710527556.8858447,2.272034486134847
1710527556.8859582,2.2320988443162704
1710527556.8860717,2.188309695985582
1710527556.8861852,2.1406671735975475
1710527556.8862984,2.0905725161234536
1710527556.886412,2.0397771729363336
1710527556.8865254,1.9861793518066406
1710527556.8866389,1.9315305021074083
1710527556.8867521,1.8751302030351427
1710527556.8868656,1.8162777688768175
1710527556.886979,1.7556736204359267
1710527556.8870924,1.6912160979376898
1710527556.8872058,1.6229052013821073
1710527556.8873193,1.5503904554578993
1710527556.8874328,1.4733216497633193
1710527556.887546,1.3938007089826796
1710527556.8876595,1.310426394144694
1710527556.887773,1.2235487831963432
1710527556.8878865,1.1349197228749592
1710527556.8879998,1.044889423582289
1710527556.8881133,0.9538080957200792
1710527556.8882267,0.8595740132861667
1710527556.8883402,0.7639386918809679
1710527556.8884535,0.6662015120188395
1710527556.888567,0.564260549015469
1710527556.8886805,0.4602176944414774
1710527556.888794,0.3509201606114705
1710527556.8889072,0.23882013228204516
1710527556.8890207,0.1239176011747784
1710527556.8891342,0.006913200227750672
1710527556.8892477,-0.10971942709551917
1710527556.889361,-0.22705119517114428
1710527556.8894744,-0.3436824679374695
1710527556.8895879,-0.4585625065697564
1710527556.8897014,-0.5737927887174818
1710527556.8898146,-0.6893733474943373
1710527556.889928,-0.8056543933020698
1710527556.8900416,-0.9240369002024332
1710527556.890155,-1.0445208681954277
1710527556.8902683,-1.1653550465901692
1710527556.8903818,-1.2865395016140408
1710527556.8904953,-1.4063229825761583
1710527556.8906088,-1.5236547258165147
1710527556.890722,-1.6360831260681152
1710527556.8908355,-1.7457094457414415
1710527556.890949,-1.8507826328277588
1710527556.8910625,-1.9537544250488281
1710527556.8911757,-2.05497490035163
1710527556.8912892,-2.155845297707452
1710527556.8914027,-2.256015141805013
1710527556.891516,-2.355834643046061
1710527556.8916295,-2.4546035130818686
1710527556.891743,-2.5502199596828885
1710527556.8918564,-2.6402327749464245
1710527556.8919697,-2.725342114766439
1710527556.8920832,-2.80449734793769
1710527556.8921967,-2.8776982095506454
1710527556.8923101,-2.9459958606296115
1710527556.8924234,-3.010090457068549
1710527556.8925369,-3.0713833702935114
1710527556.8926504,-3.1305744912889266
1710527556.8927639,-3.1883647706773544
1710527556.892877,-3.24265268113878
1710527556.8929906,-3.294138378567166
1710527556.893104,-3.3400204446580672
1710527556.8932176,-3.3806488249037
1710527556.8933308,-3.4142722023857965
1710527556.8934443,-3.4419414732191296
1710527556.8935578,-3.4636566374037
1710527556.8936713,-3.4822196430630155
1710527556.8937845,-3.4965795940823026
1710527556.893898,-3.5091882281833224
1710527556.8940115,-3.518995179070367
1710527556.894125,-3.526700602637397
1710527556.8942382,-3.5316038131713867
1710527556.8943517,-3.534406026204427
1710527556.8944652,-3.5330049196879068
1710527556.8945787,-3.5281014442443848
1710527556.894692,-3.5193453894721136
1710527556.8948054,-3.5070869657728405
1710527556.894919,-3.4920263290405273
1710527556.8950324,-3.475214640299479
1710527556.8951457,-3.458052741156684
1710527556.8952591,-3.4391395250956216
1710527556.8953726,-3.4205765194363065
1710527556.895486,-3.402013513776991
1710527556.8955994,-3.382750087314182
1710527556.8957129,-3.3634866608513727
1710527556.8958263,-3.3428223927815752
1710527556.8959396,-3.322157859802246
1710527556.896053,-3.2993920644124346
1710527556.8961666,-3.2748749521043563
1710527556.89628,-3.250357839796278
1710527556.8963933,-3.224089675479465
1710527556.8965068,-3.1978212462531195
1710527556.8966203,-3.172603713141547
1710527556.8967338,-3.148787286546495
1710527556.896847,-3.1263714366488986
1710527556.8969605,-3.1060573789808483
1710527556.897074,-3.0867939525180392
1710527556.8971875,-3.0682309468587237
1710527556.8973007,-3.049668206108941
1710527556.8974142,-3.0297040939331055
1710527556.8975277,-3.009390036265055
1710527556.8976412,-2.988375292883979
1710527556.8977544,-2.967360814412435
1710527556.897868,-2.9459958606296115
1710527556.8979814,-2.927783065372043
1710527556.898095,-2.912022272745768
1710527556.8982081,-2.8973118464152017
1710527556.8983216,-2.886804739634196
1710527556.898435,-2.8745460510253906
1710527556.8985486,-2.8636884689331055
1710527556.8986619,-2.8507293595208063
1710527556.8987753,-2.836719618903266
1710527556.8988888,-2.821309036678738
1710527556.8990023,-2.8055479791429305
1710527556.8991156,-2.7908378177218967
1710527556.899229,-2.7764778667026095
1710527556.8993425,-2.764569388495551
1710527556.899456,-2.755463123321533
1710527556.8995693,-2.74810791015625
1710527556.8996828,-2.7404024865892196
1710527556.8997962,-2.732697327931722
1710527556.8999097,-2.7221899562411838
1710527556.900023,-2.7102814780341253
1710527556.9001365,-2.6955713166130915
1710527556.90025,-2.679460048675537
1710527556.9003632,-2.662648359934489
1710527556.9004767,-2.6461868815951877
1710527556.9005902,-2.63077629937066
1710527556.9007037,-2.6167665587531195
1710527556.900817,-2.6024063428243003
1710527556.9009304,-2.588046391805013
1710527556.901044,-2.571935123867459
1710527556.9011574,-2.553372383117676
1710527556.9012706,-2.5302561124165854
1710527556.901384,-2.503987948099772
1710527556.9014976,-2.4749175707499185
1710527556.901611,-2.444796562194824
1710527556.9017243,-2.4115233951144748
1710527556.9018378,-2.3786004384358725
1710527556.9019513,-2.346027692159017
1710527556.9020648,-2.3117038938734265
1710527556.902178,-2.277029620276557
1710527556.9022915,-2.2385027673509383
1710527556.902405,-2.197524309158325
1710527556.9025185,-2.1512920326656766
1710527556.9026318,-2.101907730102539
1710527556.9027452,-2.0483203728993735
1710527556.9028587,-1.9908803039126926
1710527556.9029722,-1.9306382868025038
1710527556.9030855,-1.8689954280853271
1710527556.903199,-1.8045504887898762
1710527556.9033124,-1.7390547858344183
1710527556.903426,-1.6711074776119657
1710527556.9035392,-1.6017591953277588
1710527556.9036527,-1.5285580688052707
1710527556.9037662,-1.4529054694705539
1710527556.9038796,-1.3734000258975558
1710527556.903993,-1.2886408964792888
1710527556.9041064,-1.2007297409905326
1710527556.9042199,-1.1086155308617485
1710527556.9043334,-1.0126486089494493
1710527556.9044466,-0.914930502573649
1710527556.90456,-0.8144105143017238
1710527556.9046736,-0.7124894857406616
1710527556.9047868,-0.6095176935195923
1710527556.9049003,-0.5051449603504604
1710527556.9050138,-0.3990210096041361
1710527556.9051273,-0.29079559776518077
1710527556.9052405,-0.1787175072564019
1710527556.905354,-0.0627867215209537
1710527556.9054675,0.057708525823222265
1710527556.905581,0.18101856112480164
1710527556.9056942,0.3060801492797004
1710527556.9058077,0.43219268321990967
1710527556.9059212,0.5583051840464274
1710527556.9060347,0.6823158926433986
1710527556.906148,0.8045749531851875
1710527556.9062614,0.9243818786409166
1710527556.906375,1.0445390807257757
1710527556.9064884,1.163995663324992
1710527556.9066017,1.2859045134650335
1710527556.9067152,1.4081635740068223
1710527556.9068286,1.5321742163764105
1710527556.9069421,1.656885544459025
1710527556.9070554,1.779494947857327
1710527556.9071689,1.899652083714803
1710527556.9072824,2.014554606543647
1710527556.9073958,2.1245528592003717
1710527556.907509,2.2289458910624185
1710527556.9076226,2.3287849956088595
1710527556.907736,2.4261718326144748
1710527556.9078496,2.52215756310357
1710527556.9079628,2.6170923974778915
1710527556.9080763,2.710625860426161
1710527556.9081898,2.8027579519483776
1710527556.9083033,2.890686459011502
1710527556.9084165,2.9754620128207736
1710527556.90853,3.051830132802327
1710527556.9086435,3.1211921903822155
1710527556.908757,3.1835476557413735
1710527556.9088702,3.2406486405266657
1710527556.9089837,3.292144669426812
1710527556.9090972,3.339436848958333
1710527556.9092104,3.3860283427768283
1710527556.909324,3.4291169378492565
1710527556.9094374,3.469052579667833
1710527556.909551,3.506535953945584
1710527556.9096642,3.539115058051215
1710527556.9097776,3.565388520558675
1710527556.9098911,3.5860570271809893
1710527556.9100046,3.6007701026068792
1710527556.9101179,3.6095277468363443
1710527556.9102314,3.614432281917996
1710527556.9103448,3.616534074147542
1710527556.9104583,3.615483178032769
1710527556.9105716,3.6130309104919434
1710527556.910685,3.6088273260328503
1710527556.9107985,3.6025216844346786
1710527556.910912,3.5941139856974282
1710527556.9110253,3.5825538635253906
1710527556.9111388,3.569241894616021
1710527556.9112523,3.5517263412475586
1710527556.9113657,3.53175852033827
1710527556.911479,3.5100391176011825
1710527556.9115925,3.4862179226345487
1710527556.911706,3.4616960419548883
1710527556.9118195,3.4364734755622015
1710527556.9119327,3.411951594882541
1710527556.9120462,3.3860283427768283
1710527556.9121597,3.3625573582119412
1710527556.9122732,3.337335056728787
1710527556.9123864,3.31351359685262
1710527556.9125,3.289342191484239
1710527556.9126134,3.2641196250915527
1710527556.9127269,3.238897058698866
1710527556.9128401,3.212273385789659
1710527556.9129536,3.1859999232821994
1710527556.913067,3.1586755646599665
1710527556.9131806,3.1317014164394803
1710527556.9132938,3.106479114956326
1710527556.9134073,3.0837085511949325
1710527556.9135208,3.0619894133673773
1710527556.913634,3.042371802859836
1710527556.9137475,3.023805088467068
1710527556.913861,3.0052386389838324
1710527556.9139745,2.9866721895005965
1710527556.9140878,2.9670545789930554
1710527556.9142013,2.946035861968994
1710527556.9143147,2.9260680410597057
1710527556.9144282,2.906100220150418
1710527556.9145415,2.88753350575765
1710527556.914655,2.8710688485039606
1710527556.9147685,2.856705983479818
1710527556.914882,2.8444451755947537
1710527556.9149952,2.8335854742262097
1710527556.9151087,2.822375562455919
1710527556.9152222,2.810464964972602
1710527556.9153357,2.797503206464979
1710527556.915449,2.7827901310390897
1710527556.9155624,2.7670261594984265
1710527556.9156759,2.7509117126464844
1710527556.9157894,2.7354979515075684
1710527556.9159026,2.721485561794705
1710527556.916016,2.7092244890001083
1710527556.9161296,2.6987149980333114
1710527556.916243,2.688555982377794
1710527556.9163563,2.676995860205756
1710527556.9164698,2.664384577009413
1710527556.9165833,2.6496712366739907
1710527556.9166968,2.631454997592502
1710527556.91681,2.611837651994493
1710527556.9169235,2.5904684596591525
1710527556.917037,2.5676981608072915
1710527556.9171505,2.5473801294962564
1710527556.9172637,2.527061833275689
1710527556.9173772,2.506743801964654
1710527556.9174907,2.4857250849405923
1710527556.9176042,2.4633049964904785
1710527556.9177175,2.438082695007324
1710527556.917831,2.4093569649590387
1710527556.9179444,2.377128071255154
1710527556.9180577,2.3410460684034557
1710527556.9181712,2.3025115331014
1710527556.9182847,2.2615249951680503
1710527556.9183981,2.2194875611199274
1710527556.9185114,2.1770996517605252
1710527556.9186249,2.1315590540568032
1710527556.9187384,2.0867190096113415
1710527556.9188519,2.037675248252021
1710527556.918965,1.9868799050649006
1710527556.9190786,1.9308299488491483
1710527556.919192,1.8719773822360568
1710527556.9193056,1.8082205454508462
1710527556.9194188,1.740960545010037
1710527556.9195323,1.6715986198849149
1710527556.9196458,1.5976826349894204
1710527556.9197593,1.5230660968356662
1710527556.9198725,1.445997291141086
1710527556.919986,1.368578275044759
1710527556.9200995,1.2876559628380668
1710527556.920213,1.2042816480000813
1710527556.9203262,1.1188054084777832
1710527556.9204397,1.0298259390725029
1710527556.9205532,0.9366428189807467
1710527556.9206667,0.8406571547190348
1710527556.92078,0.741168393029107
1710527556.9208934,0.6381764676835802
1710527556.921007,0.5320317546526591
1710527556.9211204,0.42483611239327324
1710527556.9212337,0.31518826882044476
1710527556.9213471,0.20624106129010517
1710527556.9214606,0.09694353573852114
1710527556.921574,-0.014803284365269873
1710527556.9216874,-0.1261808971563975
1710527556.9218009,-0.23965997828377616
1710527556.9219143,-0.3559409909778171
1710527556.9220278,-0.4753742284244961
1710527556.922141,-0.5955079529020522
1710527556.9222546,-0.7177431053585476
1710527556.922368,-0.8413792981041802
1710527556.9224813,-0.9632642401589288
1710527556.9225948,-1.0840984185536702
1710527556.9227083,-1.2010799513922796
1710527556.9228218,-1.316310167312622
1710527556.922935,-1.4297893312242296
1710527556.9230485,-1.5415171782175698
1710527556.923162,-1.6521942615509033
1710527556.9232755,-1.7653230826059976
1710527556.9233887,-1.876700719197591
1710527556.9235022,-1.9894793298509386
1710527556.9236157,-2.098755439122518
1710527556.9237292,-2.2066307067871094
1710527556.9238424,-2.3089019457499185
1710527556.923956,-2.405919498867459
1710527556.9240694,-2.4973331557379828
1710527556.924183,-2.5838436020745172
1710527556.9242961,-2.664749887254503
1710527556.9244096,-2.744605541229248
1710527556.924523,-2.822359667883979
1710527556.9246366,-2.898012532128228
1710527556.9247499,-2.9715636041429305
1710527556.9248633,-3.041612572140164
1710527556.9249768,-3.1085091167026095
1710527556.9250903,-3.1680507130093045
1710527556.9252036,-3.222688568962945
1710527556.925317,-3.2689208454555936
1710527556.9254305,-3.310599856906467
1710527556.925544,-3.3470254474216037
1710527556.9256573,-3.3788975079854326
1710527556.9257708,-3.4083180957370334
1710527556.9258842,-3.435286945766873
1710527556.9259977,-3.460154268476698
1710527556.926111,-3.482569853464762
1710527556.9262245,-3.5021834903293185
1710527556.926338,-3.5168936517503524
1710527556.9264514,-3.5270508130391436
1710527556.9265647,-3.53265470928616
1710527556.9266782,-3.5340555508931475
1710527556.9267917,-3.5305531819661455
1710527556.926905,-3.5256497065226235
1710527556.9270184,-3.5168936517503524
1710527556.927132,-3.5074371761745877
1710527556.9272454,-3.4969298044840493
1710527556.9273586,-3.4850215911865234
1710527556.927472,-3.471712271372477
1710527556.9275856,-3.457702530754937
1710527556.927699,-3.441591262817383
1710527556.9278123,-3.4240788883633084
1710527556.9279258,-3.404115041097005
1710527556.9280393,-3.381699456108941
1710527556.9281528,-3.3582332399156356
1710527556.928266,-3.3323150210910373
1710527556.9283795,-3.307097487979465
1710527556.928493,-3.2811795340643988
1710527556.9286065,-3.2566624217563205
1710527556.9287198,-3.231444888644748
1710527556.9288332,-3.2090290387471514
1710527556.9289467,-3.1866134537590876
1710527556.9290602,-3.1655989752875433
1710527556.9291735,-3.143883811102973
1710527556.929287,-3.1225188573201494
1710527556.9294004,-3.098702165815565
1710527556.929514,-3.074535528818766
1710527556.9296272,-3.051419258117676
1710527556.9297407,-3.027252621120877
1710527556.9298542,-3.0058876673380532
1710527556.9299676,-2.986274030473497
1710527556.930081,-2.9680612352159286
1710527556.9301944,-2.9523001776801214
1710527556.9303079,-2.938990857866075
1710527556.9304214,-2.9253315925598145
1710527556.9305346,-2.912022272745768
1710527556.930648,-2.896261215209961
1710527556.9307616,-2.8801499472724066
1710527556.930875,-2.8622876273261175
1710527556.9309883,-2.84512546327379
1710527556.9311018,-2.8293646706475153
1710527556.9312153,-2.8150044547186956
1710527556.9313285,-2.8030962414211698
1710527556.931442,-2.793989976247152
1710527556.9315555,-2.7862845526801214
1710527556.931669,-2.7775284979078503
1710527556.9317822,-2.7691226535373263
1710527556.9318957,-2.7579148610432944
1710527556.9320092,-2.744255330827501
1710527556.9321227,-2.730245590209961
1710527556.932236,-2.71378411187066
1710527556.9323494,-2.6980230543348522
1710527556.932463,-2.683663103315565
1710527556.9325764,-2.671054204305013
1710527556.9326897,-2.659496201409234
1710527556.9328032,-2.6482884089152017
1710527556.9329166,-2.6381312476264105
1710527556.9330301,-2.624821927812364
1710527556.9331434,-2.6087109247843423
1710527556.9332569,-2.590498129526774
1710527556.9333704,-2.568432754940457
1710527556.9334838,-2.5456669595506454
1710527556.933597,-2.520449426439073
1710527556.9337106,-2.496282524532742
1710527556.933824,-2.4714152018229165
1710527556.9339375,-2.447598510318332
1710527556.9340508,-2.4234316084120007
1710527556.9341643,-2.396813233693441
1710527556.9342778,-2.3677428563435874
1710527556.9343913,-2.335870795779758
1710527556.9345045,-2.2990949948628745
1710527556.934618,-2.259517510732015
1710527556.9347315,-2.2160871823628745
1710527556.934845,-2.169504827923245
1710527556.9349582,-2.1215213669670954
1710527556.9350717,-2.0714363786909313
1710527556.9351852,-2.021351522869534
1710527556.9352987,-1.9688149293263753
1710527556.935412,-1.9141768084632025
1710527556.9355254,-1.8574372927347818
1710527556.935639,-1.7975456184811063
1710527556.9357522,-1.7324001259273953
1710527556.9358656,-1.6644528177049425
1710527556.9359791,-1.5916020340389676
1710527556.9360926,-1.5134976969824896
1710527556.9362059,-1.4325912793477376
1710527556.9363194,-1.3481824927859836
1710527556.9364328,-1.2620223893059623
1710527556.9365463,-1.1734106805589464
1710527556.9366596,-1.0826974444919162
1710527556.936773,-0.990583234363132
1710527556.9368865,-0.8953168657090929
1710527556.937,-0.7979490359624226
1710527556.9371133,-0.6967284944322374
1710527556.9372268,-0.5920055177476671
1710527556.9373403,-0.4823790987332662
1710527556.9374537,-0.36854979064729476
1710527556.937567,-0.2519185178809696
1710527556.9376805,-0.13388626277446747
1710527556.937794,-0.014803284365269873
1710527556.9379075,0.10500072605080074
1710527556.9380207,0.2234063876999749
1710527556.9381342,0.3404107689857483
1710527556.9382477,0.458466112613678
1710527556.9383612,0.5765214893552992
1710527556.9384744,0.6970289680692885
1710527556.938588,0.8203390571806166
1710527556.9387014,0.9461012813780043
1710527556.9388149,1.0743156406614516
1710527556.9389281,1.202880409028795
1710527556.9390416,1.3310947683122423
1710527556.939155,1.45615643925137
1710527556.9392686,1.5777148140801323
1710527556.9393818,1.694719261593289
1710527556.9394953,1.8082205454508462
1710527556.9396088,1.9203205903371174
1710527556.939722,2.029968367682563
1710527556.9398355,2.1392659346262612
1710527556.939949,2.249264187282986
1710527556.9400625,2.3596125178866916
1710527556.9401758,2.466107474433051
1710527556.9402893,2.5698002179463706
1710527556.9404027,2.668588161468506
1710527556.9405162,2.7603700425889754
1710527556.9406295,2.84514586130778
1710527556.940743,2.92221466700236
1710527556.9408565,2.995079623328315
1710527556.94097,3.0626898341708713
1710527556.9410832,3.127147356669108
1710527556.9411967,3.1909041934543185
1710527556.9413102,3.2515083418952093
1710527556.9414237,3.3082591162787542
1710527556.941537,3.362207147810194
1710527556.9416504,3.4091491169399686
1710527556.9417639,3.450135654873318
1710527556.9418774,3.484816551208496
1710527556.9419906,3.5117906994289823
1710527556.942104,3.5338603125678167
1710527556.9422176,3.5524270269605847
1710527556.942331,3.5678407880995007
1710527556.9424443,3.579751385582818
1710527556.9425578,3.591661983066135
1710527556.9426713,3.6004196272956
1710527556.9427848,3.6056743727789984
1710527556.942898,3.608126640319824
1710527556.9430115,3.6074259546067977
1710527556.943125,3.6018209987216525
1710527556.9432385,3.5920121934678817
1710527556.9433517,3.5794009102715387
1710527556.9434652,3.5625860426161022
1710527556.9435787,3.5457709100511337
1710527556.9436922,3.5254528787400985
1710527556.9438055,3.5054850578308105
1710527556.943919,3.484816551208496
1710527556.9440324,3.4641480445861816
1710527556.9441457,3.442428641849094
1710527556.9442592,3.4207095040215387
1710527556.9443727,3.397938940260145
1710527556.9444861,3.3741177452935114
1710527556.9445994,3.3488951789008246
1710527556.9447129,3.3222715059916177
1710527556.9448264,3.2942464616563583
1710527556.9449399,3.2669221030341253
1710527556.945053,3.238546848297119
1710527556.9451666,3.2108720143636065
1710527556.94528,3.185649712880452
1710527556.9453936,3.161127832200792
1710527556.9455068,3.138007058037652
1710527556.9456203,3.1162876553005643
1710527556.9457338,3.094918727874756
1710527556.9458473,3.073549535539415
1710527556.9459605,3.0511297119988336
1710527556.946074,3.0287096235487194
1710527556.9461875,3.0059393246968584
1710527556.946301,2.983169025844998
1710527556.9464142,2.96144962310791
1710527556.9465277,2.9411313268873425
1710527556.9466412,2.923265563117133
1710527556.9467547,2.9085524876912436
1710527556.946868,2.8952405187818737
1710527556.9469814,2.8822790251837835
1710527556.947095,2.869317266676161
1710527556.9472084,2.8556550873650446
1710527556.9473217,2.841292222340902
1710527556.9474351,2.825178040398492
1710527556.9475486,2.8087133831448026
1710527556.947662,2.79259893629286
1710527556.9477754,2.7775353855556912
1710527556.9478889,2.764924102359348
1710527556.9480023,2.7544148763020835
1710527556.9481158,2.744255860646566
1710527556.948229,2.735848161909315
1710527556.9483426,2.725338935852051
1710527556.948456,2.7141287591722274
1710527556.9485693,2.700116369459364
1710527556.9486828,2.684352397918701
1710527556.9487963,2.6668365796407065
1710527556.9489098,2.6482701301574707
1710527556.949023,2.6311047871907554
1710527556.9491365,2.613589233822293
1710527556.94925,2.5978249973720975
1710527556.9493635,2.5820610258314343
1710527556.9494767,2.565946578979492
1710527556.9495902,2.548080815209283
1710527556.9497037,2.5281129942999945
1710527556.9498172,2.503941324022081
1710527556.9499304,2.4773176511128745
1710527556.950044,2.4478912353515625
1710527556.9501574,2.4167135026719833
1710527556.950271,2.3848350842793784
1710527556.9503841,2.3512050840589733
1710527556.9504976,2.317925294240316
1710527556.950611,2.283945083618164
1710527556.9507246,2.2478628158569336
1710527556.9508379,2.2100290987226696
1710527556.9509513,2.168341875076294
1710527556.9510648,2.1242025163438583
1710527556.9511783,2.0748084121280246
1710527556.9512916,2.022611829969618
1710527556.951405,1.9662115308973525
1710527556.9515185,1.907358964284261
1710527556.951632,1.8464046054416232
1710527556.9517453,1.7836986647711859
1710527556.9518588,1.7199416955312092
1710527556.9519722,1.6537327236599393
1710527556.9520857,1.5843707985348172
1710527556.952199,1.5129070811801486
1710527556.9523125,1.438290410571628
1710527556.952426,1.3584191269344754
1710527556.9525394,1.2750448120964897
1710527556.9526527,1.187466647889879
1710527556.9527662,1.0967356628841824
1710527556.9528797,1.0028518570793998
1710527556.952993,0.9065159161885579
1710527556.9531064,0.8080781168407863
1710527556.95322,0.7089396317799886
1710527556.9533334,0.6076992882622613
1710527556.9534466,0.5054080155160692
1710527556.95356,0.3999639219707913
1710527556.9536736,0.2938192089398702
1710527556.953787,0.1838210556242201
1710527556.9539003,0.07067008978790706
1710527556.9540138,-0.04562476028998693
1710527556.9541273,-0.164707750082016
1710527556.9542408,-0.28554194503360325
1710527556.954354,-0.40637615654203624
1710527556.9544675,-0.5265098479059007
1710527556.954581,-0.6445421112908257
1710527556.9546945,-0.7611733675003052
1710527556.9548078,-0.8778046899371676
1710527556.9549212,-0.9933851824866401
1710527556.9550347,-1.1086155308617485
1710527556.9551482,-1.225246720843845
1710527556.9552615,-1.3429288069407146
1710527556.955375,-1.4623619450463188
1710527556.9554884,-1.5810947948031955
1710527556.955602,-1.698076327641805
1710527556.9557152,-1.8126061227586534
1710527556.9558287,-1.9229329956902397
1710527556.9559422,-2.028006182776557
1710527556.9560556,-2.1299272113376193
1710527556.956169,-2.2272949748569064
1710527556.9562824,-2.3225614759657116
1710527556.9563959,-2.41607666015625
1710527556.9565094,-2.509591844346788
1710527556.9566226,-2.6010055012173123
1710527556.956736,-2.6910183164808483
1710527556.9568496,-2.7782289187113443
1710527556.956963,-2.8598358896043563
1710527556.9570763,-2.9368895954555936
1710527556.9571898,-3.006938298543294
1710527556.9573033,-3.069632053375244
1710527556.9574165,-3.1270721223619247
1710527556.95753,-3.1796087159050836
1710527556.9576435,-3.229343361324734
1710527556.957757,-3.276276058620877
1710527556.9578702,-3.320056597391764
1710527556.9579837,-3.3620858192443848
1710527556.9580972,-3.400262461768256
1710527556.9582107,-3.4342360496520996
1710527556.958324,-3.4619053204854326
1710527556.9584374,-3.4850215911865234
1710527556.958551,-3.5025337007310653
1710527556.9586644,-3.5144419140285916
1710527556.9587777,-3.5221473375956216
1710527556.9588912,-3.526700602637397
1710527556.9590046,-3.529152340359158
1710527556.9591181,-3.529502550760905
1710527556.9592314,-3.5288018650478787
1710527556.9593449,-3.5256497065226235
1710527556.9594584,-3.5214469167921276
1710527556.9595718,-3.5140917036268444
1710527556.959685,-3.5042850176493325
1710527556.9597986,-3.4913259082370334
1710527556.959912,-3.475915061102973
1710527556.9600255,-3.457702530754937
1710527556.9601388,-3.4384391042921276
1710527556.9602523,-3.4170741505093045
1710527556.9603658,-3.396409617529975
1710527556.9604793,-3.375044928656684
1710527556.9605925,-3.3533297644721136
1710527556.960706,-3.3330154418945312
1710527556.9608195,-3.313401805029975
1710527556.960933,-3.2923873265584307
1710527556.9610462,-3.2710223727756076
1710527556.9611597,-3.2493072085910373
1710527556.9612732,-3.2258409923977323
1710527556.9613867,-3.2020243008931475
1710527556.9615,-3.1764565573798285
1710527556.9616134,-3.15053833855523
1710527556.961727,-3.1256710158454046
1710527556.9618402,-3.101504113939073
1710527556.9619536,-3.0797892146640353
1710527556.9620671,-3.058774471282959
1710527556.9621806,-3.0409118864271374
1710527556.9622939,-3.0230495664808483
1710527556.9624074,-3.006588088141547
1710527556.9625208,-2.987324661678738
1710527556.9626343,-2.967711024814182
1710527556.9627476,-2.9484475983513727
1710527556.962861,-2.928483751085069
1710527556.9629745,-2.90781921810574
1710527556.963088,-2.889606687757704
1710527556.9632013,-2.8731452094184027
1710527556.9633148,-2.8605363104078503
1710527556.9634283,-2.8486280971103244
1710527556.9635417,-2.83882114622328
1710527556.963655,-2.828313774532742
1710527556.9637685,-2.816055350833469
1710527556.963882,-2.8030962414211698
1710527556.9639955,-2.7880358695983887
1710527556.9641087,-2.7719246016608343
1710527556.9642222,-2.7547627025180392
1710527556.9643357,-2.740752961900499
1710527556.9644492,-2.7270934316847057
1710527556.9645624,-2.716586059994168
1710527556.964676,-2.7081802156236434
1710527556.9647894,-2.6997743712531195
1710527556.9649029,-2.6903176307678223
1710527556.9650161,-2.67910983827379
1710527556.9651296,-2.6661507288614907
1710527556.965243,-2.6503899362352157
1710527556.9653566,-2.6328775617811413
1710527556.9654698,-2.6132639249165854
1710527556.9655833,-2.593650288052029
1710527556.9656968,-2.5743868615892196
1710527556.9658103,-2.5561743312411838
1710527556.9659235,-2.5386619567871094
1710527556.966037,-2.520098951127794
1710527556.9661505,-2.499784893459744
1710527556.9662638,-2.476318677266439
1710527556.9663773,-2.449700037638346
1710527556.9664907,-2.419579029083252
1710527556.9666042,-2.3863058620029025
1710527556.9667175,-2.3498805363972983
1710527556.966831,-2.3117038938734265
1710527556.9669445,-2.272826830546061
1710527556.967058,-2.233599556816949
1710527556.9671712,-2.1929711765713162
1710527556.9672847,-2.1516423755221896
1710527556.9673982,-2.108212047153049
1710527556.9675117,-2.0619799031151667
1710527556.967625,-2.0118949148390026
1710527556.9677384,-1.957607136832343
1710527556.9678519,-1.8994666470421684
1710527556.9679654,-1.8378236558702257
1710527556.9680786,-1.7723279529147677
1710527556.968192,-1.7043806446923149
1710527556.9683056,-1.633981598748101
1710527556.968419,-1.5614810254838731
1710527556.9685323,-1.4875796106126573
1710527556.9686458,-1.4108761151631672
1710527556.9687593,-1.3306702507866752
1710527556.9688728,-1.2490634123484294
1710527556.968986,-1.1625530984666612
1710527556.9690995,-1.0711393753687541
1710527556.969213,-0.9758730067147149
1710527556.9693265,-0.8760534392462836
1710527556.9694397,-0.7727314366234673
1710527556.9695532,-0.665556788444519
1710527556.9696667,-0.5569810999764336
1710527556.9697802,-0.44665422704484725
1710527556.9698935,-0.33527659045325386
1710527556.970007,-0.22354874345991346
1710527556.9701204,-0.11112040115727319
1710527556.970234,0.0034100740837554135
1710527556.9703472,0.12006416916847229
1710527556.9704607,0.23952075176768833
1710527556.9705741,0.3628307912084791
1710527556.9706874,0.4896439446343316
1710527556.9708009,0.617858370145162
1710527556.9709144,0.7471236917707655
1710527556.9710279,0.876038736767239
1710527556.971141,1.0018009609646268
1710527556.9712546,1.125811603334215
1710527556.971368,1.2463190820482042
1710527556.9714816,1.364724768532647
1710527556.9715948,1.4820795589023166
1710527556.9717083,1.6001349025302463
1710527556.9718218,1.718890799416436
1710527556.9719353,1.8386977248721652
1710527556.9720485,1.9585046503278944
1710527556.972162,2.077260547214084
1710527556.9722755,2.1907618310716415
1710527556.972389,2.3007599512736
1710527556.9725022,2.403752009073893
1710527556.9726157,2.4997374746534557
1710527556.9727292,2.592220041486952
1710527556.9728427,2.6790976524353027
1710527556.972956,2.764223681555854
1710527556.9730694,2.8472476535373263
1710527556.973183,2.929571204715305
1710527556.9732964,3.0097926987542047
1710527556.9734097,3.086861504448785
1710527556.9735231,3.1593762503729925
1710527556.9736366,3.2241839832729764
1710527556.97375,3.283737235599094
1710527556.9738634,3.335583474900987
1710527556.9739769,3.380073176489936
1710527556.9740903,3.419658342997233
1710527556.9742038,3.45468971464369
1710527556.974317,3.4865681330362954
1710527556.9744306,3.515994283888075
1710527556.974544,3.5433189074198403
1710527556.9746575,3.5667896270751953
1710527556.9747708,3.5871079232957626
1710527556.9748843,3.6018209987216525
1710527556.9749978,3.611629803975423
1710527556.975111,3.615483178032769
1710527556.9752245,3.615483178032769
1710527556.975338,3.61057890786065
1710527556.9754515,3.602871894836426
1710527556.9755647,3.592362668779161
1710527556.9756782,3.5815029674106174
1710527556.9757917,3.569592105017768
1710527556.9759052,3.5562804010179305
1710527556.9760184,3.541567325592041
1710527556.976132,3.5258030891418457
1710527556.9762454,3.5079373253716364
1710527556.976359,3.4876190291510687
1710527556.9764721,3.465549416012234
1710527556.9765856,3.4406773249308267
1710527556.976699,3.4154547585381403
1710527556.9768126,3.388830820719401
1710527556.9769258,3.361506462097168
1710527556.9770393,3.335232999589708
1710527556.9771528,3.307908640967475
1710527556.9772663,3.281284968058268
1710527556.9773796,3.2571132977803545
1710527556.977493,3.2322412066989474
1710527556.9776065,3.2094709078470864
1710527556.97772,3.184949027167426
1710527556.9778333,3.1600769360860186
1710527556.9779468,3.135204580095079
1710527556.9780602,3.1096318033006454
1710527556.9781737,3.0833583407931857
1710527556.978287,3.058135774400499
1710527556.9784005,3.0336138937208386
1710527556.978514,3.011194070180257
1710527556.9786274,2.9915764596727157
1710527556.9787407,2.972659534878201
1710527556.9788542,2.9558446672227645
1710527556.9789677,2.9397302203708224
1710527556.9790812,2.922915087805854
1710527556.9791944,2.9057497448391385
1710527556.979308,2.88753350575765
1710527556.9794214,2.8675656848483615
1710527556.9795346,2.8489992353651257
1710527556.979648,2.8304327858818903
1710527556.9797616,2.8143183390299478
1710527556.979875,2.8006561597188315
1710527556.9799883,2.7890957726372614
1710527556.9801018,2.7782360712687173
1710527556.9802153,2.7677265803019204
1710527556.9803288,2.757918039957682
1710527556.980442,2.7453067567613387
1710527556.9805555,2.730943891737196
1710527556.980669,2.71553013059828
1710527556.9807825,2.700116369459364
1710527556.9808958,2.6836517122056747
1710527556.9810092,2.669639057583279
1710527556.9811227,2.6563273535834417
1710527556.9812362,2.644416756100125
1710527556.9813495,2.6332065794203015
1710527556.981463,2.6212959819369845
1710527556.9815764,2.6083344883388944
1710527556.98169,2.591869831085205
1710527556.9818032,2.5736535920037165
1710527556.9819167,2.5515837139553494
1710527556.9820302,2.5284632047017417
1710527556.9821436,2.503941324022081
1710527556.982257,2.4783685472276473
1710527556.9823704,2.4534961912367077
1710527556.9824839,2.429674996270074
1710527556.9825974,2.403752009073893
1710527556.9827106,2.377128071255154
1710527556.982824,2.3473517100016275
1710527556.9829376,2.314772605895996
1710527556.983051,2.2783401277330184
1710527556.9831643,2.238054010603163
1710527556.9832778,2.1932140986124673
1710527556.9833913,2.1466224723392062
1710527556.9835048,2.0982793966929116
1710527556.983618,2.0481846067640515
1710527556.9837315,1.995988024605645
1710527556.983845,1.9434412320454915
1710527556.9839582,1.888091829087999
1710527556.9840717,1.829589605331421
1710527556.9841852,1.7679345607757568
1710527556.9842987,1.702426142162747
1710527556.984412,1.6344654560089111
1710527556.9845254,1.5594985749986436
1710527556.984639,1.4834807978736029
1710527556.9847524,1.402558618121677
1710527556.9848657,1.321986648771498
1710527556.9849792,1.2372109625074599
1710527556.9850926,1.1513843801286485
1710527556.9852061,1.0627553198072646
1710527556.9853194,0.9741262594858805
1710527556.9854329,0.8816437588797675
1710527556.9855464,0.7867089907328287
1710527556.9856598,0.6882711913850572
1710527556.985773,0.5859798855251735
1710527556.9858866,0.4805358250935872
1710527556.986,0.37088798152075875
1710527556.9861135,0.25808733370569015
1710527556.9862268,0.1438854303624895
1710527556.9863403,0.027581643727090623
1710527556.9864538,-0.0876540525092019
1710527556.9865673,-0.2032345864507887
1710527556.9866805,-0.31811465819676715
1710527556.986794,-0.43299469682905406
1710527556.9869075,-0.5499762296676636
1710527556.987021,-0.66765824953715
1710527556.9871342,-0.7874416642718844
1710527556.9872477,-0.908976395924886
1710527556.9873612,-1.0329627990722656
1710527556.9874747,-1.157299412621392
1710527556.987588,-1.2798848417070177
1710527556.9877014,-1.400018533070882
1710527556.987815,-1.5162996451059976
1710527556.9879284,-1.628727912902832
1710527556.9880416,-1.7380040221744113
1710527556.9881551,-1.8448285261789956
1710527556.9882686,-1.9492012924618192
1710527556.9883819,-2.0546246899498835
1710527556.9884953,-2.15864724583096
1710527556.9886088,-2.26266966925727
1710527556.9887223,-2.3642404874165854
1710527556.9888356,-2.4633595678541393
1710527556.988949,-2.5565245416429305
1710527556.9890625,-2.6437351438734265
1710527556.989176,-2.7263927459716797
1710527556.9892893,-2.802395820617676
1710527556.9894028,-2.8724445237053766
1710527556.9895163,-2.9400417539808483
1710527556.9896297,-3.005186981625027
1710527556.989743,-3.066479894849989
1710527556.9898565,-3.1277725431654186
1710527556.98997,-3.1859130329555936
1710527556.9900835,-3.239850733015272
1710527556.9901967,-3.289235168033176
1710527556.9903102,-3.3323150210910373
1710527556.9904237,-3.3687403466966415
1710527556.9905372,-3.400262461768256
1710527556.9906504,-3.4268808364868164
1710527556.990764,-3.4482457902696395
1710527556.9908774,-3.467159006330702
1710527556.9909909,-3.484320905473497
1710527556.9911041,-3.4993815422058105
1710527556.9912176,-3.5119901763068304
1710527556.991331,-3.5228477583991156
1710527556.9914446,-3.529852761162652
1710527556.9915578,-3.5330049196879068
1710527556.9916713,-3.5330049196879068
1710527556.9917848,-3.5281014442443848
1710527556.9918983,-3.5200458102756076
1710527556.9920115,-3.509538438585069
1710527556.992125,-3.4962293836805554
1710527556.9922385,-3.481518957349989
1710527556.992352,-3.465758164723714
1710527556.9924653,-3.449296686384413
1710527556.9925787,-3.432484997643365
1710527556.9926922,-3.41497262318929
1710527556.9928055,-3.397110303243001
1710527556.992919,-3.3767959806654186
1710527556.9930325,-3.356481922997369
1710527556.993146,-3.3330154418945312
1710527556.9932592,-3.3088488048977323
1710527556.9933727,-3.2839814821879068
1710527556.9934862,-3.258413473765055
1710527556.9935997,-3.232495519849989
1710527556.993713,-3.207628197140164
1710527556.9938264,-3.1841617160373263
1710527556.9939399,-3.1613959206475153
1710527556.9940534,-3.141782283782959
1710527556.9941666,-3.1225188573201494
1710527556.99428,-3.1039558516608343
1710527556.9943936,-3.084342214796278
1710527556.994507,-3.064378367529975
1710527556.9946203,-3.0433636241488986
1710527556.9947338,-3.021298249562581
1710527556.9948473,-2.9988826645745172
1710527556.9949608,-2.97821839650472
1710527556.995074,-2.9589549700419107
1710527556.9951875,-2.9414425955878363
1710527556.995301,-2.926382223765055
1710527556.9954145,-2.913773324754503
1710527556.9955277,-2.901164690653483
1710527556.9956412,-2.8882055812411838
1710527556.9957547,-2.8741958406236434
1710527556.9958682,-2.8587849934895835
1710527556.9959815,-2.841623094346788
1710527556.996095,-2.824461195203993
1710527556.9962084,-2.8079997168646917
1710527556.996322,-2.7925888697306314
1710527556.9964352,-2.7799802356296115
1710527556.9965487,-2.7698230743408203
1710527556.9966621,-2.761067019568549
1710527556.9967756,-2.753011385599772
1710527556.9968889,-2.743204434712728
1710527556.9970024,-2.732697327931722
1710527556.9971159,-2.7197382185194225
1710527556.997229,-2.7039771609836154
1710527556.9973426,-2.687865893046061
1710527556.997456,-2.670353783501519
1710527556.9975696,-2.6538923051622176
1710527556.9976828,-2.638831933339437
1710527556.9977963,-2.6251724031236434
1710527556.9979098,-2.6122132937113443
1710527556.9980233,-2.5982035530938044
1710527556.9981365,-2.5831429163614907
1710527556.99825,-2.5645801756117077
1710527556.9983635,-2.5439156426323786
1710527556.998477,-2.519048319922553
1710527556.9985902,-2.49278015560574
1710527556.9987037,-2.4644101990593805
1710527556.9988172,-2.4349898762173123
1710527556.9989307,-2.4055692884657116
1710527556.999044,-2.3761487007141113
1710527556.9991574,-2.346027692159017
1710527556.999271,-2.3145058419969344
1710527556.9993844,-2.2808824645148382
1710527556.9994977,-2.2430560323927136
1710527556.9996111,-2.2017272313435874
1710527556.9997246,-2.1572462717692056
1710527556.999838,-2.107161283493042
1710527556.9999514,-2.0539242691463895
1710527557.0000648,-1.9989359378814697
1710527557.0001783,-1.941145658493042
1710527557.0002918,-1.8819544050428603
1710527557.000405,-1.8203114138709173
1710527557.0005186,-1.7569172382354736
1710527557.000632,-1.6907211144765217
1710527557.0007455,-1.6210226217905679
1710527557.0008588,-1.54852204852634
1710527557.0009723,-1.471468342675103
1710527557.0010858,-1.390561925040351
1710527557.0011992,-1.304401954015096
1710527557.0013125,-1.2154399024115667
1710527557.001426,-1.1222750610775418
1710527557.0015395,-1.0273589028252494
1710527557.0016527,-0.9296407964494493
1710527557.0017662,-0.830871926413642
1710527557.0018797,-0.7300016615125868
1710527557.0019932,-0.6284309095806545
1710527557.0021064,-0.5251088738441467
1710527557.00222,-0.4186346795823839
1710527557.0023334,-0.30900829368167454
1710527557.002447,-0.19377799497710332
1710527557.0025601,-0.076446243458324
1710527557.0026736,0.04474695771932602
1710527557.002787,0.1680569847424825
1710527557.0029006,0.29311858945422703
1710527557.0030138,0.41677892208099365
1710527557.0031273,0.5397386352221171
1710527557.0032408,0.6609468327628242
1710527557.0033543,0.7811040348476833
1710527557.0034676,0.9016115797890557
1710527557.003581,1.0228196779886882
1710527557.0036945,1.1447285281287298
1710527557.003808,1.2701404094696045
1710527557.0039213,1.3969535297817655
1710527557.0040348,1.5244673358069525
1710527557.0041482,1.6498792171478271
1710527557.0042617,1.772838963402642
1710527557.004375,1.8905439641740587
1710527557.0044885,2.003344694773356
1710527557.004602,2.1119415760040283
1710527557.0047154,2.214583158493042
1710527557.0048287,2.3168743981255426
1710527557.0049422,2.416012816958957
1710527557.0050557,2.5158519215053983
1710527557.0051692,2.6132387585110135
1710527557.0052824,2.7099251747131348
1710527557.005396,2.8027579519483776
1710527557.0055094,2.8899857732984753
1710527557.0056229,2.9705577426486545
1710527557.005736,3.043772909376356
1710527557.0058496,3.110332489013672
1710527557.005963,3.1705861621432834
1710527557.0060763,3.226636250813802
1710527557.0061898,3.2781322797139483
1710527557.0063033,3.3285771475897894
1710527557.0064168,3.37621980243259
1710527557.00653,3.4221106105380588
1710527557.0066435,3.4630971484714084
1710527557.006757,3.499880101945665
1710527557.0068705,3.5303571489122176
1710527557.0069838,3.5555797153049045
1710527557.0070972,3.5744966400994196
1710527557.0072107,3.587808609008789
1710527557.0073242,3.59726693895128
1710527557.0074375,3.603922790951199
1710527557.007551,3.6074259546067977
1710527557.0076644,3.6102284325493708
1710527557.007778,3.610929118262397
1710527557.0078912,3.6095277468363443
1710527557.0080047,3.6056743727789984
1710527557.0081182,3.5976171493530273
1710527557.0082316,3.5871079232957626
1710527557.008345,3.5734457439846463
1710527557.0084584,3.5562804010179305
1710527557.0085719,3.5359621047973633
1710527557.0086854,3.514593177371555
1710527557.0087986,3.492173088921441
1710527557.008912,3.4687021043565536
1710527557.0090256,3.445231384701199
1710527557.009139,3.4207095040215387
1710527557.0092523,3.396537833743625
1710527557.0093658,3.373066849178738
1710527557.0094793,3.3488951789008246
1710527557.0095928,3.324023087819417
1710527557.009706,3.2977496253119574
1710527557.0098195,3.271826638115777
1710527557.009933,3.2441518041822643
1710527557.0100465,3.2168274455600314
1710527557.0101597,3.1884521908230252
1710527557.0102732,3.161127832200792
1710527557.0103867,3.135204580095079
1710527557.0105,3.1099820137023926
1710527557.0106134,3.088262610965305
1710527557.010727,3.067243893941243
1710527557.0108404,3.046225176917182
1710527557.0109537,3.0262573560078936
1710527557.0110672,3.0052386389838324
1710527557.0111806,2.983869446648492
1710527557.0112941,2.96144962310791
1710527557.0114074,2.9397302203708224
1710527557.0115209,2.9180108176337347
1710527557.0116343,2.898743682437473
1710527557.0117478,2.8815783394707575
1710527557.011861,2.8661645783318415
1710527557.0119746,2.853203084733751
1710527557.012088,2.8409420119391546
1710527557.0122015,2.830082310570611
1710527557.0123148,2.817821502685547
1710527557.0124283,2.803458637661404
1710527557.0125418,2.788395086924235
1710527557.0126553,2.7719304296705456
1710527557.0127685,2.7558159828186035
1710527557.012882,2.7400520112779403
1710527557.0129955,2.726389831966824
1710527557.013109,2.7144792344835067
1710527557.0132222,2.703619533114963
1710527557.0133357,2.6934605174594455
1710527557.0134492,2.6829510264926486
1710527557.0135627,2.670339743296305
1710527557.013676,2.6552764574686685
1710527557.0137894,2.638811800214979
1710527557.013903,2.619544400109185
1710527557.0140164,2.598876158396403
1710527557.0141296,2.578908337487115
1710527557.0142431,2.5589405165778265
1710527557.0143566,2.5400235917833114
1710527557.01447,2.5214568773905435
1710527557.0145833,2.502539952596029
1710527557.0146968,2.4822219212849936
1710527557.0148103,2.4594516224331326
1710527557.0149236,2.4331781599256725
1710527557.015037,2.403752009073893
1710527557.0151505,2.3708224296569824
1710527557.015264,2.3350906372070312
1710527557.0153773,2.2986581590440536
1710527557.0154908,2.26012388865153
1710527557.0156043,2.2212390104929605
1710527557.0157177,2.1809531582726374
1710527557.015831,2.1396162774827743
1710527557.0159445,2.095476918750339
1710527557.016058,2.0481846067640515
1710527557.0161715,1.9977396064334445
1710527557.0162847,1.9430908891889784
1710527557.0163982,1.8831874264611137
1710527557.0165117,1.8204814857906766
1710527557.0166252,1.7542723814646402
1710527557.0167384,1.6856111420525444
1710527557.016852,1.614847977956136
1710527557.0169654,1.541983021630181
1710527557.0170789,1.4673663510216606
1710527557.0171921,1.3902976777818468
1710527557.0173056,1.310426394144694
1710527557.017419,1.2281028429667156
1710527557.0175326,1.1405246787601047
1710527557.0176458,1.0501441028383043
1710527557.0177593,0.9552094009187486
1710527557.0178728,0.856771535343594
1710527557.0179863,0.7551809151967366
1710527557.0180995,0.6514883703655666
1710527557.018213,0.5449933475918239
1710527557.0183265,0.4377976722187466
1710527557.01844,0.32990141047371757
1710527557.0185533,0.22130449612935382
1710527557.0186667,0.11130635109212664
1710527557.0187802,0.00025726080315911933
1710527557.0188937,-0.11357211404376559
1710527557.019007,-0.2295028997792138
1710527557.0191205,-0.3478853901227315
1710527557.019234,-0.46836935811572605
1710527557.0193472,-0.5906045436859131
1710527557.0194607,-0.7131899727715386
1710527557.0195742,-0.8350749148262872
1710527557.0196877,-0.9548583295610216
1710527557.019801,-1.071839862399631
1710527557.0199144,-1.1867198679182265
1710527557.0200279,-1.299848821428087
1710527557.0201414,-1.4122770892249212
1710527557.0202546,-1.5243551466200087
1710527557.020368,-1.637133757273356
1710527557.0204816,-1.7513133419884575
1710527557.020595,-1.864442163043552
1710527557.0207083,-1.9768705632951524
1710527557.0208218,-2.086146672566732
1710527557.0209353,-2.1901692284478083
1710527557.0210488,-2.2903389400906033
1710527557.021162,-2.3845545450846353
1710527557.0212755,-2.4749175707499185
1710527557.021389,-2.5600269105699325
1710527557.0215025,-2.6437351438734265
1710527557.0216157,-2.7260425355699325
1710527557.0217292,-2.8062483999464245
1710527557.0218427,-2.884703212314182
1710527557.0219562,-2.960005601247152
1710527557.0220695,-3.0311052004496255
1710527557.022183,-3.0962506930033364
1710527557.0222964,-3.154741393195258
1710527557.02241,-3.20692777633667
1710527557.0225232,-3.2528095775180392
1710527557.0226367,-3.2930877473619247
1710527557.0227501,-3.3295130729675293
1710527557.0228636,-3.3634866608513727
1710527557.0229769,-3.3946585655212402
1710527557.0230904,-3.4247795740763345
1710527557.0232038,-3.4510477383931475
1710527557.0233173,-3.473813798692491
1710527557.0234306,-3.4927267498440213
1710527557.023544,-3.5063862800598145
1710527557.0236576,-3.5161932309468584
1710527557.0237708,-3.5207464959886337
1710527557.0238843,-3.5203960206773544
1710527557.0239978,-3.5172438621520996
1710527557.0241113,-3.5137414932250977
1710527557.0242245,-3.5074371761745877
1710527557.024338,-3.5000819630093045
1710527557.0244515,-3.4913259082370334
1710527557.024565,-3.4829200638665094
1710527557.0246782,-3.471712271372477
1710527557.0247917,-3.458753161960178
1710527557.0249052,-3.4433423148261175
1710527557.0250187,-3.4251297844780817
1710527557.025132,-3.405866358015272
1710527557.0252454,-3.383450773027208
1710527557.025359,-3.3610351880391436
1710527557.0254724,-3.3368682861328125
1710527557.0255857,-3.313401805029975
1710527557.0256991,-3.2888846927218967
1710527557.0258126,-3.2657686869303384
1710527557.025926,-3.2444037331475153
1710527557.0260394,-3.223739465077718
1710527557.0261528,-3.201323880089654
1710527557.0262663,-3.180309136708577
1710527557.0263798,-3.1571931309170194
1710527557.026493,-3.1333764394124346
1710527557.0266066,-3.1085091167026095
1710527557.02672,-3.083641793992784
1710527557.0268335,-3.058774471282959
1710527557.0269468,-3.0346075693766275
1710527557.0270603,-3.0135930909050836
1710527557.0271738,-2.993979189130995
1710527557.0272872,-2.977167500389947
1710527557.0274005,-2.961406707763672
1710527557.027514,-2.9459958606296115
1710527557.0276275,-2.9302348030938044
1710527557.027741,-2.9130729039510093
1710527557.0278542,-2.89521058400472
1710527557.0279677,-2.8755966822306314
1710527557.0280812,-2.8566837310791016
1710527557.0281944,-2.840572463141547
1710527557.028308,-2.825862036810981
1710527557.0284214,-2.813253402709961
1710527557.028535,-2.8030962414211698
1710527557.0286481,-2.7950406074523926
1710527557.0287616,-2.7859343422783747
1710527557.028875,-2.7757771809895835
1710527557.0289886,-2.765269809299045
1710527557.0291018,-2.752310964796278
1710527557.0292153,-2.737951013776991
1710527557.0293288,-2.7225401666429305
1710527557.0294423,-2.7081802156236434
1710527557.0295556,-2.6955713166130915
1710527557.029669,-2.6847137345208063
1710527557.0297825,-2.6749070485432944
1710527557.029896,-2.6661507288614907
1710527557.0300093,-2.656694253285726
1710527557.0301228,-2.6454864607916937
1710527557.0302362,-2.6318269305759006
1710527557.0303497,-2.615715662638346
1710527557.030463,-2.59610202577379
1710527557.0305765,-2.574036651187473
1710527557.03069,-2.5519712766011557
1710527557.0308034,-2.5292054812113443
1710527557.0309167,-2.506439685821533
1710527557.0310302,-2.4843743112352157
1710527557.0311437,-2.4619584613376193
1710527557.0312572,-2.4377918243408203
1710527557.0313704,-2.410472763909234
1710527557.031484,-2.3803517553541393
1710527557.0315974,-2.346377902560764
1710527557.0317109,-2.3089019457499185
1710527557.031824,-2.267222934299045
1710527557.0319376,-2.224843237135145
1710527557.032051,-2.180012067159017
1710527557.0321646,-2.1341301335228815
1710527557.0322778,-2.087197436226739
1710527557.0323913,-2.0385135544670954
1710527557.0325048,-1.9873778025309243
1710527557.032618,-1.9341407881842718
1710527557.0327315,-1.877050929599338
1710527557.032845,-1.8161084916856554
1710527557.0329585,-1.7499123679267035
1710527557.0330718,-1.6798635323842366
1710527557.0331852,-1.6056117746565077
1710527557.0332987,-1.5278576480017767
1710527557.0334122,-1.447301573223538
1710527557.0335255,-1.3639434178670247
1710527557.033639,-1.2791844209035237
1710527557.0337524,-1.1909227901034884
1710527557.033866,-1.1012603839238484
1710527557.0339792,-1.0091461737950642
1710527557.0340927,-0.9135295285118951
1710527557.0342062,-0.8144105143017238
1710527557.0343196,-0.7110885116789076
1710527557.034433,-0.6032133102416992
1710527557.0345464,-0.49148546324835884
1710527557.0346599,-0.37695563501781887
1710527557.0347733,-0.2596238917774624
1710527557.0348866,-0.14124138487709892
1710527557.035,-0.02320914218823115
1710527557.0351136,0.09449135098192427
1710527557.035227,0.2121963765886095
1710527557.0353403,0.329551100730896
1710527557.0354538,0.44830706384446883
1710527557.0355673,0.5695152282714844
1710527557.0356808,0.6931755940119425
1710527557.035794,0.8199887143241035
1710527557.0359075,0.9482031398349338
1710527557.036021,1.0774684614605374
1710527557.0361345,1.2049822012583415
1710527557.0362477,1.330043872197469
1710527557.0363612,1.4523029327392578
1710527557.0364747,1.5693073802524142
1710527557.0365882,1.683859560224745
1710527557.0367014,1.795609262254503
1710527557.036815,1.906658411026001
1710527557.0369284,2.018057770199246
1710527557.0370417,2.129807472229004
1710527557.0371552,2.240156067742242
1710527557.0372686,2.3505043983459473
1710527557.0373821,2.456999354892307
1710527557.0374954,2.557889355553521
1710527557.0376089,2.65317440032959
1710527557.0377223,2.740752696990967
1710527557.0378358,2.822725772857666
1710527557.037949,2.898743682437473
1710527557.0380626,2.9719588491651745
1710527557.038176,3.042722013261583
1710527557.0382895,3.111383385128445
1710527557.0384028,3.1786433855692544
1710527557.0385163,3.242400222354465
1710527557.0386298,3.3016029993693032
1710527557.0387433,3.3552008204989963
1710527557.0388565,3.403544161054823
1710527557.03897,3.442779117160373
1710527557.0390835,3.476759327782525
1710527557.039197,3.5051345825195312
1710527557.0393102,3.5282553566826715
1710527557.0394237,3.5496242841084795
1710527557.0395372,3.5674903127882214
1710527557.0396507,3.583604759640164
1710527557.039764,3.5969167285495334
1710527557.0398774,3.6074259546067977
1710527557.039991,3.6137315962049694
1710527557.0401044,3.6161838637457953
1710527557.0402176,3.6130309104919434
1710527557.0403311,3.6063750584920244
1710527557.0404446,3.595165146721734
1710527557.040558,3.5822033882141113
1710527557.0406713,3.5667896270751953
1710527557.0407848,3.549974759419759
1710527557.0408983,3.5328094164530435
1710527557.0410118,3.514593177371555
1710527557.041125,3.4963769382900662
1710527557.0412385,3.477460013495551
1710527557.041352,3.457141982184516
1710527557.0414653,3.4354225794474282
1710527557.0415788,3.4126522805955672
1710527557.0416923,3.388830820719401
1710527557.0418057,3.3629078335232205
1710527557.041919,3.3362841606140137
1710527557.0420325,3.307908640967475
1710527557.042146,3.2809347576565213
1710527557.0422595,3.253610399034288
1710527557.0423727,3.2280373573303223
1710527557.0424862,3.202815055847168
1710527557.0425997,3.1796942816840277
1710527557.0427132,3.1562232971191406
1710527557.0428264,3.1334529982672796
1710527557.04294,3.1099820137023926
1710527557.0430534,3.086861504448785
1710527557.0431669,3.0619894133673773
1710527557.0432801,3.0371170573764377
1710527557.0433936,3.0125951766967773
1710527557.043507,2.988773981730143
1710527557.0436206,2.967755264706082
1710527557.0437338,2.947436968485514
1710527557.0438473,2.930622100830078
1710527557.0439608,2.915208339691162
1710527557.0440743,2.900144788953993
1710527557.0441875,2.88578192392985
1710527557.044301,2.87141932381524
1710527557.0444145,2.8553048769632974
1710527557.044528,2.838139533996582
1710527557.0446413,2.8220250871446395
1710527557.0447547,2.8045095337761774
1710527557.0448682,2.789445983039008
1710527557.0449817,2.776484489440918
1710527557.045095,2.765624788072374
1710527557.0452085,2.756166458129883
1710527557.045322,2.7470583385891385
1710527557.0454354,2.737599743737115
1710527557.0455487,2.726039621565077
1710527557.0456622,2.7130778630574546
1710527557.0457757,2.6973138915167914
1710527557.045889,2.680849234263102
1710527557.0460024,2.6640341016981335
1710527557.0461159,2.6486203405592175
1710527557.0462294,2.6332065794203015
1710527557.0463426,2.619544400109185
1710527557.046456,2.6055320103963218
1710527557.0465696,2.591519355773926
1710527557.046683,2.5761055946350098
1710527557.0467963,2.557889355553521
1710527557.0469098,2.535819742414686
1710527557.0470233,2.511297861735026
1710527557.0471368,2.484674188825819
1710527557.04725,2.456298934088813
1710527557.0473635,2.425821622212728
1710527557.047477,2.396044996049669
1710527557.0475905,2.3652174737718368
1710527557.0477037,2.333339055379232
1710527557.0478172,2.3011104265848794
1710527557.0479307,2.2657288445366754
1710527557.0480442,2.226844098832872
1710527557.0481575,2.18445618947347
1710527557.048271,2.138215038511488
1710527557.0483844,2.087770038180881
1710527557.048498,2.0341720845964217
1710527557.0486112,1.9784724712371826
1710527557.0487247,1.9210211435953775
1710527557.0488381,1.860767470465766
1710527557.0489516,1.7998129791683621
1710527557.0490649,1.7367568280961778
1710527557.0491784,1.6708979341718886
1710527557.0492918,1.6015361415015326
1710527557.0494053,1.529371738433838
1710527557.0495186,1.453003618452284
1710527557.049632,1.371731095843845
1710527557.0497456,1.28730575243632
1710527557.049859,1.1997275882297092
1710527557.0499723,1.1082959837383695
1710527557.0500858,1.0158134831322563
1710527557.0501993,0.9208787149853176
1710527557.0503125,0.8248931169509888
1710527557.050426,0.7271558708614773
1710527557.0505395,0.6273167663150363
1710527557.050653,0.5253758364253573
1710527557.0507662,0.4202820526229011
1710527557.0508797,0.31238579087787205
1710527557.0509932,0.20098638203408983
1710527557.0511067,0.0860838426484002
1710527557.05122,-0.03126475546095106
1710527557.0513334,-0.15174870689709982
1710527557.051447,-0.27188243137465584
1710527557.0515604,-0.39166589577992755
1710527557.0516737,-0.510748889711168
1710527557.0517871,-0.6277304225497775
1710527557.0519006,-0.74366119172838
1710527557.052014,-0.8595919609069824
1710527557.0521274,-0.9765734937455919
1710527557.0522408,-1.0942555136150784
1710527557.0523543,-1.2140389283498128
1710527557.0524678,-1.3345229625701904
1710527557.052581,-1.4546566539340549
1710527557.0526946,-1.5733893712361653
1710527557.052808,-1.6886197196112738
1710527557.0529215,-1.8003475666046143
1710527557.0530348,-1.9075221485561795
1710527557.0531483,-2.009793519973755
1710527557.0532618,-2.10996323161655
1710527557.0533752,-2.2073311275906033
1710527557.0534885,-2.3022471533881292
1710527557.053602,-2.3978638648986816
1710527557.0537155,-2.4920794698927136
1710527557.053829,-2.584544022878011
1710527557.0539422,-2.674556838141547
1710527557.0540557,-2.759315702650282
1710527557.0541692,-2.839521567026774
1710527557.0542827,-2.912022272745768
1710527557.054396,-2.9789188173082137
1710527557.0545094,-3.0409118864271374
1710527557.054623,-3.0976515346103244
1710527557.0547361,-3.152289655473497
1710527557.0548496,-3.2037756178114147
1710527557.054963,-3.2545608944363065
1710527557.0550766,-3.301843802134196
1710527557.0551898,-3.346324761708577
1710527557.0553033,-3.386252721150716
1710527557.0554168,-3.4202263090345593
1710527557.0555303,-3.4489462110731335
1710527557.0556436,-3.471712271372477
1710527557.055757,-3.4899248017205133
1710527557.0558705,-3.5032341215345593
1710527557.055984,-3.5133912828233504
1710527557.0560973,-3.5207464959886337
1710527557.0562108,-3.526700602637397
1710527557.0563242,-3.5312536027696395
1710527557.0564377,-3.5330049196879068
1710527557.056551,-3.532304498884413
1710527557.0566645,-3.5288018650478787
1710527557.056778,-3.5221473375956216
1710527557.0568914,-3.5116399659050836
1710527557.0570047,-3.4976302252875433
1710527557.0571182,-3.481869167751736
1710527557.0572317,-3.4636566374037
1710527557.0573452,-3.444393210940891
1710527557.0574584,-3.423728677961561
1710527557.057572,-3.403064409891764
1710527557.0576854,-3.381699456108941
1710527557.0577989,-3.3606847127278643
1710527557.057912,-3.3400204446580672
1710527557.0580256,-3.318305280473497
1710527557.058139,-3.29623990588718
1710527557.0582526,-3.272773689693875
1710527557.0583658,-3.24755589167277
1710527557.0584793,-3.221988148159451
1710527557.0585928,-3.1953695085313583
1710527557.0587063,-3.1680507130093045
1710527557.0588195,-3.142482704586453
1710527557.058933,-3.1179655922783747
1710527557.0590465,-3.0948495864868164
1710527557.0591598,-3.0748857392205133
1710527557.0592732,-3.05492189195421
1710527557.0593867,-3.0370593070983887
1710527557.0595002,-3.0188465118408203
1710527557.0596135,-3.0002837710910373
1710527557.059727,-2.979969448513455
1710527557.0598404,-2.959305180443658
1710527557.059954,-2.9382904370625815
1710527557.0600672,-2.917626168992784
1710527557.0601807,-2.898712952931722
1710527557.0602942,-2.8829518953959146
1710527557.0604076,-2.8682417339748807
1710527557.060521,-2.855983045366075
1710527557.0606344,-2.84512546327379
1710527557.0607479,-2.8342678811815047
1710527557.0608613,-2.821309036678738
1710527557.0609746,-2.8072992960611978
1710527557.061088,-2.7915382385253906
1710527557.0612016,-2.7750767601860895
1710527557.061315,-2.759315702650282
1710527557.0614283,-2.744605541229248
1710527557.0615418,-2.731646431816949
1710527557.0616553,-2.72148953543769
1710527557.0617688,-2.713083691067166
1710527557.061882,-2.7057284779018826
1710527557.0619955,-2.6966222127278647
1710527557.062109,-2.6868152618408203
1710527557.0622225,-2.674556838141547
1710527557.0623357,-2.659846411810981
1710527557.0624492,-2.6433849334716797
1710527557.0625627,-2.6269234551323786
1710527557.0626762,-2.6087109247843423
1710527557.0627894,-2.592249446445041
1710527557.062903,-2.5778892305162215
1710527557.0630164,-2.5624786482916937
1710527557.06313,-2.5474180115593805
1710527557.0632432,-2.5302561124165854
1710527557.0633566,-2.510292265150282
1710527557.0634701,-2.486125363243951
1710527557.0635834,-2.458806302812364
1710527557.0636969,-2.429035504659017
1710527557.0638103,-2.3954121271769204
1710527557.0639238,-2.3610883288913302
1710527557.064037,-2.3253634240892196
1710527557.0641506,-2.288587623172336
1710527557.064264,-2.2532131936815047
1710527557.0643775,-2.2146862083011203
1710527557.0644908,-2.1737077501085067
1710527557.0646043,-2.1299272113376193
1710527557.0647178,-2.0822939607832165
1710527557.0648313,-2.030107577641805
1710527557.0649445,-1.9747690359751382
1710527557.065058,-1.9141768084632025
1710527557.0651715,-1.8511329756842718
1710527557.065285,-1.785637272728814
1710527557.0653982,-1.718390385309855
1710527557.0655117,-1.6483415497673881
1710527557.0656252,-1.5758411089579263
1710527557.0657387,-1.5022897720336914
1710527557.065852,-1.4248858557807074
1710527557.0659654,-1.3439795706007216
1710527557.066079,-1.2588702307807074
1710527557.0661924,-1.1716594960954454
1710527557.0663056,-1.078144245677524
1710527557.0664191,-0.980075928899977
1710527557.0665326,-0.8788553873697916
1710527557.066646,-0.7762338717778523
1710527557.0667593,-0.670109921031528
1710527557.0668728,-0.5636357598834567
1710527557.0669863,-0.45611080196168685
1710527557.0670998,-0.347535146607293
1710527557.067213,-0.23755851719114515
1710527557.0673265,-0.126531140671836
1710527557.06744,-0.012701820168230269
1710527557.0675535,0.10465041630797915
1710527557.0676668,0.22620888219939336
1710527557.0677803,0.35056985086864895
1710527557.0678937,0.47843393352296615
1710527557.068007,0.6059477064344618
1710527557.0681205,0.733811789088779
1710527557.068234,0.8588733938005235
1710527557.0683475,0.9821834166844685
1710527557.0684607,1.103041304482354
1710527557.0685742,1.2224978870815701
1710527557.0686877,1.3416041268242729
1710527557.0688012,1.4614110522800021
1710527557.0689144,1.5822688738505044
1710527557.069028,1.7041777239905462
1710527557.0691414,1.826787127388848
1710527557.0692549,1.9476449489593506
1710527557.0693681,2.064299053615994
1710527557.0694816,2.176749308904012
1710527557.069595,2.2821935017903647
1710527557.0697086,2.382733292049832
1710527557.0698218,2.4773176511128745
1710527557.0699353,2.568749056922065
1710527557.0700488,2.6570280392964682
1710527557.0701623,2.7449562814500594
1710527557.0702755,2.8314836819966636
1710527557.070389,2.915558550092909
1710527557.0705025,2.9975318908691406
1710527557.070616,3.0742502212524414
1710527557.0707293,3.1443126996358233
1710527557.0708427,3.20736911561754
1710527557.0709562,3.2641196250915527
1710527557.0710697,3.31351359685262
1710527557.071183,3.357302877638075
1710527557.0712965,3.3982894155714245
1710527557.07141,3.4368236859639483
1710527557.0715234,3.4722052680121527
1710527557.0716367,3.5054850578308105
1710527557.0717502,3.535611894395616
1710527557.0718637,3.561535146501329
1710527557.0719771,3.5822033882141113
1710527557.0720904,3.5976171493530273
1710527557.0722039,3.6067252688937717
1710527557.0723174,3.610929118262397
1710527557.0724306,3.6112793286641436
1710527557.072544,3.608126640319824
1710527557.0726576,3.6018209987216525
1710527557.072771,3.5944644610087075
1710527557.0728843,3.58570655186971
1710527557.0729978,3.5751973258124456
1710527557.0731113,3.5646878348456488
1710527557.0732248,3.5492740737067328
1710527557.073338,3.5328094164530435
1710527557.0734515,3.514593177371555
1710527557.073565,3.4925235642327204
1710527557.0736785,3.469052579667833
1710527557.0737917,3.4445306989881725
1710527557.0739052,3.4175565507676864
1710527557.0740187,3.3905824025472002
1710527557.0741322,3.363958729637994
1710527557.0742455,3.3366343710157604
1710527557.074359,3.311061594221327
1710527557.0744724,3.2854888174268932
1710527557.074586,3.2606164614359536
1710527557.0746992,3.2360945807562933
1710527557.0748127,3.2105218039618597
1710527557.0749261,3.184949027167426
1710527557.0750396,3.1583253542582193
1710527557.0751529,3.1324021021525064
1710527557.0752664,3.1047275331285262
1710527557.0753798,3.0781035953097873
1710527557.0754933,3.053581714630127
1710527557.0756066,3.030811415778266
1710527557.07572,3.0094424883524575
1710527557.0758336,2.9901750882466636
1710527557.075947,2.9730100101894803
1710527557.0760603,2.9558446672227645
1710527557.0761738,2.9390295346577964
1710527557.0762873,2.9211635059780545
1710527557.0764008,2.9025970564948187
1710527557.076514,2.8829794459872775
1710527557.0766275,2.8637123107910156
1710527557.076741,2.8468974431355796
1710527557.0768542,2.8304327858818903
1710527557.0769677,2.8171208169725204
1710527557.0770812,2.8062611156039767
1710527557.0771947,2.796452310350206
1710527557.077308,2.7866435050964355
1710527557.0774214,2.7768349647521973
1710527557.077535,2.764924102359348
1710527557.0776484,2.7516123983595104
1710527557.0777617,2.7365488476223416
1710527557.0778751,2.720434400770399
1710527557.0779886,2.7057213253445096
1710527557.078102,2.691358460320367
1710527557.0782154,2.6790976524353027
1710527557.0783288,2.667887740665012
1710527557.0784423,2.656677563985189
1710527557.0785558,2.645467652214898
1710527557.078669,2.6328563690185547
1710527557.0787826,2.6174426078796387
1710527557.078896,2.599927054511176
1710527557.0790095,2.579608758290609
1710527557.0791228,2.556838459438748
1710527557.0792363,2.53371795018514
1710527557.0793498,2.510947651333279
1710527557.0794632,2.488877773284912
1710527557.0795765,2.466107474433051
1710527557.07969,2.4429869651794434
1710527557.0798035,2.41881529490153
1710527557.079917,2.392191621992323
1710527557.0800302,2.361714310116238
1710527557.0801437,2.3273838890923395
1710527557.0802572,2.2891998291015625
1710527557.0803707,2.2482130262586804
1710527557.080484,2.204424010382758
1710527557.0805974,2.1595840983920627
1710527557.080711,2.1126421292622886
1710527557.0808244,2.0649996068742538
1710527557.0809376,2.014554606543647
1710527557.081051,1.9623580243852403
1710527557.0811646,1.9080596499972873
1710527557.0812778,1.8488567405276828
1710527557.0813913,1.7861507998572455
1710527557.0815048,1.718540456559923
1710527557.0816183,1.6470767392052543
1710527557.0817316,1.5724602010515
1710527557.081845,1.4946907096438937
1710527557.0819585,1.414469215604994
1710527557.082072,1.3321456644270155
1710527557.0821853,1.2477204534742568
1710527557.0822988,1.1615435282389324
1710527557.0824122,1.0739653640323215
1710527557.0825257,0.9832343790266249
1710527557.082639,0.8904015355639987
1710527557.0827525,0.7930146323310004
1710527557.082866,0.6924749082989162
1710527557.0829794,0.5887824296951294
1710527557.0830927,0.4819370640648736
1710527557.0832062,0.3719389107492235
1710527557.0833197,0.26018920871946544
1710527557.0834332,0.1477388540903727
1710527557.0835464,0.03458789446287685
1710527557.08366,-0.07819746103551653
1710527557.0837734,-0.19097604685359532
1710527557.0838869,-0.30375464095009697
1710527557.084,-0.4179341925515069
1710527557.0841136,-0.5338649948438009
1710527557.084227,-0.6522474686304728
1710527557.0843406,-0.7730817132525973
1710527557.0844538,-0.8949665890799628
1710527557.0845673,-1.0175520181655884
1710527557.0846808,-1.13838619656033
1710527557.0847943,-1.2581696775224473
1710527557.0849075,-1.3748009999593098
1710527557.085021,-1.4868790573543973
1710527557.0851345,-1.5965055094824896
1710527557.085248,-1.7050811979505751
1710527557.0853612,-1.8126061227586534
1710527557.0854747,-1.9187300735049777
1710527557.0855882,-2.026605208714803
1710527557.0857015,-2.1337799231211343
1710527557.085815,-2.2402540842692056
1710527557.0859284,-2.3432257440355087
1710527557.086042,-2.4412941932678223
1710527557.0861552,-2.53480937745836
1710527557.0862687,-2.6209693484836154
1710527557.0863822,-2.7036269505818686
1710527557.0864956,-2.7803304460313583
1710527557.086609,-2.8545822037590876
1710527557.0867224,-2.924981117248535
1710527557.0868359,-2.995730506049262
1710527557.0869493,-3.062977261013455
1710527557.0870626,-3.1270721223619247
1710527557.087176,-3.1873141394721136
1710527557.0872896,-3.24265268113878
1710527557.087403,-3.2909862200419107
1710527557.0875163,-3.3330154418945312
1710527557.0876298,-3.3687403466966415
1710527557.0877433,-3.398861355251736
1710527557.0878568,-3.4247795740763345
1710527557.08797,-3.4485960006713867
1710527557.0880835,-3.46996095445421
1710527557.088197,-3.4892243809170194
1710527557.0883105,-3.5060360696580672
1710527557.0884237,-3.5207464959886337
1710527557.0885372,-3.5312536027696395
1710527557.0886507,-3.5379083951314287
1710527557.0887642,-3.54036013285319
1710527557.0888774,-3.539659447140164
1710527557.088991,-3.5340555508931475
1710527557.0891044,-3.5259999169243708
1710527557.089218,-3.5158430205451117
1710527557.0893312,-3.5039345423380532
1710527557.0894446,-3.4906254874335394
1710527557.0895581,-3.4776663780212402
1710527557.0896716,-3.462956216600206
1710527557.0897849,-3.446844948662652
1710527557.0898983,-3.4296830495198565
1710527557.0900118,-3.4125208854675293
1710527557.090125,-3.3918566173977323
1710527557.0902386,-3.3687403466966415
1710527557.090352,-3.3449239201015897
1710527557.0904655,-3.319355911678738
1710527557.0905788,-3.2930877473619247
1710527557.0906923,-3.2664691077338324
1710527557.0908058,-3.2402009434170194
1710527557.0909193,-3.216034041510688
1710527557.0910325,-3.1918671396043563
1710527557.091146,-3.170502185821533
1710527557.0912595,-3.149487707349989
1710527557.091373,-3.128122753567166
1710527557.0914862,-3.1067577997843423
1710527557.0915997,-3.0839920043945312
1710527557.0917132,-3.060875998602973
1710527557.0918267,-3.0370593070983887
1710527557.09194,-3.0135930909050836
1710527557.0920534,-2.991527716318766
1710527557.092167,-2.97051297293769
1710527557.0922804,-2.9526503880818686
1710527557.0923936,-2.9375900162590876
1710527557.0925071,-2.923580275641547
1710527557.0926206,-2.910270955827501
1710527557.092734,-2.8973118464152017
1710527557.0928473,-2.8822514745924206
1710527557.0929608,-2.8661402066548667
1710527557.0930743,-2.8500289387173123
1710527557.0931878,-2.8321666187710233
1710527557.093301,-2.8164055612352157
1710527557.0934145,-2.8020456102159286
1710527557.093528,-2.7901371320088706
1710527557.0936415,-2.7810308668348522
1710527557.0937548,-2.7722748120625815
1710527557.0938683,-2.765269809299045
1710527557.0939817,-2.756513754526774
1710527557.0940952,-2.746707068549262
1710527557.0942085,-2.733747959136963
1710527557.094322,-2.7197382185194225
1710527557.0944355,-2.7039771609836154
1710527557.0945487,-2.687165472242567
1710527557.0946622,-2.6717548900180392
1710527557.0947757,-2.658095359802246
1710527557.0948892,-2.6454864607916937
1710527557.0950024,-2.6332280370924206
1710527557.095116,-2.6206191380818686
1710527557.0952294,-2.6062591870625815
1710527557.0953429,-2.589447498321533
1710527557.0954561,-2.5694833861456976
1710527557.0955696,-2.5467175907558866
1710527557.095683,-2.5207996368408203
1710527557.0957966,-2.493830786810981
1710527557.0959098,-2.4661615159776473
1710527557.0960233,-2.438142034742567
1710527557.0961368,-2.410472763909234
1710527557.0962503,-2.382453282674154
1710527557.0963635,-2.353032694922553
1710527557.096477,-2.320810159047445
1710527557.0965905,-2.285785675048828
1710527557.096704,-2.2458579805162215
1710527557.0968173,-2.203128205405341
1710527557.0969307,-2.1561955081091986
1710527557.0970442,-2.106460862689548
1710527557.0971577,-2.0532237158881292
1710527557.097271,-1.9992861482832167
1710527557.0973845,-1.943597396214803
1710527557.097498,-1.8858071168263753
1710527557.0976114,-1.8269660737779405
1710527557.0977247,-1.7653230826059976
1710527557.0978382,-1.699477301703559
1710527557.0979517,-1.630479097366333
1710527557.0980651,-1.5565776824951172
1710527557.0981784,-1.4795239766438801
1710527557.0982919,-1.3968663745456271
1710527557.0984054,-1.3110566139221191
1710527557.0985188,-1.221744351916843
1710527557.098632,-1.1299803521898057
1710527557.0987456,-1.0354144705666435
1710527557.098859,-0.9401481019126045
1710527557.0989723,-0.8434807591968112
1710527557.0990858,-0.74366119172838
1710527557.0991993,-0.6424406501981947
1710527557.0993128,-0.5384181605445014
1710527557.099426,-0.430192748705546
1710527557.0995395,-0.31846490171220565
1710527557.099653,-0.2018336123890347
1710527557.0997665,-0.08205014798376295
1710527557.0998797,0.038791646560033165
1710527557.0999932,0.16105074021551344
1710527557.1001067,0.2829595075713264
1710527557.1002202,0.4031167427698771
1710527557.1003335,0.5229236351119148
1710527557.100447,0.640979011853536
1710527557.1005604,0.7586840126249526
1710527557.100674,0.8788412147098117
1710527557.1007872,1.0003997219933403
1710527557.1009007,1.1240600215064154
1710527557.1010141,1.2505229314168294
1710527557.1011276,1.3773360517289903
1710527557.1012409,1.5027479330698648
1710527557.1013544,1.6250069936116536
1710527557.1014678,1.7441133658091226
1710527557.1015813,1.857964860068427
1710527557.1016946,1.9683133231268988
1710527557.101808,2.0751587549845376
1710527557.1019216,2.179551919301351
1710527557.102035,2.284295294019911
1710527557.1021483,2.388338247934977
1710527557.1022618,2.492380936940511
1710527557.1023753,2.595022519429525
1710527557.1024888,2.6941609382629395
1710527557.102602,2.788044876522488
1710527557.1027155,2.8745720121595593
1710527557.102829,2.9544432957967124
1710527557.1029425,3.0280089378356934
1710527557.1030557,3.094918727874756
1710527557.1031692,3.157624668545193
1710527557.1032827,3.217177655961778
1710527557.103396,3.273928430345323
1710527557.1035094,3.3292778333028155
1710527557.103623,3.3804233868916826
1710527557.1037364,3.4280660417344833
1710527557.1038496,3.4704536861843533
1710527557.1039631,3.506535953945584
1710527557.1040766,3.5352616839938693
1710527557.10419,3.5594330893622503
1710527557.1043034,3.576948907640245
1710527557.1044168,3.5895599259270563
1710527557.1045303,3.599719206492106
1710527557.1046438,3.6067252688937717
1710527557.104757,3.6130309104919434
1710527557.1048706,3.615833388434516
1710527557.104984,3.6172347598605685
1710527557.1050975,3.615132967631022
1710527557.1052108,3.6095277468363443
1710527557.1053243,3.599719206492106
1710527557.1054378,3.5864072375827365
1710527557.1055512,3.569592105017768
1710527557.1056645,3.551025655534532
1710527557.105778,3.5293062527974444
1710527557.1058915,3.5079373253716364
1710527557.106005,3.485517236921522
1710527557.1061182,3.4616960419548883
1710527557.1062317,3.4378745820787215
1710527557.1063452,3.415104283226861
1710527557.1064587,3.391983773973253
1710527557.106572,3.368162579006619
1710527557.1066854,3.3439909087287054
1710527557.106799,3.3173672358194985
1710527557.1069124,3.291794459025065
1710527557.1070256,3.2637694146898055
1710527557.107139,3.2360945807562933
1710527557.1072526,3.2070186403062606
1710527557.107366,3.180044756995307
1710527557.1074793,3.1527201334635415
1710527557.1075928,3.127497831980387
1710527557.1077063,3.103676372104221
1710527557.1078196,3.0819572342766657
1710527557.107933,3.060237831539578
1710527557.1080465,3.038868639204237
1710527557.10816,3.0167990260654025
1710527557.1082733,2.9940287272135415
1710527557.1083868,2.9716086387634277
1710527557.1085002,2.9470867580837674
1710527557.1086137,2.9260680410597057
1710527557.108727,2.9053995344373913
1710527557.1088405,2.88753350575765
1710527557.108954,2.872470219930013
1710527557.1090674,2.8588080406188965
1710527557.1091807,2.8468974431355796
1710527557.1092942,2.834986845652262
1710527557.1094077,2.822375562455919
1710527557.1095212,2.8087133831448026
1710527557.1096344,2.79435051812066
1710527557.109748,2.7785862816704645
1710527557.1098614,2.7624720997280545
1710527557.1099749,2.7484594451056585
1710527557.110088,2.735147741105821
1710527557.1102016,2.7246382501390243
1710527557.110315,2.714829444885254
1710527557.1104286,2.7057213253445096
1710527557.1105418,2.695912520090739
1710527557.1106553,2.684352397918701
1710527557.1107688,2.6706902186075845
1710527557.1108823,2.654225561353895
1710527557.1109955,2.6360090573628745
1710527557.111109,2.6170923974778915
1710527557.1112225,2.598175472683377
1710527557.111336,2.580309444003635
1710527557.1114492,2.5620932049221463
1710527557.1115627,2.545978758070204
1710527557.1116762,2.5284632047017417
1710527557.1117897,2.5095462799072266
1710527557.111903,2.487826877170139
1710527557.1120164,2.463655471801758
1710527557.11213,2.4349297417534723
1710527557.1122432,2.403752009073893
1710527557.1123567,2.370472219255235
1710527557.1124701,2.3343899514940047
1710527557.1125836,2.2986581590440536
1710527557.112697,2.2622256808810763
1710527557.1128104,2.2243918312920465
1710527557.1129239,2.18445618947347
1710527557.1130373,2.1427690982818604
1710527557.1131506,2.0975787109798856
1710527557.113264,2.049235635333591
1710527557.1133776,1.995988024605645
1710527557.113491,1.9392373826768663
1710527557.1136043,1.8786333666907415
1710527557.1137178,1.8152267403072782
1710527557.1138313,1.7500686645507812
1710527557.1139448,1.6828086641099718
1710527557.114058,1.6141472922431097
1710527557.1141715,1.5430339177449544
1710527557.114285,1.4694682757059734
1710527557.1143985,1.3938007089826796
1710527557.1145117,1.314630111058553
1710527557.1146252,1.2319563494788275
1710527557.1147387,1.1447285281287298
1710527557.1148522,1.0539975431230333
1710527557.1149654,0.9597634606891208
1710527557.115079,0.8616759379704793
1710527557.1151924,0.7614864905675252
1710527557.115306,0.6595455275641547
1710527557.1154191,0.5558530489603678
1710527557.1155326,0.45181019438637626
1710527557.1156461,0.3460157910982768
1710527557.1157596,0.23882013228204516
1710527557.1158729,0.1302232344945272
1710527557.1159863,0.01847351590792338
1710527557.1160998,-0.09641014867358737
1710527557.1162133,-0.21339166495535108
1710527557.1163266,-0.3335253728760613
1710527557.11644,-0.45470982789993286
1710527557.1165535,-0.5758942498101128
1710527557.1166668,-0.6974289814631144
1710527557.1167803,-0.8161616987652248
1710527557.1168938,-0.9331432316038344
1710527557.1170073,-1.0480233033498128
1710527557.1171205,-1.1629033088684082
1710527557.117234,-1.2767326831817627
1710527557.1173475,-1.390561925040351
1710527557.117461,-1.5054420630137124
1710527557.1175742,-1.6210226217905679
1710527557.1176877,-1.7369533909691703
1710527557.1178012,-1.8518333964877658
1710527557.1179147,-1.9618100590176053
1710527557.118028,-2.0693349838256836
1710527557.1181414,-2.1709058019849987
1710527557.118255,-2.267573144700792
1710527557.1183684,-2.3603879080878363
1710527557.1184816,-2.45040045844184
1710527557.1185951,-2.5372611151801214
1710527557.1187086,-2.6234210862053766
1710527557.118822,-2.7088806364271374
1710527557.1189353,-2.7929390801323786
1710527557.1190488,-2.8741958406236434
1710527557.1191623,-2.9512495464748807
1710527557.1192758,-3.0216484599643283
1710527557.119389,-3.0860935317145453
1710527557.1195025,-3.143883811102973
1710527557.119616,-3.1964204046461315
1710527557.1197295,-3.243353101942274
1710527557.1198428,-3.2860827445983887
1710527557.1199563,-3.327061335245768
1710527557.1200697,-3.3652379777696395
1710527557.1201832,-3.400262461768256
1710527557.1202965,-3.432484997643365
1710527557.12041,-3.461204899681939
1710527557.1205235,-3.484671115875244
1710527557.120637,-3.5025337007310653
1710527557.1207502,-3.515492810143365
1710527557.1208637,-3.5228477583991156
1710527557.1209772,-3.5270508130391436
1710527557.1210904,-3.5270508130391436
1710527557.121204,-3.5256497065226235
1710527557.1213174,-3.521797127193875
1710527557.1214309,-3.5168936517503524
1710527557.1215441,-3.5105893346998425
1710527557.1216576,-3.5025337007310653
1710527557.121771,-3.4920263290405273
1710527557.1218846,-3.480118115743001
1710527557.1219978,-3.465758164723714
1710527557.1221113,-3.4475453694661455
1710527557.1222248,-3.4282819430033364
1710527557.1223383,-3.406566778818766
1710527557.1224515,-3.382750087314182
1710527557.122565,-3.3596340815226235
1710527557.1226785,-3.3351169692145453
1710527557.122792,-3.312000963422987
1710527557.1229053,-3.2888846927218967
1710527557.1230187,-3.2671697934468584
1710527557.1231322,-3.245454629262288
1710527557.1232457,-3.224089675479465
1710527557.123359,-3.2023745112948947
1710527557.1234725,-3.1792585055033364
1710527557.123586,-3.155091603597005
1710527557.1236994,-3.130924701690674
1710527557.1238127,-3.1060573789808483
1710527557.1239262,-3.08154026667277
1710527557.1240396,-3.0584242608812118
1710527557.1241531,-3.0374095175001354
1710527557.1242664,-3.018496301439073
1710527557.1243799,-3.001334402296278
1710527557.1244934,-2.986624240875244
1710527557.1246068,-2.970863183339437
1710527557.12472,-2.9547519154018826
1710527557.1248336,-2.9372398058573403
1710527557.124947,-2.919027010599772
1710527557.1250606,-2.9001137945387097
1710527557.1251738,-2.8815510537889266
1710527557.1252873,-2.8643888897365994
1710527557.1254008,-2.8493285179138184
1710527557.125514,-2.836369408501519
1710527557.1256275,-2.825862036810981
1710527557.125741,-2.818156878153483
1710527557.1258545,-2.808349927266439
1710527557.1259677,-2.7978425555759006
1710527557.1260812,-2.7866347630818686
1710527557.1261947,-2.772975232866075
1710527557.1263082,-2.758265071445041
1710527557.1264215,-2.743204434712728
1710527557.126535,-2.7295449044969344
1710527557.1266484,-2.7172864807976618
1710527557.126762,-2.7067791091071234
1710527557.1268752,-2.6980230543348522
1710527557.1269886,-2.689967420366075
1710527557.1271021,-2.680861155192057
1710527557.1272156,-2.671054204305013
1710527557.1273289,-2.656344042883979
1710527557.1274424,-2.6409331957499185
1710527557.1275558,-2.622019979688856
1710527557.1276693,-2.6017059220208063
1710527557.1277826,-2.58069117863973
1710527557.127896,-2.559326489766439
1710527557.1280096,-2.5393623775906033
1710527557.128123,-2.5193985303243003
1710527557.1282363,-2.49768336613973
1710527557.1283498,-2.4756179915534124
1710527557.1284633,-2.45040045844184
1710527557.1285768,-2.421330346001519
1710527557.12869,-2.3887575997246637
1710527557.1288035,-2.3526824845208063
1710527557.128917,-2.3131047354804144
1710527557.1290305,-2.271775934431288
1710527557.1291437,-2.2279956605699325
1710527557.1292572,-2.183864778942532
1710527557.1293707,-2.1386832661098905
1710527557.1294842,-2.091750568813748
1710527557.1295974,-2.043416897455851
1710527557.129711,-1.9912305143144395
1710527557.1298244,-1.9362421830495198
1710527557.1299376,-1.877050929599338
1710527557.1300511,-1.8140070968204074
1710527557.1301646,-1.7467602094014485
1710527557.130278,-1.6749601893954806
1710527557.1303914,-1.6014088524712455
1710527557.1305048,-1.5250556998782687
1710527557.1306183,-1.4462508095635307
1710527557.1307318,-1.3653443919287787
1710527557.130845,-1.2833873430887859
1710527557.1309586,-1.1986282136705186
1710527557.131072,-1.1117676893870037
1710527557.1311855,-1.0207042429182265
1710527557.1312988,-0.9261383612950642
1710527557.1314123,-0.827369491259257
1710527557.1315258,-0.7236972782346938
1710527557.1316392,-0.6158220767974854
1710527557.1317525,-0.506545967525906
1710527557.131866,-0.3934171133571201
1710527557.1319795,-0.2795878052711487
1710527557.132093,-0.164707750082016
1710527557.1322062,-0.050528177784548864
1710527557.1323197,0.06401415086454815
1710527557.1324332,0.1799676153394911
1710527557.1325467,0.29697202973895603
1710527557.13266,0.41677892208099365
1710527557.1327734,0.5407895975642734
1710527557.132887,0.6662015120188395
1710527557.1330004,0.795116557015313
1710527557.1331136,0.9247321552700466
1710527557.133227,1.0529465807808769
1710527557.1333406,1.179759767320421
1710527557.133454,1.3023691707187228
1710527557.1335673,1.422176096174452
1710527557.1336808,1.5391804112328422
1710527557.1337943,1.6537327236599393
1710527557.1339078,1.7682849036322699
1710527557.134021,1.88388811217414
1710527557.1341345,1.9991408454047308
1710527557.134248,2.114744053946601
1710527557.1343613,2.2282452053493924
1710527557.1344748,2.338944011264377
1710527557.1345882,2.4443880716959634
1710527557.1347017,2.543176280127631
1710527557.134815,2.6360090573628745
1710527557.1349285,2.7218357721964517
1710527557.135042,2.803108162350125
1710527557.1351554,2.881227864159478
1710527557.1352687,2.957245773739285
1710527557.1353822,3.0318623118930392
1710527557.1354957,3.104377057817247
1710527557.1356091,3.1747900115119085
1710527557.1357224,3.2395977444118924
1710527557.135836,3.299851417541504
1710527557.1359494,3.352748817867703
1710527557.1360629,3.3986396259731717
1710527557.136176,3.4371741612752276
1710527557.1362896,3.4711543718973794
1710527557.136403,3.500230312347412
1710527557.1365166,3.526853985256619
1710527557.1366298,3.5506754451327853
1710527557.1367433,3.572394847869873
1710527557.1368568,3.5913115077548556
1710527557.1369703,3.6063750584920244
1710527557.1370835,3.6175849702623153
1710527557.137197,3.6235404014587402
1710527557.1373105,3.6249415079752603
1710527557.137424,3.6203874482048883
1710527557.1375372,3.6133813858032227
1710527557.1376507,3.6025216844346786
1710527557.1377642,3.5899104012383356
1710527557.1378777,3.5748468505011664
1710527557.137991,3.558382193247477
1710527557.1381044,3.542267746395535
1710527557.138218,3.524051507314046
1710527557.1383314,3.5058352682325573
1710527557.1384447,3.485166761610243
1710527557.1385581,3.4630971484714084
1710527557.1386716,3.4399766392178006
1710527557.138785,3.414403862423367
1710527557.1388984,3.388130399915907
1710527557.1390119,3.3611562516954208
1710527557.1391253,3.3334814177619085
1710527557.1392386,3.3054566383361816
1710527557.139352,3.2788327005174422
1710527557.1394656,3.252909713321262
1710527557.139579,3.2283878326416016
1710527557.1396923,3.2052670584784613
1710527557.1398058,3.181796073913574
1710527557.1399193,3.1600769360860186
1710527557.1400328,3.1359052658081055
1710527557.140146,3.111733595530192
1710527557.1402595,3.087562190161811
1710527557.140373,3.0626898341708713
1710527557.1404865,3.0378177430894637
1710527557.1405997,3.01399654812283
1710527557.1407132,2.991926670074463
1710527557.1408267,2.9719588491651745
1710527557.1409402,2.954793506198459
1710527557.1410534,2.938679324256049
1710527557.141167,2.9236157735188804
1710527557.1412804,2.9085524876912436
1710527557.141394,2.8934889369540744
1710527557.1415071,2.876673804389106
1710527557.1416206,2.8595087263319225
1710527557.1417341,2.842343383365207
1710527557.1418476,2.825878726111518
1710527557.1419609,2.810464964972602
1710527557.1420743,2.797503206464979
1710527557.1421878,2.7866435050964355
1710527557.1423013,2.7768349647521973
1710527557.1424146,2.7670261594984265
1710527557.142528,2.757217354244656
1710527557.1426415,2.7449562814500594
1710527557.142755,2.7316445774502225
1710527557.1428683,2.71553013059828
1710527557.1429818,2.6983647876315646
1710527557.1430953,2.6815499199761286
1710527557.1432085,2.6650849978129068
1710527557.143322,2.65002171198527
1710527557.1434355,2.6367097430759006
1710527557.143549,2.622697353363037
1710527557.1436622,2.6090351740519204
1710527557.1437757,2.5939716233147516
1710527557.1438892,2.576456069946289
1710527557.1440027,2.5557875633239746
1710527557.144116,2.5323165787590876
1710527557.1442294,2.506743801964654
1710527557.144343,2.479069232940674
1710527557.1444564,2.450693713294135
1710527557.1445696,2.423369354671902
1710527557.1446831,2.3953443103366427
1710527557.1447966,2.3659181594848633
1710527557.14491,2.3361415333218045
1710527557.1450233,2.303212218814426
1710527557.1451368,2.2674804263644748
1710527557.1452503,2.227194309234619
1710527557.1453638,2.183405293358697
1710527557.145477,2.1357627709706626
1710527557.1455905,2.084967427783542
1710527557.145704,2.0320702923668756
1710527557.1458175,1.976720889409383
1710527557.1459308,1.9210211435953775
1710527557.1460443,1.8635699484083388
1710527557.1461577,1.8022652467091878
1710527557.1462712,1.7402598592970107
1710527557.1463845,1.6747514406840005
1710527557.146498,1.6050391727023654
1710527557.1466115,1.5307729774051242
1710527557.146725,1.4537041717105441
1710527557.1468382,1.3720813062455919
1710527557.1469517,1.28800630569458
1710527557.1470652,1.1997275882297092
1710527557.1471786,1.110397842195299
1710527557.147292,1.0203675429026287
1710527557.1474054,0.9275346994400024
1710527557.1475189,0.8340012364917331
1710527557.1476321,0.7380155722300211
1710527557.1477456,0.6402783923678927
1710527557.147859,0.5390380157364739
1710527557.1479726,0.4349951942761739
1710527557.1480858,0.3267485896746318
1710527557.1481993,0.2156995071305169
1710527557.1483128,0.10149759550889333
1710527557.1484263,-0.014803284365269873
1710527557.1485395,-0.13178480168183646
1710527557.148653,-0.24911656975746155
1710527557.1487665,-0.36539759900834823
1710527557.14888,-0.48027763764063514
1710527557.1489933,-0.595157676272922
1710527557.1491067,-0.7110885116789076
1710527557.1492202,-0.827369491259257
1710527557.1493337,-0.9464524851904975
1710527557.149447,-1.066586242781745
1710527557.1495605,-1.1891716056399875
1710527557.149674,-1.3114068243238661
1710527557.1497874,-1.4325912793477376
1710527557.1499007,-1.550973786248101
1710527557.1500142,-1.6655035813649495
1710527557.1501276,-1.775830454296536
1710527557.1502411,-1.8833553791046143
1710527557.1503544,-1.9863271713256836
1710527557.1504679,-2.0885984102884927
1710527557.1505814,-2.189468675189548
1710527557.1506948,-2.2896385192871094
1710527557.150808,-2.3898082309299045
1710527557.1509216,-2.488226890563965
1710527557.151035,-2.5831429163614907
1710527557.1511486,-2.673505942026774
1710527557.1512618,-2.758615281846788
1710527557.1513753,-2.837069829305013
1710527557.1514888,-2.9088701142205133
1710527557.1516023,-2.975066237979465
1710527557.1517155,-3.0374095175001354
1710527557.151829,-3.0966009034050836
1710527557.1519425,-3.152639865875244
1710527557.1520557,-3.207628197140164
1710527557.1521692,-3.2587636841668024
1710527557.1522827,-3.307097487979465
1710527557.1523962,-3.3498273955451117
1710527557.1525095,-3.387303352355957
1710527557.152623,-3.418474992116292
1710527557.1527364,-3.443692790137397
1710527557.15285,-3.463306427001953
1710527557.1529632,-3.4794176949395075
1710527557.1530766,-3.4920263290405273
1710527557.1531901,-3.5025337007310653
1710527557.1533036,-3.5123406516181097
1710527557.1534169,-3.5186449686686196
1710527557.1535304,-3.523898654513889
1710527557.1536438,-3.52635039223565
1710527557.1537573,-3.5256497065226235
1710527557.1538706,-3.521096706390381
1710527557.153984,-3.5133912828233504
1710527557.1540976,-3.5025337007310653
1710527557.154211,-3.4878235393100314
1710527557.1543243,-3.471011850568983
1710527557.1544378,-3.453149265713162
1710527557.1545513,-3.4345862600538464
1710527557.1546648,-3.41497262318929
1710527557.154778,-3.3946585655212402
1710527557.1548915,-3.374694718254937
1710527557.155005,-3.3540301852756076
1710527557.1551185,-3.3330154418945312
1710527557.1552317,-3.3109500673082137
1710527557.1553452,-3.2874838511149087
1710527557.1554587,-3.2626165284050836
1710527557.1555722,-3.236348099178738
1710527557.1556854,-3.2093795140584307
1710527557.155799,-3.1824106640285916
1710527557.1559124,-3.156842920515272
1710527557.156026,-3.1319753328959146
1710527557.1561391,-3.1092095375061035
1710527557.1562526,-3.0888954798380532
1710527557.156366,-3.069632053375244
1710527557.1564794,-3.050718837314182
1710527557.1565928,-3.0328565173678927
1710527557.1567063,-3.012892405192057
1710527557.1568198,-2.9925783475240073
1710527557.156933,-2.9715636041429305
1710527557.1570466,-2.9505491256713867
1710527557.15716,-2.930585013495551
1710527557.1572735,-2.9123724831475153
1710527557.1573868,-2.896261215209961
1710527557.1575003,-2.8829518953959146
1710527557.1576138,-2.8713938925001354
1710527557.1577272,-2.8608865208095975
1710527557.1578405,-2.849678728315565
1710527557.157954,-2.838120725419786
1710527557.1580675,-2.825161616007487
1710527557.158181,-2.809751033782959
1710527557.1582942,-2.7943401866488986
1710527557.1584077,-2.7778787083095975
1710527557.1585212,-2.763868967692057
1710527557.1586347,-2.750909858279758
1710527557.158748,-2.741103172302246
1710527557.1588614,-2.733047538333469
1710527557.158975,-2.7249919043646917
1710527557.1590884,-2.715885639190674
1710527557.1592016,-2.7060786883036294
1710527557.159315,-2.6920689476860895
1710527557.1594286,-2.677358786265055
1710527557.159542,-2.6605468326144748
1710527557.1596553,-2.6430347230699325
1710527557.1597688,-2.6265732447306314
1710527557.1598823,-2.6101117663913302
1710527557.1599958,-2.5954016049702964
1710527557.160109,-2.5803409682379828
1710527557.1602225,-2.565630806816949
1710527557.160336,-2.5491693284776473
1710527557.1604495,-2.5302561124165854
1710527557.1605628,-2.507490317026774
1710527557.1606762,-2.4815723631117077
1710527557.1607897,-2.452501985761854
1710527557.160903,-2.420980135599772
1710527557.1610165,-2.3887575997246637
1710527557.16113,-2.355134222242567
1710527557.1612434,-2.322211265563965
1710527557.1613567,-2.2882374127705893
1710527557.1614702,-2.252862983279758
1710527557.1615837,-2.2164375252193875
1710527557.1616971,-2.175108724170261
1710527557.1618104,-2.1306276321411133
1710527557.161924,-2.0822939607832165
1710527557.1620374,-2.029407156838311
1710527557.1621509,-1.9733680619133842
1710527557.162264,-1.9141768084632025
1710527557.1623776,-1.8521836068895128
1710527557.162491,-1.788439220852322
1710527557.1626046,-1.7225933074951172
1710527557.1627178,-1.6546459992726643
1710527557.1628313,-1.5849473741319444
1710527557.1629448,-1.5117463800642226
1710527557.1630583,-1.4350430170694988
1710527557.1631715,-1.3548370202382405
1710527557.163285,-1.2697278128729925
1710527557.1633985,-1.1804155508677165
1710527557.163512,-1.0872506433063083
1710527557.1636252,-0.989182260301378
1710527557.1637387,-0.8893626928329468
1710527557.1638522,-0.7881421513027614
1710527557.1639657,-0.6848201486799452
1710527557.164079,-0.5800972382227579
1710527557.1641924,-0.4746737413936191
1710527557.164306,-0.36749906010097927
1710527557.1644194,-0.25857316123114693
1710527557.1645327,-0.14649505416552225
1710527557.1646461,-0.03091451194551256
1710527557.1647596,0.08888634542624156
1710527557.1648731,0.2121963765886095
1710527557.1649864,0.3376082910431756
1710527557.1650999,0.46372082498338485
1710527557.1652133,0.5894830491807725
1710527557.1653266,0.7145446538925171
1710527557.16544,0.8361030949486626
1710527557.1655536,0.956960916519165
1710527557.165667,1.0771181848314073
1710527557.1657803,1.1965747674306233
1710527557.1658938,1.3177829318576388
1710527557.1660073,1.440742678112454
1710527557.1661208,1.5658042165968153
1710527557.166234,1.6901652018229165
1710527557.1663475,1.8134751584794786
1710527557.166461,1.9346833229064941
1710527557.1665745,2.0495858457353378
1710527557.1666877,2.160284651650323
1710527557.1668012,2.2657288445366754
1710527557.1669147,2.36626836988661
1710527557.1670282,2.461553414662679
1710527557.1671414,2.556838459438748
1710527557.167255,2.65002171198527
1710527557.1673684,2.7428544892205133
1710527557.167482,2.8325345781114364
1710527557.1675951,2.919061713748508
1710527557.1677086,3.0017354753282333
1710527557.1678221,3.076352013481988
1710527557.1679356,3.1450133853488498
1710527557.1680489,3.2052670584784613
1710527557.1681623,3.2595655653211804
1710527557.1682758,3.3082591162787542
1710527557.1683893,3.3530990282694497
1710527557.1685026,3.3951364623175726
1710527557.168616,3.4357727898491754
1710527557.1687295,3.4729059537251787
1710527557.168843,3.50723663965861
1710527557.1689563,3.5359621047973633
1710527557.1690698,3.560834460788303
1710527557.1691833,3.579751385582818
1710527557.1692967,3.5920121934678817
1710527557.16941,3.600069416893853
1710527557.1695235,3.6025216844346786
1710527557.169637,3.6018209987216525
1710527557.1697502,3.5993687311808267
1710527557.1698637,3.595515357123481
1710527557.1699772,3.5902606116400824
1710527557.1700907,3.5829040739271374
1710527557.170204,3.5734457439846463
1710527557.1703174,3.562235567304823
1710527557.170431,3.5482231775919595
1710527557.1705444,3.530707624223497
1710527557.1706576,3.5103893280029297
1710527557.1707711,3.487969504462348
1710527557.1708846,3.4641480445861816
1710527557.170998,3.4396261639065213
1710527557.1711113,3.414754072825114
1710527557.1712248,3.388830820719401
1710527557.1713383,3.3636085192362466
1710527557.1714518,3.339436848958333
1710527557.171565,3.3149149682786727
1710527557.1716785,3.2907432980007596
1710527557.171792,3.2665718926323786
1710527557.1719055,3.2416995366414385
1710527557.1720188,3.217177655961778
1710527557.1721323,3.191254668765598
1710527557.1722457,3.164630995856391
1710527557.1723592,3.138707743750678
1710527557.1724725,3.111383385128445
1710527557.172586,3.0865112940470376
1710527557.1726995,3.0637407302856445
1710527557.172813,3.041320906745063
1710527557.1729262,3.022053771548801
1710527557.1730397,3.004187742869059
1710527557.1731532,2.9859715037875705
1710527557.1732666,2.9674047893948026
1710527557.17338,2.9477874437967935
1710527557.1734934,2.9285203086005316
1710527557.1736069,2.9085524876912436
1710527557.1737204,2.8885846667819552
1710527557.1738336,2.8703684277004666
1710527557.173947,2.854253980848524
1710527557.1740606,2.8398911158243814
1710527557.1741738,2.828330728742811
1710527557.1742873,2.8181717130872936
1710527557.1744008,2.8083629078335233
1710527557.1745143,2.7978536817762585
1710527557.1746275,2.7855926089816623
1710527557.174741,2.7719304296705456
1710527557.1748545,2.7565166685316296
1710527557.174968,2.7411029073927136
1710527557.1750813,2.726039621565077
1710527557.1751947,2.7127276526557074
1710527557.1753082,2.7008170551723905
1710527557.1754217,2.689606878492567
1710527557.175535,2.6790976524353027
1710527557.1756485,2.6682379510667587
1710527557.175762,2.6563273535834417
1710527557.1758754,2.6409135924445257
1710527557.1759887,2.622346878051758
1710527557.1761022,2.6023790571424694
1710527557.1762156,2.580309444003635
1710527557.1763291,2.5582398308648004
1710527557.1764424,2.5361702177259655
1710527557.1765559,2.514801025390625
1710527557.1766694,2.4927314122517905
1710527557.1767828,2.4703113238016763
1710527557.176896,2.448241710662842
1710527557.1770096,2.4219682481553817
1710527557.177123,2.3939432038201227
1710527557.1772366,2.361364099714491
1710527557.1773498,2.325982517666287
1710527557.1774633,2.287097771962484
1710527557.1775768,2.2468119197421603
1710527557.1776903,2.204774353239271
1710527557.1778035,2.161335680219862
1710527557.177917,2.1171961890326605
1710527557.1780305,2.0709549056159124
1710527557.178144,2.0229621728261313
1710527557.1782572,1.9714661439259846
1710527557.1783707,1.9175181123945448
1710527557.1784842,1.857964860068427
1710527557.1785975,1.7952589193979898
1710527557.178711,1.7279989189571805
1710527557.1788244,1.6575860977172852
1710527557.178938,1.5843707985348172
1710527557.1790512,1.5083528889550102
1710527557.1791646,1.43058353000217
1710527557.1792781,1.3521134853363037
1710527557.1793916,1.2704907523261175
1710527557.1795049,1.1867659621768527
1710527557.1796184,1.1002387603123982
1710527557.1797318,1.0105587376488578
1710527557.1798453,0.9173756175571017
1710527557.1799586,0.8199887143241035
1710527557.180072,0.718047751320733
1710527557.1801856,0.614004929860433
1710527557.180299,0.5068092544873556
1710527557.1804123,0.39751172065734863
1710527557.1805258,0.28646263811323375
1710527557.1806393,0.17541355556911892
1710527557.1807528,0.06331352723969354
1710527557.180866,-0.0484267125527064
1710527557.1809795,-0.1622560289171007
1710527557.181093,-0.27713608410623336
1710527557.1812065,-0.3937673568725586
1710527557.1813197,-0.512149863772922
1710527557.1814332,-0.6329840421676636
1710527557.1815467,-0.7559197478824191
1710527557.1816602,-0.8795558744006686
1710527557.1817734,-1.001090539826287
1710527557.181887,-1.1212242974175346
1710527557.1820004,-1.2382058302561443
1710527557.182114,-1.3527356253729925
1710527557.1822271,-1.46481368276808
1710527557.1823406,-1.5747903452979193
1710527557.182454,-1.6847670078277588
1710527557.1825676,-1.795093880759345
1710527557.1826808,-1.9064715173509386
1710527557.1827943,-2.016798390282525
1710527557.1829078,-2.1271252632141113
1710527557.183021,-2.2328988711039224
1710527557.1831346,-2.335520585378011
1710527557.183248,-2.431837452782525
1710527557.1833615,-2.5232513745625815
1710527557.1834748,-2.6090611351860895
1710527557.1835883,-2.6913685268825955
1710527557.1837018,-2.769472863939073
1710527557.1838152,-2.846176359388563
1710527557.1839285,-2.921128537919786
1710527557.184042,-2.993628978729248
1710527557.1841555,-3.064028157128228
1710527557.184269,-3.12882317437066
1710527557.1843822,-3.1887149810791016
1710527557.1844957,-3.24265268113878
1710527557.1846092,-3.28993558883667
1710527557.1847227,-3.3302134937710233
1710527557.184836,-3.3655881881713867
1710527557.1849494,-3.397110303243001
1710527557.185063,-3.4247795740763345
1710527557.1851764,-3.4506975279914007
1710527557.1852896,-3.4741640090942383
1710527557.185403,-3.494478066762288
1710527557.1855166,-3.5123406516181097
1710527557.18563,-3.5256497065226235
1710527557.1857433,-3.534756236606174
1710527557.1858568,-3.539659447140164
1710527557.1859703,-3.5393092367384167
1710527557.1860838,-3.534756236606174
1710527557.186197,-3.5284516546461315
1710527557.1863105,-3.5186449686686196
1710527557.186424,-3.5084878073798285
1710527557.1865375,-3.4969298044840493
1710527557.1866508,-3.484671115875244
1710527557.1867642,-3.471712271372477
1710527557.1868777,-3.457702530754937
1710527557.1869912,-3.442291683620877
1710527557.1871045,-3.4247795740763345
1710527557.187218,-3.4055161476135254
1710527557.1873314,-3.384851614634196
1710527557.1874447,-3.3620858192443848
1710527557.1875582,-3.3372184965345593
1710527557.1876717,-3.312701384226481
1710527557.1877851,-3.287834061516656
1710527557.1878984,-3.263316949208577
1710527557.188012,-3.2402009434170194
1710527557.1881254,-3.217435148027208
1710527557.1882389,-3.1964204046461315
1710527557.188352,-3.1750554508633084
1710527557.1884656,-3.155091603597005
1710527557.188579,-3.132676018608941
1710527557.1886926,-3.1109608544243708
1710527557.1888058,-3.086443742116292
1710527557.1889193,-3.063677946726481
1710527557.1890328,-3.0391608344184027
1710527557.1891463,-3.0167452494303384
1710527557.1892595,-2.996430926852756
1710527557.189373,-2.97821839650472
1710527557.1894865,-2.961406707763672
1710527557.1896,-2.9473969671461315
1710527557.1897132,-2.932686540815565
1710527557.1898267,-2.9179763793945312
1710527557.1899402,-2.901865111456977
1710527557.1900537,-2.884703212314182
1710527557.190167,-2.86684062745836
1710527557.1902804,-2.8486280971103244
1710527557.190394,-2.830415301852756
1710527557.1905074,-2.814654244316949
1710527557.1906207,-2.801695399814182
1710527557.1907341,-2.7908378177218967
1710527557.1908476,-2.781731287638346
1710527557.1909611,-2.7719246016608343
1710527557.1910744,-2.7628183364868164
1710527557.1911879,-2.7512600686815047
1710527557.1913013,-2.738301224178738
1710527557.1914148,-2.7228903770446777
1710527557.191528,-2.7074795299106174
1710527557.1916416,-2.6913685268825955
1710527557.191755,-2.677008310953776
1710527557.1918683,-2.664749887254503
1710527557.1919818,-2.65249146355523
1710527557.1920953,-2.642334302266439
1710527557.1922088,-2.6311265097724066
1710527557.192322,-2.6181674003601074
1710527557.1924355,-2.6031070285373263
1710527557.192549,-2.5838436020745172
1710527557.1926625,-2.562828858693441
1710527557.1927757,-2.5379615359836154
1710527557.1928892,-2.51309421327379
1710527557.1930027,-2.4864755736456976
1710527557.1931162,-2.4616082509358725
1710527557.1932294,-2.4363907178243003
1710527557.193343,-2.4097720781962075
1710527557.1934564,-2.3831537034776473
1710527557.19357,-2.3533829053243003
1710527557.1936831,-2.3204599486456976
1710527557.1937966,-2.28438483344184
1710527557.1939101,-2.2434062427944608
1710527557.1940236,-2.199625704023573
1710527557.1941369,-2.1533935599856906
1710527557.1942503,-2.104009124967787
1710527557.1943638,-2.0546246899498835
1710527557.1944773,-2.003138860066732
1710527557.1945906,-1.95025192366706
1710527557.194704,-1.8956139352586534
1710527557.1948175,-1.8381738662719727
1710527557.194931,-1.777581638760037
1710527557.1950443,-1.713136699464586
1710527557.1951578,-1.6441386275821261
1710527557.1952713,-1.5709376335144043
1710527557.1953847,-1.4938839276631672
1710527557.195498,-1.4133278528849285
1710527557.1956115,-1.3289190663231742
1710527557.195725,-1.2424087524414062
1710527557.1958385,-1.154147254096137
1710527557.1959517,-1.0634340180291069
1710527557.1960652,-0.9702691104676988
1710527557.1961787,-0.8757032288445367
1710527557.196292,-0.7779851224687364
1710527557.1964054,-0.6760640939076742
1710527557.196519,-0.5709908405939738
1710527557.1966324,-0.4613644546932644
1710527557.1967456,-0.347535146607293
1710527557.1968591,-0.2291526562637753
1710527557.1969726,-0.10936918358008066
1710527557.197086,0.011817575949761603
1710527557.1971993,0.13337604701519012
1710527557.1973128,0.2538835671212938
1710527557.1974263,0.37369049257702297
1710527557.1975398,0.493147075176239
1710527557.197653,0.6129539675182766
1710527557.1977665,0.7341621319452921
1710527557.19788,0.8588733938005235
1710527557.1979935,0.9856865803400675
1710527557.1981068,1.114601559109158
1710527557.1982203,1.2442172898186576
1710527557.1983337,1.3720813062455919
1710527557.1984472,1.4974933200412326
1710527557.1985605,1.6190516948699951
1710527557.198674,1.7357057995266385
1710527557.1987875,1.8488567405276828
1710527557.198901,1.9588549931844075
1710527557.1990142,2.0664008458455405
1710527557.1991277,2.173946830961439
1710527557.1992412,2.2818430264790854
1710527557.1993546,2.3890389336480036
1710527557.199468,2.4941325187683105
1710527557.1995814,2.596423890855577
1710527557.1996949,2.6927598317464194
1710527557.1998084,2.782089445326063
1710527557.1999216,2.865463892618815
1710527557.200035,2.9414818021986218
1710527557.2001486,3.0125951766967773
1710527557.200262,3.0781035953097873
1710527557.2003753,3.141860432094998
1710527557.2004888,3.202815055847168
1710527557.2006023,3.262368043263753
1710527557.2007155,3.319469028049045
1710527557.200829,3.3723661634657116
1710527557.2009425,3.420008818308512
1710527557.201056,3.460995356241862
1710527557.2011693,3.495326042175293
1710527557.2012827,3.523701296912299
1710527557.2013962,3.5457709100511337
1710527557.2015097,3.5636369387308755
1710527557.201623,3.5783500141567655
1710527557.2017365,3.5906110869513617
1710527557.20185,3.599719206492106
1710527557.2019634,3.608126640319824
1710527557.2020767,3.6123304896884494
1710527557.2021902,3.6130309104919434
1710527557.2023036,3.610929118262397
1710527557.2024171,3.603572580549452
1710527557.2025304,3.593063089582655
1710527557.2026439,3.5779998037550182
1710527557.2027574,3.5604839854770236
1710527557.2028708,3.541567325592041
1710527557.202984,3.5205483436584473
1710527557.2030976,3.499179416232639
1710527557.203211,3.477810223897298
1710527557.2033246,3.4557406107584634
1710527557.2034378,3.4329703119066024
1710527557.2035513,3.4112509091695147
1710527557.2036648,3.388130399915907
1710527557.2037783,3.3636085192362466
1710527557.2038915,3.338736163245307
1710527557.204005,3.311061594221327
1710527557.2041185,3.283737235599094
1710527557.204232,3.256412876976861
1710527557.2043452,3.2283878326416016
1710527557.2044587,3.201063474019368
1710527557.2045722,3.1747900115119085
1710527557.2046857,3.150618341233995
1710527557.204799,3.126797146267361
1710527557.2049124,3.10542795393202
1710527557.205026,3.0837085511949325
1710527557.2051392,3.062339623769124
1710527557.2052526,3.0399195353190103
1710527557.2053661,3.0171492364671493
1710527557.2054796,2.9929778310987682
1710527557.2055929,2.9698570569356284
1710527557.2057064,2.9470867580837674
1710527557.2058198,2.9260680410597057
1710527557.2059333,2.9082020123799643
1710527557.2060466,2.891737355126275
1710527557.20616,2.8773744901021323
1710527557.2062736,2.864062786102295
1710527557.206387,2.8504006067911782
1710527557.2065003,2.8370886378818088
1710527557.2066138,2.8220250871446395
1710527557.2067273,2.80591090520223
1710527557.2068408,2.7897964583502874
1710527557.206954,2.7736820114983454
1710527557.2070675,2.757567564646403
1710527557.207181,2.7446060710483127
1710527557.2072945,2.733746369679769
1710527557.2074077,2.722886668311225
1710527557.2075212,2.714829444885254
1710527557.2076347,2.705020639631483
1710527557.2077482,2.6934605174594455
1710527557.2078614,2.6794478628370495
1710527557.207975,2.66473478741116
1710527557.2080884,2.6472192340426974
1710527557.208202,2.6286525196499295
1710527557.2083151,2.610436280568441
1710527557.2084286,2.5936214129130044
1710527557.208542,2.5782076517740884
1710527557.2086556,2.562443415323893
1710527557.2087688,2.5466794437832303
1710527557.2088823,2.5291638904147677
1710527557.2089958,2.5102469656202526
1710527557.2091093,2.4867759810553656
1710527557.2092226,2.460852993859185
1710527557.209336,2.4310763676961265
1710527557.2094495,2.4009495311313205
1710527557.2095628,2.3676697413126626
1710527557.2096763,2.334740426805284
1710527557.2097898,2.300059530470106
1710527557.2099032,2.2664292653401694
1710527557.2100165,2.2299967871771917
1710527557.21013,2.191462516784668
1710527557.2102435,2.1504759788513184
1710527557.210357,2.1045850382910833
1710527557.2104702,2.0551909340752497
1710527557.2105837,2.002293666203817
1710527557.2106972,1.9448424710167778
1710527557.2108107,1.8856395615471733
1710527557.210924,1.8243348598480225
1710527557.2110374,1.7598773373497856
1710527557.211151,1.695419814851549
1710527557.2112644,1.6292108429802787
1710527557.2113776,1.5594985749986436
1710527557.211491,1.4866336186726887
1710527557.2116046,1.4113163948059082
1710527557.211718,1.3324960072835286
1710527557.2118313,1.2484210067325168
1710527557.2119448,1.160842842525906
1710527557.2120583,1.0697615808910794
1710527557.2121718,0.9758778413136799
1710527557.212285,0.8791915575663248
1710527557.2123985,0.779702795876397
1710527557.212512,0.6802139679590861
1710527557.2126255,0.5789736244413588
1710527557.2127388,0.47598176532321507
1710527557.2128522,0.37088798152075875
1710527557.2129657,0.2633420129617055
1710527557.2130792,0.153694169388877
1710527557.2131925,0.03984258406692081
1710527557.213306,-0.07714673048920101
1710527557.2134194,-0.19622971614201862
1710527557.213533,-0.31811465819676715
1710527557.2136462,-0.4392990801069471
1710527557.2137597,-0.5604835351308187
1710527557.2138731,-0.6809675031238132
1710527557.2139864,-0.7993500100241767
1710527557.2141,-0.916331476635403
1710527557.2142134,-1.0319120354122586
1710527557.2143269,-1.1481930149926078
1710527557.21444,-1.2655248906877306
1710527557.2145536,-1.383557054731581
1710527557.214667,-1.5026401148902044
1710527557.2147806,-1.6210226217905679
1710527557.2148938,-1.7380040221744113
1710527557.2150073,-1.8521836068895128
1710527557.2151208,-1.962160269419352
1710527557.2152343,-2.0675837993621826
1710527557.2153475,-2.1681038538614907
1710527557.215461,-2.26407077577379
1710527557.2155745,-2.3568852742513022
1710527557.215688,-2.448298931121826
1710527557.2158012,-2.5379615359836154
1710527557.2159147,-2.6262230343288846
1710527557.2160282,-2.71378411187066
1710527557.2161417,-2.7978425555759006
1710527557.216255,-2.8780484199523926
1710527557.2163684,-2.9508993360731335
1710527557.216482,-3.0191969871520996
1710527557.2165954,-3.080139425065782
1710527557.2167087,-3.134427070617676
1710527557.2168221,-3.1852126121520996
1710527557.2169356,-3.231444888644748
1710527557.2170491,-3.275575637817383
1710527557.2171624,-3.317254649268256
1710527557.2172759,-3.3575325542026095
1710527557.2173893,-3.394308355119493
1710527557.2175028,-3.4261804156833224
1710527557.217616,-3.4549005826314287
1710527557.2177296,-3.4769659572177463
1710527557.217843,-3.4941278563605414
1710527557.2179565,-3.506736490461561
1710527557.2180698,-3.5140917036268444
1710527557.2181833,-3.5186449686686196
1710527557.2182968,-3.5207464959886337
1710527557.21841,-3.5214469167921276
1710527557.2185235,-3.5214469167921276
1710527557.218637,-3.518294758266873
1710527557.2187505,-3.5137414932250977
1710527557.2188637,-3.5070869657728405
1710527557.2189772,-3.4976302252875433
1710527557.2190907,-3.4857220119900174
1710527557.2192042,-3.470311164855957
1710527557.2193174,-3.4520986345079208
1710527557.219431,-3.4328352080451117
1710527557.2195444,-3.412170675065782
1710527557.219658,-3.3904555108812118
1710527557.2197711,-3.3683901362948947
1710527557.2198846,-3.3466749721103244
1710527557.2199981,-3.324609597524007
1710527557.2201116,-3.304645750257704
1710527557.2202249,-3.2832807964748807
1710527557.2203383,-3.2622663180033364
1710527557.2204518,-3.240551153818766
1710527557.2205653,-3.2163842519124346
1710527557.2206786,-3.1918671396043563
1710527557.220792,-3.1669998168945312
1710527557.2209055,-3.1414320733812118
1710527557.221019,-3.1162145402696395
1710527557.2211323,-3.0927480591668024
1710527557.2212458,-3.071032894982232
1710527557.2213593,-3.051419258117676
1710527557.2214727,-3.0339071485731335
1710527557.221586,-3.0170954598320856
1710527557.2216995,-3.000633981492784
1710527557.221813,-2.983472082349989
1710527557.2219265,-2.964909076690674
1710527557.2220397,-2.9459958606296115
1710527557.2221532,-2.9260320133633084
1710527557.2222667,-2.906768586900499
1710527557.2223802,-2.8885557916429305
1710527557.2224934,-2.8727947341071234
1710527557.222607,-2.8594856792026095
1710527557.2227204,-2.8479274113972983
1710527557.2228336,-2.838120725419786
1710527557.2229471,-2.827613353729248
1710527557.2230606,-2.8164055612352157
1710527557.223174,-2.8034464518229165
1710527557.2232873,-2.7890865008036294
1710527557.2234008,-2.7726250224643283
1710527557.2235143,-2.756513754526774
1710527557.2236278,-2.741103172302246
1710527557.223741,-2.7270934316847057
1710527557.2238545,-2.7155351638793945
1710527557.223968,-2.7057284779018826
1710527557.2240815,-2.6973226335313583
1710527557.2241948,-2.687865893046061
1710527557.2243083,-2.676658100552029
1710527557.2244217,-2.662998570336236
1710527557.2245352,-2.647237777709961
1710527557.2246485,-2.6297254032558866
1710527557.224762,-2.6101117663913302
1710527557.2248755,-2.591198550330268
1710527557.224989,-2.5715849134657116
1710527557.2251022,-2.553372383117676
1710527557.2252157,-2.5358600086636014
1710527557.2253292,-2.517297003004286
1710527557.2254426,-2.4973331557379828
1710527557.225556,-2.4756179915534124
1710527557.2256694,-2.4493498272365994
1710527557.2257829,-2.419579029083252
1710527557.2258964,-2.3863058620029025
1710527557.2260096,-2.350230746799045
1710527557.226123,-2.3120541042751737
1710527557.2262366,-2.2724766201443143
1710527557.22635,-2.2321984503004284
1710527557.2264633,-2.191219859653049
1710527557.2265768,-2.1491906378004284
1710527557.2266903,-2.104359335369534
1710527557.2268038,-2.0574266380733914
1710527557.226917,-2.00594080819024
1710527557.2270305,-1.9509524769253201
1710527557.227144,-1.8917612234751382
1710527557.2272573,-1.8276666270362005
1710527557.2273707,-1.7597191863589816
1710527557.2274842,-1.6893201404147677
1710527557.2275977,-1.616819699605306
1710527557.227711,-1.5422175990210638
1710527557.2278244,-1.465163893169827
1710527557.227938,-1.386008792453342
1710527557.2280514,-1.304401954015096
1710527557.2281647,-1.219993167453342
1710527557.2282782,-1.1320818795098198
1710527557.2283916,-1.0396173927519057
1710527557.2285051,-0.9422495630052354
1710527557.2286184,-0.8417295085059272
1710527557.2287319,-0.7377070188522339
1710527557.2288454,-0.6298318836424086
1710527557.2289588,-0.5195049775971307
1710527557.229072,-0.40952834818098277
1710527557.2291856,-0.2971000141567654
1710527557.229299,-0.18537215060657924
1710527557.2294126,-0.07259355651007758
1710527557.2295258,0.040543207691775426
1710527557.2296393,0.15684699018796286
1710527557.2297528,0.2749023338158925
1710527557.2298663,0.3978620635138618
1710527557.2299795,0.5243249071968926
1710527557.230093,0.652539332707723
1710527557.2302065,0.7814543114768134
1710527557.23032,0.9103693564732869
1710527557.2304332,1.0368322001563177
1710527557.2305467,1.160842842525906
1710527557.2306602,1.2820510069529216
1710527557.2307737,1.4004566934373643
1710527557.230887,1.5174611409505208
1710527557.2310004,1.6351661417219374
1710527557.231114,1.753221485349867
1710527557.2312274,1.8716271718343098
1710527557.2313406,1.9914339648352728
1710527557.2314541,2.1087887552049422
1710527557.2315676,2.222990724775526
1710527557.2316809,2.3319379488627114
1710527557.2317944,2.435279952155219
1710527557.2319078,2.5319663683573403
1710527557.2320213,2.623047563764784
1710527557.2321346,2.7088742785983615
1710527557.232248,2.791898250579834
1710527557.2323616,2.8731709056430392
1710527557.232475,2.952341503567166
1710527557.2325883,3.03011073006524
1710527557.2327018,3.1040268474155
1710527557.2328153,3.1740893257988825
1710527557.2329288,3.238196637895372
1710527557.233042,3.2945969369676376
1710527557.2331555,3.3436406983269586
1710527557.233269,3.3870792388916016
1710527557.2333825,3.4242124027676053
1710527557.2334957,3.458543088701036
1710527557.2336092,3.4890204005771213
1710527557.2337227,3.5173956553141275
1710527557.2338362,3.5450702243381076
1710527557.2339494,3.568190998501248
1710527557.234063,3.588158819410536
1710527557.2341764,3.6042732662624783
1710527557.23429,3.614432281917996
1710527557.2344031,3.620037237803141
1710527557.2345166,3.6207379235161676
1710527557.23463,3.6175849702623153
1710527557.2347436,3.6112793286641436
1710527557.2348568,3.6018209987216525
1710527557.2349703,3.5913115077548556
1710527557.2350838,3.5783500141567655
1710527557.2351973,3.565738730960422
1710527557.2353106,3.5506754451327853
1710527557.235424,3.5338603125678167
1710527557.2355375,3.516344759199354
1710527557.235651,3.496026462978787
1710527557.2357643,3.473256164126926
1710527557.2358778,3.449785444471571
1710527557.2359912,3.4245628780788846
1710527557.2361045,3.3975887298583984
1710527557.236218,3.370264371236165
1710527557.2363315,3.342589537302653
1710527557.236445,3.315965864393446
1710527557.2365582,3.289342191484239
1710527557.2366717,3.2641196250915527
1710527557.2367852,3.2395977444118924
1710527557.2368987,3.215776549445258
1710527557.237012,3.1909041934543185
1710527557.2371254,3.1667327880859375
1710527557.237239,3.141160011291504
1710527557.2373524,3.1155872344970703
1710527557.2374656,3.088963296678331
1710527557.237579,3.0630403094821506
1710527557.2376926,3.0385184288024902
1710527557.237806,3.0143467585245767
1710527557.2379193,2.993678251902262
1710527557.2380328,2.975111802419027
1710527557.2381463,2.957946459452311
1710527557.2382598,2.9411313268873425
1710527557.238373,2.9253673553466797
1710527557.2384865,2.907501326666938
1710527557.2386,2.889285087585449
1710527557.2387135,2.8703684277004666
1710527557.2388268,2.8514515029059515
1710527557.2389402,2.833935684627957
1710527557.2390537,2.8174710273742676
1710527557.2391672,2.803808848063151
1710527557.2392805,2.7915480401780868
1710527557.239394,2.781389024522569
1710527557.2395074,2.7712297439575195
1710527557.239621,2.7603700425889754
1710527557.2397342,2.7484594451056585
1710527557.2398477,2.734447055392795
1710527557.2399611,2.7186828189425998
1710527557.2400746,2.7022181616889105
1710527557.240188,2.6861039797465005
1710527557.2403014,2.670339743296305
1710527557.2404149,2.6563273535834417
1710527557.240528,2.6437160703870983
1710527557.2406416,2.6318054729037814
1710527557.240755,2.619544400109185
1710527557.2408686,2.6055320103963218
1710527557.2409818,2.588716877831353
1710527557.2410953,2.5698002179463706
1710527557.2412088,2.548080815209283
1710527557.2413223,2.524259355333116
1710527557.2414355,2.4986865785386825
1710527557.241549,2.4738144874572754
1710527557.2416625,2.4478912353515625
1710527557.241776,2.422668933868408
1710527557.2418892,2.396395471360948
1710527557.2420027,2.369771533542209
1710527557.2421162,2.3399949073791504
1710527557.2422297,2.307065592871772
1710527557.242343,2.2713338004218206
1710527557.2424564,2.2299967871771917
1710527557.24257,2.1858575608995223
1710527557.2426834,2.1396162774827743
1710527557.2427967,2.090922726525201
1710527557.2429101,2.0401275157928467
1710527557.2430236,1.9889818297492132
1710527557.2431371,1.9357343514760335
1710527557.2432504,1.8796842628055148
1710527557.2433639,1.8215323819054496
1710527557.2434773,1.7598773373497856
1710527557.2435908,1.6940185758802626
1710527557.243704,1.6239560974968803
1710527557.2438176,1.549689902199639
1710527557.243931,1.4715700679355197
1710527557.2440445,1.3902976777818468
1710527557.2441578,1.3058723343743217
1710527557.2442713,1.2203959623972576
1710527557.2443848,1.1321172449323866
1710527557.2444983,1.0417366027832031
1710527557.2446115,0.9499546554353502
1710527557.244725,0.856421258714464
1710527557.2448385,0.7590343554814656
1710527557.2449517,0.6588449080785116
1710527557.2450652,0.5555027061038547
1710527557.2451787,0.44830706384446883
1710527557.2452922,0.3376082910431756
1710527557.2454054,0.22480762667126125
1710527557.245519,0.10955478582117292
1710527557.2456324,-0.0070979151253898936
1710527557.245746,-0.12302869723902808
1710527557.2458591,-0.23895949125289917
1710527557.2459726,-0.35454001691606307
1710527557.2460861,-0.46836935811572605
1710527557.2461996,-0.58394988377889
1710527557.2463129,-0.7009314166174995
1710527557.2464263,-0.8189636468887329
1710527557.2465398,-0.9401481019126045
1710527557.2466533,-1.0620330439673529
1710527557.2467666,-1.1853188938564725
1710527557.24688,-1.306503348880344
1710527557.2469935,-1.4255864090389676
1710527557.247107,-1.5404664145575628
1710527557.2472203,-1.6511434978908963
1710527557.2473338,-1.7597191863589816
1710527557.2474473,-1.865492926703559
1710527557.2475607,-1.9691651397281222
1710527557.247674,-2.0728373527526855
1710527557.2477875,-2.1761593553755016
1710527557.247901,-2.279131147596571
1710527557.2480145,-2.3800015449523926
1710527557.2481277,-2.479120625389947
1710527557.2482412,-2.573686440785726
1710527557.2483547,-2.660897307925754
1710527557.2484682,-2.7435549100240073
1710527557.2485814,-2.8199079301622176
1710527557.248695,-2.890657318962945
1710527557.2488084,-2.9568534427218967
1710527557.2489219,-3.0205978287590876
1710527557.2490351,-3.082240687476264
1710527557.2491486,-3.1421324941847057
1710527557.249262,-3.1992223527696395
1710527557.2493753,-3.2514087359110513
1710527557.2494888,-3.2993920644124346
1710527557.2496023,-3.340720865461561
1710527557.2497158,-3.376445770263672
1710527557.249829,-3.405866358015272
1710527557.2499425,-3.4307336807250977
1710527557.250056,-3.4499971071879068
1710527557.2501695,-3.466808795928955
1710527557.2502828,-3.481518957349989
1710527557.2503963,-3.4941278563605414
1710527557.2505097,-3.5060360696580672
1710527557.2506232,-3.515492810143365
1710527557.2507365,-3.5200458102756076
1710527557.25085,-3.5228477583991156
1710527557.2509634,-3.5214469167921276
1710527557.251077,-3.5172438621520996
1710527557.2511902,-3.5081375969780817
1710527557.2513037,-3.4969298044840493
1710527557.2514172,-3.482569853464762
1710527557.2515306,-3.467859427134196
1710527557.251644,-3.4520986345079208
1710527557.2517574,-3.435286945766873
1710527557.2518709,-3.418474992116292
1710527557.2519844,-3.40096288257175
1710527557.2520976,-3.382750087314182
1710527557.252211,-3.363837136162652
1710527557.2523246,-3.3428223927815752
1710527557.252438,-3.321107228597005
1710527557.2525513,-3.2972905370924206
1710527557.2526648,-3.2720730039808483
1710527557.2527783,-3.2458048396640353
1710527557.2528918,-3.2198866208394366
1710527557.253005,-3.1939686669243708
1710527557.2531185,-3.169451554616292
1710527557.253232,-3.146335548824734
1710527557.2533455,-3.1249705950419107
1710527557.2534587,-3.1050067477756076
1710527557.2535722,-3.084342214796278
1710527557.2536857,-3.064028157128228
1710527557.253799,-3.0430134137471514
1710527557.2539124,-3.0205978287590876
1710527557.254026,-2.9981822437710233
1710527557.2541394,-2.975766658782959
1710527557.2542527,-2.9540514945983887
1710527557.2543662,-2.9340876473320856
1710527557.2544796,-2.916925483279758
1710527557.2545931,-2.901865111456977
1710527557.2547064,-2.8889060020446777
1710527557.2548199,-2.876997788747152
1710527557.2549334,-2.8643888897365994
1710527557.2550468,-2.8510798348320856
1710527557.25516,-2.836019198099772
1710527557.2552736,-2.820258140563965
1710527557.255387,-2.8037966622246637
1710527557.2555006,-2.7876856591966415
1710527557.2556138,-2.7726250224643283
1710527557.2557273,-2.7607168091668024
1710527557.2558408,-2.750909858279758
1710527557.2559543,-2.742854224310981
1710527557.2560675,-2.735849486456977
1710527557.256181,-2.728144062889947
1710527557.2562945,-2.7190377977159286
1710527557.256408,-2.7067791091071234
1710527557.2565212,-2.6927693684895835
1710527557.2566347,-2.677008310953776
1710527557.2567482,-2.661247518327501
1710527557.2568617,-2.6447860399881997
1710527557.256975,-2.6300756136576333
1710527557.2570884,-2.6171167691548667
1710527557.257202,-2.6045078701443143
1710527557.2573154,-2.5918992360432944
1710527557.2574286,-2.576838599310981
1710527557.2575421,-2.5596767001681857
1710527557.2576556,-2.5379615359836154
1710527557.257769,-2.514144844479031
1710527557.2578824,-2.4878766801622176
1710527557.2579958,-2.458806302812364
1710527557.2581093,-2.4293859799702964
1710527557.2582226,-2.3985642857021756
1710527557.258336,-2.368443277147081
1710527557.2584496,-2.3376218477884927
1710527557.258563,-2.3057497872246637
1710527557.2586763,-2.2703750928243003
1710527557.2587898,-2.2328988711039224
1710527557.2589033,-2.1908696492513022
1710527557.2590168,-2.1456881364186606
1710527557.25913,-2.095603280597263
1710527557.2592435,-2.042366133795844
1710527557.259357,-1.9859768284691703
1710527557.2594705,-1.9278363386789956
1710527557.2595837,-1.8675944540235732
1710527557.2596972,-1.8056012524498832
1710527557.2598107,-1.7422070768144395
1710527557.2599242,-1.6753103997972276
1710527557.2600374,-1.6059621175130208
1710527557.260151,-1.5324107805887857
1710527557.2602644,-1.4557074175940619
1710527557.260378,-1.3737502362993028
1710527557.2604911,-1.2879404756757948
1710527557.2606046,-1.1972272396087646
1710527557.260718,-1.1030115683873494
1710527557.2608316,-1.0056437386406791
1710527557.2609448,-0.906174447801378
1710527557.2610583,-0.8053041166729397
1710527557.2611718,-0.7030328777101305
1710527557.2612853,-0.5986601114273071
1710527557.2613986,-0.49323668082555133
1710527557.261512,-0.3846610254711575
1710527557.2616255,-0.27328340543640983
1710527557.261739,-0.15700237618552312
1710527557.2618523,-0.03756914701726701
1710527557.2619658,0.08503290514151256
1710527557.2620792,0.21009450157483417
1710527557.2621925,0.3358567092153761
1710527557.262306,0.4616189334127638
1710527557.2624195,0.5859798855251735
1710527557.262533,0.7064874304665459
1710527557.2626462,0.8276955948935615
1710527557.2627597,0.9471521774927775
1710527557.2628732,1.0659081406063504
1710527557.2629867,1.187466647889879
1710527557.2631,1.3100760512881808
1710527557.2632134,1.434086693657769
1710527557.263327,1.5594985749986436
1710527557.2634404,1.6835092173682318
1710527557.2635536,1.803666485680474
1710527557.263667,1.9203205903371174
1710527557.2637806,2.0324206352233887
1710527557.263894,2.137864695654975
1710527557.2640073,2.2398055924309626
1710527557.2641208,2.338944011264377
1710527557.2642343,2.4366813235812717
1710527557.2643478,2.534068160586887
1710527557.264461,2.630404101477729
1710527557.2645745,2.725338935852051
1710527557.264688,2.816770341661241
1710527557.2648015,2.902947266896566
1710527557.2649148,2.983169025844998
1710527557.2650282,3.0563841925726996
1710527557.2651417,3.1229437722100153
1710527557.2652552,3.1824967596266003
1710527557.2653685,3.2367952664693194
1710527557.265482,3.2879408200581866
1710527557.2655954,3.337335056728787
1710527557.265709,3.383576340145535
1710527557.2658222,3.427365356021457
1710527557.2659357,3.4676512082417803
1710527557.2660491,3.5037334760030108
1710527557.2661626,3.5338603125678167
1710527557.266276,3.5580319828457303
1710527557.2663894,3.576248221927219
1710527557.2665029,3.588509029812283
1710527557.266616,3.5969167285495334
1710527557.2667296,3.6014707883199053
1710527557.266843,3.603922790951199
1710527557.2669566,3.6053241623772516
1710527557.2670698,3.603922790951199
1710527557.2671833,3.6004196272956
1710527557.2672968,3.5944644610087075
1710527557.2674103,3.5860570271809893
1710527557.2675235,3.573795954386393
1710527557.267637,3.5594330893622503
1710527557.2677505,3.541567325592041
1710527557.267864,3.5212490293714733
1710527557.2679772,3.4988292058308916
1710527557.2680907,3.4750077459547253
1710527557.2682042,3.4511865509880915
1710527557.2683177,3.4280660417344833
1710527557.268431,3.40389437145657
1710527557.2685444,3.3797227011786566
1710527557.268658,3.3552008204989963
1710527557.2687714,3.3317301008436413
1710527557.2688847,3.3082591162787542
1710527557.2689981,3.2830365498860674
1710527557.2691116,3.256412876976861
1710527557.2692251,3.230489624871148
1710527557.2693384,3.2031652662489147
1710527557.2694519,3.1747900115119085
1710527557.2695653,3.1478158632914224
1710527557.2696788,3.1211921903822155
1710527557.269792,3.097370730506049
1710527557.2699056,3.0749509069654675
1710527557.270019,3.0546326107449002
1710527557.2701325,3.0336138937208386
1710527557.2702458,3.015047444237603
1710527557.2703593,2.9947291480170355
1710527557.2704728,2.9747613271077475
1710527557.2705863,2.953742610083686
1710527557.2706995,2.9323736826578775
1710527557.270813,2.911004490322537
1710527557.2709265,2.891387144724528
1710527557.2710397,2.8749224874708386
1710527557.2711532,2.860559622446696
1710527557.2712667,2.847597863939073
1710527557.2713802,2.8360377417670355
1710527557.2714934,2.825178040398492
1710527557.271607,2.8132674429151745
1710527557.2717204,2.8003056844075522
1710527557.271834,2.7855926089816623
1710527557.2719471,2.7701788478427463
1710527557.2720606,2.754064400990804
1710527557.2721741,2.7390011151631675
1710527557.2722876,2.7256891462537975
1710527557.2724009,2.7141287591722274
1710527557.2725143,2.70396974351671
1710527557.2726278,2.6945114135742188
1710527557.2727413,2.684702608320448
1710527557.2728546,2.672792010837131
1710527557.272968,2.6594800419277616
1710527557.2730815,2.6430153846740723
1710527557.273195,2.6247991455925836
1710527557.2733083,2.6048313246832953
1710527557.2734218,2.58451329337226
1710527557.2735353,2.5638447867499456
1710527557.2736487,2.5445776515536838
1710527557.273762,2.526361412472195
1710527557.2738755,2.5063935915629068
1710527557.273989,2.4853748745388455
1710527557.2741024,2.4619038899739585
1710527557.2742157,2.435279952155219
1710527557.2743292,2.404452429877387
1710527557.2744427,2.3708224296569824
1710527557.2745562,2.334039741092258
1710527557.2746694,2.295855681101481
1710527557.274783,2.256270249684652
1710527557.2748964,2.2156340546078153
1710527557.2750099,2.173946830961439
1710527557.2751231,2.130858368343777
1710527557.2752366,2.085317770640055
1710527557.27535,2.0366243521372476
1710527557.2754633,1.984427769978841
1710527557.2755768,1.9280274709065754
1710527557.2756903,1.8677736653221977
1710527557.2758038,1.8040168285369873
1710527557.275917,1.7364064852396646
1710527557.2760305,1.6666942172580295
1710527557.276144,1.5952304999033609
1710527557.2762575,1.5209641721513536
1710527557.2763708,1.4449463950263128
1710527557.2764843,1.3675272464752197
1710527557.2765977,1.2869554095798068
1710527557.2767112,1.203230751885308
1710527557.2768245,1.1163531409369574
1710527557.276938,1.0252718793021307
1710527557.2770514,0.929986900753445
1710527557.277165,0.8322496546639336
1710527557.2772782,0.72960807217492
1710527557.2773917,0.6241640117433336
1710527557.2775052,0.5180192655987209
1710527557.2776186,0.4094223512543572
1710527557.277732,0.30012485053804183
1710527557.2778454,0.19082731670803493
1710527557.2779589,0.08047884537114038
1710527557.2780724,-0.0323154880768723
1710527557.2781856,-0.14579456713464525
1710527557.278299,-0.26137510935465497
1710527557.2784126,-0.38080834680133396
1710527557.278526,-0.5012922816806369
1710527557.2786393,-0.6235275003645155
1710527557.2787528,-0.747163626882765
1710527557.2788663,-0.8686982923083835
1710527557.2789798,-0.989882747332255
1710527557.279093,-1.1072144905726116
1710527557.2792065,-1.222444772720337
1710527557.27932,-1.3359239366319444
1710527557.2794335,-1.4480019940270317
1710527557.2795467,-1.5604303942786322
1710527557.2796602,-1.6721582412719727
1710527557.2797737,-1.784586509068807
1710527557.279887,-1.8970149093204074
1710527557.2800004,-2.007691992653741
1710527557.280114,-2.115917470720079
1710527557.2802274,-2.2192394733428955
1710527557.2803407,-2.317307790120443
1710527557.2804542,-2.410122553507487
1710527557.2805676,-2.498384051852756
1710527557.2806811,-2.582792705959744
1710527557.2807944,-2.663699256049262
1710527557.2809079,-2.742854224310981
1710527557.2810214,-2.822009457482232
1710527557.2811348,-2.8994133737352157
1710527557.281248,-2.972964710659451
1710527557.2813616,-3.0437138345506454
1710527557.281475,-3.1081589063008623
1710527557.2815886,-3.1669998168945312
1710527557.2817018,-3.218835989634196
1710527557.2818153,-3.2650682661268444
1710527557.2819288,-3.306397067175971
1710527557.2820423,-3.3424721823798285
1710527557.2821555,-3.376445770263672
1710527557.282269,-3.407967885335286
1710527557.2823825,-3.4370379977756076
1710527557.282496,-3.464707268608941
1710527557.2826092,-3.4864224327935114
1710527557.2827227,-3.5060360696580672
1710527557.2828362,-3.5200458102756076
1710527557.2829497,-3.529152340359158
1710527557.283063,-3.5330049196879068
1710527557.2831764,-3.5340555508931475
1710527557.28329,-3.5309033923678927
1710527557.2834034,-3.5259999169243708
1710527557.2835166,-3.5196955998738604
1710527557.2836301,-3.5112897555033364
1710527557.2837436,-3.5025337007310653
1710527557.283857,-3.4913259082370334
1710527557.2839704,-3.480118115743001
1710527557.2840838,-3.466808795928955
1710527557.2841973,-3.4499971071879068
1710527557.2843106,-3.4317843119303384
1710527557.284424,-3.4104196230570474
1710527557.2845376,-3.388003773159451
1710527557.284651,-3.3634866608513727
1710527557.2847643,-3.338619338141547
1710527557.2848778,-3.312701384226481
1710527557.2849913,-3.2874838511149087
1710527557.2851048,-3.2629667388068304
1710527557.285218,-3.2402009434170194
1710527557.2853315,-3.217785358428955
1710527557.285445,-3.1957199838426376
1710527557.2855585,-3.172603713141547
1710527557.2856717,-3.150188128153483
1710527557.2857852,-3.1263714366488986
1710527557.2858987,-3.100803693135579
1710527557.2860122,-3.075936370425754
1710527557.2861254,-3.050718837314182
1710527557.286239,-3.0276028315226235
1710527557.2863524,-3.005186981625027
1710527557.286466,-2.986624240875244
1710527557.2865791,-2.969462341732449
1710527557.2866926,-2.9540514945983887
1710527557.286806,-2.9393413331773544
1710527557.2869196,-2.923580275641547
1710527557.2870328,-2.906418376498752
1710527557.2871463,-2.8889060020446777
1710527557.2872598,-2.8696425755818686
1710527557.2873733,-2.8517802556355796
1710527557.2874866,-2.8342678811815047
1710527557.2876,-2.818156878153483
1710527557.2877135,-2.804847558339437
1710527557.287827,-2.7943401866488986
1710527557.2879403,-2.7848837110731335
1710527557.2880538,-2.7761273913913302
1710527557.2881672,-2.766670915815565
1710527557.2882807,-2.75581333372328
1710527557.288394,-2.742854224310981
1710527557.2885075,-2.728844483693441
1710527557.288621,-2.713083691067166
1710527557.2887342,-2.6983732647365994
1710527557.2888477,-2.684363524119059
1710527557.2889612,-2.673155731625027
1710527557.2890747,-2.664399676852756
1710527557.289188,-2.654942936367459
1710527557.2893014,-2.645136250389947
1710527557.289415,-2.6339284578959146
1710527557.2895284,-2.6209693484836154
1710527557.2896416,-2.6045078701443143
1710527557.289755,-2.584544022878011
1710527557.2898686,-2.564229965209961
1710527557.289982,-2.5414639049106174
1710527557.2900953,-2.519048319922553
1710527557.2902088,-2.496632734934489
1710527557.2903223,-2.4752677811516657
1710527557.2904358,-2.452501985761854
1710527557.290549,-2.4293859799702964
1710527557.2906625,-2.402417129940457
1710527557.290776,-2.372996542188856
1710527557.2908895,-2.33797205819024
1710527557.2910028,-2.3008463117811413
1710527557.2911162,-2.258817089928521
1710527557.2912297,-2.2143359978993735
1710527557.2913432,-2.1681038538614907
1710527557.2914565,-2.121171156565348
1710527557.29157,-2.0714363786909313
1710527557.2916834,-2.021351522869534
1710527557.291797,-1.9684647189246283
1710527557.2919102,-1.9131261772579617
1710527557.2920237,-1.8546353446112738
1710527557.2921371,-1.79124116897583
1710527557.2922506,-1.7246948348151312
1710527557.292364,-1.6532450252109103
1710527557.2924774,-1.5772420830196805
1710527557.2925909,-1.4991376135084364
1710527557.2927043,-1.4171805646684434
1710527557.2928176,-1.3331219885084364
1710527557.292931,-1.2469618850284152
1710527557.2930446,-1.1594009399414062
1710527557.2931578,-1.069738401307
1710527557.2932713,-0.9779744678073459
1710527557.2933848,-0.8827080991533067
1710527557.2934983,-0.7842895057466295
1710527557.2936115,-0.6813177135255601
1710527557.293725,-0.5748435523774889
1710527557.2938385,-0.46346591578589547
1710527557.293952,-0.34893612066904706
1710527557.2940652,-0.23230484790272182
1710527557.2941787,-0.11462284459008111
1710527557.2942922,0.002709448906696505
1710527557.2944057,0.12076478865411547
1710527557.294519,0.23846982253922355
1710527557.2946324,0.3551239106390211
1710527557.294746,0.4735295640097724
1710527557.2948594,0.5940371089511447
1710527557.2949727,0.7166465123494467
1710527557.2950861,0.8434596326616075
1710527557.2951996,0.9720244010289509
1710527557.2953131,1.1005891031689115
1710527557.2954264,1.2305551105075412
1710527557.2955399,1.3556166489919026
1710527557.2956533,1.4782260523902044
1710527557.2957668,1.5969820817311604
1710527557.29588,1.7122348149617512
1710527557.2959936,1.8243348598480225
1710527557.296107,1.9357343514760335
1710527557.2962205,2.047133710649278
1710527557.2963338,2.1578325165642633
1710527557.2964473,2.268881532880995
1710527557.2965608,2.3781792322794595
1710527557.2966743,2.4843237135145397
1710527557.2967875,2.58451329337226
1710527557.296901,2.67769628100925
1710527557.2970145,2.765975263383653
1710527557.297128,2.8458465470208063
1710527557.2972412,2.9211635059780545
1710527557.2973547,2.992277145385742
1710527557.2974682,3.060938252343072
1710527557.2975814,3.1278480423821344
1710527557.297695,3.192305564880371
1710527557.2978084,3.254310819837782
1710527557.297922,3.3121124903361
1710527557.2980351,3.365710311465793
1710527557.2981486,3.410900698767768
1710527557.2982621,3.450135654873318
1710527557.2983756,3.4830649693806963
1710527557.2984889,3.5100391176011825
1710527557.2986023,3.5331596268547907
1710527557.2987158,3.5520765516493054
1710527557.2988293,3.569592105017768
1710527557.2989426,3.584655655754937
1710527557.299056,3.5969167285495334
1710527557.2991695,3.6063750584920244
1710527557.299283,3.612680700090196
1710527557.2993963,3.614432281917996
1710527557.2995098,3.611629803975423
1710527557.2996233,3.6042732662624783
1710527557.2997367,3.593063089582655
1710527557.29985,3.5783500141567655
1710527557.2999635,3.561885356903076
1710527557.300077,3.5436691178215876
1710527557.3001904,3.5254528787400985
1710527557.3003037,3.504784372117784
1710527557.3004172,3.484816551208496
1710527557.3005307,3.4630971484714084
1710527557.3006442,3.441027535332574
1710527557.3007574,3.4186074468824597
1710527557.300871,3.3937353558010526
1710527557.3009844,3.368162579006619
1710527557.3010979,3.3404877450731063
1710527557.301211,3.3124627007378473
1710527557.3013246,3.2833867602878146
1710527557.301438,3.254661295149061
1710527557.3015516,3.226986461215549
1710527557.3016648,3.200012312995063
1710527557.3017783,3.1744395362006292
1710527557.3018918,3.150618341233995
1710527557.302005,3.127497831980387
1710527557.3021185,3.10542795393202
1710527557.302232,3.082657655080159
1710527557.3023455,3.0598873562282987
1710527557.3024588,3.0360661612616644
1710527557.3025723,3.01224496629503
1710527557.3026857,2.988073296017117
1710527557.3027992,2.965653207567003
1710527557.3029125,2.9435835944281683
1710527557.303026,2.924666669633653
1710527557.3031394,2.9082020123799643
1710527557.303253,2.893839147355821
1710527557.3033662,2.880176968044705
1710527557.3034797,2.8665147887335882
1710527557.3035932,2.8525023990207248
1710527557.3037066,2.8374388482835555
1710527557.30382,2.821324666341146
1710527557.3039334,2.8045095337761774
1710527557.3040469,2.788044876522488
1710527557.3041604,2.772631115383572
1710527557.3042736,2.7600198321872287
1710527557.304387,2.749160130818685
1710527557.3045006,2.7397018008761935
1710527557.304614,2.730943891737196
1710527557.3047273,2.7218357721964517
1710527557.3048408,2.711326281229655
1710527557.3049543,2.6983647876315646
1710527557.3050678,2.683301501803928
1710527557.305181,2.667187054951986
1710527557.3052945,2.6503719223870172
1710527557.305408,2.6342577404446073
1710527557.3055215,2.619544400109185
1710527557.3056347,2.6051817999945746
1710527557.3057482,2.591519355773926
1710527557.3058617,2.5775069660610623
1710527557.3059752,2.5620932049221463
1710527557.3060884,2.5438769658406577
1710527557.306202,2.522858248816596
1710527557.3063154,2.4986865785386825
1710527557.3064287,2.472062905629476
1710527557.3065422,2.442636754777696
1710527557.3066556,2.4128601286146374
1710527557.3067691,2.381682131025526
1710527557.3068824,2.350854608747694
1710527557.3069959,2.319326665666368
1710527557.3071094,2.285346190134684
1710527557.3072228,2.249614397684733
1710527557.307336,2.210379441579183
1710527557.3074496,2.1672909789615207
1710527557.307563,2.1206993526882596
1710527557.3076766,2.069553666644626
1710527557.3077898,2.01490494940016
1710527557.3079033,1.9585046503278944
1710527557.3080168,1.898951530456543
1710527557.3081303,1.837646828757392
1710527557.3082435,1.7752910984887016
1710527557.308357,1.710483365588718
1710527557.3084705,1.6435735755496554
1710527557.308584,1.57316075430976
1710527557.3086972,1.4995951122707791
1710527557.3088107,1.4214754104614258
1710527557.3089242,1.3395023345947266
1710527557.3090377,1.2540259626176622
1710527557.309151,1.164346006181505
1710527557.3092644,1.0729144016901653
1710527557.309378,0.9786803192562527
1710527557.3094914,0.8819940355088975
1710527557.3096046,0.7846071322758992
1710527557.3097181,0.6861693329281277
1710527557.3098316,0.5856296088960435
1710527557.309945,0.48228737380769515
1710527557.3100584,0.37789424260457355
1710527557.3101718,0.2710488935311635
1710527557.3102853,0.1599997944302029
1710527557.3103988,0.04509727160135905
1710527557.310512,-0.07154282596376207
1710527557.3106256,-0.1906258033381568
1710527557.310739,-0.30970878071255153
1710527557.3108523,-0.42879177464379203
1710527557.3109658,-0.546473761399587
1710527557.3110793,-0.6620542870627509
1710527557.3111928,-0.7776348458396064
1710527557.311306,-0.8921646409564548
1710527557.3114195,-1.0073949893315632
1710527557.311533,-1.1236760351392958
1710527557.3116465,-1.2420585420396593
1710527557.3117597,-1.3611414697435167
1710527557.3118732,-1.4805747403038871
1710527557.3119867,-1.5986069043477376
1710527557.3121002,-1.714187463124593
1710527557.3122134,-1.8255650997161865
1710527557.312327,-1.9330900245242648
1710527557.3124404,-2.037112580405341
1710527557.312554,-2.1362315283881292
1710527557.3126671,-2.2339497672186956
1710527557.3127806,-2.3292160034179688
1710527557.312894,-2.424832714928521
1710527557.3130076,-2.5186981095208063
1710527557.3131208,-2.6111626625061035
1710527557.3132343,-2.7011752128601074
1710527557.3133478,-2.7866347630818686
1710527557.3134613,-2.8657899962531195
1710527557.3135746,-2.938990857866075
1710527557.313688,-3.0058876673380532
1710527557.3138015,-3.066830105251736
1710527557.313915,-3.1235694885253906
1710527557.3140283,-3.1757558716668024
1710527557.3141418,-3.2265414132012262
1710527557.3142552,-3.2745247417026095
1710527557.3143687,-3.3204068077935114
1710527557.314482,-3.3627862400478787
1710527557.3145955,-3.400262461768256
1710527557.314709,-3.432484997643365
1710527557.3148224,-3.4598037931654186
1710527557.3149357,-3.480818536546495
1710527557.3150492,-3.4969298044840493
1710527557.3151627,-3.5088380177815752
1710527557.315276,-3.5172438621520996
1710527557.3153894,-3.5235484441121416
1710527557.315503,-3.5288018650478787
1710527557.3156164,-3.5316038131713867
1710527557.3157296,-3.5330049196879068
1710527557.315843,-3.531954288482666
1710527557.3159566,-3.5277512338426376
1710527557.31607,-3.5214469167921276
1710527557.3161833,-3.5109395451015897
1710527557.3162968,-3.4983306460910373
1710527557.3164103,-3.481518957349989
1710527557.3165238,-3.4636566374037
1710527557.316637,-3.4440430005391436
1710527557.3167505,-3.4233784675598145
1710527557.316864,-3.40236398908827
1710527557.3169775,-3.380999035305447
1710527557.3170907,-3.3599842919243708
1710527557.3172042,-3.3393200238545733
1710527557.3173177,-3.317604859670003
1710527557.3174312,-3.295539485083686
1710527557.3175445,-3.2724232143825955
1710527557.317658,-3.2472056812710233
1710527557.3177714,-3.2223383585611978
1710527557.317885,-3.1953695085313583
1710527557.3179982,-3.1677002376980252
1710527557.3181117,-3.1421324941847057
1710527557.3182251,-3.1165647506713867
1710527557.3183386,-3.093098269568549
1710527557.318452,-3.072083791097005
1710527557.3185654,-3.052820364634196
1710527557.3186789,-3.0346075693766275
1710527557.3187923,-3.0160445637173123
1710527557.3189056,-2.997131612565782
1710527557.319019,-2.9775177107916937
1710527557.3191326,-2.9568534427218967
1710527557.319246,-2.936188909742567
1710527557.3193593,-2.916225062476264
1710527557.3194728,-2.898012532128228
1710527557.3195863,-2.88120084338718
1710527557.3196995,-2.8682417339748807
1710527557.319813,-2.8573841518825955
1710527557.3199265,-2.8479274113972983
1710527557.32004,-2.8377705150180392
1710527557.3201532,-2.8265627225240073
1710527557.3202667,-2.814654244316949
1710527557.3203802,-2.7999440828959146
1710527557.3204937,-2.7852339214748807
1710527557.320607,-2.7698230743408203
1710527557.3207204,-2.755463123321533
1710527557.320834,-2.742153803507487
1710527557.3209474,-2.7319966422186956
1710527557.3210607,-2.7228903770446777
1710527557.3211741,-2.7151849534776473
1710527557.3212876,-2.7057284779018826
1710527557.3214011,-2.6959215270148382
1710527557.3215144,-2.682612207200792
1710527557.3216279,-2.667551835378011
1710527557.3217413,-2.650039725833469
1710527557.3218548,-2.6311265097724066
1710527557.321968,-2.6122132937113443
1710527557.3220816,-2.593300077650282
1710527557.322195,-2.576838599310981
1710527557.3223085,-2.5596767001681857
1710527557.3224218,-2.5425148010253906
1710527557.3225353,-2.523951795366075
1710527557.3226488,-2.5029370519849987
1710527557.3227623,-2.4777195188734265
1710527557.3228755,-2.449700037638346
1710527557.322989,-2.418178187476264
1710527557.3231025,-2.3838541242811413
1710527557.323216,-2.348829640282525
1710527557.3233292,-2.3113536834716797
1710527557.3234427,-2.274227672153049
1710527557.3235562,-2.2367517153422036
1710527557.3236697,-2.197524309158325
1710527557.323783,-2.155845297707452
1710527557.3238964,-2.111714548534817
1710527557.32401,-2.0633808771769204
1710527557.3241231,-2.010493940777249
1710527557.3242366,-1.9541046354505751
1710527557.32435,-1.8938627507951524
1710527557.3244636,-1.8297680219014485
1710527557.3245769,-1.7625211344824896
1710527557.3246903,-1.6935230626000297
1710527557.3248038,-1.6220732529958088
1710527557.3249173,-1.548872258928087
1710527557.3250306,-1.4739200803968642
1710527557.325144,-1.3958156108856201
1710527557.3252575,-1.314208772447374
1710527557.325371,-1.2294496430291069
1710527557.3254843,-1.140487723880344
1710527557.3255978,-1.0462720526589286
1710527557.3257113,-0.9482037358813815
1710527557.3258247,-0.8469831943511963
1710527557.325938,-0.741909941037496
1710527557.3260515,-0.6354357798894247
1710527557.326165,-0.5275606115659078
1710527557.3262784,-0.4186346795823839
1710527557.3263917,-0.30935853719711304
1710527557.3265052,-0.19903166426552665
1710527557.3266187,-0.0876540525092019
1710527557.3267322,0.025830080525742635
1710527557.3268454,0.14353510406282213
1710527557.326959,0.2636923227045271
1710527557.3270724,0.38770298163096106
1710527557.3271859,0.5134652058283488
1710527557.327299,0.6402783923678927
1710527557.3274126,0.7670915126800537
1710527557.327526,0.8918027745352851
1710527557.3276396,1.0130109389623005
1710527557.3277528,1.133518483903673
1710527557.3278663,1.2515738275316026
1710527557.3279798,1.368928485446506
1710527557.3280933,1.4859329329596624
1710527557.3282065,1.6060902012719047
1710527557.32832,1.7269480228424072
1710527557.3284335,1.8485065301259358
1710527557.3285468,1.968663665983412
1710527557.3286602,2.085317770640055
1710527557.3287737,2.1981185012393527
1710527557.3288872,2.3046135902404785
1710527557.3290005,2.4058538013034396
1710527557.329114,2.5021897421942816
1710527557.3292274,2.593270937601725
1710527557.329341,2.6822503407796225
1710527557.3294542,2.76947816212972
1710527557.3295677,2.8556550873650446
1710527557.3296812,2.9397302203708224
1710527557.3297946,3.0217032962375217
1710527557.329908,3.0970205201043024
1710527557.3300214,3.1681338946024575
1710527557.3301349,3.230839835272895
1710527557.3302484,3.2868899239434137
1710527557.3303616,3.335583474900987
1710527557.330475,3.3797227011786566
1710527557.3305886,3.418957922193739
1710527557.330702,3.4553904003567166
1710527557.3308153,3.489370610978868
1710527557.3309288,3.5215995046827526
1710527557.3310423,3.549974759419759
1710527557.3311558,3.573795954386393
1710527557.331269,3.5948146714104547
1710527557.3313825,3.608126640319824
1710527557.331496,3.6168845494588213
1710527557.3316095,3.6196870274013944
1710527557.3317227,3.6186358663770886
1710527557.3318362,3.6137315962049694
1710527557.3319497,3.6074259546067977
1710527557.3320632,3.59901852077908
1710527557.3321764,3.589209715525309
1710527557.33229,3.577299118041992
1710527557.3324034,3.564337624443902
1710527557.332517,3.549974759419759
1710527557.3326302,3.5328094164530435
1710527557.3327436,3.5138924916585283
1710527557.3328571,3.492173088921441
1710527557.3329704,3.468351893954807
1710527557.3330839,3.442428641849094
1710527557.3331974,3.416155179341634
1710527557.3333108,3.388130399915907
1710527557.333424,3.3611562516954208
1710527557.3335376,3.333831893073188
1710527557.333651,3.3061570591396756
1710527557.3337646,3.2809347576565213
1710527557.3338778,3.2557121912638345
1710527557.3339913,3.231190310584174
1710527557.3341048,3.2059677441914873
1710527557.3342183,3.180044756995307
1710527557.3343315,3.154121504889594
1710527557.334445,3.126797146267361
1710527557.3345585,3.099472787645128
1710527557.334672,3.073199325137668
1710527557.3347852,3.0476265483432345
1710527557.3348987,3.023805088467068
1710527557.3350122,3.003487057156033
1710527557.3351257,2.984219921959771
1710527557.335239,2.9667043685913086
1710527557.3353524,2.9488383399115667
1710527557.335466,2.932023207346598
1710527557.3355794,2.914858129289415
1710527557.3356926,2.8959412044949002
1710527557.3358061,2.876323593987359
1710527557.3359196,2.857406669192844
1710527557.336033,2.8395409054226346
1710527557.3361464,2.823426458570692
1710527557.3362598,2.809764279259576
1710527557.3363733,2.7982038921780057
1710527557.3364868,2.788044876522488
1710527557.3366,2.7782360712687173
1710527557.3367136,2.768427266014947
1710527557.336827,2.756867143842909
1710527557.3369405,2.744255860646566
1710527557.3370538,2.7291923099093967
1710527557.3371673,2.7137785487704806
1710527557.3372808,2.6983647876315646
1710527557.337394,2.684001922607422
1710527557.3375075,2.6706902186075845
1710527557.337621,2.659830517239041
1710527557.3377345,2.6496712366739907
1710527557.3378477,2.638111114501953
1710527557.3379612,2.6247991455925836
1710527557.3380747,2.609735859764947
1710527557.3381882,2.591869831085205
1710527557.3383014,2.5708511140611434
1710527557.338415,2.5484310256110296
1710527557.3385284,2.5239091449313693
1710527557.338642,2.4997374746534557
1710527557.3387551,2.475916279686822
1710527557.3388686,2.4513943990071616
1710527557.338982,2.426872518327501
1710527557.3390956,2.4009495311313205
1710527557.3392088,2.372924486796061
1710527557.3393223,2.341396278805203
1710527557.3394358,2.3060146967569985
1710527557.3395493,2.2678306367662215
1710527557.3396626,2.2250925170050726
1710527557.339776,2.180602815416124
1710527557.3398895,2.134361531999376
1710527557.340003,2.087419695324368
1710527557.3401163,2.038025591108534
1710527557.3402297,1.98793093363444
1710527557.3403432,1.9357343514760335
1710527557.3404567,1.880384948518541
1710527557.34057,1.821882724761963
1710527557.3406835,1.7598773373497856
1710527557.340797,1.692617336908976
1710527557.3409104,1.6218541728125677
1710527557.3410237,1.5475879775153265
1710527557.3411372,1.4698186185624864
1710527557.3412507,1.3888963063557942
1710527557.3413641,1.306923230489095
1710527557.3414774,1.2235487831963432
1710527557.341591,1.1373718579610188
1710527557.3417044,1.0497937599817913
1710527557.3418176,0.9597634606891208
1710527557.341931,0.8665802743699815
1710527557.3420446,0.7695437139934963
1710527557.342158,0.6690039899614122
1710527557.3422713,0.5646108256445991
1710527557.3423848,0.45671456389957005
1710527557.3424983,0.34636610084109837
1710527557.3426118,0.23391576276885137
1710527557.342725,0.11971385114722781
1710527557.3428385,0.005511949873632855
1710527557.342952,-0.10796820951832665
1710527557.3430655,-0.22214776939815944
1710527557.3431787,-0.33597707748413086
1710527557.3432922,-0.45120739274554783
1710527557.3434057,-0.5671381950378418
1710527557.3435192,-0.6855207019382052
1710527557.3436325,-0.8060046037038167
1710527557.343746,-0.9271890587276882
1710527557.3438594,-1.0501247644424438
1710527557.343973,-1.1709589428371854
1710527557.3440862,-1.2903922133975558
1710527557.3441997,-1.4052722189161513
1710527557.3443131,-1.5177006191677518
1710527557.3444266,-1.626626518037584
1710527557.3445399,-1.7338010999891493
1710527557.3446534,-1.8392246299319797
1710527557.3447669,-1.945348580678304
1710527557.3448803,-2.0511223210228815
1710527557.3449936,-2.1572462717692056
1710527557.345107,-2.261969248453776
1710527557.3452206,-2.3635400666130915
1710527557.345334,-2.4612580405341253
1710527557.3454473,-2.5537225935194225
1710527557.3455608,-2.6402327749464245
1710527557.3456743,-2.7207888497246637
1710527557.3457878,-2.79679192437066
1710527557.345901,-2.8692923651801214
1710527557.3460145,-2.9393413331773544
1710527557.346128,-3.007638719346788
1710527557.3462412,-3.073484632703993
1710527557.3463547,-3.1368788083394366
1710527557.3464682,-3.1971208254496255
1710527557.3465817,-3.2510585255093045
1710527557.346695,-3.2993920644124346
1710527557.3468084,-3.341421286265055
1710527557.346922,-3.3767959806654186
1710527557.3470354,-3.40726719962226
1710527557.3471487,-3.4328352080451117
1710527557.3472621,-3.4556010034349227
1710527557.3473756,-3.474514219495985
1710527557.347489,-3.4920263290405273
1710527557.3476024,-3.5070869657728405
1710527557.3477159,-3.5196955998738604
1710527557.3478293,-3.5281014442443848
1710527557.3479428,-3.5337053404914007
1710527557.348056,-3.5337053404914007
1710527557.3481696,-3.5305531819661455
1710527557.348283,-3.5228477583991156
1710527557.3483965,-3.5119901763068304
1710527557.3485098,-3.4993815422058105
1710527557.3486233,-3.4857220119900174
1710527557.3487368,-3.46996095445421
1710527557.3488503,-3.4534994761149087
1710527557.3489635,-3.4377384185791016
1710527557.349077,-3.4205765194363065
1710527557.3491905,-3.4027141994900174
1710527557.349304,-3.383800983428955
1710527557.3494172,-3.3631364504496255
1710527557.3495307,-3.341421286265055
1710527557.3496442,-3.31655396355523
1710527557.3497577,-3.2923873265584307
1710527557.349871,-3.2664691077338324
1710527557.3499844,-3.2402009434170194
1710527557.350098,-3.215333620707194
1710527557.3502114,-3.1915169292026095
1710527557.3503246,-3.169451554616292
1710527557.350438,-3.148086600833469
1710527557.3505516,-3.127422332763672
1710527557.3506649,-3.107458485497369
1710527557.3507783,-3.0881950590345593
1710527557.3508918,-3.066830105251736
1710527557.3510053,-3.0447647306654186
1710527557.3511186,-3.0226993560791016
1710527557.351232,-3.0002837710910373
1710527557.3513455,-2.97821839650472
1710527557.351459,-2.9582542843288846
1710527557.3515723,-2.9414425955878363
1710527557.3516858,-2.925681802961561
1710527557.3517992,-2.9130729039510093
1710527557.3519127,-2.899763584136963
1710527557.352026,-2.8882055812411838
1710527557.3521395,-2.87349541982015
1710527557.352253,-2.8584347830878363
1710527557.3523664,-2.841623094346788
1710527557.3524797,-2.825161616007487
1710527557.3525932,-2.809751033782959
1710527557.3527067,-2.7953908178541393
1710527557.3528202,-2.7831323941548667
1710527557.3529334,-2.7733254432678223
1710527557.353047,-2.7656202846103244
1710527557.3531604,-2.758965492248535
1710527557.3532739,-2.750909858279758
1710527557.353387,-2.741453382703993
1710527557.3535006,-2.7295449044969344
1710527557.353614,-2.7155351638793945
1710527557.3537276,-2.7004747920566134
1710527557.3538408,-2.685063944922553
1710527557.3539543,-2.6696533626980252
1710527557.3540678,-2.656344042883979
1710527557.3541813,-2.6437351438734265
1710527557.3542945,-2.6321771409776473
1710527557.354408,-2.6202689276801214
1710527557.3545215,-2.6062591870625815
1710527557.354635,-2.58979770872328
1710527557.3547482,-2.569833861456977
1710527557.3548617,-2.5467175907558866
1710527557.3549752,-2.5207996368408203
1710527557.3550885,-2.493130366007487
1710527557.355202,-2.4644101990593805
1710527557.3553154,-2.4356902970208063
1710527557.355429,-2.4069701300726996
1710527557.3555422,-2.3775498072306314
1710527557.3556557,-2.346377902560764
1710527557.3557692,-2.313805421193441
1710527557.3558826,-2.277029620276557
1710527557.355996,-2.2374521361456976
1710527557.3561094,-2.192620833714803
1710527557.3562229,-2.1442871623569064
1710527557.3563364,-2.093501753277249
1710527557.3564496,-2.0392139752705893
1710527557.356563,-1.9831748803456624
1710527557.3566766,-1.9257349438137479
1710527557.35679,-1.866893900765313
1710527557.3569033,-1.8059514628516302
1710527557.3570168,-1.7432577080196805
1710527557.3571303,-1.6763611634572346
1710527557.3572438,-1.6070127487182617
1710527557.357357,-1.532761123445299
1710527557.3574705,-1.4546566539340549
1710527557.357584,-1.3723492622375488
1710527557.3576975,-1.2861892912122939
1710527557.3578107,-1.1958262655470107
1710527557.3579242,-1.1047628190782335
1710527557.3580377,-1.0098466608259413
1710527557.3581512,-0.9142300155427721
1710527557.3582644,-0.8168621857961018
1710527557.358378,-0.7180933819876777
1710527557.3584914,-0.6165225638283623
1710527557.358605,-0.512149863772922
1710527557.3587182,-0.40462493896484375
1710527557.3588316,-0.2925468153423733
1710527557.3589451,-0.1759155591328939
1710527557.3590586,-0.05683257348007626
1710527557.3591719,0.06541540225346883
1710527557.3592854,0.18907575143708122
1710527557.3593988,0.31133482853571576
1710527557.359512,0.4339442319340176
1710527557.3596256,0.5548020866182115
1710527557.359739,0.6746090120739406
1710527557.3598526,0.7947662141587999
1710527557.3599658,0.9152737591001723
1710527557.3600793,1.0385837819841173
1710527557.3601928,1.1625944243537054
1710527557.3603063,1.2904585732354057
1710527557.3604195,1.4172716935475667
1710527557.360533,1.5444351567162407
1710527557.3606465,1.6680954562293158
1710527557.36076,1.787201828426785
1710527557.3608732,1.9021043512556288
1710527557.3609867,2.011401785744561
1710527557.3611002,2.1171961890326605
1710527557.3612137,2.2212390104929605
1710527557.361327,2.3231800397237143
1710527557.3614404,2.4247707260979547
1710527557.361554,2.526711622873942
1710527557.3616674,2.625850041707357
1710527557.3617806,2.722536457909478
1710527557.3618941,2.8136176533169217
1710527557.3620076,2.898743682437473
1710527557.362121,2.976863384246826
1710527557.3622344,3.0479767587449813
1710527557.3623478,3.112784491644965
1710527557.3624613,3.173388640085856
1710527557.3625748,3.230839835272895
1710527557.362688,3.2854888174268932
1710527557.3628016,3.338736163245307
1710527557.362915,3.388830820719401
1710527557.3630285,3.4357727898491754
1710527557.3631418,3.477810223897298
1710527557.3632553,3.5131918059455023
1710527557.3633687,3.542267746395535
1710527557.3634822,3.5650380452473955
1710527557.3635955,3.5822033882141113
1710527557.363709,3.5944644610087075
1710527557.3638225,3.6025216844346786
1710527557.3639357,3.6091775364345975
1710527557.3640492,3.612680700090196
1710527557.3641627,3.615132967631022
1710527557.3642762,3.614432281917996
1710527557.3643894,3.610929118262397
1710527557.364503,3.603922790951199
1710527557.3646164,3.5948146714104547
1710527557.36473,3.5804518063863116
1710527557.3648431,3.5636369387308755
1710527557.3649566,3.5443698035346136
1710527557.36507,3.523701296912299
1710527557.3651836,3.500930998060438
1710527557.3652968,3.477810223897298
1710527557.3654103,3.45468971464369
1710527557.3655238,3.4308685196770563
1710527557.3656373,3.4080982208251953
1710527557.3657506,3.3846272362603083
1710527557.365864,3.3601053555806475
1710527557.3659775,3.3362841606140137
1710527557.366091,3.310360908508301
1710527557.3662043,3.2840874460008407
1710527557.3663177,3.257463773091634
1710527557.3664312,3.229438728756375
1710527557.3665447,3.201763894822862
1710527557.366658,3.1751402219136553
1710527557.3667715,3.148516549004449
1710527557.366885,3.123994668324788
1710527557.3669984,3.1012243694729276
1710527557.3671117,3.0798551771375866
1710527557.3672252,3.0605880419413247
1710527557.3673387,3.0402700106302896
1710527557.3674521,3.0206524001227484
1710527557.3675654,2.999283207787408
1710527557.3676789,2.9775640699598522
1710527557.3677924,2.955494191911485
1710527557.3679059,2.9348256852891708
1710527557.368019,2.914858129289415
1710527557.3681326,2.8973423110114203
1710527557.368246,2.8822790251837835
1710527557.3683593,2.8682663705613876
1710527557.3684728,2.856005562676324
1710527557.3685863,2.8440949651930065
1710527557.3686998,2.8314836819966636
1710527557.368813,2.817821502685547
1710527557.3689265,2.802407741546631
1710527557.36904,2.7855926089816623
1710527557.3691535,2.7687777413262262
1710527557.3692667,2.75336398018731
1710527557.3693802,2.7404022216796875
1710527557.3694937,2.7281414137946234
1710527557.3696072,2.7176319228278265
1710527557.3697205,2.7078233824835882
1710527557.369834,2.6973138915167914
1710527557.3699474,2.6861039797465005
1710527557.370061,2.672091325124105
1710527557.3701742,2.6559768782721624
1710527557.3702877,2.637760639190674
1710527557.3704011,2.619194189707438
1710527557.3705146,2.599927054511176
1710527557.3706279,2.581010129716661
1710527557.3707414,2.562443415323893
1710527557.3708549,2.54527833726671
1710527557.3709683,2.5281129942999945
1710527557.3710816,2.5091960695054794
1710527557.371195,2.4867759810553656
1710527557.3713086,2.4619038899739585
1710527557.371422,2.432827949523926
1710527557.3715353,2.4012997415330672
1710527557.3716488,2.36626836988661
1710527557.3717623,2.329835891723633
1710527557.3718758,2.2923525174458823
1710527557.371989,2.253818247053358
1710527557.3721025,2.2152837117513022
1710527557.372216,2.1742971738179526
1710527557.3723295,2.1322597397698297
1710527557.3724427,2.0863686667548285
1710527557.3725562,2.037324905395508
1710527557.3726697,1.9830265310075548
1710527557.372783,1.9259255462222629
1710527557.3728964,1.8642705016665988
1710527557.37301,1.8008640077379015
1710527557.3731234,1.733253664440579
1710527557.3732367,1.6659936639997694
1710527557.3733501,1.595931053161621
1710527557.3734636,1.5230660968356662
1710527557.373577,1.448799769083659
1710527557.3736904,1.3727819919586182
1710527557.3738039,1.2922100226084392
1710527557.3739173,1.2091860506269667
1710527557.3740308,1.1216078864203558
1710527557.374144,1.0305265585581462
1710527557.3742576,0.9355918566385905
1710527557.374371,0.8378546767764621
1710527557.3744845,0.7369646098878648
1710527557.3745978,0.6346733702553643
1710527557.3747113,0.5313311351670159
1710527557.3748248,0.42658769422107273
1710527557.3749382,0.3214939104186164
1710527557.3750515,0.21429825160238478
1710527557.375165,0.10570135381486681
1710527557.3752785,-0.005346694443788793
1710527557.375392,-0.11882577505376604
1710527557.3755052,-0.23615752657254535
1710527557.3756187,-0.3559409909778171
1710527557.3757322,-0.4771254460016886
1710527557.3758457,-0.5993605984581841
1710527557.375959,-0.7201948430803087
1710527557.3760724,-0.8406788110733032
1710527557.376186,-0.9583607647154067
1710527557.3762994,-1.0753422975540161
1710527557.3764126,-1.1909227901034884
1710527557.376526,-1.304752164416843
1710527557.3766396,-1.4199825127919514
1710527557.376753,-1.5352127287122939
1710527557.3768663,-1.6518440511491563
1710527557.3769798,-1.7681250307295058
1710527557.3770933,-1.8833553791046143
1710527557.3772066,-1.9950832260979545
1710527557.37732,-2.103308704164293
1710527557.3774335,-2.2062803639305963
1710527557.377547,-2.3036482599046493
1710527557.3776603,-2.3964630232916937
1710527557.3777738,-2.486125363243951
1710527557.3778872,-2.573336230383979
1710527557.3780007,-2.658095359802246
1710527557.378114,-2.74180359310574
1710527557.3782275,-2.824461195203993
1710527557.378341,-2.903616428375244
1710527557.3784544,-2.97821839650472
1710527557.3785677,-3.04721646838718
1710527557.3786812,-3.1099099583095975
1710527557.3787947,-3.16594918568929
1710527557.3789082,-3.215683831108941
1710527557.3790214,-3.2598145802815752
1710527557.379135,-3.300442960527208
1710527557.3792484,-3.3382691277398004
1710527557.3793619,-3.3739940325419107
1710527557.379475,-3.40726719962226
1710527557.3795886,-3.4377384185791016
1710527557.379702,-3.464357058207194
1710527557.3798156,-3.487122853597005
1710527557.3799288,-3.5049854384528265
1710527557.3800423,-3.5175940725538464
1710527557.3801558,-3.524599075317383
1710527557.3802693,-3.527401023440891
1710527557.3803825,-3.5270508130391436
1710527557.380496,-3.5249492857191296
1710527557.3806095,-3.5200458102756076
1710527557.380723,-3.5140917036268444
1710527557.3808362,-3.506736490461561
1710527557.3809497,-3.4983306460910373
1710527557.3810632,-3.486772643195258
1710527557.3811767,-3.474514219495985
1710527557.38129,-3.4584029515584307
1710527557.3814034,-3.4405403667026095
1710527557.381517,-3.4198760986328125
1710527557.3816302,-3.397110303243001
1710527557.3817437,-3.3739940325419107
1710527557.3818572,-3.3484262890285916
1710527557.3819706,-3.3239091767205133
1710527557.382084,-3.299041854010688
1710527557.3821974,-3.275575637817383
1710527557.3823109,-3.2521091567145453
1710527557.3824244,-3.2307442029317217
1710527557.3825376,-3.208328617943658
1710527557.382651,-3.1862632433573403
1710527557.3827646,-3.1627970271640353
1710527557.382878,-3.138980335659451
1710527557.3829913,-3.1137628025478787
1710527557.3831048,-3.0888954798380532
1710527557.3832183,-3.0647285779317217
1710527557.3833318,-3.041612572140164
1710527557.383445,-3.021298249562581
1710527557.3835585,-3.0016846126980252
1710527557.383672,-2.985573344760471
1710527557.3837855,-2.970162762535943
1710527557.3838987,-2.9554523362053766
1710527557.3840122,-2.9396915435791016
1710527557.3841257,-2.923580275641547
1710527557.3842392,-2.905367480383979
1710527557.3843524,-2.886804739634196
1710527557.384466,-2.8689421547783747
1710527557.3845794,-2.852480676439073
1710527557.384693,-2.8374203046162925
1710527557.3848062,-2.824461195203993
1710527557.3849196,-2.8143040339152017
1710527557.3850331,-2.804847558339437
1710527557.3851466,-2.7971421347724066
1710527557.3852599,-2.787335183885362
1710527557.3853734,-2.7764778667026095
1710527557.3854868,-2.762467861175537
1710527557.3856003,-2.74810791015625
1710527557.3857136,-2.732347117529975
1710527557.385827,-2.7179869016011557
1710527557.3859406,-2.7039771609836154
1710527557.3860538,-2.6913685268825955
1710527557.3861673,-2.682261996799045
1710527557.3862808,-2.67280552122328
1710527557.3863943,-2.6633487807379828
1710527557.3865075,-2.6510903570387097
1710527557.386621,-2.6374308268229165
1710527557.3867345,-2.6206191380818686
1710527557.386848,-2.6010055012173123
1710527557.3869612,-2.579990757836236
1710527557.3870747,-2.5579253832499185
1710527557.3871882,-2.5365604294670954
1710527557.3873017,-2.5151957405938044
1710527557.387415,-2.494180997212728
1710527557.3875284,-2.4735167291429305
1710527557.387642,-2.4507506688435874
1710527557.3877554,-2.427634663052029
1710527557.3878686,-2.3992649714152017
1710527557.3879821,-2.36739264594184
1710527557.3880956,-2.3320179515414767
1710527557.388209,-2.2941917843288846
1710527557.3883224,-2.253563404083252
1710527557.3884358,-2.2108336289723716
1710527557.3885493,-2.167403300603231
1710527557.3886628,-2.1225721306271024
1710527557.388776,-2.0770402749379477
1710527557.3888896,-2.028706603580051
1710527557.389003,-1.9779213269551594
1710527557.3891165,-1.9229329956902397
1710527557.3892298,-1.865142716301812
1710527557.3893433,-1.8020987510681152
1710527557.3894567,-1.7345016532474093
1710527557.3895702,-1.6627016332414415
1710527557.3896835,-1.5873991118537054
1710527557.389797,-1.5099951956007216
1710527557.3899105,-1.4297893312242296
1710527557.390024,-1.3478321499294705
1710527557.3901372,-1.2637735737694633
1710527557.3902507,-1.1769130494859483
1710527557.3903642,-1.0893521043989394
1710527557.3904774,-0.9968876176410251
1710527557.390591,-0.9012710385852389
1710527557.3907044,-0.8014514711168077
1710527557.3908179,-0.6977791918648614
1710527557.3909311,-0.5899040566550361
1710527557.3910446,-0.47887666357888115
1710527557.391158,-0.3664483295546638
1710527557.3912716,-0.25051754381921554
1710527557.3913848,-0.13598773214552137
1710527557.3914983,-0.02145792254143291
1710527557.3916118,0.09309009545379214
1710527557.3917253,0.20869324604670206
1710527557.3918386,0.32604797018898857
1710527557.391952,0.4455045527882046
1710527557.3920655,0.5684642659293281
1710527557.392179,0.6942264901267158
1710527557.3922923,0.8227911922666762
1710527557.3924057,0.9517062372631496
1710527557.3925192,1.0820225212309096
1710527557.3926327,1.2081350220574272
1710527557.392746,1.3324960072835286
1710527557.3928595,1.4516023794809978
1710527557.392973,1.5693073802524142
1710527557.3930864,1.684209903081258
1710527557.3931997,1.7998129791683621
1710527557.3933132,1.914715501997206
1710527557.3934267,2.0306690533955893
1710527557.3935401,2.144870890511407
1710527557.3936534,2.260474099053277
1710527557.3937669,2.3711729049682617
1710527557.3938804,2.476967175801595
1710527557.3939939,2.5761055946350098
1710527557.394107,2.668938636779785
1710527557.3942206,2.7547650867038302
1710527557.394334,2.835687266455756
1710527557.3944476,2.9127560721503363
1710527557.3945608,2.9873726103040905
1710527557.3946743,3.060237831539578
1710527557.3947878,3.1295996242099338
1710527557.394901,3.1965094142489963
1710527557.3950145,3.258514669206407
1710527557.395128,3.315965864393446
1710527557.3952415,3.366410997178819
1710527557.3953547,3.4087986416286893
1710527557.3954682,3.4445306989881725
1710527557.3955817,3.475708431667752
1710527557.3956952,3.5012812084621854
1710527557.3958085,3.524051507314046
1710527557.395922,3.5447200139363604
1710527557.3960354,3.5639871491326227
1710527557.396149,3.5804518063863116
1710527557.3962622,3.593063089582655
1710527557.3963757,3.6025216844346786
1710527557.3964891,3.608126640319824
1710527557.3966026,3.608126640319824
1710527557.3967159,3.604623476664225
1710527557.3968294,3.5958655675252276
1710527557.3969429,3.585005866156684
1710527557.3970563,3.5709934764438205
1710527557.3971696,3.5555797153049045
1710527557.397283,3.5401659541659884
1710527557.3973966,3.522650400797526
1710527557.39751,3.5044341617160373
1710527557.3976233,3.485166761610243
1710527557.3977368,3.465899626413981
1710527557.3978503,3.4438300132751465
1710527557.3979638,3.4210597144232855
1710527557.398077,3.3958371480305987
1710527557.3981905,3.3699141608344183
1710527557.398304,3.342589537302653
1710527557.3984175,3.3149149682786727
1710527557.3985307,3.2865397135416665
1710527557.3986442,3.2599157757229276
1710527557.3987577,3.2332921028137207
1710527557.3988712,3.208420011732313
1710527557.3989844,3.1842483414544
1710527557.399098,3.161127832200792
1710527557.3992114,3.138707743750678
1710527557.3993247,3.1155872344970703
1710527557.3994381,3.091765774620904
1710527557.3995516,3.0679445796542697
1710527557.399665,3.0434226989746094
1710527557.3997784,3.019601504007975
1710527557.3998919,2.996130519443088
1710527557.4000053,2.9744111167060003
1710527557.4001188,2.955494191911485
1710527557.400232,2.938679324256049
1710527557.4003456,2.923265563117133
1710527557.400459,2.9096033838060165
1710527557.4005725,2.895590729183621
1710527557.4006858,2.880176968044705
1710527557.4007993,2.865113682217068
1710527557.4009128,2.8479483392503524
1710527557.4010262,2.8311332066853843
1710527557.4011395,2.814668549431695
1710527557.401253,2.799254788292779
1710527557.4013665,2.7866435050964355
1710527557.40148,2.775083382924398
1710527557.4015932,2.765975263383653
1710527557.4017067,2.7565166685316296
1710527557.4018202,2.746357652876112
1710527557.4019337,2.734447055392795
1710527557.402047,2.721485561794705
1710527557.4021604,2.706071800655789
1710527557.402274,2.688906457689073
1710527557.4023874,2.672091325124105
1710527557.4025006,2.654925982157389
1710527557.402614,2.6398626963297525
1710527557.4027276,2.6254998313056097
1710527557.402841,2.6125383377075195
1710527557.4029543,2.598175472683377
1710527557.4030678,2.5827617115444608
1710527557.4031813,2.564895682864719
1710527557.4032948,2.5445776515536838
1710527557.403408,2.5214568773905435
1710527557.4035215,2.495183414883084
1710527557.403635,2.4675088458591037
1710527557.4037483,2.438432905409071
1710527557.4038618,2.410057650672065
1710527557.4039752,2.3813319206237793
1710527557.4040887,2.351905769772
1710527557.404202,2.321078247494168
1710527557.4043155,2.2881486680772567
1710527557.404429,2.2517161899142795
1710527557.4045424,2.212481233808729
1710527557.4046557,2.1676411893632674
1710527557.4047692,2.1199987994299994
1710527557.4048827,2.0692034562428794
1710527557.4049962,2.0170068740844727
1710527557.4051094,1.9620078139834933
1710527557.405223,1.9056073824564614
1710527557.4053364,1.8478058444129095
1710527557.4054499,1.788252724541558
1710527557.405563,1.7251964410146077
1710527557.4056766,1.6603885756598578
1710527557.40579,1.5903260972764757
1710527557.4059036,1.5171107980940077
1710527557.4060168,1.4393414391411674
1710527557.4061303,1.3584191269344754
1710527557.4062438,1.2732932302686903
1710527557.4063573,1.1850143803490532
1710527557.4064705,1.0946338044272528
1710527557.406584,1.0021512375937567
1710527557.4066975,0.9086177746454874
1710527557.406811,0.8126321766111586
1710527557.4069242,0.7148949305216471
1710527557.4070377,0.6150558259752061
1710527557.4071512,0.5120639668570625
1710527557.4072647,0.4055689109696282
1710527557.407378,0.29592110051049125
1710527557.4074914,0.182419800096088
1710527557.407605,0.06646633976035647
1710527557.4077184,-0.05192915598551432
1710527557.4078317,-0.17031164632903203
1710527557.4079452,-0.2893946237034268
1710527557.4080586,-0.40672640005747474
1710527557.408172,-0.5223069257206386
1710527557.4082854,-0.6389382150438097
1710527557.4083989,-0.7538182867897881
1710527557.4085124,-0.8700992663701375
1710527557.4086256,-0.988481773270501
1710527557.408739,-1.1072144905726116
1710527557.4088526,-1.2283990118238661
1710527557.408966,-1.3495834668477376
1710527557.4090793,-1.469717158211602
1710527557.4091928,-1.5866986910502114
1710527557.4093063,-1.699827512105306
1710527557.4094198,-1.8101543850368924
1710527557.409533,-1.9159281253814697
1710527557.4096465,-2.018199364344279
1710527557.40976,-2.119069629245334
1710527557.4098735,-2.2188891304863825
1710527557.4099867,-2.3180082109239364
1710527557.4101002,-2.416777080959744
1710527557.4102137,-2.514845530192057
1710527557.4103272,-2.6097615559895835
1710527557.4104404,-2.6997743712531195
1710527557.410554,-2.7848837110731335
1710527557.4106674,-2.8622876273261175
1710527557.410781,-2.9351382785373263
1710527557.4108942,-3.0009841918945312
1710527557.4110076,-3.062276840209961
1710527557.4111211,-3.1204173300001354
1710527557.4112346,-3.1764565573798285
1710527557.4113479,-3.229343361324734
1710527557.4114614,-3.2797784275478787
1710527557.4115748,-3.328462441762288
1710527557.4116883,-3.3697912428114147
1710527557.4118016,-3.405866358015272
1710527557.411915,-3.4366877873738604
1710527557.4120286,-3.461204899681939
1710527557.412142,-3.480818536546495
1710527557.4122553,-3.495178487565782
1710527557.4123688,-3.506736490461561
1710527557.4124823,-3.5158430205451117
1710527557.4125955,-3.523898654513889
1710527557.412709,-3.5284516546461315
1710527557.4128225,-3.531954288482666
1710527557.412936,-3.53265470928616
1710527557.4130492,-3.5305531819661455
1710527557.4131627,-3.524599075317383
1710527557.4132762,-3.5158430205451117
1710527557.4133897,-3.5035843319363065
1710527557.413503,-3.4885239601135254
1710527557.4136164,-3.471011850568983
1710527557.41373,-3.452448844909668
1710527557.4138434,-3.4338858392503524
1710527557.4139566,-3.4142722023857965
1710527557.4140701,-3.3946585655212402
1710527557.4141836,-3.375044928656684
1710527557.414297,-3.3554312917921276
1710527557.4144104,-3.3358173900180392
1710527557.4145238,-3.315853542751736
1710527557.4146373,-3.293437957763672
1710527557.4147508,-3.269971741570367
1710527557.414864,-3.2458048396640353
1710527557.4149776,-3.220237096150716
1710527557.415091,-3.1946690877278643
1710527557.4152045,-3.169451554616292
1710527557.4153178,-3.145284652709961
1710527557.4154313,-3.1228690677218967
1710527557.4155447,-3.1018545892503524
1710527557.4156582,-3.0818904770745172
1710527557.4157715,-3.062977261013455
1710527557.415885,-3.044414520263672
1710527557.4159985,-3.0244504080878363
1710527557.416112,-3.0030857192145453
1710527557.4162252,-2.981370555029975
1710527557.4163387,-2.9596553908454046
1710527557.4164522,-2.9379402266608343
1710527557.4165657,-2.9186768001980252
1710527557.416679,-2.901164690653483
1710527557.4167924,-2.8861040539211698
1710527557.4169059,-2.8731452094184027
1710527557.4170191,-2.8619374169243708
1710527557.4171326,-2.8500289387173123
1710527557.417246,-2.836719618903266
1710527557.4173596,-2.823410563998752
1710527557.4174728,-2.8079997168646917
1710527557.4175863,-2.7915382385253906
1710527557.4176998,-2.7754269705878363
1710527557.4178133,-2.7607168091668024
1710527557.4179265,-2.747407489352756
1710527557.41804,-2.737250328063965
1710527557.4181535,-2.728144062889947
1710527557.418267,-2.7207888497246637
1710527557.4183803,-2.7123830053541393
1710527557.4184937,-2.7025763193766275
1710527557.4186072,-2.6896172099643283
1710527557.4187207,-2.6749070485432944
1710527557.418834,-2.657744884490967
1710527557.4189475,-2.6402327749464245
1710527557.419061,-2.6223704550001354
1710527557.4191744,-2.6055587662590876
1710527557.4192877,-2.589097287919786
1710527557.4194012,-2.5743868615892196
1710527557.4195147,-2.5589762793646917
1710527557.4196281,-2.541814115312364
1710527557.4197414,-2.522550688849555
1710527557.4198549,-2.49908447265625
1710527557.4199684,-2.4724658330281577
1710527557.4200819,-2.4419946140713162
1710527557.420195,-2.410122553507487
1710527557.4203086,-2.376498911115858
1710527557.420422,-2.341824902428521
1710527557.4205356,-2.3068004184299045
1710527557.4206488,-2.271775934431288
1710527557.4207623,-2.2353506088256836
1710527557.4208758,-2.197524309158325
1710527557.4209893,-2.155845297707452
1710527557.4211025,-2.111013995276557
1710527557.421216,-2.0630305343204074
1710527557.4213295,-2.0090929667154946
1710527557.4214427,-1.9537544250488281
1710527557.4215562,-1.8935124079386392
1710527557.4216697,-1.8325699700249565
1710527557.4217832,-1.7688255839877658
1710527557.4218965,-1.7033298810323079
1710527557.42201,-1.6350323624081082
1710527557.4221234,-1.565683947669135
1710527557.422237,-1.4928332964579265
1710527557.4223502,-1.4164800114101834
1710527557.4224637,-1.3362741470336914
1710527557.4225771,-1.2522155708736844
1710527557.4226906,-1.1622028880649142
1710527557.4228039,-1.069037914276123
1710527557.4229174,-0.9713198079003228
1710527557.4230309,-0.8700992663701375
1710527557.4231443,-0.7678280274073283
1710527557.4232576,-0.6631050507227579
1710527557.423371,-0.5576815870073106
1710527557.4234846,-0.45085714923010933
1710527557.423598,-0.3429819809065925
1710527557.4237113,-0.23195460438728333
1710527557.4238248,-0.11987650560008155
1710527557.4239383,-0.0021944978895286718
1710527557.4240518,0.11901323166158465
1710527557.424165,0.24267357256677416
1710527557.4242785,0.3691364328066508
1710527557.424392,0.4973508252037896
1710527557.4245055,0.6245142883724636
1710527557.4246187,0.7502765125698513
1710527557.4247322,0.8742871549394395
1710527557.4248457,0.9954953193664551
1710527557.4249592,1.1156525876786973
1710527557.4250724,1.2361600663926866
1710527557.425186,1.3563173347049289
1710527557.4252994,1.4782260523902044
1710527557.425413,1.6022366947597928
1710527557.4255261,1.726597679985894
1710527557.4256396,1.8488567405276828
1710527557.425753,1.968663665983412
1710527557.4258664,2.083916531668769
1710527557.4259799,2.1928637557559543
1710527557.4260933,2.296205891503228
1710527557.4262068,2.394994099934896
1710527557.42632,2.489578458997938
1710527557.4264336,2.5817108154296875
1710527557.426547,2.6738429069519043
1710527557.4266605,2.763522995842828
1710527557.4267738,2.8528526094224715
1710527557.4268873,2.938679324256049
1710527557.4270008,3.0199517144097223
1710527557.4271142,3.0938678317599826
1710527557.4272275,3.162178728315565
1710527557.427341,3.223133087158203
1710527557.4274545,3.276380697886149
1710527557.427568,3.3250739839341903
1710527557.4276812,3.3692134751213922
1710527557.4277947,3.410900698767768
1710527557.4279082,3.4494349691602917
1710527557.4280217,3.485517236921522
1710527557.428135,3.5184465514289007
1710527557.4282484,3.5478729671902127
1710527557.428362,3.5709934764438205
1710527557.4284754,3.588509029812283
1710527557.4285886,3.600069416893853
1710527557.428702,3.6060248480902777
1710527557.4288156,3.6074259546067977
1710527557.428929,3.6060248480902777
1710527557.4290423,3.6025216844346786
1710527557.4291558,3.5969167285495334
1710527557.4292693,3.5902606116400824
1710527557.4293828,3.5815029674106174
1710527557.429496,3.5716941621568465
1710527557.4296095,3.5590828789605036
1710527557.429723,3.5443698035346136
1710527557.4298365,3.526153564453125
1710527557.4299498,3.506535953945584
1710527557.4300632,3.484466340806749
1710527557.4301767,3.4602946705288358
1710527557.43029,3.434371683332655
1710527557.4304035,3.4087986416286893
1710527557.430517,3.383576340145535
1710527557.4306304,3.356602191925049
1710527557.4307437,3.331379625532362
1710527557.4308572,3.306507534450955
1710527557.4309707,3.2816351784600153
1710527557.4310842,3.257813983493381
1710527557.4311974,3.2332921028137207
1710527557.431311,3.20736911561754
1710527557.4314244,3.1810956531100802
1710527557.4315379,3.154471715291341
1710527557.431651,3.126446670956082
1710527557.4317646,3.1008738941616483
1710527557.431878,3.0749509069654675
1710527557.4319916,3.0507792366875544
1710527557.4321048,3.029410309261746
1710527557.4322183,3.0097926987542047
1710527557.4323318,2.991226249270969
1710527557.4324453,2.972309324476454
1710527557.4325585,2.9544432957967124
1710527557.432672,2.9358768463134766
1710527557.4327855,2.915558550092909
1710527557.432899,2.8945398330688477
1710527557.4330122,2.8742218017578125
1710527557.4331257,2.8556550873650446
1710527557.4332392,2.8374388482835555
1710527557.4333527,2.823426458570692
1710527557.433466,2.810464964972602
1710527557.4335794,2.7996052636040583
1710527557.433693,2.788745562235514
1710527557.4338064,2.7778858608669705
1710527557.4339197,2.764924102359348
1710527557.4340332,2.7516123983595104
1710527557.4341466,2.7365488476223416
1710527557.4342601,2.720434400770399
1710527557.4343734,2.705020639631483
1710527557.4344869,2.6910082499186196
1710527557.4346004,2.6790976524353027
1710527557.4347136,2.6682379510667587
1710527557.434827,2.658078935411241
1710527557.4349406,2.6479199197557235
1710527557.435054,2.636359532674154
1710527557.4351673,2.621646457248264
1710527557.4352808,2.6044811142815485
1710527557.4353943,2.5852139790852866
1710527557.4355078,2.5638447867499456
1710527557.435621,2.542475594414605
1710527557.4357345,2.5200557708740234
1710527557.435848,2.499387264251709
1710527557.4359615,2.4783685472276473
1710527557.4360747,2.45664914449056
1710527557.4361882,2.434229056040446
1710527557.4363017,2.408656279246012
1710527557.4364152,2.380631234910753
1710527557.4365284,2.3477019204033747
1710527557.436642,2.311619652642144
1710527557.4367554,2.2727349069383407
1710527557.436869,2.2306974728902182
1710527557.4369822,2.187258799870809
1710527557.4370956,2.1427690982818604
1710527557.4372091,2.0975787109798856
1710527557.4373226,2.0495858457353378
1710527557.4374359,2.000542084376017
1710527557.4375494,1.9483455022176106
1710527557.4376628,1.8929962317148843
1710527557.4377763,1.8330927689870198
1710527557.4378896,1.7686352464887831
1710527557.438003,1.7017254564497206
1710527557.4381166,1.6313126352098253
1710527557.43823,1.557396782769097
1710527557.4383433,1.4810285303327773
1710527557.4384568,1.403259171379937
1710527557.4385703,1.3237382305992973
1710527557.4386837,1.2424657079908583
1710527557.438797,1.1583907074398465
1710527557.4389105,1.072213782204522
1710527557.439024,0.9814827971988254
1710527557.4391372,0.8879493342505561
1710527557.4392507,0.7905624310175577
1710527557.4393642,0.6893221537272135
1710527557.4394777,0.5842283699247572
1710527557.439591,0.47563145558039344
1710527557.4397044,0.36598361200756496
1710527557.439818,0.2538835671212938
1710527557.4399314,0.14178353879186842
1710527557.4400446,0.02968351874086592
1710527557.4401581,-0.08380136556095547
1710527557.4402716,-0.19657995965745714
1710527557.440385,-0.31251072883605957
1710527557.4404984,-0.42879177464379203
1710527557.4406118,-0.5475244919459025
1710527557.4407253,-0.669059223598904
1710527557.4408388,-0.7930456267462836
1710527557.440952,-0.9166817532645332
1710527557.4410655,-1.0396173927519057
1710527557.441179,-1.1608019140031602
1710527557.4412925,-1.2791844209035237
1710527557.4414058,-1.3937142160203722
1710527557.4415193,-1.5064926942189534
1710527557.4416327,-1.616819699605306
1710527557.4417462,-1.7260958088768852
1710527557.4418595,-1.8357221285502114
1710527557.441973,-1.945348580678304
1710527557.4420865,-2.0546246899498835
1710527557.4422,-2.1621496147579617
1710527557.4423132,-2.2668727238972983
1710527557.4424267,-2.36739264594184
1710527557.4425402,-2.4619584613376193
1710527557.4426537,-2.5509206453959146
1710527557.442767,-2.6339284578959146
1710527557.4428804,-2.7123830053541393
1710527557.4429939,-2.7883860800001354
1710527557.4431074,-2.8612367312113443
1710527557.4432206,-2.9323363304138184
1710527557.443334,-3.002385033501519
1710527557.4434476,-3.069632053375244
1710527557.4435608,-3.132325808207194
1710527557.4436743,-3.1908165083991156
1710527557.4437878,-3.241951995425754
1710527557.4439013,-3.2881842719184027
1710527557.4440145,-3.3274115456475153
1710527557.444128,-3.3617356088426376
1710527557.4442415,-3.391506406995985
1710527557.444355,-3.4181247817145453
1710527557.4444683,-3.4433423148261175
1710527557.4445817,-3.465057479010688
1710527557.4446952,-3.48537180158827
1710527557.4448087,-3.5025337007310653
1710527557.444922,-3.5165434413486056
1710527557.4450355,-3.5256497065226235
1710527557.445149,-3.5312536027696395
1710527557.4452624,-3.5316038131713867
1710527557.4453757,-3.5281014442443848
1710527557.4454892,-3.5214469167921276
1710527557.4456027,-3.5123406516181097
1710527557.4457161,-3.5028839111328125
1710527557.4458294,-3.4906254874335394
1710527557.4459429,-3.4776663780212402
1710527557.4460564,-3.4654076894124346
1710527557.4461699,-3.4499971071879068
1710527557.446283,-3.4345862600538464
1710527557.4463966,-3.4170741505093045
1710527557.44651,-3.398160934448242
1710527557.4466236,-3.376445770263672
1710527557.4467368,-3.352979554070367
1710527557.4468503,-3.3288126521640353
1710527557.4469638,-3.303595119052463
1710527557.4470773,-3.2776769002278643
1710527557.4471905,-3.253159787919786
1710527557.447304,-3.228993150922987
1710527557.4474175,-3.20692777633667
1710527557.447531,-3.1855628225538464
1710527557.4476442,-3.1655989752875433
1710527557.4477577,-3.144584231906467
1710527557.4478712,-3.1242701742384167
1710527557.4479845,-3.1025550100538464
1710527557.448098,-3.0797892146640353
1710527557.4482114,-3.0570231543646917
1710527557.448325,-3.0339071485731335
1710527557.4484382,-3.0118417739868164
1710527557.4485517,-2.991527716318766
1710527557.4486651,-2.973665131462945
1710527557.4487786,-2.9579040739271374
1710527557.4488919,-2.9442445437113443
1710527557.4490054,-2.930585013495551
1710527557.4491189,-2.916925483279758
1710527557.4492323,-2.901164690653483
1710527557.4493456,-2.884703212314182
1710527557.449459,-2.8671908378601074
1710527557.4495726,-2.848978307512071
1710527557.449686,-2.8314659330579968
1710527557.4497993,-2.815354930029975
1710527557.4499128,-2.801345189412435
1710527557.4500263,-2.7908378177218967
1710527557.4501398,-2.781731287638346
1710527557.450253,-2.7726250224643283
1710527557.4503665,-2.7635187572903104
1710527557.45048,-2.7526611751980252
1710527557.4505935,-2.739351855383979
1710527557.4507067,-2.7242914835611978
1710527557.4508202,-2.7081802156236434
1710527557.4509337,-2.6913685268825955
1710527557.4510472,-2.676658100552029
1710527557.4511604,-2.662648359934489
1710527557.451274,-2.650740146636963
1710527557.4513874,-2.6395323541429305
1710527557.451501,-2.6286747720506454
1710527557.4516141,-2.6153654522365994
1710527557.4517276,-2.599954605102539
1710527557.451841,-2.581391864352756
1710527557.4519546,-2.5603771209716797
1710527557.4520679,-2.5376113255818686
1710527557.4521813,-2.512043582068549
1710527557.4522948,-2.486825784047445
1710527557.452408,-2.4619584613376193
1710527557.4525216,-2.436740928226047
1710527557.452635,-2.410822974310981
1710527557.4527485,-2.3838541242811413
1710527557.4528618,-2.355834643046061
1710527557.4529753,-2.3218610551622176
1710527557.4530888,-2.285435464647081
1710527557.4532022,-2.244807349310981
1710527557.4533155,-2.20067646768358
1710527557.453429,-2.1533935599856906
1710527557.4535425,-2.10295836130778
1710527557.453656,-2.0514725314246283
1710527557.4537692,-1.9975349638197157
1710527557.4538827,-1.942896842956543
1710527557.4539962,-1.8854567739698622
1710527557.4541097,-1.8269660737779405
1710527557.454223,-1.7628714773390028
1710527557.4543364,-1.6966752211252847
1710527557.45445,-1.62522554397583
1710527557.4545634,-1.550273232989841
1710527557.4546766,-1.4707679218716092
1710527557.45479,-1.388460530175103
1710527557.4549036,-1.301600005891588
1710527557.455017,-1.212988297144572
1710527557.4551303,-1.1233256922827826
1710527557.4552438,-1.0301608509487576
1710527557.4553573,-0.9359451797273424
1710527557.4554708,-0.8399783240424262
1710527557.455584,-0.7412094540066189
1710527557.4556975,-0.6392884254455566
1710527557.455811,-0.5331645078129238
1710527557.4559245,-0.42318787839677596
1710527557.4560378,-0.30935853719711304
1710527557.4561512,-0.1920267773999108
1710527557.4562647,-0.07119258244832356
1710527557.4563782,0.04965133551094267
1710527557.4564915,0.17120980554156834
1710527557.456605,0.2924179699685838
1710527557.4567184,0.4115242428249783
1710527557.4568317,0.5309808254241943
1710527557.4569452,0.6504374080234103
1710527557.4570587,0.7716455724504259
1710527557.4571722,0.8946053187052408
1710527557.4572854,1.0203675429026287
1710527557.457399,1.148932245042589
1710527557.4575124,1.2785478432973225
1710527557.4576259,1.4057113064659965
1710527557.457739,1.5314735306633842
1710527557.4578526,1.6526816950903997
1710527557.457966,1.7696861426035562
1710527557.4580796,1.8821365303463407
1710527557.4581928,1.9914339648352728
1710527557.4583063,2.098979949951172
1710527557.4584198,2.2054750389522977
1710527557.4585333,2.3119701279534235
1710527557.4586465,2.4177643987867565
1710527557.45876,2.5207564565870495
1710527557.4588735,2.6219966676500106
1710527557.458987,2.7176319228278265
1710527557.4591002,2.8066113260057235
1710527557.4592137,2.888934877183702
1710527557.4593272,2.9635514153374567
1710527557.4594407,3.0329132080078125
1710527557.459554,3.0970205201043024
1710527557.4596674,3.1590257750617132
1710527557.459781,3.2178783416748047
1710527557.4598944,3.2753295368618436
1710527557.4600077,3.330678939819336
1710527557.4601212,3.381474283006456
1710527557.4602346,3.427365356021457
1710527557.4603481,3.4673009978400335
1710527557.4604614,3.500580522749159
1710527557.4605749,3.5279051462809243
1710527557.4606884,3.5496242841084795
1710527557.4608018,3.5667896270751953
1710527557.460915,3.5804518063863116
1710527557.4610286,3.5920121934678817
1710527557.461142,3.6018209987216525
1710527557.4612553,3.608476850721571
1710527557.4613688,3.6140818066067166
1710527557.4614823,3.615833388434516
1710527557.4615958,3.614432281917996
1710527557.461709,3.608476850721571
1710527557.4618225,3.5986680454678006
1710527557.461936,3.584655655754937
1710527557.4620495,3.568891684214274
1710527557.4621627,3.5506754451327853
1710527557.4622762,3.5303571489122176
1710527557.4623897,3.509688642289903
1710527557.4625032,3.4876190291510687
1710527557.4626164,3.465899626413981
1710527557.46273,3.4434798028733993
1710527557.4628434,3.4210597144232855
1710527557.462957,3.3975887298583984
1710527557.4630702,3.373066849178738
1710527557.4631836,3.3478442827860513
1710527557.4632971,3.3205199241638184
1710527557.4634106,3.2928453551398382
1710527557.4635239,3.2644698354932995
1710527557.4636374,3.2360945807562933
1710527557.4637508,3.207719326019287
1710527557.4638643,3.180745177798801
1710527557.4639776,3.15482219060262
1710527557.464091,3.131351206037733
1710527557.4642045,3.108230431874593
1710527557.464318,3.0861608187357583
1710527557.4644313,3.0644414159986706
1710527557.4645448,3.042021592458089
1710527557.4646583,3.018550607893202
1710527557.4647717,2.995079623328315
1710527557.464885,2.9716086387634277
1710527557.4649985,2.9481376541985407
1710527557.465112,2.9274691475762262
1710527557.4652255,2.9089026980929904
1710527557.4653387,2.8927882512410483
1710527557.4654522,2.878425386216905
1710527557.4655657,2.865814103020562
1710527557.465679,2.8528526094224715
1710527557.4657924,2.840591801537408
1710527557.465906,2.8248275650872126
1710527557.4660194,2.809764279259576
1710527557.4661326,2.7929491466946073
1710527557.4662461,2.776484489440918
1710527557.4663596,2.7600198321872287
1710527557.466473,2.7470583385891385
1710527557.4665864,2.734447055392795
1710527557.4666998,2.7242880397372775
1710527557.4668133,2.7141287591722274
1710527557.4669268,2.70396974351671
1710527557.46704,2.692059146033393
1710527557.4671535,2.6787474420335555
1710527557.467267,2.6633336808946395
1710527557.4673805,2.645117176903619
1710527557.4674938,2.6269009378221297
1710527557.4676073,2.6090351740519204
1710527557.4677207,2.591519355773926
1710527557.4678342,2.5750546985202365
1710527557.4679475,2.5592907269795737
1710527557.468061,2.5435267554389105
1710527557.4681745,2.526711622873942
1710527557.468288,2.5063935915629068
1710527557.4684012,2.483973503112793
1710527557.4685147,2.457700040605333
1710527557.4686282,2.4289743105570474
1710527557.4687417,2.3977965778774686
1710527557.468855,2.3652174737718368
1710527557.4689684,2.3312372631496854
1710527557.4690819,2.2969065772162542
1710527557.4691954,2.261875205569797
1710527557.4693086,2.22544272740682
1710527557.469422,2.1865581141577826
1710527557.4695356,2.144870890511407
1710527557.469649,2.098979949951172
1710527557.4697623,2.049235635333591
1710527557.4698758,1.995287471347385
1710527557.4699893,1.93783614370558
1710527557.4701025,1.8775824705759683
1710527557.470216,1.814526187049018
1710527557.4703295,1.7500686645507812
1710527557.470443,1.6835092173682318
1710527557.4705563,1.6151983208126492
1710527557.4706697,1.5437344710032144
1710527557.4707832,1.4701688289642334
1710527557.4708967,1.3931001557244194
1710527557.47101,1.3121778435177274
1710527557.4711235,1.2274022897084553
1710527557.471237,1.138072543674045
1710527557.4713504,1.0455900430679321
1710527557.4714637,0.9496043788062202
1710527557.4715772,0.8511665132310655
1710527557.4716907,0.7502765125698513
1710527557.4718041,0.648685892422994
1710527557.4719174,0.5456939670774672
1710527557.4720309,0.44130080276065403
1710527557.4721444,0.33480577998691136
1710527557.4722579,0.22725981142785814
1710527557.472371,0.11691135664780934
1710527557.4724846,0.0030597614952259595
1710527557.472598,-0.11357211404376559
1710527557.4727116,-0.23265509141816032
1710527557.4728248,-0.3552405039469401
1710527557.4729383,-0.4757244719399346
1710527557.4730518,-0.5962084399329292
1710527557.4731653,-0.7152914338641696
1710527557.4732785,-0.833323664135403
1710527557.473392,-0.9489042229122585
1710527557.4735055,-1.0634340180291069
1710527557.473619,-1.1783140235477023
1710527557.4737322,-1.2931941615210638
1710527557.4738457,-1.4101756943596733
1710527557.4739592,-1.5268068843417697
1710527557.4740727,-1.6448391808403862
1710527557.474186,-1.7604197396172416
1710527557.4742994,-1.874599324332343
1710527557.474413,-1.9835252232021756
1710527557.4745262,-2.0892988310919867
1710527557.4746397,-2.188417911529541
1710527557.4747531,-2.285085254245334
1710527557.4748666,-2.3775498072306314
1710527557.4749799,-2.4679128328959146
1710527557.4750934,-2.5568747520446777
1710527557.4752069,-2.645836671193441
1710527557.4753203,-2.732347117529975
1710527557.4754336,-2.816055350833469
1710527557.475547,-2.895560794406467
1710527557.4756606,-2.9687616560194225
1710527557.475774,-3.0353079901801214
1710527557.4758873,-3.0955500072903104
1710527557.4760008,-3.149487707349989
1710527557.4761143,-3.1981717215643988
1710527557.4762278,-3.243353101942274
1710527557.476341,-3.2850321133931475
1710527557.4764545,-3.3253102832370334
1710527557.476568,-3.3631364504496255
1710527557.4766815,-3.3967600928412542
1710527557.4767947,-3.4272313117980957
1710527557.4769082,-3.4534994761149087
1710527557.4770217,-3.474514219495985
1710527557.4771352,-3.4892243809170194
1710527557.4772484,-3.5004321734110513
1710527557.477362,-3.5070869657728405
1710527557.4774754,-3.5098889138963485
1710527557.477589,-3.5109395451015897
1710527557.4777021,-3.5109395451015897
1710527557.4778156,-3.509538438585069
1710527557.477929,-3.506736490461561
1710527557.4780426,-3.5021834903293185
1710527557.4781559,-3.4948282771640353
1710527557.4782693,-3.4850215911865234
1710527557.4783828,-3.473113112979465
1710527557.4784963,-3.4584029515584307
1710527557.4786096,-3.440890842013889
1710527557.478723,-3.4212769402398004
1710527557.4788365,-3.399562040964762
1710527557.4789498,-3.377146191067166
1710527557.4790633,-3.3550808164808483
1710527557.4791768,-3.33196481068929
1710527557.4792902,-3.310599856906467
1710527557.4794035,-3.2881842719184027
1710527557.479517,-3.2671697934468584
1710527557.4796305,-3.246155050065782
1710527557.479744,-3.223389254675971
1710527557.4798572,-3.2002729839748807
1710527557.4799707,-3.174705240461561
1710527557.4800842,-3.150188128153483
1710527557.4801977,-3.1242701742384167
1710527557.480311,-3.098702165815565
1710527557.4804244,-3.074535528818766
1710527557.480538,-3.0517694685194225
1710527557.4806514,-3.0318056212531195
1710527557.4807646,-3.012892405192057
1710527557.480878,-2.995730506049262
1710527557.4809916,-2.97821839650472
1710527557.481105,-2.961406707763672
1710527557.4812183,-2.9428437021043563
1710527557.4813318,-2.9225296444363065
1710527557.4814453,-2.9029157426622176
1710527557.4815588,-2.8829518953959146
1710527557.481672,-2.8647393650478787
1710527557.4817855,-2.8486280971103244
1710527557.481899,-2.8349685668945312
1710527557.4820125,-2.824110984802246
1710527557.4821258,-2.815354930029975
1710527557.4822392,-2.8055479791429305
1710527557.4823527,-2.7964417139689126
1710527557.4824662,-2.7848837110731335
1710527557.4825795,-2.7712241808573403
1710527557.482693,-2.756863964928521
1710527557.4828064,-2.742504013909234
1710527557.48292,-2.7277938524881997
1710527557.4830332,-2.715885639190674
1710527557.4831467,-2.7053782675001354
1710527557.4832602,-2.6973226335313583
1710527557.4833734,-2.6892669995625815
1710527557.483487,-2.680861155192057
1710527557.4836004,-2.671054204305013
1710527557.4837139,-2.65879578060574
1710527557.483827,-2.6430347230699325
1710527557.4839406,-2.6251724031236434
1710527557.484054,-2.6059089766608343
1710527557.4841676,-2.5859448644849987
1710527557.4842808,-2.5652805964152017
1710527557.4843943,-2.5463673803541393
1710527557.4845078,-2.5271039538913302
1710527557.4846213,-2.508540948232015
1710527557.4847345,-2.4878766801622176
1710527557.484848,-2.4644101990593805
1710527557.4849615,-2.4384922451443143
1710527557.485075,-2.407670815785726
1710527557.4851882,-2.3750980695088706
1710527557.4853017,-2.339022954305013
1710527557.4854152,-2.3008463117811413
1710527557.4855287,-2.2609183523390026
1710527557.485642,-2.2213408682081432
1710527557.4857554,-2.180012067159017
1710527557.485869,-2.1369320816463895
1710527557.4859824,-2.0924511220720077
1710527557.4860957,-2.0448178715176053
1710527557.4862092,-1.9936822520362005
1710527557.4863226,-1.938343710369534
1710527557.4864361,-1.8788022465176053
1710527557.4865494,-1.8143573072221544
1710527557.4866629,-1.7471104198031955
1710527557.4867764,-1.6753103997972276
1710527557.4868898,-1.6014088524712455
1710527557.487003,-1.5250556998782687
1710527557.4871166,-1.4469512303670247
1710527557.48723,-1.366044945187039
1710527557.4873435,-1.2830370002322726
1710527557.4874568,-1.1965268188052707
1710527557.4875703,-1.1079150438308716
1710527557.4876838,-1.0140495830112033
1710527557.487797,-0.9152807792027791
1710527557.4879105,-0.8130095402399699
1710527557.488024,-0.7061850362353854
1710527557.4881375,-0.5969089269638062
1710527557.4882507,-0.4848308033413357
1710527557.4883642,-0.3713517387708028
1710527557.4884777,-0.2568219270971086
1710527557.4885912,-0.14299261901113722
1710527557.4887044,-0.02846280319823159
1710527557.488818,0.0860838426484002
1710527557.4889314,0.2037888765335083
1710527557.489045,0.32289514938990277
1710527557.4891582,0.4448039333025614
1710527557.4892716,0.5712668100992838
1710527557.4893851,0.6994811693827311
1710527557.4894986,0.8287465572357178
1710527557.4896119,0.9566106398900349
1710527557.4897254,1.0823728640874226
1710527557.4898388,1.2056828869713676
1710527557.4899523,1.3247891267140706
1710527557.4900656,1.441793574227227
1710527557.490179,1.557396782769097
1710527557.4902925,1.672299305597941
1710527557.490406,1.787902381685045
1710527557.4905193,1.9042061434851751
1710527557.4906328,2.0212105909983316
1710527557.4907463,2.1364634566836886
1710527557.4908597,2.248913711971707
1710527557.490973,2.3561093542310925
1710527557.4910865,2.4584007263183594
1710527557.4912,2.552985085381402
1710527557.4913135,2.6423146989610458
1710527557.4914267,2.7274407280815973
1710527557.4915402,2.808012697431776
1710527557.4916537,2.88753350575765
1710527557.4917672,2.965653207567003
1710527557.4918804,3.042021592458089
1710527557.491994,3.1155872344970703
1710527557.4921074,3.1845988167656794
1710527557.4922206,3.2476549678378634
1710527557.4923341,3.304055266910129
1710527557.4924476,3.3545003996955023
1710527557.492561,3.396537833743625
1710527557.4926744,3.434371683332655
1710527557.4927878,3.4662501017252603
1710527557.4929013,3.4949755668640137
1710527557.4930148,3.522650400797526
1710527557.493128,3.547172281477186
1710527557.4932415,3.568190998501248
1710527557.493355,3.5860570271809893
1710527557.4934685,3.5993687311808267
1710527557.4935818,3.6088273260328503
1710527557.4936953,3.61198001437717
1710527557.4938087,3.61057890786065
1710527557.4939222,3.6056743727789984
1710527557.4940355,3.5969167285495334
1710527557.494149,3.5864072375827365
1710527557.4942625,3.573795954386393
1710527557.494376,3.560834460788303
1710527557.4944892,3.54647159576416
1710527557.4946027,3.5321087307400174
1710527557.4947162,3.514593177371555
1710527557.4948297,3.4974278344048395
1710527557.494943,3.476759327782525
1710527557.4950564,3.4557406107584634
1710527557.4951699,3.431919415791829
1710527557.4952834,3.4063466389973955
1710527557.4953966,3.380773862202962
1710527557.49551,3.3537997139824762
1710527557.4956236,3.325774669647217
1710527557.495737,3.2995012071397567
1710527557.4958503,3.2725270589192705
1710527557.4959638,3.2476549678378634
1710527557.4960773,3.22348329755995
1710527557.4961908,3.200362788306342
1710527557.496304,3.1761911180284286
1710527557.4964175,3.1527201334635415
1710527557.496531,3.1278480423821344
1710527557.4966443,3.1019247902764215
1710527557.4967577,3.076352013481988
1710527557.4968712,3.050429026285807
1710527557.4969847,3.025907145606147
1710527557.497098,3.0024361610412598
1710527557.4972115,2.9817676544189453
1710527557.497325,2.9632012049357095
1710527557.4974384,2.946386072370741
1710527557.4975517,2.930271625518799
1710527557.4976652,2.9145076539781356
1710527557.4977787,2.8976927863226996
1710527557.4978921,2.880176968044705
1710527557.4980054,2.8626614146762424
1710527557.4981189,2.8444451755947537
1710527557.4982324,2.827279832628038
1710527557.4983459,2.811515861087375
1710527557.498459,2.7978536817762585
1710527557.4985726,2.7866435050964355
1710527557.498686,2.7768349647521973
1710527557.4987996,2.7673763699001737
1710527557.4989128,2.757918039957682
1710527557.4990263,2.7470583385891385
1710527557.4991398,2.734447055392795
1710527557.4992533,2.719733979966905
1710527557.4993665,2.70396974351671
1710527557.49948,2.688205771976047
1710527557.4995935,2.672792010837131
1710527557.499707,2.6594800419277616
1710527557.4998202,2.647569444444444
1710527557.4999337,2.6349581612481012
1710527557.5000472,2.623047563764784
1710527557.5001607,2.609735859764947
1710527557.500274,2.5939716233147516
1710527557.5003874,2.5747044881184897
1710527557.500501,2.5533352957831488
1710527557.5006144,2.5291638904147677
1710527557.5007277,2.503240638309055
1710527557.5008411,2.4773176511128745
1710527557.5009546,2.4510441886054144
1710527557.5010679,2.4244202507866754
1710527557.5011814,2.3974463674757214
1710527557.5012949,2.368720637427436
1710527557.5014083,2.337192429436578
1710527557.5015216,2.303912904527452
1710527557.501635,2.2657288445366754
1710527557.5017486,2.2240416208902993
1710527557.501862,2.1785008907318115
1710527557.5019753,2.130157815085517
1710527557.5020888,2.080063157611423
1710527557.5022023,2.0278665754530163
1710527557.5023158,1.9742687543233235
1710527557.502429,1.9192695617675781
1710527557.5025425,1.8614680237240262
1710527557.502656,1.8022652467091878
1710527557.5027695,1.7388586203257241
1710527557.5028827,1.6729998588562012
1710527557.5029962,1.6022366947597928
1710527557.5031097,1.5272698137495253
1710527557.5032232,1.449150111940172
1710527557.5033364,1.3671770360734727
1710527557.50345,1.2820510069529216
1710527557.5035634,1.195874081717597
1710527557.503677,1.107245021396213
1710527557.5037901,1.0168643792470295
1710527557.5039036,0.9254327747556899
1710527557.504017,0.8311986923217773
1710527557.5041306,0.7341621319452921
1710527557.5042439,0.633272131284078
1710527557.5043573,0.5295795864529079
1710527557.5044708,0.422033601337009
1710527557.5045843,0.310283899307251
1710527557.5046976,0.19678261544969347
1710527557.504811,0.08047884537114038
1710527557.5049245,-0.037218903501828514
1710527557.505038,-0.1549009150928921
1710527557.5051513,-0.2711819443437788
1710527557.5052648,-0.387813217110104
1710527557.5053782,-0.5030434992578294
1710527557.5054915,-0.6186240249209933
1710527557.505605,-0.7366563214196099
1710527557.5057185,-0.8543383412890964
1710527557.505832,-0.9748222430547078
1710527557.5059452,-1.0970574617385864
1710527557.5060587,-1.219292614195082
1710527557.5061722,-1.3397766484154594
1710527557.5062857,-1.4581590228610568
1710527557.506399,-1.5726889504326713
1710527557.5065124,-1.6840664545694985
1710527557.506626,-1.79124116897583
1710527557.5067394,-1.8956139352586534
1710527557.5068526,-1.9982353846232095
1710527557.506966,-2.100156413184272
1710527557.5070796,-2.201026678085327
1710527557.507193,-2.3015467325846353
1710527557.5073063,-2.401716709136963
1710527557.5074198,-2.4994346830579968
1710527557.5075333,-2.590848339928521
1710527557.5076468,-2.677358786265055
1710527557.50776,-2.759315702650282
1710527557.5078735,-2.833917670779758
1710527557.507987,-2.903266217973497
1710527557.5081005,-2.968411445617676
1710527557.5082138,-3.0311052004496255
1710527557.5083272,-3.092397848765055
1710527557.5084407,-3.151589234670003
1710527557.5085542,-3.207628197140164
1710527557.5086675,-3.261215421888563
1710527557.508781,-3.3095492257012262
1710527557.5088944,-3.3522788683573403
1710527557.509008,-3.389404879675971
1710527557.5091212,-3.4205765194363065
1710527557.5092347,-3.4454438421461315
1710527557.5093482,-3.465758164723714
1710527557.5094616,-3.483620484670003
1710527557.509575,-3.4983306460910373
1710527557.5096884,-3.5116399659050836
1710527557.5098019,-3.5214469167921276
1710527557.509915,-3.5302029715643988
1710527557.5100286,-3.534756236606174
1710527557.510142,-3.536857499016656
1710527557.5102556,-3.5340555508931475
1710527557.5103688,-3.5277512338426376
1710527557.5104823,-3.5175940725538464
1710527557.5105958,-3.5042850176493325
1710527557.5107093,-3.4885239601135254
1710527557.5108225,-3.472412692175971
1710527557.510936,-3.455250793033176
1710527557.5110495,-3.4363375769721136
1710527557.511163,-3.4177745713127985
1710527557.5112762,-3.398861355251736
1710527557.5113897,-3.37924771838718
1710527557.5115032,-3.358583450317383
1710527557.5116167,-3.3372184965345593
1710527557.51173,-3.314802911546495
1710527557.5118434,-3.28993558883667
1710527557.511957,-3.264017370012071
1710527557.5120704,-3.2373989952935114
1710527557.5121837,-3.2107803556654186
1710527557.5122972,-3.1845121913486056
1710527557.5124106,-3.1599950790405273
1710527557.5125241,-3.13652859793769
1710527557.5126374,-3.1151636441548662
1710527557.5127509,-3.0948495864868164
1710527557.5128644,-3.07523594962226
1710527557.5129778,-3.055622312757704
1710527557.513091,-3.0353079901801214
1710527557.5132046,-3.0132426155938044
1710527557.513318,-2.991177241007487
1710527557.5134315,-2.9691118664211698
1710527557.5135448,-2.9473969671461315
1710527557.5136583,-2.9281335406833224
1710527557.5137718,-2.909920745425754
1710527557.5138853,-2.894159687889947
1710527557.5139985,-2.88120084338718
1710527557.514112,-2.8692923651801214
1710527557.5142255,-2.8566837310791016
1710527557.5143387,-2.842673990461561
1710527557.5144522,-2.829014460245768
1710527557.5145657,-2.8129031923082137
1710527557.5146792,-2.79679192437066
1710527557.5147924,-2.7792798148261175
1710527557.514906,-2.7642191780938044
1710527557.5150194,-2.750909858279758
1710527557.515133,-2.741103172302246
1710527557.5152462,-2.7319966422186956
1710527557.5153596,-2.7249919043646917
1710527557.5154731,-2.7162358495924206
1710527557.5155866,-2.7074795299106174
1710527557.5156999,-2.6952211062113443
1710527557.5158134,-2.6812113655938044
1710527557.5159268,-2.665800518459744
1710527557.5160403,-2.650039725833469
1710527557.5161536,-2.6339284578959146
1710527557.516267,-2.6199187172783747
1710527557.5163805,-2.6055587662590876
1710527557.516494,-2.593300077650282
1710527557.5166073,-2.58069117863973
1710527557.5167208,-2.5666814380221896
1710527557.5168343,-2.5498697492811413
1710527557.5169477,-2.5295556916130915
1710527557.517061,-2.506089210510254
1710527557.5171745,-2.479120625389947
1710527557.517288,-2.45040045844184
1710527557.5174015,-2.418878608279758
1710527557.5175147,-2.3887575997246637
1710527557.5176282,-2.357235484653049
1710527557.5177417,-2.3264140552944608
1710527557.5178552,-2.292790677812364
1710527557.5179684,-2.257766193813748
1710527557.518082,-2.2192394733428955
1710527557.5181954,-2.176509698232015
1710527557.5183089,-2.130277421739366
1710527557.5184221,-2.0798423555162215
1710527557.5185356,-2.0248540242513022
1710527557.518649,-1.9684647189246283
1710527557.5187624,-1.9078724914126926
1710527557.5188758,-1.8465797106424966
1710527557.5189893,-1.782835324605306
1710527557.5191028,-1.7176899645063612
1710527557.519216,-1.649742523829142
1710527557.5193295,-1.5782928466796875
1710527557.519443,-1.5047415097554524
1710527557.5195565,-1.4262868298424614
1710527557.5196698,-1.3429288069407146
1710527557.5197833,-1.2557180722554524
1710527557.5198967,-1.1650048361884222
1710527557.5200102,-1.069738401307
1710527557.5201235,-0.9720202949311998
1710527557.520237,-0.8729012144936455
1710527557.5203505,-0.7716807391908433
1710527557.520464,-0.6697597106297811
1710527557.5205772,-0.5667879184087118
1710527557.5206907,-0.4613644546932644
1710527557.5208042,-0.35454001691606307
1710527557.5209177,-0.2428121699227227
1710527557.521031,-0.12933309707376692
1710527557.5211444,-0.010600355971190665
1710527557.5212579,0.11130635109212664
1710527557.5213714,0.2360176377826267
1710527557.5214846,0.3614295522371928
1710527557.521598,0.4875420861774021
1710527557.5217116,0.6115527285469903
1710527557.521825,0.7341621319452921
1710527557.5219383,0.8553702963723077
1710527557.5220518,0.9751772218280368
1710527557.5221653,1.095684700542026
1710527557.5222788,1.2175934844546847
1710527557.522392,1.3409035735660129
1710527557.5225055,1.4663154549068875
1710527557.522619,1.591727336247762
1710527557.5227325,1.7164386643303764
1710527557.5228457,1.8383473820156522
1710527557.5229592,1.9546511438157823
1710527557.5230727,2.0667511887020535
1710527557.523186,2.17219524913364
1710527557.5232995,2.2741362783643932
1710527557.523413,2.372223801083035
1710527557.5235264,2.468559741973877
1710527557.5236397,2.564194997151693
1710527557.5237532,2.6587796211242676
1710527557.5238667,2.751261923048231
1710527557.5239801,2.841992908053928
1710527557.5240934,2.927118937174479
1710527557.5242069,3.0062895350986056
1710527557.5243204,3.0781035953097873
1710527557.5244339,3.1429115931193032
1710527557.524547,3.201063474019368
1710527557.5246606,3.254310819837782
1710527557.524774,3.304405477311876
1710527557.5248876,3.350997236039903
1710527557.5250008,3.3958371480305987
1710527557.5251143,3.4389257431030273
1710527557.5252278,3.477460013495551
1710527557.5253413,3.5117906994289823
1710527557.5254545,3.5412168502807617
1710527557.525568,3.5646878348456488
1710527557.5256815,3.5815029674106174
1710527557.525795,3.592712879180908
1710527557.5259082,3.599719206492106
1710527557.5260217,3.6025216844346786
1710527557.5261352,3.603572580549452
1710527557.5262487,3.6025216844346786
1710527557.526362,3.599719206492106
1710527557.5264754,3.595165146721734
1710527557.526589,3.588509029812283
1710527557.5267024,3.5783500141567655
1710527557.5268157,3.565388520558675
1710527557.5269291,3.549974759419759
1710527557.5270426,3.530707624223497
1710527557.527156,3.5093384318881564
1710527557.5272694,3.4862179226345487
1710527557.5273829,3.462046252356635
1710527557.5274963,3.436123000250922
1710527557.5276096,3.410200013054742
1710527557.527723,3.3846272362603083
1710527557.5278366,3.3587039841545954
1710527557.52795,3.333831893073188
1710527557.5280633,3.3082591162787542
1710527557.5281768,3.2826863394843206
1710527557.5282903,3.257813983493381
1710527557.5284038,3.231190310584174
1710527557.528517,3.203515476650662
1710527557.5286305,3.175840907626682
1710527557.528744,3.1478158632914224
1710527557.5288575,3.1204915046691895
1710527557.5289707,3.0942180421617294
1710527557.5290842,3.0700463718838162
1710527557.5291977,3.0479767587449813
1710527557.5293112,3.027308252122667
1710527557.5294244,3.008391327328152
1710527557.529538,2.9894746674431696
1710527557.5296514,2.9705577426486545
1710527557.529765,2.9512906074523926
1710527557.5298781,2.930622100830078
1710527557.5299916,2.9096033838060165
1710527557.530105,2.8896355628967285
1710527557.5302186,2.8710688485039606
1710527557.5303319,2.853553295135498
1710527557.5304453,2.8395409054226346
1710527557.5305588,2.827279832628038
1710527557.5306723,2.8157194455464682
1710527557.5307856,2.80591090520223
1710527557.530899,2.7947007285224066
1710527557.5310125,2.7827901310390897
1710527557.531126,2.769127951727973
1710527557.5312393,2.7544148763020835
1710527557.5313528,2.7390011151631675
1710527557.5314662,2.7232371436225042
1710527557.5315797,2.7102753851148815
1710527557.531693,2.698014577229818
1710527557.5318065,2.687505086263021
1710527557.53192,2.67769628100925
1710527557.5320332,2.6682379510667587
1710527557.5321467,2.656677563985189
1710527557.5322602,2.6433658599853516
1710527557.5323737,2.627251413133409
1710527557.532487,2.6083344883388944
1710527557.5326004,2.588716877831353
1710527557.532714,2.568398846520318
1710527557.5328274,2.5477303398980036
1710527557.5329406,2.5284632047017417
1710527557.533054,2.5095462799072266
1710527557.5331676,2.489578458997938
1710527557.533281,2.468559741973877
1710527557.5333943,2.445789443122016
1710527557.5335078,2.419165770212809
1710527557.5336213,2.3893891440497503
1710527557.5337348,2.3554086685180664
1710527557.533848,2.3189761903550887
1710527557.5339615,2.279741234249539
1710527557.534075,2.238054010603163
1710527557.5341885,2.1974178155263266
1710527557.5343018,2.1546796957651773
1710527557.5344152,2.110890547434489
1710527557.5345287,2.0632481575012207
1710527557.5346422,2.01490494940016
1710527557.5347555,1.9616574711269803
1710527557.534869,1.9045564863416884
1710527557.5349824,1.842551098929511
1710527557.535096,1.7770426803165011
1710527557.5352092,1.7090821266174316
1710527557.5353227,1.6365673806932237
1710527557.5354362,1.5637022919125028
1710527557.5355496,1.487684514787462
1710527557.535663,1.410615709092882
1710527557.5357764,1.330043872197469
1710527557.5358899,1.249822245703803
1710527557.5360034,1.165046559439765
1710527557.5361166,1.0767678419748943
1710527557.53623,0.9863871998257107
1710527557.5363436,0.8904015355639987
1710527557.5364568,0.791263116730584
1710527557.5365703,0.6893221537272135
1710527557.5366838,0.5849289894104004
1710527557.5367973,0.47843393352296615
1710527557.5369105,0.3694867425494724
1710527557.537024,0.2612401379479302
1710527557.5371375,0.15194260411792332
1710527557.537251,0.04159414519866308
1710527557.5373642,-0.06979160010814667
1710527557.5374777,-0.18257018592622545
1710527557.5375912,-0.2981507447030809
1710527557.5377047,-0.41548248794343734
1710527557.537818,-0.5349157253901163
1710527557.5379314,-0.6568006674448649
1710527557.538045,-0.7786856094996134
1710527557.5381584,-0.9005705515543619
1710527557.5382717,-1.0210544533199735
1710527557.5383852,-1.13908674981859
1710527557.5384986,-1.2529159916771782
1710527557.5386121,-1.3663951555887859
1710527557.5387254,-1.4781230025821261
1710527557.5388389,-1.5891502963172064
1710527557.5389524,-1.7005279329087999
1710527557.5390658,-1.8122557799021402
1710527557.539179,-1.9243339697519937
1710527557.5392926,-2.035361263487074
1710527557.539406,-2.1439369519551597
1710527557.5395195,-2.2483097182379828
1710527557.5396328,-2.347428798675537
1710527557.5397463,-2.4412941932678223
1710527557.5398598,-2.5295556916130915
1710527557.5399733,-2.6139646106296115
1710527557.5400865,-2.6945206854078503
1710527557.5402,-2.7747265497843423
1710527557.5403135,-2.852480676439073
1710527557.540427,-2.9288339614868164
1710527557.5405402,-3.0009841918945312
1710527557.5406537,-3.069982263776991
1710527557.5407672,-3.1333764394124346
1710527557.5408804,-3.1901160875956216
1710527557.540994,-3.2402009434170194
1710527557.5411074,-3.2850321133931475
1710527557.541221,-3.323558966318766
1710527557.5413342,-3.3575325542026095
1710527557.5414476,-3.389755090077718
1710527557.5415611,-3.4191756778293185
1710527557.5416746,-3.446494738260905
1710527557.5417879,-3.471712271372477
1710527557.5419014,-3.4934274355570474
1710527557.5420148,-3.5112897555033364
1710527557.5421283,-3.524599075317383
1710527557.5422416,-3.533355130089654
1710527557.542355,-3.537207974327935
1710527557.5424685,-3.537207974327935
1710527557.542582,-3.5340555508931475
1710527557.5426953,-3.5284516546461315
1710527557.5428088,-3.521096706390381
1710527557.5429223,-3.5119901763068304
1710527557.5430357,-3.5018332799275713
1710527557.543149,-3.49027501212226
1710527557.5432625,-3.4776663780212402
1710527557.543376,-3.463306427001953
1710527557.5434895,-3.446494738260905
1710527557.5436027,-3.4275815221998425
1710527557.5437162,-3.406566778818766
1710527557.5438297,-3.383450773027208
1710527557.5439432,-3.3589336607191296
1710527557.5440564,-3.332665231492784
1710527557.54417,-3.3074476983812118
1710527557.5442834,-3.2822301652696395
1710527557.5443969,-3.2573628425598145
1710527557.5445101,-3.23494725757175
1710527557.5446236,-3.21183098687066
1710527557.544737,-3.1901160875956216
1710527557.5448506,-3.1684009234110513
1710527557.5449638,-3.146335548824734
1710527557.5450773,-3.1221686469184027
1710527557.5451908,-3.0976515346103244
1710527557.545304,-3.073134422302246
1710527557.5454175,-3.0475666787889266
1710527557.545531,-3.0244504080878363
1710527557.5456445,-3.0027355088127985
1710527557.5457578,-2.984172503153483
1710527557.5458713,-2.9663099182976618
1710527557.5459847,-2.9519499672783747
1710527557.5460982,-2.9368895954555936
1710527557.5462115,-2.921478748321533
1710527557.546325,-2.905717690785726
1710527557.5464385,-2.8889060020446777
1710527557.546552,-2.8713938925001354
1710527557.5466652,-2.8528308868408203
1710527557.5467787,-2.836369408501519
1710527557.5468922,-2.820608615875244
1710527557.5470057,-2.808349927266439
1710527557.547119,-2.7981927659776473
1710527557.5472324,-2.7897869216071234
1710527557.5473459,-2.7824319733513727
1710527557.5474594,-2.7733254432678223
1710527557.5475726,-2.763168546888563
1710527557.547686,-2.750909858279758
1710527557.5477996,-2.737250328063965
1710527557.547913,-2.721839745839437
1710527557.5480263,-2.7067791091071234
1710527557.5481398,-2.6924191580878363
1710527557.5482533,-2.680160734388563
1710527557.5483668,-2.6696533626980252
1710527557.54848,-2.659846411810981
1710527557.5485935,-2.649689515431722
1710527557.548707,-2.6374308268229165
1710527557.5488205,-2.6234210862053766
1710527557.5489337,-2.6045078701443143
1710527557.5490472,-2.584193812476264
1710527557.5491607,-2.5617782274881997
1710527557.5492742,-2.5372611151801214
1710527557.5493875,-2.513444423675537
1710527557.549501,-2.488927311367459
1710527557.5496144,-2.4651108847724066
1710527557.5497277,-2.4405937724643283
1710527557.5498412,-2.415726449754503
1710527557.5499547,-2.3870062828063965
1710527557.5500681,-2.356535063849555
1710527557.5501814,-2.322211265563965
1710527557.5502949,-2.28298372692532
1710527557.5504084,-2.2416549258761935
1710527557.5505219,-2.196823755900065
1710527557.550635,-2.1498910586039224
1710527557.5507486,-2.101907730102539
1710527557.550862,-2.0514725314246283
1710527557.5509756,-2.0006871223449707
1710527557.5510888,-1.948150528801812
1710527557.5512023,-1.8928119871351454
1710527557.5513158,-1.8329201804267035
1710527557.5514293,-1.7698763476477728
1710527557.5515425,-1.702629460228814
1710527557.551656,-1.630829440222846
1710527557.5517695,-1.5551767084333632
1710527557.551883,-1.4753210544586182
1710527557.5519962,-1.3923132419586182
1710527557.5521097,-1.3068536917368572
1710527557.5522232,-1.219642824596829
1710527557.5523367,-1.1303306950463188
1710527557.55245,-1.0392671823501587
1710527557.5525634,-0.9457519981596205
1710527557.552677,-0.8494348658455743
1710527557.5527904,-0.750315851635403
1710527557.5529037,-0.6473440594143337
1710527557.5530171,-0.5394688910908169
1710527557.5531306,-0.42879177464379203
1710527557.553244,-0.31391170289781356
1710527557.5533574,-0.19693020317289564
1710527557.5534708,-0.07889794806639354
1710527557.5535843,0.03914195630285475
1710527557.5536978,0.15719729993078443
1710527557.553811,0.273851388030582
1710527557.5539246,0.39015518294440377
1710527557.554038,0.5082105265723335
1710527557.5541513,0.6273167663150363
1710527557.5542648,0.748875273598565
1710527557.5543783,0.8742871549394395
1710527557.5544918,0.9996991025076972
1710527557.554605,1.1282637384202745
1710527557.5547185,1.2554272015889485
1710527557.554832,1.3811894257863362
1710527557.5549455,1.5016970369550917
1710527557.5550587,1.6197523805830214
1710527557.5551722,1.734304560555352
1710527557.5552857,1.84535370932685
1710527557.5553992,1.9557021723853216
1710527557.5555124,2.0657002925872803
1710527557.555626,2.176749308904012
1710527557.5557394,2.2867475615607367
1710527557.555853,2.3974463674757214
1710527557.5559661,2.501839531792535
1710527557.5560796,2.6044811142815485
1710527557.556193,2.6987149980333114
1710527557.5563066,2.788044876522488
1710527557.5564198,2.868967056274414
1710527557.5565333,2.944984965854221
1710527557.5566468,3.0171492364671493
1710527557.5567603,3.0854601330227323
1710527557.5568736,3.150968551635742
1710527557.556987,3.216477235158284
1710527557.5571005,3.277781804402669
1710527557.557214,3.3359336853027344
1710527557.5573273,3.3860283427768283
1710527557.5574408,3.431919415791829
1710527557.5575542,3.4708041614956326
1710527557.5576677,3.5016316837734647
1710527557.557781,3.5279051462809243
1710527557.5578945,3.548923863304986
1710527557.558008,3.5667896270751953
1710527557.5581214,3.581853177812364
1710527557.5582347,3.595165146721734
1710527557.5583482,3.6060248480902777
1710527557.5584617,3.6133813858032227
1710527557.558575,3.6186358663770886
1710527557.5586884,3.6186358663770886
1710527557.558802,3.6147824923197427
1710527557.5589154,3.6060248480902777
1710527557.5590286,3.5937637752956815
1710527557.559142,3.578700224558512
1710527557.5592556,3.560834460788303
1710527557.559369,3.541567325592041
1710527557.5594823,3.5222999254862466
1710527557.5595958,3.5019818941752114
1710527557.5597093,3.4809631771511502
1710527557.5598228,3.4592437744140625
1710527557.559936,3.4371741612752276
1710527557.5600495,3.4140533871120877
1710527557.560163,3.3902321921454535
1710527557.5602765,3.36465941535102
1710527557.5603898,3.338035477532281
1710527557.5605032,3.3093100123935275
1710527557.5606167,3.2816351784600153
1710527557.5607302,3.2525592380099826
1710527557.5608435,3.2241839832729764
1710527557.560957,3.1975603103637695
1710527557.5610704,3.1716370582580566
1710527557.561184,3.146764967176649
1710527557.5612972,3.123644193013509
1710527557.5614107,3.1008738941616483
1710527557.5615242,3.0781035953097873
1710527557.5616376,3.054282400343153
1710527557.561751,3.030461205376519
1710527557.5618644,3.006640010409885
1710527557.5619779,2.981417444017198
1710527557.5620914,2.9582966698540583
1710527557.5622046,2.9365772671169705
1710527557.562318,2.9173101319207086
1710527557.5624316,2.900144788953993
1710527557.562545,2.8854317135281033
1710527557.5626583,2.872119744618734
1710527557.5627718,2.858457565307617
1710527557.5628853,2.8447953859965005
1710527557.5629985,2.830082310570611
1710527557.563112,2.8150190247429743
1710527557.5632255,2.7982038921780057
1710527557.563339,2.7817392349243164
1710527557.5634522,2.766675684187147
1710527557.5635657,2.753714190589057
1710527557.5636792,2.7428544892205133
1710527557.5637927,2.733396159278022
1710527557.563906,2.7242880397372775
1710527557.5640194,2.71553013059828
1710527557.564133,2.705020639631483
1710527557.5642464,2.691708935631646
1710527557.5643597,2.6773460706075034
1710527557.5644732,2.659830517239041
1710527557.5645866,2.642665174272325
1710527557.5647001,2.6247991455925836
1710527557.5648134,2.6093853844536676
1710527557.5649269,2.5939716233147516
1710527557.5650403,2.5785578621758356
1710527557.5651538,2.564194997151693
1710527557.565267,2.548080815209283
1710527557.5653806,2.5291638904147677
1710527557.565494,2.5077946980794272
1710527557.5656075,2.4825721316867404
1710527557.5657208,2.4548975626627603
1710527557.5658343,2.4247707260979547
1710527557.5659478,2.3939432038201227
1710527557.5660613,2.3627654711405435
1710527557.5661745,2.330186367034912
1710527557.566288,2.2972567876180015
1710527557.5664015,2.2639772627088757
1710527557.566515,2.227194309234619
1710527557.5666282,2.187258799870809
1710527557.5667417,2.1441703372531467
1710527557.5668552,2.0965278148651123
1710527557.5669687,2.045732471677992
1710527557.567082,1.9910837544335258
1710527557.5671954,1.9332820839352078
1710527557.567309,1.8744296497768826
1710527557.5674222,1.8134751584794786
1710527557.5675356,1.7514699035220676
1710527557.5676491,1.687362723880344
1710527557.5677626,1.6215039624108207
1710527557.5678759,1.5514413515726724
1710527557.5679893,1.4782260523902044
1710527557.5681028,1.4004566934373643
1710527557.5682163,1.318833827972412
1710527557.5683296,1.234058141708374
1710527557.568443,1.1443781852722168
1710527557.5685565,1.052596304151747
1710527557.56867,0.9580118788613213
1710527557.5687833,0.8609753184848361
1710527557.5688968,0.7621871100531684
1710527557.5690103,0.6633989678488837
1710527557.5691237,0.5618083477020264
1710527557.569237,0.4588164554701911
1710527557.5693505,0.3530220521820916
1710527557.569464,0.24512575732337102
1710527557.5695775,0.1337263567580117
1710527557.5696907,0.01882382772035069
1710527557.5698042,-0.09886186156007978
1710527557.5699177,-0.21829509072833592
1710527557.5700312,-0.3384288152058919
1710527557.5701444,-0.4578620195388794
1710527557.570258,-0.5758942498101128
1710527557.5703714,-0.6932260592778524
1710527557.5704849,-0.8091568284564548
1710527557.5705981,-0.9229861365424262
1710527557.5707116,-1.0389169057210286
1710527557.570825,-1.154847674899631
1710527557.5709386,-1.2721794181399875
1710527557.5710518,-1.3909122678968642
1710527557.5711653,-1.5103454060024686
1710527557.5712788,-1.627677149242825
1710527557.5713923,-1.7429074976179335
1710527557.5715055,-1.8539349238077798
1710527557.571619,-1.960759295357598
1710527557.5717325,-2.0633808771769204
1710527557.5718458,-2.1617994043562145
1710527557.5719593,-2.257065773010254
1710527557.5720727,-2.351631588406033
1710527557.5721862,-2.445496982998318
1710527557.5722995,-2.5379615359836154
1710527557.572413,-2.6293751928541393
1710527557.5725265,-2.7190377977159286
1710527557.57264,-2.8034464518229165
1710527557.5727532,-2.882601684994168
1710527557.5728667,-2.9551021258036294
1710527557.5729802,-3.0219989352756076
1710527557.5730937,-3.082240687476264
1710527557.573207,-3.13792970445421
1710527557.5733204,-3.1897656122843423
1710527557.5734339,-3.237749205695258
1710527557.5735474,-3.2857325341966415
1710527557.5736606,-3.3295130729675293
1710527557.573774,-3.370841874016656
1710527557.5738876,-3.4069169892205133
1710527557.574001,-3.438789314693875
1710527557.5741143,-3.464357058207194
1710527557.5742278,-3.484320905473497
1710527557.5743413,-3.4990313318040633
1710527557.5744548,-3.5084878073798285
1710527557.574568,-3.5151425997416177
1710527557.5746815,-3.5193453894721136
1710527557.574795,-3.5221473375956216
1710527557.5749085,-3.523898654513889
1710527557.5750217,-3.5221473375956216
1710527557.5751352,-3.5179445478651257
1710527557.5752487,-3.5130410724216037
1710527557.5753622,-3.5049854384528265
1710527557.5754755,-3.4927267498440213
1710527557.575589,-3.478016588422987
1710527557.5757024,-3.460854689280192
1710527557.575816,-3.441591262817383
1710527557.5759292,-3.4212769402398004
1710527557.5760427,-3.398861355251736
1710527557.5761561,-3.377146191067166
1710527557.5762694,-3.3543803956773544
1710527557.5763829,-3.3330154418945312
1710527557.5764964,-3.311300542619493
1710527557.5766098,-3.2909862200419107
1710527557.576723,-3.2685706350538464
1710527557.5768366,-3.2465052604675293
1710527557.57695,-3.222688568962945
1710527557.5770636,-3.1978212462531195
1710527557.5771768,-3.172603713141547
1710527557.5772903,-3.146685759226481
1710527557.5774038,-3.121818436516656
1710527557.5775173,-3.098001745012071
1710527557.5776305,-3.076286580827501
1710527557.577744,-3.0563227335611978
1710527557.5778575,-3.038810624016656
1710527557.577971,-3.0219989352756076
1710527557.5780842,-3.0055374569363065
1710527557.5781977,-2.987674872080485
1710527557.5783112,-2.969462341732449
1710527557.5784247,-2.94984843995836
1710527557.578538,-2.9302348030938044
1710527557.5786514,-2.910621166229248
1710527557.578765,-2.8924086358812118
1710527557.5788784,-2.8755966822306314
1710527557.5789917,-2.8615869416130915
1710527557.5791051,-2.850379149119059
1710527557.5792186,-2.8398720423380532
1710527557.579332,-2.8293646706475153
1710527557.5794454,-2.81850708855523
1710527557.5795588,-2.8062483999464245
1710527557.5796723,-2.7918884489271374
1710527557.5797858,-2.7771782875061035
1710527557.579899,-2.761067019568549
1710527557.5800126,-2.747407489352756
1710527557.580126,-2.7347985903422036
1710527557.5802395,-2.7242914835611978
1710527557.5803528,-2.7155351638793945
1710527557.5804663,-2.7088806364271374
1710527557.5805798,-2.7004747920566134
1710527557.580693,-2.6917187372843423
1710527557.5808065,-2.679810259077284
1710527557.58092,-2.664749887254503
1710527557.5810335,-2.648638619316949
1710527557.5811467,-2.6304260889689126
1710527557.5812602,-2.6115128729078503
1710527557.5813737,-2.592599656846788
1710527557.5814872,-2.5750872823927136
1710527557.5816004,-2.5582755936516657
1710527557.581714,-2.5407634841071234
1710527557.5818274,-2.521149847242567
1710527557.581941,-2.499784893459744
1710527557.5820541,-2.4749175707499185
1710527557.5821676,-2.445496982998318
1710527557.582281,-2.413624922434489
1710527557.5823946,-2.3779000176323786
1710527557.5825078,-2.341124481625027
1710527557.5826213,-2.3025976286994085
1710527557.5827348,-2.2637203004625106
1710527557.5828483,-2.2237926059299045
1710527557.5829616,-2.182814015282525
1710527557.583075,-2.1397340297698975
1710527557.5831885,-2.093852096133762
1710527557.583302,-2.044467661115858
1710527557.5834153,-1.9908803039126926
1710527557.5835288,-1.9334402349260118
1710527557.5836422,-1.872497797012329
1710527557.5837557,-1.8070022265116372
1710527557.583869,-1.7397553390926785
1710527557.5839825,-1.6686557398902044
1710527557.584096,-1.5972059302859836
1710527557.5842094,-1.5222537517547607
1710527557.5843227,-1.4480019940270317
1710527557.5844362,-1.3688468933105469
1710527557.5845497,-1.2872399224175346
1710527557.584663,-1.2028311358557806
1710527557.5847764,-1.1131686634487576
1710527557.58489,-1.0203539662890964
1710527557.5850034,-0.9222856495115492
1710527557.5851166,-0.8203646209504869
1710527557.58523,-0.7159919208950466
1710527557.5853436,-0.6081167194578383
1710527557.585457,-0.4998913076188829
1710527557.5855703,-0.38991467820273507
1710527557.5856838,-0.2795878052711487
1710527557.5857973,-0.16891067226727804
1710527557.5859108,-0.056482329964637756
1710527557.586024,0.05735821194118924
1710527557.5861375,0.17541355556911892
1710527557.586251,0.29627141025331283
1710527557.5863645,0.42063236236572266
1710527557.5864778,0.5484964781337314
1710527557.5865912,0.6767108705308702
1710527557.5867047,0.8045749531851875
1710527557.5868182,0.9313881397247314
1710527557.5869315,1.0539975431230333
1710527557.587045,1.1752057075500488
1710527557.5871584,1.295012633005778
1710527557.587272,1.4120169480641682
1710527557.5873852,1.5307729774051242
1710527557.5874987,1.649528874291314
1710527557.5876122,1.76898545689053
1710527557.5877256,1.8898434109157987
1710527557.587839,2.0089496506585016
1710527557.5879524,2.1238521734873452
1710527557.5880659,2.2356020079718695
1710527557.5881793,2.3410460684034557
1710527557.5882926,2.440885172949897
1710527557.588406,2.533367474873861
1710527557.5885196,2.623398039076063
1710527557.588633,2.7092244890001083
1710527557.5887463,2.7940000428093805
1710527557.5888598,2.8773744901021323
1710527557.5889733,2.9593475659688315
1710527557.5890865,3.038167953491211
1710527557.5892,3.1134851773579912
1710527557.5893135,3.183197445339627
1710527557.589427,3.2445020145840116
1710527557.5895402,3.2995012071397567
1710527557.5896537,3.3478442827860513
1710527557.5897672,3.3902321921454535
1710527557.5898807,3.4287664625379772
1710527557.589994,3.464498519897461
1710527557.5901074,3.496727148691813
1710527557.590221,3.527554670969645
1710527557.5903344,3.554879029591878
1710527557.5904477,3.577649328443739
1710527557.5905612,3.596566253238254
1710527557.5906746,3.6102284325493708
1710527557.5907881,3.6179354455735946
1710527557.5909014,3.6203874482048883
1710527557.5910149,3.618285655975342
1710527557.5911283,3.612680700090196
1710527557.5912418,3.6049736870659723
1710527557.591355,3.5948146714104547
1710527557.5914686,3.58430544535319
1710527557.591582,3.5709934764438205
1710527557.5916955,3.557331297132704
1710527557.5918088,3.542267746395535
1710527557.5919223,3.524051507314046
1710527557.5920358,3.5054850578308105
1710527557.5921493,3.4827147589789496
1710527557.5922625,3.4595939848158093
1710527557.592376,3.433670997619629
1710527557.5924895,3.407747745513916
1710527557.592603,3.380773862202962
1710527557.5927162,3.353449238671197
1710527557.5928297,3.326475355360243
1710527557.5929432,3.30055210325453
1710527557.5930567,3.275680012173123
1710527557.59317,3.2511581314934626
1710527557.5932834,3.227687146928575
1710527557.593397,3.2031652662489147
1710527557.5935102,3.1796942816840277
1710527557.5936236,3.154121504889594
1710527557.5937371,3.1278480423821344
1710527557.5938506,3.102275265587701
1710527557.5939639,3.076352013481988
1710527557.5940773,3.051830132802327
1710527557.5941908,3.0287096235487194
1710527557.5943043,3.008391327328152
1710527557.5944176,2.9898248778449164
1710527557.594531,2.972659534878201
1710527557.5946445,2.9558446672227645
1710527557.594758,2.9393800099690757
1710527557.5948713,2.922915087805854
1710527557.5949848,2.904348638322618
1710527557.5950983,2.88578192392985
1710527557.5952117,2.8675656848483615
1710527557.595325,2.848649024963379
1710527557.5954385,2.8328847885131836
1710527557.595552,2.819222609202067
1710527557.5956655,2.808012697431776
1710527557.5957787,2.79575162463718
1710527557.5958922,2.786993980407715
1710527557.5960057,2.7754335933261447
1710527557.5961192,2.763522995842828
1710527557.5962324,2.749510341220432
1710527557.596346,2.733746369679769
1710527557.5964594,2.718332608540853
1710527557.5965729,2.701167265574137
1710527557.5966861,2.6868044005499945
1710527557.5967996,2.6724418004353843
1710527557.596913,2.660530938042535
1710527557.5970266,2.6482701301574707
1710527557.5971398,2.63706021838718
1710527557.5972533,2.623047563764784
1710527557.5973668,2.607283592224121
1710527557.5974803,2.5894175635443792
1710527557.5975935,2.568749056922065
1710527557.597707,2.5449278619554305
1710527557.5978205,2.5211066669887967
1710527557.5979338,2.49588410059611
1710527557.5980473,2.4713622199164496
1710527557.5981607,2.4478912353515625
1710527557.5982742,2.423369354671902
1710527557.5983875,2.3974463674757214
1710527557.598501,2.368370427025689
1710527557.5986145,2.336492008633084
1710527557.598728,2.3018108473883734
1710527557.5988412,2.2622256808810763
1710527557.5989547,2.2194875611199274
1710527557.5990682,2.173946830961439
1710527557.5991817,2.1270049942864313
1710527557.599295,2.07796123292711
1710527557.5994084,2.0282167858547635
1710527557.5995219,1.97637054655287
1710527557.5996354,1.9231230682796903
1710527557.5997486,1.8663724263509114
1710527557.599862,1.8064689636230469
1710527557.5999756,1.7437630229526095
1710527557.600089,1.6758023367987738
1710527557.6002023,1.6039882765875921
1710527557.6003158,1.5286710527208116
1710527557.6004293,1.4502010080549452
1710527557.6005428,1.3696291711595323
1710527557.600656,1.2869554095798068
1710527557.6007695,1.202880409028795
1710527557.600883,1.1153022448221843
1710527557.6009965,1.0280744234720867
1710527557.6011097,0.9373434384663899
1710527557.6012232,0.8448609378602769
1710527557.6013367,0.7478243112564087
1710527557.6014502,0.6472845872243246
1710527557.6015635,0.5435920755068461
1710527557.601677,0.43604612350463867
1710527557.6017904,0.325697660446167
1710527557.601904,0.21324732237392002
1710527557.6020172,0.09939572049511804
1710527557.6021307,-0.014453039815028507
1710527557.6022441,-0.12898285355832842
1710527557.6023574,-0.2428121699227227
1710527557.6024709,-0.3569917215241326
1710527557.6025844,-0.4718717932701111
1710527557.6026978,-0.5885030825932821
1710527557.602811,-0.7061850362353854
1710527557.6029246,-0.827369491259257
1710527557.603038,-0.9503051969740126
1710527557.6031516,-1.0739413234922621
1710527557.6032648,-1.1958262655470107
1710527557.6033783,-1.316310167312622
1710527557.6034918,-1.4339922534094915
1710527557.6036053,-1.548171838124593
1710527557.6037185,-1.6584987110561795
1710527557.603832,-1.7667240566677518
1710527557.6039455,-1.873898771074083
1710527557.604059,-1.9793223010169134
1710527557.6041722,-2.0857964621649847
1710527557.6042857,-2.1919204129113092
1710527557.6043992,-2.296293046739366
1710527557.6045127,-2.3982140753004284
1710527557.604626,-2.495932314130995
1710527557.6047394,-2.587696181403266
1710527557.604853,-2.672455310821533
1710527557.6049664,-2.752310964796278
1710527557.6050797,-2.826912932925754
1710527557.6051931,-2.8973118464152017
1710527557.6053066,-2.964909076690674
1710527557.60542,-3.0307549900478787
1710527557.6055334,-3.0937989552815752
1710527557.6056468,-3.155091603597005
1710527557.6057603,-3.212181462181939
1710527557.6058738,-3.264017370012071
1710527557.605987,-3.3102496465047198
1710527557.6061006,-3.3501776059468584
1710527557.606214,-3.383100562625461
1710527557.6063275,-3.4111200438605414
1710527557.6064408,-3.4349364704555936
1710527557.6065543,-3.454550372229682
1710527557.6066678,-3.4734633233812118
1710527557.606781,-3.4885239601135254
1710527557.6068945,-3.5028839111328125
1710527557.607008,-3.5151425997416177
1710527557.6071215,-3.5228477583991156
1710527557.6072347,-3.527401023440891
1710527557.6073482,-3.5281014442443848
1710527557.6074617,-3.5249492857191296
1710527557.6075752,-3.5175940725538464
1710527557.6076884,-3.506736490461561
1710527557.607802,-3.4937776459587946
1710527557.6079154,-3.4797679053412542
1710527557.608029,-3.464006847805447
1710527557.6081421,-3.4482457902696395
1710527557.6082556,-3.4314341015285916
1710527557.608369,-3.412871095869276
1710527557.6084826,-3.395008775922987
1710527557.6085958,-3.3760955598619247
1710527557.6087093,-3.3547306060791016
1710527557.6088228,-3.3316146002875433
1710527557.6089363,-3.307097487979465
1710527557.6090496,-3.2811795340643988
1710527557.609163,-3.2545608944363065
1710527557.6092765,-3.228292465209961
1710527557.60939,-3.2020243008931475
1710527557.6095033,-3.1764565573798285
1710527557.6096168,-3.153340286678738
1710527557.6097302,-3.131625122494168
1710527557.6098437,-3.1109608544243708
1710527557.609957,-3.0909970071580672
1710527557.6100705,-3.069982263776991
1710527557.610184,-3.049317995707194
1710527557.6102974,-3.0286534627278643
1710527557.6104107,-3.0055374569363065
1710527557.6105242,-2.983472082349989
1710527557.6106377,-2.962107128567166
1710527557.6107512,-2.9424934917026095
1710527557.6108644,-2.9260320133633084
1710527557.610978,-2.910270955827501
1710527557.6110914,-2.898362742529975
1710527557.6112046,-2.8864542643229165
1710527557.611318,-2.8745460510253906
1710527557.6114316,-2.8615869416130915
1710527557.611545,-2.846876780192057
1710527557.6116583,-2.830765512254503
1710527557.6117718,-2.8143040339152017
1710527557.6118853,-2.7981927659776473
1710527557.6119988,-2.7831323941548667
1710527557.612112,-2.770173284742567
1710527557.6122255,-2.7600163883633084
1710527557.612339,-2.751610279083252
1710527557.6124525,-2.7435549100240073
1710527557.6125658,-2.73549927605523
1710527557.6126792,-2.7256923251681857
1710527557.6127927,-2.71378411187066
1710527557.6129062,-2.6990736855400934
1710527557.6130195,-2.683663103315565
1710527557.613133,-2.667551835378011
1710527557.6132464,-2.652140988243951
1710527557.61336,-2.6374308268229165
1710527557.6134732,-2.6241215070088706
1710527557.6135867,-2.6129137145148382
1710527557.6137002,-2.6003050804138184
1710527557.6138136,-2.586295339796278
1710527557.613927,-2.5694833861456976
1710527557.6140404,-2.5491693284776473
1710527557.6141539,-2.5264035330878363
1710527557.6142673,-2.5008357895745172
1710527557.6143806,-2.4728160434299045
1710527557.614494,-2.4440961413913302
1710527557.6146076,-2.4150257640414767
1710527557.614721,-2.3863058620029025
1710527557.6148343,-2.3568852742513022
1710527557.6149478,-2.3271144760979547
1710527557.6150613,-2.2952424155341253
1710527557.6151748,-2.258817089928521
1710527557.615288,-2.2202901045481362
1710527557.6154015,-2.1772101190355087
1710527557.615515,-2.129226658079359
1710527557.6156282,-2.0787915918562145
1710527557.6157417,-2.026254998313056
1710527557.6158552,-1.9698656929863823
1710527557.6159687,-1.9124256239997015
1710527557.616082,-1.8532343705495198
1710527557.6161954,-1.792992353439331
1710527557.616309,-1.7292479674021402
1710527557.6164224,-1.6623514228396945
1710527557.6165357,-1.5923025872972276
1710527557.6166492,-1.5177006191677518
1710527557.6167626,-1.4388955963982475
1710527557.6168761,-1.3548370202382405
1710527557.6169894,-1.2679764959547255
1710527557.6171029,-1.1762126286824544
1710527557.6172163,-1.0826974444919162
1710527557.6173298,-0.987080799208747
1710527557.617443,-0.8897129694620768
1710527557.6175566,-0.7902436123953925
1710527557.61767,-0.6911245981852213
1710527557.6177835,-0.588152805964152
1710527557.6178968,-0.48342982927958167
1710527557.6180103,-0.3755546609560648
1710527557.6181238,-0.26312632693184745
1710527557.6182373,-0.14719554119639927
1710527557.6183505,-0.027412070582310356
1710527557.618464,0.09449135098192427
1710527557.6185775,0.21850200162993536
1710527557.618691,0.341111421585083
1710527557.6188042,0.46372082498338485
1710527557.6189177,0.5849289894104004
1710527557.6190312,0.7043855720096164
1710527557.6191447,0.8252433935801188
1710527557.619258,0.9446999761793349
1710527557.6193714,1.0676597224341497
1710527557.619485,1.1927212609185112
1710527557.6195984,1.3195345136854384
1710527557.6197116,1.4470481872558594
1710527557.6198251,1.5742117828792996
1710527557.6199386,1.6989229785071478
1710527557.6200519,1.818729903962877
1710527557.6201653,1.9343331125047472
1710527557.6202788,2.045382128821479
1710527557.6203923,2.150826189253065
1710527557.6205056,2.2548691431681314
1710527557.620619,2.3561093542310925
1710527557.6207325,2.457700040605333
1710527557.620846,2.557889355553521
1710527557.6209593,2.6570280392964682
1710527557.6210728,2.7526632944742837
1710527557.6211863,2.843043804168701
1710527557.6212997,2.9274691475762262
1710527557.621413,3.004187742869059
1710527557.6215265,3.0742502212524414
1710527557.62164,3.1373063723246255
1710527557.6217535,3.1944073571099176
1710527557.6218667,3.249406549665663
1710527557.6219802,3.3016029993693032
1710527557.6220937,3.3513474464416504
1710527557.6222072,3.3975887298583984
1710527557.6223204,3.4417282210456
1710527557.622434,3.479912281036377
1710527557.6225474,3.5131918059455023
1710527557.6226609,3.5398157437642412
1710527557.6227741,3.5604839854770236
1710527557.6228876,3.5751973258124456
1710527557.623001,3.5853563414679632
1710527557.6231146,3.5909612973531084
1710527557.6232278,3.5944644610087075
1710527557.6233413,3.5969167285495334
1710527557.6234548,3.59726693895128
1710527557.6235683,3.595515357123481
1710527557.6236815,3.5906110869513617
1710527557.623795,3.58430544535319
1710527557.6239085,3.573795954386393
1710527557.624022,3.5590828789605036
1710527557.6241353,3.5433189074198403
1710527557.6242487,3.5233510865105524
1710527557.6243622,3.5016316837734647
1710527557.6244755,3.4788613849216037
1710527557.624589,3.4557406107584634
1710527557.6247025,3.431919415791829
1710527557.624816,3.4091491169399686
1710527557.6249292,3.384977446662055
1710527557.6250427,3.362207147810194
1710527557.6251562,3.3390866385565863
1710527557.6252697,3.3149149682786727
1710527557.625383,3.2900428771972656
1710527557.6254964,3.2644698354932995
1710527557.6256099,3.237495952182346
1710527557.6257234,3.2108720143636065
1710527557.6258366,3.1828472349378796
1710527557.62595,3.1562232971191406
1710527557.6260636,3.1299498346116805
1710527557.626177,3.1050777435302734
1710527557.6262903,3.082657655080159
1710527557.6264038,3.0612887276543512
1710527557.6265173,3.041320906745063
1710527557.6266308,3.0217032962375217
1710527557.626744,3.0013852649264865
1710527557.6268575,2.981066968705919
1710527557.626971,2.9593475659688315
1710527557.6270845,2.93832884894477
1710527557.6271977,2.9169599215189614
1710527557.6273112,2.8980429967244468
1710527557.6274247,2.880877653757731
1710527557.6275382,2.8661645783318415
1710527557.6276515,2.8528526094224715
1710527557.627765,2.841642697652181
1710527557.6278784,2.830082310570611
1710527557.627992,2.81887239880032
1710527557.6281052,2.80591090520223
1710527557.6282187,2.7911975648668075
1710527557.6283321,2.7757838037278915
1710527557.6284456,2.7600198321872287
1710527557.6285589,2.7446060710483127
1710527557.6286724,2.7316445774502225
1710527557.6287858,2.719383504655626
1710527557.628899,2.7099251747131348
1710527557.6290126,2.700116369459364
1710527557.629126,2.689606878492567
1710527557.6292396,2.6790976524353027
1710527557.6293528,2.6650849978129068
1710527557.6294663,2.6486203405592175
1710527557.6295798,2.630754576789008
1710527557.6296933,2.6114871766832137
1710527557.6298065,2.590818934970432
1710527557.62992,2.5712013244628906
1710527557.6300335,2.5533352957831488
1710527557.630147,2.534418635898166
1710527557.6302602,2.5151512357923718
1710527557.6303737,2.496234575907389
1710527557.6304872,2.4745151731703015
1710527557.6306007,2.449292606777615
1710527557.630714,2.419866191016303
1710527557.6308274,2.388338247934977
1710527557.630941,2.3540075620015464
1710527557.6310544,2.3175750838385687
1710527557.6311677,2.280091709560818
1710527557.6312811,2.2419073846605087
1710527557.6313946,2.202672561009725
1710527557.631508,2.161685890621609
1710527557.6316214,2.1199987994299994
1710527557.6317348,2.0748084121280246
1710527557.6318483,2.0250639650556774
1710527557.6319618,1.972166829639011
1710527557.632075,1.914715501997206
1710527557.6321886,1.853060589896308
1710527557.632302,1.7886030673980713
1710527557.6324155,1.722393963072035
1710527557.6325288,1.6526816950903997
1710527557.6326423,1.5815683205922444
1710527557.6327558,1.5090535746680365
1710527557.6328692,1.434086693657769
1710527557.6329825,1.357017887963189
1710527557.633096,1.276095708211263
1710527557.6332095,1.1920207076602511
1710527557.6333227,1.103391581111484
1710527557.6334362,1.0119600428475273
1710527557.6335497,0.9163246552149454
1710527557.6336632,0.8168358935250176
1710527557.6337764,0.7145446538925171
1710527557.63389,0.6098011467191908
1710527557.6340034,0.5043570862876045
1710527557.634117,0.39716141091452706
1710527557.6342301,0.289265149169498
1710527557.6343436,0.18066825138198003
1710527557.634457,0.06996946202384101
1710527557.6345706,-0.04247256451182895
1710527557.6346838,-0.15805310673183864
1710527557.6347973,-0.2753848665290409
1710527557.6349108,-0.3958688179651896
1710527557.6350243,-0.5174035165044997
1710527557.6351376,-0.6399889124764336
1710527557.635251,-0.7615236441294352
1710527557.6353645,-0.8820076121224297
1710527557.635478,-1.0003900527954102
1710527557.6355913,-1.1156204011705186
1710527557.6357048,-1.230500406689114
1710527557.6358182,-1.3436292277442083
1710527557.6359317,-1.4567580487993028
1710527557.636045,-1.5709376335144043
1710527557.6361585,-1.6861679818895128
1710527557.636272,-1.8010479874081082
1710527557.6363854,-1.9148773617214627
1710527557.6364987,-2.026605208714803
1710527557.6366122,-2.1348305543263755
1710527557.6367257,-2.236401504940457
1710527557.6368392,-2.334469689263238
1710527557.6369524,-2.427284452650282
1710527557.637066,-2.516246371799045
1710527557.6371794,-2.6024063428243003
1710527557.6372929,-2.6861148410373263
1710527557.637406,-2.769472863939073
1710527557.6375196,-2.8507293595208063
1710527557.637633,-2.9295343822903104
1710527557.6377463,-3.0030857192145453
1710527557.6378598,-3.071733580695258
1710527557.6379733,-3.132325808207194
1710527557.6380868,-3.1883647706773544
1710527557.6382,-3.2373989952935114
1710527557.6383135,-3.280829323662652
1710527557.638427,-3.3204068077935114
1710527557.6385405,-3.3571823438008623
1710527557.6386538,-3.390105300479465
1710527557.6387672,-3.4216274155510797
1710527557.6388807,-3.4510477383931475
1710527557.6389942,-3.475915061102973
1710527557.6391075,-3.4969298044840493
1710527557.639221,-3.5130410724216037
1710527557.6393344,-3.523898654513889
1710527557.639448,-3.5302029715643988
1710527557.6395612,-3.531954288482666
1710527557.6396747,-3.5305531819661455
1710527557.6397882,-3.526700602637397
1710527557.6399016,-3.5207464959886337
1710527557.640015,-3.5147921244303384
1710527557.6401284,-3.506736490461561
1710527557.6402419,-3.4976302252875433
1710527557.6403553,-3.4864224327935114
1710527557.6404686,-3.4741640090942383
1710527557.640582,-3.4591033723619247
1710527557.6406956,-3.441591262817383
1710527557.640809,-3.4223278363545733
1710527557.6409223,-3.40096288257175
1710527557.6410358,-3.377496666378445
1710527557.6411493,-3.3540301852756076
1710527557.6412628,-3.3295130729675293
1710527557.641376,-3.3053461710611978
1710527557.6414895,-3.2829305860731335
1710527557.641603,-3.2601647906833224
1710527557.6417165,-3.238449626498752
1710527557.6418297,-3.216734462314182
1710527557.6419432,-3.1957199838426376
1710527557.6420567,-3.173304133945041
1710527557.64217,-3.150188128153483
1710527557.6422834,-3.1256710158454046
1710527557.642397,-3.1004534827338324
1710527557.6425104,-3.076636791229248
1710527557.6426237,-3.052470154232449
1710527557.6427372,-3.0304047796461315
1710527557.6428506,-3.011491563585069
1710527557.6429641,-2.993979189130995
1710527557.6430774,-2.97821839650472
1710527557.6431909,-2.9624573389689126
1710527557.6433043,-2.9456456502278647
1710527557.6434178,-2.9281335406833224
1710527557.643531,-2.90922032462226
1710527557.6436446,-2.8903071085611978
1710527557.643758,-2.8713938925001354
1710527557.6438715,-2.853181097242567
1710527557.6439848,-2.836369408501519
1710527557.6440983,-2.822359667883979
1710527557.6442118,-2.811151875389947
1710527557.6443253,-2.8006445036994085
1710527557.6444385,-2.7915382385253906
1710527557.644552,-2.781731287638346
1710527557.6446655,-2.7698230743408203
1710527557.644779,-2.7572144402398004
1710527557.6448922,-2.74180359310574
1710527557.6450057,-2.7263927459716797
1710527557.6451192,-2.710982163747152
1710527557.6452327,-2.6973226335313583
1710527557.645346,-2.6857646306355796
1710527557.6454594,-2.675607469346788
1710527557.645573,-2.6661507288614907
1710527557.6456864,-2.656694253285726
1710527557.6457996,-2.6447860399881997
1710527557.6459131,-2.6311265097724066
1710527557.6460266,-2.6150152418348522
1710527557.64614,-2.595051394568549
1710527557.6462533,-2.573686440785726
1710527557.6463668,-2.550570434994168
1710527557.6464803,-2.5285050604078503
1710527557.6465936,-2.5057390001085067
1710527557.646707,-2.4843743112352157
1710527557.6468205,-2.4630093574523926
1710527557.646934,-2.4398930867513022
1710527557.6470473,-2.413975132836236
1710527557.6471608,-2.3852552307976618
1710527557.6472743,-2.3533829053243003
1710527557.6473877,-2.3176580005221896
1710527557.647501,-2.2780805163913302
1710527557.6476145,-2.2360510296291776
1710527557.647728,-2.1919204129113092
1710527557.6478415,-2.1477896637386746
1710527557.6479547,-2.102257940504286
1710527557.6480682,-2.05497490035163
1710527557.6481817,-2.0062910185919867
1710527557.6482952,-1.9551553991105821
1710527557.6484084,-1.9005172782474093
1710527557.648522,-1.8416763676537407
1710527557.6486354,-1.778982612821791
1710527557.6487489,-1.712436278661092
1710527557.6488621,-1.6409864690568712
1710527557.6489756,-1.567084921730889
1710527557.649089,-1.4896810054779053
1710527557.6492026,-1.4098253515031602
1710527557.6493158,-1.3278683026631672
1710527557.6494293,-1.2441599369049072
1710527557.6495428,-1.1579999658796523
1710527557.6496563,-1.0693881909052532
1710527557.6497695,-0.9765734937455919
1710527557.649883,-0.8813071250915527
1710527557.6499965,-0.7807870705922444
1710527557.65011,-0.6753636068767971
1710527557.6502233,-0.5667879184087118
1710527557.6503367,-0.4536590973536173
1710527557.6504502,-0.3391293022367689
1710527557.6505637,-0.22144728236728245
1710527557.650677,-0.10411552257008022
1710527557.6507905,0.012868514491452111
1710527557.650904,0.1302232344945272
1710527557.6510172,0.24757794207996792
1710527557.6511307,0.36493264966540867
1710527557.6512442,0.485440194606781
1710527557.6513577,0.6091005272335476
1710527557.651471,0.7355633709165785
1710527557.6515844,0.864478415913052
1710527557.6516979,0.9933934609095255
1710527557.6518114,1.1230091253916423
1710527557.6519246,1.249822245703803
1710527557.652038,1.3731323348151312
1710527557.6521516,1.4932894706726074
1710527557.652265,1.6095932324727376
1710527557.6523783,1.7234448591868081
1710527557.6524918,1.8369461430443657
1710527557.6526053,1.9504474269019232
1710527557.6527188,2.0635983679029675
1710527557.652832,2.1774499946170383
1710527557.6529455,2.2891998291015625
1710527557.653059,2.3984972635904946
1710527557.6531725,2.502539952596029
1710527557.6532857,2.60062747531467
1710527557.6533992,2.691708935631646
1710527557.6535127,2.7761342790391708
1710527557.6536262,2.8553048769632974
1710527557.6537395,2.9299214151170516
1710527557.653853,3.0027863714430065
1710527557.6539664,3.073549535539415
1710527557.65408,3.142561117808024
1710527557.6541932,3.208420011732313
1710527557.6543067,3.269724580976698
1710527557.6544201,3.327526251475016
1710527557.6545336,3.3779711193508573
1710527557.6546469,3.4210597144232855
1710527557.6547604,3.458543088701036
1710527557.6548738,3.4883197148640948
1710527557.6549873,3.5138924916585283
1710527557.6551006,3.537363476223416
1710527557.655214,3.5566306114196777
1710527557.6553276,3.5744966400994196
1710527557.6554408,3.5899104012383356
1710527557.6555543,3.6021712091233993
1710527557.6556678,3.6095277468363443
1710527557.6557813,3.6137315962049694
1710527557.6558945,3.611629803975423
1710527557.656008,3.6053241623772516
1710527557.6561215,3.595515357123481
1710527557.656235,3.5825538635253906
1710527557.6563482,3.5671401023864746
1710527557.6564617,3.550324969821506
1710527557.6565752,3.531057834625244
1710527557.6566887,3.5131918059455023
1710527557.656802,3.4946253564622665
1710527557.6569154,3.4753582212660046
1710527557.657029,3.453989028930664
1710527557.6571424,3.4326201015048556
1710527557.6572556,3.4094993273417153
1710527557.6573691,3.384276760949029
1710527557.6574826,3.3587039841545954
1710527557.657596,3.3310294151306152
1710527557.6577094,3.3033545811971026
1710527557.6578228,3.2749793264600964
1710527557.6579363,3.2483556535508895
1710527557.6580498,3.2213815053304033
1710527557.658163,3.1965094142489963
1710527557.6582766,3.1705861621432834
1710527557.65839,3.148516549004449
1710527557.6585035,3.1253957748413086
1710527557.6586168,3.102275265587701
1710527557.6587303,3.0784540706210666
1710527557.6588438,3.053581714630127
1710527557.6589572,3.02835914823744
1710527557.6590705,3.004187742869059
1710527557.659184,2.9796658621893988
1710527557.6592975,2.956895563337538
1710527557.659411,2.93692774242825
1710527557.6595242,2.919762399461534
1710527557.6596377,2.903297742207845
1710527557.6597512,2.8885846667819552
1710527557.6598644,2.8745720121595593
1710527557.659978,2.8598589367336698
1710527557.6600914,2.8433942794799805
1710527557.660205,2.826929622226291
1710527557.6603181,2.8094138039482965
1710527557.6604316,2.7929491466946073
1710527557.660545,2.776484489440918
1710527557.6606586,2.763522995842828
1710527557.6607718,2.752313084072537
1710527557.6608853,2.742504278818766
1710527557.6609988,2.7323452631632485
1710527557.6611123,2.7232371436225042
1710527557.6612256,2.7120269669426813
1710527557.661339,2.6987149980333114
1710527557.6614525,2.684001922607422
1710527557.661566,2.6675372653537326
1710527557.6616793,2.6507223976982965
1710527557.6617928,2.633907265133328
1710527557.6619062,2.619544400109185
1710527557.6620197,2.6055320103963218
1710527557.662133,2.591519355773926
1710527557.6622465,2.578908337487115
1710527557.66236,2.564194997151693
1710527557.6624734,2.5473801294962564
1710527557.6625867,2.5281129942999945
1710527557.6627002,2.504992220136854
1710527557.6628137,2.479769653744168
1710527557.6629272,2.4520950847201877
1710527557.6630404,2.423369354671902
1710527557.663154,2.3935929934183755
1710527557.6632674,2.3652174737718368
1710527557.6633809,2.3350906372070312
1710527557.663494,2.3035624292161727
1710527557.6636076,2.2702829043070474
1710527557.663721,2.233499950832791
1710527557.6638346,2.1932140986124673
1710527557.6639478,2.149424950281779
1710527557.6640613,2.1010818746354842
1710527557.6641748,2.0495858457353378
1710527557.664288,1.995988024605645
1710527557.6644015,1.9402884112464056
1710527557.664515,1.8824867407480874
1710527557.6646285,1.8229336208767362
1710527557.6647418,1.7626799477471244
1710527557.6648552,1.699623664220174
1710527557.6649687,1.6327138741811116
1710527557.6650822,1.5633520815107558
1710527557.6651955,1.4894360966152616
1710527557.665309,1.410966051949395
1710527557.6654224,1.3289928436279297
1710527557.665536,1.244567632675171
1710527557.6656492,1.1552378866407607
1710527557.6657627,1.064506901635064
1710527557.6658762,0.972374677658081
1710527557.6659896,0.8777903185950385
1710527557.666103,0.7811040348476833
1710527557.6662164,0.6837171316146851
1710527557.6663299,0.583527750439114
1710527557.6664433,0.47983520560794407
1710527557.6665566,0.37404080231984455
1710527557.66667,0.26439295874701607
1710527557.6667836,0.15054136514663696
1710527557.666897,0.03388726876841651
1710527557.6670103,-0.08590282665358649
1710527557.6671238,-0.20533604754341972
1710527557.6672373,-0.32546977202097577
1710527557.6673508,-0.4435020354059007
1710527557.667464,-0.5615342987908257
1710527557.6675775,-0.6785157654020522
1710527557.667691,-0.7944466008080376
1710527557.6678045,-0.9114280674192641
1710527557.6679177,-1.0298105743196275
1710527557.6680312,-1.149594121509128
1710527557.6681447,-1.2707784440782335
1710527557.6682582,-1.3926634523603652
1710527557.6683714,-1.5127971437242296
1710527557.668485,-1.629778676562839
1710527557.6685984,-1.7436080508761935
1710527557.6687117,-1.8528841601477728
1710527557.6688251,-1.958307557635837
1710527557.6689386,-2.0591779549916587
1710527557.6690521,-2.15864724583096
1710527557.6691654,-2.25636535220676
1710527557.6692789,-2.3526824845208063
1710527557.6693923,-2.4489996168348522
1710527557.6695058,-2.5432152218288846
1710527557.669619,-2.6353292995029025
1710527557.6697326,-2.7228903770446777
1710527557.669846,-2.80449734793769
1710527557.6699595,-2.880500157674154
1710527557.6700728,-2.9494982295566134
1710527557.6701863,-3.0125421947903104
1710527557.6702998,-3.071032894982232
1710527557.6704133,-3.1263714366488986
1710527557.6705265,-3.1785578197903104
1710527557.67064,-3.230043782128228
1710527557.6707535,-3.2780271106296115
1710527557.670867,-3.322858545515272
1710527557.6709802,-3.3634866608513727
1710527557.6710937,-3.398511144849989
1710527557.6712072,-3.4289823638068304
1710527557.6713207,-3.4527990553114147
1710527557.671434,-3.4720624817742243
1710527557.6715474,-3.486072222391764
1710527557.671661,-3.4969298044840493
1710527557.6717744,-3.5060360696580672
1710527557.6718876,-3.5130410724216037
1710527557.6720011,-3.5186449686686196
1710527557.6721146,-3.521797127193875
1710527557.672228,-3.5228477583991156
1710527557.6723413,-3.521096706390381
1710527557.6724548,-3.5161932309468584
1710527557.6725683,-3.5081375969780817
1710527557.6726818,-3.4965795940823026
1710527557.672795,-3.481518957349989
1710527557.6729085,-3.464707268608941
1710527557.673022,-3.446494738260905
1710527557.6731353,-3.4268808364868164
1710527557.6732488,-3.40726719962226
1710527557.6733623,-3.38695314195421
1710527557.6734757,-3.36663908428616
1710527557.673589,-3.346324761708577
1710527557.6737025,-3.3260107040405273
1710527557.673816,-3.304645750257704
1710527557.6739295,-3.2818799548678927
1710527557.6740427,-3.258413473765055
1710527557.6741562,-3.23354615105523
1710527557.6742697,-3.2079784075419107
1710527557.6743832,-3.1817102432250977
1710527557.6744964,-3.156492445203993
1710527557.67461,-3.131625122494168
1710527557.6747234,-3.1092095375061035
1710527557.6748369,-3.0892456902398004
1710527557.6749501,-3.070332474178738
1710527557.6750636,-3.052119943830702
1710527557.675177,-3.0346075693766275
1710527557.6752906,-3.0167452494303384
1710527557.6754038,-2.996781137254503
1710527557.6755173,-2.9761168691847057
1710527557.6756308,-2.955802811516656
1710527557.6757443,-2.9351382785373263
1710527557.6758575,-2.916575272878011
1710527557.675971,-2.8994133737352157
1710527557.6760845,-2.8850534227159286
1710527557.676198,-2.8731452094184027
1710527557.6763113,-2.8615869416130915
1710527557.6764247,-2.8510798348320856
1710527557.6765382,-2.839171356625027
1710527557.6766517,-2.825161616007487
1710527557.676765,-2.809751033782959
1710527557.6768785,-2.7936397658454046
1710527557.676992,-2.7775284979078503
1710527557.6771054,-2.7614172299702964
1710527557.6772187,-2.747757699754503
1710527557.6773322,-2.736199696858724
1710527557.6774457,-2.7277938524881997
1710527557.677559,-2.718687587314182
1710527557.6776724,-2.7095810572306314
1710527557.6777859,-2.6997743712531195
1710527557.6778994,-2.686465051439073
1710527557.6780126,-2.672455310821533
1710527557.678126,-2.655293411678738
1710527557.6782396,-2.6377810372246637
1710527557.678353,-2.6195685068766275
1710527557.6784663,-2.602756553226047
1710527557.6785798,-2.586295339796278
1710527557.6786933,-2.5722853342692056
1710527557.6788068,-2.5558238559299045
1710527557.67892,-2.5400630633036294
1710527557.6790335,-2.520098951127794
1710527557.679147,-2.4980335765414767
1710527557.6792605,-2.4721156226264105
1710527557.6793737,-2.4433957205878363
1710527557.6794872,-2.410472763909234
1710527557.6796007,-2.3775498072306314
1710527557.6797142,-2.3432257440355087
1710527557.6798275,-2.3075008392333984
1710527557.679941,-2.271775934431288
1710527557.6800544,-2.2357008192274304
1710527557.680168,-2.197174098756578
1710527557.6802812,-2.154794534047445
1710527557.6803946,-2.109613021214803
1710527557.6805081,-2.0605789290534124
1710527557.6806216,-2.0062910185919867
1710527557.6807349,-1.9492012924618192
1710527557.6808484,-1.8872080908881292
1710527557.6809618,-1.8224129411909316
1710527557.6810753,-1.7555162641737196
1710527557.6811886,-1.6872187455495198
1710527557.681302,-1.616119146347046
1710527557.6814156,-1.543968915939331
1710527557.681529,-1.469016604953342
1710527557.6816423,-1.390211714638604
1710527557.6817558,-1.307554112540351
1710527557.6818693,-1.221043798658583
1710527557.6819825,-1.1299803521898057
1710527557.682096,-1.0354144705666435
1710527557.6822095,-0.9366456667582194
1710527557.682323,-0.8347246381971571
1710527557.6824362,-0.7307021485434638
1710527557.6825497,-0.6259791718588935
1710527557.6826632,-0.5191547340816921
1710527557.6827767,-0.4119800527890523
1710527557.68289,-0.30410488446553546
1710527557.6830034,-0.19342775146166483
1710527557.683117,-0.08064916564358605
1710527557.6832304,0.03563883403937022
1710527557.6833436,0.15614637070231968
1710527557.6834571,0.28050733937157524
1710527557.6835706,0.4069701830546061
1710527557.683684,0.5348342657089233
1710527557.6837974,0.6633989678488837
1710527557.6839108,0.7895115349027846
1710527557.6840243,0.9135221772723727
1710527557.6841378,1.0354309611850314
1710527557.684251,1.1552378866407607
1710527557.6843646,1.2750448120964897
1710527557.684478,1.395552290810479
1710527557.6845915,1.5164101123809814
1710527557.6847048,1.6393698586357963
1710527557.6848183,1.7626799477471244
1710527557.6849318,1.8845886654324002
1710527557.6850452,2.003344694773356
1710527557.6851585,2.1171961890326605
1710527557.685272,2.226493888431125
1710527557.6853855,2.3287849956088595
1710527557.685499,2.4261718326144748
1710527557.6856122,2.519705295562744
1710527557.6857257,2.610436280568441
1710527557.6858392,2.700116369459364
1710527557.6859527,2.788395086924235
1710527557.686066,2.8745720121595593
1710527557.6861794,2.957946459452311
1710527557.686293,3.0371170573764377
1710527557.6864061,3.1099820137023926
1710527557.6865196,3.175840907626682
1710527557.686633,3.2339927885267468
1710527557.6867466,3.2865397135416665
1710527557.6868598,3.3327809969584146
1710527557.6869733,3.3758693271213107
1710527557.6870868,3.4154547585381403
1710527557.6872003,3.4525879224141436
1710527557.6873136,3.4883197148640948
1710527557.687427,3.5198479228549533
1710527557.6875405,3.5485733879937067
1710527557.687654,3.572394847869873
1710527557.6877673,3.5906110869513617
1710527557.6878808,3.6032221052381725
1710527557.6879942,3.6102284325493708
1710527557.6881077,3.6123304896884494
1710527557.688221,3.6123304896884494
1710527557.6883345,3.6088273260328503
1710527557.688448,3.602871894836426
1710527557.6885614,3.596216042836507
1710527557.6886747,3.587808609008789
1710527557.6887882,3.5779998037550182
1710527557.6889017,3.5650380452473955
1710527557.6890152,3.550324969821506
1710527557.6891284,3.5324592060512967
1710527557.689242,3.5128415955437555
1710527557.6893554,3.4904215070936413
1710527557.6894689,3.465899626413981
1710527557.689582,3.4406773249308267
1710527557.6896956,3.414754072825114
1710527557.689809,3.388130399915907
1710527557.6899226,3.3625573582119412
1710527557.6900358,3.3366343710157604
1710527557.6901493,3.311061594221327
1710527557.6902628,3.2865397135416665
1710527557.6903763,3.262368043263753
1710527557.6904895,3.2371454768710666
1710527557.690603,3.211572700076633
1710527557.6907165,3.184949027167426
1710527557.6908298,3.157624668545193
1710527557.6909432,3.13030030992296
1710527557.6910567,3.102975951300727
1710527557.6911702,3.0767024887932672
1710527557.6912835,3.051830132802327
1710527557.691397,3.03011073006524
1710527557.6915104,3.0094424883524575
1710527557.691624,2.9901750882466636
1710527557.6917372,2.9730100101894803
1710527557.6918507,2.953742610083686
1710527557.6919641,2.9348256852891708
1710527557.6920776,2.915208339691162
1710527557.692191,2.894890308380127
1710527557.6923044,2.8752726978725858
1710527557.6924179,2.8563557730780706
1710527557.6925313,2.838139533996582
1710527557.6926446,2.8244773546854653
1710527557.692758,2.812216281890869
1710527557.6928716,2.8010063701205783
1710527557.692985,2.790497144063314
1710527557.6930983,2.779987653096517
1710527557.6932118,2.7677265803019204
1710527557.6933253,2.75336398018731
1710527557.6934388,2.737950219048394
1710527557.693552,2.722536457909478
1710527557.6936655,2.7064220110575357
1710527557.693779,2.691708935631646
1710527557.6938925,2.6780467563205295
1710527557.6940057,2.667187054951986
1710527557.6941192,2.6556266678704157
1710527557.6942327,2.645467652214898
1710527557.6943462,2.6328563690185547
1710527557.6944594,2.6181432935926647
1710527557.694573,2.6009779506259494
1710527557.6946864,2.581360340118408
1710527557.6948,2.5599914126925998
1710527557.6949131,2.537571324242486
1710527557.6950266,2.5151512357923718
1710527557.6951401,2.4927314122517905
1710527557.6952534,2.4706615342034235
1710527557.6953669,2.4489421314663358
1710527557.6954803,2.425821622212728
1710527557.6955938,2.400599055820041
1710527557.695707,2.3711729049682617
1710527557.6958206,2.339644696977403
1710527557.695934,2.3035624292161727
1710527557.6960475,2.265028158823649
1710527557.6961608,2.221939696205987
1710527557.6962743,2.1788512335883246
1710527557.6963878,2.134361531999376
1710527557.6965013,2.088120248582628
1710527557.6966145,2.040828069051107
1710527557.696728,1.9910837544335258
1710527557.6968415,1.9385368294186063
1710527557.696955,1.8828370836046007
1710527557.6970682,1.8229336208767362
1710527557.6971817,1.7591767840915256
1710527557.6972952,1.6901652018229165
1710527557.6974087,1.6169499026404486
1710527557.697522,1.5426835748884413
1710527557.6976354,1.464914215935601
1710527557.697749,1.3846925894419353
1710527557.6978624,1.3030697239769828
1710527557.6979756,1.2193450662824843
1710527557.6980891,1.1342191696166992
1710527557.6982026,1.044889423582289
1710527557.698316,0.9538080957200792
1710527557.6984293,0.8585231171713935
1710527557.6985428,0.760435594452752
1710527557.6986563,0.6581442885928683
1710527557.6987698,0.5519995755619472
1710527557.698883,0.4427020748456319
1710527557.6989965,0.3323535786734687
1710527557.69911,0.2195529474152459
1710527557.6992235,0.10815353857146369
1710527557.6993368,-0.0049964504109488595
1710527557.6994503,-0.11847553153832753
1710527557.6995637,-0.2309038738409678
1710527557.699677,-0.34543368551466197
1710527557.6997905,-0.4624151852395799
1710527557.699904,-0.5797469615936279
1710527557.7000175,-0.7005811399883694
1710527557.7001307,-0.8231665690739949
1710527557.7002442,-0.9457519981596205
1710527557.7003577,-1.067987216843499
1710527557.7004712,-1.1884711848364935
1710527557.7005844,-1.30580292807685
1710527557.700698,-1.4203327231936984
1710527557.7008114,-1.531360149383545
1710527557.7009249,-1.6406362586551242
1710527557.7010381,-1.7485113938649495
1710527557.7011516,-1.856736871931288
1710527557.701265,-1.9656627708011203
1710527557.7013786,-2.0749388800726996
1710527557.7014918,-2.181413041220771
1710527557.7016053,-2.286486360761854
1710527557.7017188,-2.3873564932081432
1710527557.7018323,-2.482622994316949
1710527557.7019455,-2.571935123867459
1710527557.702059,-2.655643622080485
1710527557.7021725,-2.733747959136963
1710527557.702286,-2.8087001376681857
1710527557.7023993,-2.8808503680759006
1710527557.7025127,-2.9515997568766275
1710527557.7026262,-3.0198974079555936
1710527557.7027397,-3.0857433213127985
1710527557.702853,-3.147386180029975
1710527557.7029665,-3.2034251425001354
1710527557.70308,-3.2549111048380532
1710527557.7031934,-3.298691643608941
1710527557.7033067,-3.3365180757310653
1710527557.7034202,-3.3680399258931475
1710527557.7035336,-3.395709196726481
1710527557.7036471,-3.4209267298380532
1710527557.7037604,-3.4429921044243708
1710527557.7038739,-3.463306427001953
1710527557.7039874,-3.481869167751736
1710527557.7041006,-3.4972800148857965
1710527557.704214,-3.509538438585069
1710527557.7043276,-3.5172438621520996
1710527557.704441,-3.5214469167921276
1710527557.7045543,-3.521096706390381
1710527557.7046678,-3.5165434413486056
1710527557.7047813,-3.509538438585069
1710527557.7048948,-3.4993815422058105
1710527557.705008,-3.488173749711778
1710527557.7051215,-3.475915061102973
1710527557.705235,-3.4626057412889266
1710527557.7053485,-3.449296686384413
1710527557.7054617,-3.4349364704555936
1710527557.7055752,-3.4191756778293185
1710527557.7056887,-3.40236398908827
1710527557.7058022,-3.383450773027208
1710527557.7059155,-3.3620858192443848
1710527557.706029,-3.338619338141547
1710527557.7061424,-3.3137520154317217
1710527557.706256,-3.2895853784349227
1710527557.7063692,-3.263316949208577
1710527557.7064826,-3.2373989952935114
1710527557.7065961,-3.212531672583686
1710527557.7067096,-3.1890651914808483
1710527557.7068229,-3.166649606492784
1710527557.7069364,-3.1456348631117077
1710527557.7070498,-3.1242701742384167
1710527557.7071633,-3.1022047996520996
1710527557.7072766,-3.079438739352756
1710527557.70739,-3.0563227335611978
1710527557.7075036,-3.0325060420566134
1710527557.707617,-3.008689615461561
1710527557.7077303,-2.98592382007175
1710527557.7078438,-2.964909076690674
1710527557.7079573,-2.9463460710313583
1710527557.7080708,-2.9302348030938044
1710527557.708184,-2.916225062476264
1710527557.7082975,-2.9029157426622176
1710527557.708411,-2.8892562124464245
1710527557.7085242,-2.8745460510253906
1710527557.7086377,-2.8587849934895835
1710527557.7087512,-2.841973304748535
1710527557.7088647,-2.824461195203993
1710527557.708978,-2.807649506462945
1710527557.7090914,-2.7922386593288846
1710527557.709205,-2.7796300252278647
1710527557.7093184,-2.768071757422553
1710527557.7094316,-2.760366598765055
1710527557.7095451,-2.7526611751980252
1710527557.7096586,-2.744255330827501
1710527557.709772,-2.735149065653483
1710527557.7098854,-2.7232405874464245
1710527557.7099988,-2.7095810572306314
1710527557.7101123,-2.6952211062113443
1710527557.7102258,-2.679810259077284
1710527557.710339,-2.6654503080579968
1710527557.7104526,-2.65249146355523
1710527557.710566,-2.6409331957499185
1710527557.7106795,-2.63077629937066
1710527557.7107928,-2.6199187172783747
1710527557.7109063,-2.607660028669569
1710527557.7110198,-2.592949867248535
1710527557.7111332,-2.5750872823927136
1710527557.7112465,-2.553372383117676
1710527557.71136,-2.5302561124165854
1710527557.7114735,-2.503987948099772
1710527557.711587,-2.4777195188734265
1710527557.7117002,-2.451100879245334
1710527557.7118137,-2.425182925330268
1710527557.7119272,-2.3985642857021756
1710527557.7120407,-2.3705448044670954
1710527557.712154,-2.341124481625027
1710527557.7122674,-2.307851049635145
1710527557.712381,-2.271425724029541
1710527557.7124944,-2.2300969229804144
1710527557.7126076,-2.185615963406033
1710527557.712721,-2.1383330557081432
1710527557.7128346,-2.088248199886746
1710527557.7129478,-2.0357116063435874
1710527557.7130613,-1.9817739062839084
1710527557.7131748,-1.9271359178755019
1710527557.7132883,-1.8696958488888211
1710527557.7134016,-1.8098041746351454
1710527557.713515,-1.7471104198031955
1710527557.7136285,-1.6805640856424966
1710527557.713742,-1.6091142760382757
1710527557.7138553,-1.532761123445299
1710527557.7139688,-1.4532556798723009
1710527557.7140822,-1.3684965504540336
1710527557.7141957,-1.2802350521087646
1710527557.714309,-1.1898721588982475
1710527557.7144225,-1.0970574617385864
1710527557.714536,-1.0021413034862943
1710527557.7146494,-0.906174447801378
1710527557.7147627,-0.8070553673638238
1710527557.7148762,-0.7068855894936455
1710527557.7149897,-0.6035635868708292
1710527557.7151031,-0.4953381419181824
1710527557.7152164,-0.3846610254711575
1710527557.71533,-0.2694307267665863
1710527557.7154434,-0.14999748931990728
1710527557.7155569,-0.028813046713670094
1710527557.71567,0.09379072321785821
1710527557.7157836,0.21640012661616007
1710527557.715897,0.3383089105288188
1710527557.7160106,0.4588164554701911
1710527557.7161238,0.5782730049557155
1710527557.7162373,0.6963283485836452
1710527557.7163508,0.8171862363815308
1710527557.7164643,0.9397956397798326
1710527557.7165775,1.0648572444915771
1710527557.716691,1.1909698115454779
1710527557.7168045,1.318133274714152
1710527557.716918,1.4445960521697998
1710527557.7170312,1.568606694539388
1710527557.7171447,1.6891143057081435
1710527557.7172582,1.8043670389387343
1710527557.7173715,1.914715501997206
1710527557.717485,2.022611829969618
1710527557.7175984,2.127705547544691
1710527557.717712,2.2313981586032443
1710527557.7178252,2.3350906372070312
1710527557.7179387,2.4391335911220975
1710527557.7180521,2.5410744878980847
1710527557.7181656,2.6398626963297525
1710527557.718279,2.734447055392795
1710527557.7183924,2.822725772857666
1710527557.7185059,2.9046988487243652
1710527557.7186193,2.9793153868781195
1710527557.7187326,3.0479767587449813
1710527557.718846,3.111383385128445
1710527557.7189596,3.17268795437283
1710527557.719073,3.2297889391581216
1710527557.7191863,3.2868899239434137
1710527557.7192998,3.3404877450731063
1710527557.7194133,3.3909328778584795
1710527557.7195268,3.4357727898491754
1710527557.71964,3.4753582212660046
1710527557.7197535,3.50723663965861
1710527557.719867,3.5338603125678167
1710527557.7199805,3.554528819190131
1710527557.7200937,3.569592105017768
1710527557.7202072,3.581152492099338
1710527557.7203207,3.5909612973531084
1710527557.7204342,3.5983178350660534
1710527557.7205474,3.6042732662624783
1710527557.720661,3.6067252688937717
1710527557.7207744,3.6067252688937717
1710527557.720888,3.603572580549452
1710527557.7210011,3.596216042836507
1710527557.7211146,3.585005866156684
1710527557.7212281,3.570292790730794
1710527557.7213416,3.553477923075358
1710527557.7214549,3.53351010216607
1710527557.7215683,3.5128415955437555
1710527557.7216818,3.491822878519694
1710527557.721795,3.470103475782606
1710527557.7219086,3.447333176930745
1710527557.722022,3.4249130884806314
1710527557.7221355,3.402843475341797
1710527557.7222488,3.37937249077691
1710527557.7223623,3.3559015062120223
1710527557.7224758,3.3303287294175887
1710527557.7225893,3.3033545811971026
1710527557.7227025,3.276380697886149
1710527557.722816,3.2487058639526367
1710527557.7229295,3.2206808196173773
1710527557.723043,3.193006250593397
1710527557.7231562,3.1667327880859375
1710527557.7232697,3.1408095359802246
1710527557.7233832,3.117689026726617
1710527557.7234967,3.0952689382765026
1710527557.72361,3.0742502212524414
1710527557.7237234,3.0532315042283797
1710527557.723837,3.031512101491292
1710527557.7239504,3.008391327328152
1710527557.7240636,2.9863217141893172
1710527557.7241771,2.9635514153374567
1710527557.7242906,2.9407811164855957
1710527557.724404,2.9201126098632812
1710527557.7245173,2.901195685068766
1710527557.7246308,2.884731027815077
1710527557.7247443,2.8703684277004666
1710527557.7248578,2.857757144504123
1710527557.724971,2.8458465470208063
1710527557.7250845,2.8325345781114364
1710527557.725198,2.818521923489041
1710527557.7253115,2.803808848063151
1710527557.7254248,2.788044876522488
1710527557.7255383,2.7719304296705456
1710527557.7256517,2.757567564646403
1710527557.7257652,2.7439053853352866
1710527557.7258785,2.7326954735649958
1710527557.725992,2.7232371436225042
1710527557.7261055,2.7144792344835067
1710527557.7262187,2.7057213253445096
1710527557.7263322,2.6945114135742188
1710527557.7264457,2.6819001303778753
1710527557.7265592,2.6664863692389593
1710527557.7266724,2.6496712366739907
1710527557.726786,2.6311047871907554
1710527557.7268994,2.6128885481092663
1710527557.7270129,2.595723205142551
1710527557.7271261,2.5782076517740884
1710527557.7272396,2.5627938906351724
1710527557.727353,2.546329233381483
1710527557.7274666,2.5281129942999945
1710527557.7275798,2.5084953837924533
1710527557.7276933,2.4850243992275662
1710527557.7278068,2.458750936720106
1710527557.7279203,2.4289743105570474
1710527557.7280335,2.3967456817626953
1710527557.728147,2.3631156815422907
1710527557.7282605,2.3277340994940863
1710527557.728374,2.2923525174458823
1710527557.7284873,2.2552193535698786
1710527557.7286007,2.2177359792921276
1710527557.7287142,2.1781506803300643
1710527557.7288277,2.1347118748558893
1710527557.728941,2.0884705914391413
1710527557.7290545,2.0369746949937606
1710527557.729168,1.9823258452945285
1710527557.7292814,1.9245243072509766
1710527557.7293947,1.8625189198387992
1710527557.7295082,1.7998129791683621
1710527557.7296216,1.733604007297092
1710527557.7297351,1.6659936639997694
1710527557.7298484,1.5969820817311604
1710527557.7299619,1.5258685747782388
1710527557.7300754,1.4509016937679715
1710527557.7301888,1.3738328880733914
1710527557.730302,1.2925603654649522
1710527557.7304156,1.2067337830861409
1710527557.730529,1.117404169506497
1710527557.7306423,1.0242209831873577
1710527557.7307558,0.9268340799543593
1710527557.7308693,0.8276955948935615
1710527557.7309828,0.725754631890191
1710527557.731096,0.6231130494011773
1710527557.7312095,0.5180192655987209
1710527557.731323,0.41292548179626465
1710527557.7314365,0.3060801492797004
1710527557.7315497,0.1974832514921824
1710527557.7316632,0.0860838426484002
1710527557.7317767,-0.02776231409774886
1710527557.7318902,-0.14509408010376823
1710527557.7320035,-0.2645273009936015
1710527557.732117,-0.3860619995329115
1710527557.7322304,-0.5072464545567831
1710527557.732344,-0.6298318836424086
1710527557.7324572,-0.749265087975396
1710527557.7325706,-0.8676475948757595
1710527557.7326841,-0.9835783640543619
1710527557.7327976,-1.0991589228312175
1710527557.7329109,-1.2133385075463188
1710527557.7330244,-1.3278683026631672
1710527557.7331378,-1.4437990718417697
1710527557.7332513,-1.5593796306186252
1710527557.7333646,-1.6756606101989746
1710527557.733478,-1.79124116897583
1710527557.7335916,-1.9036695692274306
1710527557.733705,-2.0118949148390026
1710527557.7338183,-2.115216917461819
1710527557.7339318,-2.2136355770958795
1710527557.7340453,-2.307851049635145
1710527557.7341588,-2.3985642857021756
1710527557.734272,-2.487526469760471
1710527557.7343855,-2.574737071990967
1710527557.734499,-2.661247518327501
1710527557.7346125,-2.7463568581475153
1710527557.7347257,-2.829014460245768
1710527557.7348392,-2.90781921810574
1710527557.7349527,-2.981020344628228
1710527557.735066,-3.0482670995924206
1710527557.7351794,-3.1088593271043563
1710527557.735293,-3.163847658369276
1710527557.7354064,-3.2128818829854326
1710527557.7355196,-3.2587636841668024
1710527557.7356331,-3.301143381330702
1710527557.7357466,-3.341421286265055
1710527557.73586,-3.37924771838718
1710527557.7359734,-3.4139219919840493
1710527557.7360868,-3.4450936317443848
1710527557.7362003,-3.4713620609707303
1710527557.7363138,-3.492376539442274
1710527557.736427,-3.5084878073798285
1710527557.7365406,-3.5186449686686196
1710527557.736654,-3.525299496120877
1710527557.7367675,-3.5281014442443848
1710527557.7368808,-3.5284516546461315
1710527557.7369943,-3.526700602637397
1710527557.7371078,-3.5235484441121416
1710527557.7372212,-3.5200458102756076
1710527557.7373345,-3.5147921244303384
1710527557.737448,-3.5056858592563205
1710527557.7375615,-3.495178487565782
1710527557.737675,-3.481869167751736
1710527557.7377882,-3.466108375125461
1710527557.7379017,-3.4475453694661455
1710527557.7380152,-3.4258302052815752
1710527557.7381287,-3.403064409891764
1710527557.738242,-3.379948139190674
1710527557.7383554,-3.3561317125956216
1710527557.738469,-3.3316146002875433
1710527557.7385824,-3.307797908782959
1710527557.7386956,-3.2857325341966415
1710527557.738809,-3.2629667388068304
1710527557.7389226,-3.239850733015272
1710527557.739036,-3.217435148027208
1710527557.7391493,-3.1936184565226235
1710527557.7392628,-3.1684009234110513
1710527557.7393763,-3.1421324941847057
1710527557.7394896,-3.1169149610731335
1710527557.739603,-3.0906467967563205
1710527557.7397165,-3.066830105251736
1710527557.73983,-3.0430134137471514
1710527557.7399433,-3.0237499872843423
1710527557.7400568,-3.004486560821533
1710527557.7401702,-2.988725768195258
1710527557.7402837,-2.9715636041429305
1710527557.740397,-2.9544017050001354
1710527557.7405105,-2.936188909742567
1710527557.740624,-2.916925483279758
1710527557.7407374,-2.8966114256117077
1710527557.7408507,-2.876297367943658
1710527557.7409642,-2.8573841518825955
1710527557.7410777,-2.841272883945041
1710527557.7411911,-2.827263143327501
1710527557.7413044,-2.8150044547186956
1710527557.741418,-2.8051977687411838
1710527557.7415314,-2.796091503567166
1710527557.7416449,-2.7852339214748807
1710527557.741758,-2.7740261289808483
1710527557.7418716,-2.761067019568549
1710527557.741985,-2.746006382836236
1710527557.7420986,-2.730946011013455
1710527557.7422118,-2.716586059994168
1710527557.7423253,-2.7036269505818686
1710527557.7424388,-2.6931195788913302
1710527557.7425523,-2.684363524119059
1710527557.7426655,-2.676307890150282
1710527557.742779,-2.6682522561815047
1710527557.7428925,-2.658095359802246
1710527557.743006,-2.6461868815951877
1710527557.7431192,-2.6311265097724066
1710527557.7432327,-2.6143148210313583
1710527557.7433462,-2.5954016049702964
1710527557.7434597,-2.5750872823927136
1710527557.743573,-2.5554736455281577
1710527557.7436864,-2.5372611151801214
1710527557.7438,-2.518347899119059
1710527557.7439132,-2.5001351038614907
1710527557.7440267,-2.4805214669969344
1710527557.7441401,-2.4577556716071234
1710527557.7442536,-2.4321879280938044
1710527557.744367,-2.4020669195387097
1710527557.7444804,-2.368443277147081
1710527557.7445939,-2.3323681619432235
1710527557.7447073,-2.292790677812364
1710527557.7448206,-2.251461876763238
1710527557.744934,-2.2094326549106174
1710527557.7450476,-2.1663525369432235
1710527557.745161,-2.1215213669670954
1710527557.7452743,-2.0752890904744468
1710527557.7453878,-2.025904655456543
1710527557.7455013,-1.9723174307081435
1710527557.7456148,-1.9159281253814697
1710527557.745728,-1.8542851342095268
1710527557.7458415,-1.788439220852322
1710527557.745955,-1.7201417022281222
1710527557.7460685,-1.6469405757056341
1710527557.7461817,-1.5719883971744113
1710527557.7462952,-1.4949346913231742
1710527557.7464087,-1.4164800114101834
1710527557.7465222,-1.3355735937754314
1710527557.7466354,-1.2525657812754314
1710527557.746749,-1.1667560206519232
1710527557.7468624,-1.077794035275777
1710527557.746976,-0.9846291277143691
1710527557.7470891,-0.8876115083694458
1710527557.7472026,-0.7860406902101305
1710527557.7473161,-0.6806172264946831
1710527557.7474296,-0.5716913276248508
1710527557.7475429,-0.46031372414694893
1710527557.7476563,-0.3478853901227315
1710527557.7477698,-0.23370582196447584
1710527557.7478833,-0.11952626208464304
1710527557.7479966,-0.006047182509468662
1710527557.74811,0.10850384831428528
1710527557.7482235,0.22550826271375018
1710527557.7483368,0.3439138995276557
1710527557.7484503,0.46687361266877914
1710527557.7485638,0.5922855271233453
1710527557.7486773,0.7208502292633057
1710527557.7487905,0.8504658937454224
1710527557.748904,0.9800815582275391
1710527557.7490175,1.106894744767083
1710527557.749131,1.2319563494788275
1710527557.7492442,1.3524638281928167
1710527557.7493577,1.4705191718207464
1710527557.7494712,1.5864727232191298
1710527557.7495847,1.7017254564497206
1710527557.749698,1.8173286649915907
1710527557.7498114,1.9332820839352078
1710527557.749925,2.0502865314483643
1710527557.7500384,2.165189054277208
1710527557.7501516,2.277288966708713
1710527557.7502651,2.384484608968099
1710527557.7503786,2.4853748745388455
1710527557.750492,2.579608758290609
1710527557.7506053,2.6682379510667587
1710527557.7507188,2.7519626087612576
1710527557.7508323,2.8311332066853843
1710527557.7509458,2.909252908494737
1710527557.751059,2.9859715037875705
1710527557.7511725,3.0605880419413247
1710527557.751286,3.1324021021525064
1710527557.7513995,3.200012312995063
1710527557.7515128,3.262368043263753
1710527557.7516263,3.3177174462212458
1710527557.7517397,3.3667612075805664
1710527557.7518532,3.408448431226942
1710527557.7519665,3.4441802236768932
1710527557.75208,3.4753582212660046
1710527557.7521935,3.503383265601264
1710527557.752307,3.5282553566826715
1710527557.7524202,3.5517263412475586
1710527557.7525337,3.572394847869873
1710527557.7526472,3.5899104012383356
1710527557.7527604,3.602871894836426
1710527557.752874,3.610929118262397
1710527557.7529874,3.6137315962049694
1710527557.7531009,3.61198001437717
1710527557.7532141,3.6056743727789984
1710527557.7533276,3.596216042836507
1710527557.753441,3.5839549700419107
1710527557.7535546,3.570292790730794
1710527557.7536678,3.554879029591878
1710527557.7537813,3.538414372338189
1710527557.7538948,3.5219497150845
1710527557.7540083,3.503383265601264
1710527557.7541215,3.4827147589789496
1710527557.754235,3.4616960419548883
1710527557.7543485,3.438225057390001
1710527557.754462,3.4126522805955672
1710527557.7545753,3.3860283427768283
1710527557.7546887,3.358353773752848
1710527557.7548022,3.3296280437045627
1710527557.7549157,3.3012527889675565
1710527557.755029,3.2735782199435763
1710527557.7551425,3.24660407172309
1710527557.755256,3.2210312949286566
1710527557.7553694,3.196158938937717
1710527557.7554827,3.1723377439710827
1710527557.7555962,3.148516549004449
1710527557.7557096,3.1246953540378146
1710527557.7558231,3.100523683759901
1710527557.7559364,3.0753011173672147
1710527557.7560499,3.050078550974528
1710527557.7561634,3.0252064598931208
1710527557.7562768,3.0003343688117132
1710527557.75639,2.978264490763346
1710527557.7565036,2.957946459452311
1710527557.756617,2.9397302203708224
1710527557.7567306,2.9239662488301597
1710527557.7568438,2.909252908494737
1710527557.7569573,2.8941896226671004
1710527557.7570708,2.8791260719299316
1710527557.757184,2.863011625077989
1710527557.7572975,2.8447953859965005
1710527557.757411,2.827279832628038
1710527557.7575245,2.809764279259576
1710527557.7576377,2.7940000428093805
1710527557.7577512,2.780337863498264
1710527557.7578647,2.7687777413262262
1710527557.7579782,2.7593191464742026
1710527557.7580914,2.7509117126464844
1710527557.758205,2.741453382703993
1710527557.7583184,2.730943891737196
1710527557.758432,2.718332608540853
1710527557.7585452,2.704320218827989
1710527557.7586586,2.688555982377794
1710527557.7587721,2.6738429069519043
1710527557.7588856,2.6591298315260143
1710527557.7589989,2.6447669665018716
1710527557.7591124,2.6325061586168075
1710527557.7592258,2.620945771535238
1710527557.7593393,2.6090351740519204
1710527557.7594526,2.595723205142551
1710527557.759566,2.579608758290609
1710527557.7596796,2.560692098405626
1710527557.759793,2.5389726956685386
1710527557.7599063,2.514801025390625
1710527557.7600198,2.4892282485961914
1710527557.7601333,2.4619038899739585
1710527557.7602468,2.4356304274664984
1710527557.76036,2.407955593532986
1710527557.7604735,2.380981710222032
1710527557.760587,2.3515552944607205
1710527557.7607005,2.3207277721828885
1710527557.7608137,2.287097771962484
1710527557.7609272,2.249264187282986
1710527557.7610407,2.206876277923584
1710527557.7611542,2.1620362334781222
1710527557.7612674,2.1133428149753146
1710527557.761381,2.062197128931681
1710527557.7614944,2.0096502039167614
1710527557.7616076,1.9550014866722953
1710527557.7617211,1.8986011876000297
1710527557.7618346,1.8404493066999648
1710527557.761948,1.779494947857327
1710527557.7620614,1.7157379786173501
1710527557.7621748,1.6474270820617676
1710527557.7622883,1.575613021850586
1710527557.7624018,1.4985442161560059
1710527557.762515,1.4190232753753662
1710527557.7626286,1.3349482748243544
1710527557.762742,1.2484210067325168
1710527557.7628555,1.1601422892676458
1710527557.7629688,1.0697615808910794
1710527557.7630823,0.9779796997706095
1710527557.7631958,0.8844462368223402
1710527557.7633092,0.7895115349027846
1710527557.7634225,0.6921246316697862
1710527557.763536,0.5915849076377021
1710527557.7636495,0.48824270566304523
1710527557.763763,0.38104703028996784
1710527557.7638762,0.2713992032739851
1710527557.7639897,0.157547609673606
1710527557.7641032,0.041944459080696106
1710527557.7642167,-0.0750452611181471
1710527557.76433,-0.1916765338844723
1710527557.7644434,-0.307957563135359
1710527557.764557,-0.42248739136589897
1710527557.7646704,-0.5370171864827474
1710527557.7647836,-0.6515469815995958
1710527557.764897,-0.7674777507781982
1710527557.7650106,-0.8844592836168077
1710527557.765124,-1.0038925541771782
1710527557.7652373,-1.1250770092010498
1710527557.7653508,-1.2462614642249212
1710527557.7654643,-1.3670955763922796
1710527557.7655778,-1.48582829369439
1710527557.765691,-1.6000078784094915
1710527557.7658045,-1.712086068259345
1710527557.765918,-1.8196109930674234
1710527557.7660313,-1.9236334164937336
1710527557.7661448,-2.025904655456543
1710527557.7662582,-2.1281760268741183
1710527557.7663717,-2.2283458709716797
1710527557.766485,-2.3295662138197155
1710527557.7665985,-2.43008640077379
1710527557.766712,-2.5267537434895835
1710527557.7668254,-2.6195685068766275
1710527557.7669387,-2.7071293195088706
1710527557.7670522,-2.7883860800001354
1710527557.7671657,-2.8636884689331055
1710527557.7672791,-2.931986120012071
1710527557.7673924,-2.997131612565782
1710527557.767506,-3.0584242608812118
1710527557.7676194,-3.1172651714748807
1710527557.7677329,-3.174705240461561
1710527557.767846,-3.228993150922987
1710527557.7679596,-3.2794282171461315
1710527557.768073,-3.3267111248440213
1710527557.7681866,-3.367339505089654
1710527557.7682998,-3.401663303375244
1710527557.7684133,-3.4310838911268444
1710527557.7685268,-3.4534994761149087
1710527557.7686403,-3.473113112979465
1710527557.7687535,-3.488874170515272
1710527557.768867,-3.5025337007310653
1710527557.7689805,-3.5137414932250977
1710527557.769094,-3.5228477583991156
1710527557.7692072,-3.5309033923678927
1710527557.7693207,-3.534756236606174
1710527557.7694342,-3.536857499016656
1710527557.7695477,-3.534406026204427
1710527557.769661,-3.5288018650478787
1710527557.7697744,-3.5200458102756076
1710527557.769888,-3.5070869657728405
1710527557.7700014,-3.4913259082370334
1710527557.7701147,-3.475915061102973
1710527557.7702281,-3.45735232035319
1710527557.7703416,-3.4391395250956216
1710527557.770455,-3.4198760986328125
1710527557.7705684,-3.400262461768256
1710527557.7706819,-3.381349245707194
1710527557.7707953,-3.3603345023261175
1710527557.7709086,-3.338619338141547
1710527557.771022,-3.315853542751736
1710527557.7711356,-3.2916866408454046
1710527557.771249,-3.2654184765285916
1710527557.7713623,-3.238799836900499
1710527557.7714758,-3.211130566067166
1710527557.7715893,-3.1841617160373263
1710527557.7717028,-3.158593972524007
1710527557.771816,-3.134777545928955
1710527557.7719295,-3.1127121713426376
1710527557.772043,-3.0920476383633084
1710527557.7721565,-3.072434001498752
1710527557.7722697,-3.052470154232449
1710527557.7723832,-3.0325060420566134
1710527557.7724967,-3.0111413531833224
1710527557.7726102,-2.989426188998752
1710527557.7727234,-2.967711024814182
1710527557.772837,-2.9466962814331055
1710527557.7729504,-2.9281335406833224
1710527557.773064,-2.910621166229248
1710527557.7731771,-2.8966114256117077
1710527557.7732906,-2.884703212314182
1710527557.7734041,-2.87349541982015
1710527557.7735176,-2.8629880481296115
1710527557.7736309,-2.850379149119059
1710527557.7737443,-2.837069829305013
1710527557.7738578,-2.822359667883979
1710527557.7739713,-2.8055479791429305
1710527557.7740846,-2.7901371320088706
1710527557.774198,-2.7740261289808483
1710527557.7743115,-2.761767440372043
1710527557.774425,-2.750559647878011
1710527557.7745383,-2.74180359310574
1710527557.7746518,-2.7340981695387097
1710527557.7747653,-2.7249919043646917
1710527557.7748785,-2.7162358495924206
1710527557.774992,-2.7036269505818686
1710527557.7751055,-2.689967420366075
1710527557.775219,-2.673155731625027
1710527557.7753322,-2.656694253285726
1710527557.7754457,-2.6398825645446777
1710527557.7755592,-2.6237712966071234
1710527557.7756727,-2.6094113455878363
1710527557.775786,-2.5947011841668024
1710527557.7758994,-2.5810416539510093
1710527557.776013,-2.565630806816949
1710527557.7761264,-2.5470678011576333
1710527557.7762396,-2.525352636973063
1710527557.7763531,-2.5008357895745172
1710527557.7764666,-2.4728160434299045
1710527557.77658,-2.442344824473063
1710527557.7766933,-2.410122553507487
1710527557.7768068,-2.3779000176323786
1710527557.7769203,-2.345327271355523
1710527557.7770338,-2.3120541042751737
1710527557.777147,-2.2780805163913302
1710527557.7772605,-2.242005401187473
1710527557.777374,-2.203128205405341
1710527557.7774875,-2.1596978770362005
1710527557.7776008,-2.113115522596571
1710527557.7777143,-2.061629560258653
1710527557.7778277,-2.006641228993734
1710527557.7779412,-1.948150528801812
1710527557.7780545,-1.8879085116916232
1710527557.778168,-1.8248646789126926
1710527557.7782815,-1.7604197396172416
1710527557.778395,-1.6938732730017767
1710527557.7785082,-1.62522554397583
1710527557.7786217,-1.5534255239698622
1710527557.7787352,-1.4781230025821261
1710527557.7788486,-1.3993181122673881
1710527557.778962,-1.315259536107381
1710527557.7790754,-1.2283990118238661
1710527557.7791889,-1.136284801695082
1710527557.7793021,-1.0406681564119127
1710527557.7794156,-0.9422495630052354
1710527557.779529,-0.8420797851350572
1710527557.7796426,-0.7405089669757419
1710527557.7797558,-0.6368367539511787
1710527557.7798693,-0.5331645078129238
1710527557.7799828,-0.42844153112835354
1710527557.7800963,-0.3212668498357137
1710527557.7802095,-0.20953898628552753
1710527557.780323,-0.09676039218902588
1710527557.7804365,0.020925702734125983
1710527557.78055,0.14213386509153578
1710527557.7806633,0.266144507461124
1710527557.7807767,0.39015518294440377
1710527557.7808902,0.5152167545424567
1710527557.7810037,0.6388770871692233
1710527557.781117,0.7600852515962389
1710527557.7812304,0.8809431393941243
1710527557.781344,1.0000493791368272
1710527557.7814574,1.11845506562127
1710527557.7815707,1.2389625443352592
1710527557.7816842,1.361221604877048
1710527557.7817976,1.4852323797014024
1710527557.7819111,1.6092430220709906
1710527557.7820244,1.733954217698839
1710527557.7821379,1.8551623821258545
1710527557.7822514,1.972867382897271
1710527557.7823648,2.085317770640055
1710527557.782478,2.192163070042928
1710527557.7825916,2.2941040992736816
1710527557.782705,2.3928923077053494
1710527557.7828186,2.4892282485961914
1710527557.7829318,2.5855641894870334
1710527557.7830453,2.680148548550076
1710527557.7831588,2.7736820114983454
1710527557.7832723,2.8637123107910156
1710527557.7833855,2.9502394464280868
1710527557.783499,3.030811415778266
1710527557.7836125,3.102975951300727
1710527557.7837257,3.1677836842007108
1710527557.7838392,3.226986461215549
1710527557.7839527,3.2788327005174422
1710527557.7840662,3.3282269371880426
1710527557.7841794,3.3744682206047907
1710527557.784293,3.4172063403659396
1710527557.7844064,3.458543088701036
1710527557.78452,3.496026462978787
1710527557.7846332,3.5286055670844183
1710527557.7847466,3.5559299257066512
1710527557.7848601,3.5779998037550182
1710527557.7849736,3.5941139856974282
1710527557.7850869,3.603572580549452
1710527557.7852004,3.6088273260328503
1710527557.7853138,3.6098782221476235
1710527557.7854273,3.6095277468363443
1710527557.7855406,3.607075744205051
1710527557.785654,3.6025216844346786
1710527557.7857676,3.5969167285495334
1710527557.785881,3.589209715525309
1710527557.7859943,3.578700224558512
1710527557.7861078,3.565738730960422
1710527557.7862213,3.550324969821506
1710527557.7863348,3.531057834625244
1710527557.786448,3.508988221486409
1710527557.7865615,3.485517236921522
1710527557.786675,3.4602946705288358
1710527557.7867885,3.434371683332655
1710527557.7869017,3.408448431226942
1710527557.7870152,3.3821749687194824
1710527557.7871287,3.3562519815233016
1710527557.7872422,3.3310294151306152
1710527557.7873554,3.3051061630249023
1710527557.787469,3.2795333862304688
1710527557.7875824,3.253960609436035
1710527557.787696,3.226986461215549
1710527557.7878091,3.200012312995063
1710527557.7879226,3.17268795437283
1710527557.788036,3.1443126996358233
1710527557.7881494,3.1166381306118436
1710527557.7882628,3.0903646681043835
1710527557.7883763,3.0661929978264704
1710527557.7884898,3.0434226989746094
1710527557.788603,3.023805088467068
1710527557.7887166,3.00383726755778
1710527557.78883,2.984570132361518
1710527557.7889435,2.966003682878282
1710527557.7890568,2.946386072370741
1710527557.7891703,2.926418251461453
1710527557.7892838,2.9053995344373913
1710527557.7893972,2.884731027815077
1710527557.7895105,2.865814103020562
1710527557.789624,2.8479483392503524
1710527557.7897375,2.8328847885131836
1710527557.789851,2.82027350531684
1710527557.7899642,2.8094138039482965
1710527557.7900777,2.7989045778910318
1710527557.7901912,2.788395086924235
1710527557.7903047,2.7754335933261447
1710527557.790418,2.7621216244167752
1710527557.7905314,2.7477590243021646
1710527557.790645,2.7323452631632485
1710527557.7907584,2.7176319228278265
1710527557.7908716,2.703619533114963
1710527557.790985,2.692059146033393
1710527557.7910986,2.6811994446648493
1710527557.791212,2.672792010837131
1710527557.7913253,2.662282519870334
1710527557.7914388,2.65002171198527
1710527557.7915523,2.63706021838718
1710527557.7916658,2.6202450858222113
1710527557.791779,2.601328161027696
1710527557.7918925,2.580309444003635
1710527557.792006,2.558590041266547
1710527557.7921195,2.5379215346442328
1710527557.7922328,2.5165526072184243
1710527557.7923462,2.496234575907389
1710527557.7924597,2.4752155939737954
1710527557.792573,2.4527957704332137
1710527557.7926865,2.4293247858683267
1710527557.7928,2.4020004272460938
1710527557.7929134,2.3715231153700085
1710527557.7930267,2.337192429436578
1710527557.7931402,2.3004097408718533
1710527557.7932537,2.260474099053277
1710527557.7933671,2.219837771521674
1710527557.7934804,2.1774499946170383
1710527557.793594,2.1350622177124023
1710527557.7937074,2.0905725161234536
1710527557.7938209,2.0436305469936795
1710527557.793934,1.9938862323760986
1710527557.7940476,1.9413393073611789
1710527557.794161,1.884238322575887
1710527557.7942746,1.8225834104749892
1710527557.7943878,1.7581258879767523
1710527557.7945013,1.6898148589664035
1710527557.7946148,1.6183511416117349
1710527557.7947283,1.544785499572754
1710527557.7948415,1.4691179328494601
1710527557.794955,1.39134857389662
1710527557.7950685,1.3118276331159804
1710527557.795182,1.2302047676510282
1710527557.7952952,1.14542908138699
1710527557.7954087,1.0578509834077623
1710527557.7955222,0.9664193789164225
1710527557.7956357,0.8714846769968668
1710527557.795749,0.7716455724504259
1710527557.7958624,0.6690039899614122
1710527557.795976,0.5635599295298258
1710527557.7960894,0.4553133249282837
1710527557.7962027,0.34566548135545516
1710527557.7963161,0.23566732803980509
1710527557.7964296,0.12496853868166605
1710527557.7965431,0.01356913915110959
1710527557.7966564,-0.09886186156007978
1710527557.7967699,-0.21234093440903556
1710527557.7968833,-0.32792147662904525
1710527557.7969966,-0.44525325298309326
1710527557.79711,-0.5653869443469577
1710527557.7972236,-0.6869216759999593
1710527557.797337,-0.8095070388582017
1710527557.7974503,-0.9317422575420803
1710527557.7975638,-1.0511754618750677
1710527557.7976773,-1.1688574155171711
1710527557.7977908,-1.2826867898305256
1710527557.797904,-1.3954654004838731
1710527557.7980175,-1.5061424838172064
1710527557.798131,-1.615068382687039
1710527557.7982445,-1.7257455984751382
1710527557.7983577,-1.8371231026119657
1710527557.7984712,-1.947449975543552
1710527557.7985847,-2.0581271913316512
1710527557.7986982,-2.1653019057379828
1710527557.7988114,-2.26897398630778
1710527557.798925,-2.3677428563435874
1710527557.7990384,-2.4605576197306314
1710527557.799152,-2.5488191180759006
1710527557.7992651,-2.6318269305759006
1710527557.7993786,-2.7127332157558866
1710527557.7994921,-2.7922386593288846
1710527557.7996056,-2.8671908378601074
1710527557.7997189,-2.9424934917026095
1710527557.7998323,-3.014993932512071
1710527557.7999458,-3.085042635599772
1710527557.8000593,-3.1477363904317217
1710527557.8001726,-3.204125828213162
1710527557.800286,-3.2549111048380532
1710527557.8003995,-3.2993920644124346
1710527557.800513,-3.3379189173380532
1710527557.8006263,-3.3715422948201494
1710527557.8007398,-3.401663303375244
1710527557.8008533,-3.4282819430033364
1710527557.8009667,-3.4541998969184027
1710527557.80108,-3.476615746815999
1710527557.8011935,-3.4969298044840493
1710527557.801307,-3.5116399659050836
1710527557.8014202,-3.5228477583991156
1710527557.8015337,-3.529502550760905
1710527557.8016472,-3.5302029715643988
1710527557.8017607,-3.5284516546461315
1710527557.801874,-3.5228477583991156
1710527557.8019874,-3.5140917036268444
1710527557.802101,-3.5042850176493325
1710527557.8022144,-3.4930772251553006
1710527557.8023276,-3.481518957349989
1710527557.8024411,-3.468209637535943
1710527557.8025546,-3.4549005826314287
1710527557.802668,-3.439489735497369
1710527557.8027813,-3.4226780467563205
1710527557.8028948,-3.4034146202935114
1710527557.8030083,-3.3823998769124346
1710527557.8031218,-3.359283871120877
1710527557.803235,-3.3351169692145453
1710527557.8033485,-3.309199015299479
1710527557.803462,-3.284331692589654
1710527557.8035755,-3.2594643698798285
1710527557.8036888,-3.23494725757175
1710527557.8038023,-3.21183098687066
1710527557.8039157,-3.190466297997369
1710527557.8040292,-3.169451554616292
1710527557.8041425,-3.148787286546495
1710527557.804256,-3.127422332763672
1710527557.8043694,-3.1053569581773544
1710527557.804483,-3.082240687476264
1710527557.8045962,-3.0584242608812118
1710527557.8047097,-3.0342573589748807
1710527557.8048232,-3.0118417739868164
1710527557.8049366,-2.990476820203993
1710527557.80505,-2.9719138145446777
1710527557.8051634,-2.9554523362053766
1710527557.8052769,-2.9407421747843423
1710527557.8053904,-2.927082644568549
1710527557.8055036,-2.9130729039510093
1710527557.805617,-2.897662056816949
1710527557.8057306,-2.8815510537889266
1710527557.8058438,-2.8647393650478787
1710527557.8059573,-2.8472269905938044
1710527557.8060708,-2.830415301852756
1710527557.8061843,-2.815354930029975
1710527557.8062975,-2.8027460310194225
1710527557.806411,-2.793289555443658
1710527557.8065245,-2.7852339214748807
1710527557.806638,-2.7768280771043563
1710527557.8067513,-2.7691226535373263
1710527557.8068647,-2.759315702650282
1710527557.8069782,-2.74810791015625
1710527557.8070917,-2.734448379940457
1710527557.807205,-2.719388008117676
1710527557.8073184,-2.704327371385362
1710527557.807432,-2.690667841169569
1710527557.8075454,-2.678759627872043
1710527557.8076587,-2.667201624976264
1710527557.8077722,-2.6573946740892196
1710527557.8078856,-2.6468873023986816
1710527557.8079991,-2.6353292995029025
1710527557.8081124,-2.6206191380818686
1710527557.8082259,-2.6031070285373263
1710527557.8083394,-2.5831429163614907
1710527557.8084528,-2.5603771209716797
1710527557.808566,-2.535509798261854
1710527557.8086796,-2.510292265150282
1710527557.808793,-2.4850747320387097
1710527557.8089066,-2.4598571989271374
1710527557.8090198,-2.4349898762173123
1710527557.8091333,-2.408721446990967
1710527557.8092468,-2.3800015449523926
1710527557.8093603,-2.348129219479031
1710527557.8094735,-2.3127545250786676
1710527557.809587,-2.2731770409478083
1710527557.8097005,-2.2297467125786676
1710527557.809814,-2.183164225684272
1710527557.8099272,-2.1348305543263755
1710527557.8100407,-2.085446251763238
1710527557.8101542,-2.033610079023573
1710527557.8102674,-1.9810734854804144
1710527557.810381,-1.9260851542154946
1710527557.8104944,-1.8696958488888211
1710527557.810608,-1.8098041746351454
1710527557.8107212,-1.7460596561431885
1710527557.8108346,-1.6784625583224826
1710527557.8109481,-1.6063123279147677
1710527557.8110616,-1.5306595961252847
1710527557.8111749,-1.450103521347046
1710527557.8112884,-1.3681463400522869
1710527557.8114018,-1.2823365794287787
1710527557.8115153,-1.1944252914852567
1710527557.8116286,-1.1058135165108574
1710527557.811742,-1.0143998596403334
1710527557.8118556,-0.9201841884189181
1710527557.811969,-0.824567543135749
1710527557.8120823,-0.7257987393273247
1710527557.8121958,-0.6224767367045084
1710527557.8123093,-0.5149518118964301
1710527557.8124228,-0.4028737213876512
1710527557.812536,-0.2879936496416728
1710527557.8126495,-0.16891067226727804
1710527557.812763,-0.049827690753671855
1710527557.8128765,0.07067008978790706
1710527557.8129897,0.18907575143708122
1710527557.8131032,0.30853235059314305
1710527557.8132167,0.42658769422107273
1710527557.8133302,0.5460442768202888
1710527557.8134434,0.6662015120188395
1710527557.813557,0.7888109154171413
1710527557.8136704,0.9149234162436591
1710527557.813784,1.0431378417544894
1710527557.8138971,1.172403229607476
1710527557.8140106,1.3006175888909233
1710527557.814124,1.426379813088311
1710527557.8142376,1.5486388736300998
1710527557.8143508,1.6673949029710557
1710527557.8144643,1.7808961868286133
1710527557.8145778,1.8922955460018582
1710527557.814691,2.00089242723253
1710527557.8148046,2.1094893084632025
1710527557.814918,2.2173856364356146
1710527557.8150315,2.3256323072645397
1710527557.8151448,2.4331781599256725
1710527557.8152583,2.5361702177259655
1710527557.8153718,2.6360090573628745
1710527557.8154852,2.7284916241963706
1710527557.8155985,2.8150190247429743
1710527557.815712,2.8941896226671004
1710527557.8158255,2.967755264706082
1710527557.815939,3.0371170573764377
1710527557.8160522,3.1033261617024737
1710527557.8161657,3.1670829984876843
1710527557.8162792,3.2297889391581216
1710527557.8163927,3.288641505771213
1710527557.816506,3.3457424905565047
1710527557.8166194,3.396537833743625
1710527557.816733,3.4403268496195474
1710527557.8168464,3.4785109096103244
1710527557.8169596,3.5100391176011825
1710527557.817073,3.534560998280843
1710527557.8171866,3.554879029591878
1710527557.8173,3.5713436868455672
1710527557.8174133,3.585005866156684
1710527557.8175268,3.59726693895128
1710527557.8176403,3.6056743727789984
1710527557.8177538,3.612680700090196
1710527557.817867,3.6161838637457953
1710527557.8179805,3.615132967631022
1710527557.818094,3.61057890786065
1710527557.8182075,3.601120313008626
1710527557.8183208,3.5888595051235623
1710527557.8184342,3.573095268673367
1710527557.8185477,3.554879029591878
1710527557.8186612,3.5352616839938693
1710527557.8187745,3.515644073486328
1710527557.818888,3.4949755668640137
1710527557.8190014,3.473256164126926
1710527557.8191147,3.4515367613898382
1710527557.8192282,3.4294671482510037
1710527557.8193417,3.4070470598008895
1710527557.8194551,3.3828756544325085
1710527557.8195684,3.357302877638075
1710527557.819682,3.3310294151306152
1710527557.8197954,3.303004370795356
1710527557.8199089,3.2742786407470703
1710527557.820022,3.2473047574361162
1710527557.8201356,3.2199801339043512
1710527557.820249,3.1933564609951444
1710527557.8203626,3.1681338946024575
1710527557.8204758,3.1450133853488498
1710527557.8205893,3.123293982611762
1710527557.8207028,3.1012243694729276
1710527557.8208163,3.080555862850613
1710527557.8209295,3.057785563998752
1710527557.821043,3.036416371663411
1710527557.8211565,3.0129456520080566
1710527557.82127,2.9901750882466636
1710527557.8213832,2.966003682878282
1710527557.8214967,2.946035861968994
1710527557.8216102,2.9260680410597057
1710527557.8217237,2.9099535942077637
1710527557.821837,2.8945398330688477
1710527557.8219504,2.881227864159478
1710527557.822064,2.868616845872667
1710527557.8221774,2.854253980848524
1710527557.8222907,2.8391904301113553
1710527557.8224041,2.823426458570692
1710527557.8225176,2.80731201171875
1710527557.8226311,2.790497144063314
1710527557.8227444,2.7747329076131186
1710527557.8228579,2.7603700425889754
1710527557.8229713,2.7484594451056585
1710527557.8230848,2.738650639851888
1710527557.823198,2.72884209950765
1710527557.8233116,2.719033294253879
1710527557.823425,2.7081735928853354
1710527557.8235383,2.695562309688992
1710527557.8236518,2.680849234263102
1710527557.8237653,2.6633336808946395
1710527557.8238788,2.645817862616645
1710527557.823992,2.6283023092481823
1710527557.8241055,2.611837651994493
1710527557.824219,2.596423890855577
1710527557.8243325,2.5817108154296875
1710527557.8244457,2.5666472646925182
1710527557.8245592,2.550182607438829
1710527557.8246727,2.5319663683573403
1710527557.8247862,2.509896755218506
1710527557.8248994,2.4850243992275662
1710527557.825013,2.45664914449056
1710527557.8251264,2.425471411810981
1710527557.82524,2.3935929934183755
1710527557.8253531,2.3599627282884383
1710527557.8254666,2.32703341378106
1710527557.8255801,2.2923525174458823
1710527557.8256936,2.2573211457994247
1710527557.8258069,2.219137218263414
1710527557.8259203,2.1788512335883246
1710527557.8260338,2.1347118748558893
1710527557.8261473,2.0860184563530817
1710527557.8262606,2.033821874194675
1710527557.826374,1.9788228140936956
1710527557.8264875,1.9199702474806044
1710527557.826601,1.8590158886379666
1710527557.8267143,1.7970105012257893
1710527557.8268278,1.733604007297092
1710527557.8269413,1.6677452458275688
1710527557.8270547,1.6001349025302463
1710527557.827168,1.529371738433838
1710527557.8272815,1.4558060963948567
1710527557.827395,1.3780367374420166
1710527557.8275084,1.2960635291205511
1710527557.8276217,1.210587289598253
1710527557.8277352,1.1209072007073295
1710527557.8278487,1.029475662443373
1710527557.827962,0.9345409605238173
1710527557.8280754,0.8375043339199489
1710527557.828189,0.7390665345721774
1710527557.8283024,0.6399280495113796
1710527557.8284156,0.5393883254792955
1710527557.8285291,0.43639643324746025
1710527557.8286426,0.3327039215299818
1710527557.828756,0.22445731692843968
1710527557.8288693,0.11340822610590193
1710527557.8289828,-0.0014940098238488038
1710527557.8290963,-0.11847553153832753
1710527557.8292098,-0.23895949125289917
1710527557.829323,-0.35909321573045516
1710527557.8294365,-0.47922690709431964
1710527557.82955,-0.5986601114273071
1710527557.8296635,-0.7166924079259237
1710527557.8297768,-0.832973387506273
1710527557.8298903,-0.9485539462831285
1710527557.8300037,-1.065535479121738
1710527557.8301172,-1.1825169457329643
1710527557.8302305,-1.300549242231581
1710527557.830344,-1.4203327231936984
1710527557.8304574,-1.5394156508975558
1710527557.830571,-1.6584987110561795
1710527557.8306842,-1.7744294802347818
1710527557.8307977,-1.8868577480316162
1710527557.8309112,-1.9943828052944608
1710527557.8310246,-2.09665404425727
1710527557.831138,-2.196473545498318
1710527557.8312514,-2.2913898362053766
1710527557.8313649,-2.3856054411994085
1710527557.8314784,-2.4784199396769204
1710527557.8315916,-2.5694833861456976
1710527557.831705,-2.659496201409234
1710527557.8318186,-2.747407489352756
1710527557.831932,-2.830415301852756
1710527557.8320453,-2.907469007703993
1710527557.8321588,-2.979969448513455
1710527557.8322723,-3.044414520263672
1710527557.8323855,-3.1025550100538464
1710527557.832499,-3.156142234802246
1710527557.8326125,-3.2051764594184027
1710527557.832726,-3.252459367116292
1710527557.8328393,-3.2965901162889266
1710527557.8329527,-3.3389698134528265
1710527557.8330662,-3.378197087181939
1710527557.8331797,-3.412871095869276
1710527557.833293,-3.4433423148261175
1710527557.8334064,-3.468209637535943
1710527557.83352,-3.487122853597005
1710527557.8336334,-3.5000819630093045
1710527557.8337467,-3.509538438585069
1710527557.8338602,-3.5151425997416177
1710527557.8339736,-3.5186449686686196
1710527557.8340871,-3.5196955998738604
1710527557.8342004,-3.518995179070367
1710527557.8343139,-3.5172438621520996
1710527557.8344274,-3.5130410724216037
1710527557.8345408,-3.506736490461561
1710527557.834654,-3.4969298044840493
1710527557.8347676,-3.484671115875244
1710527557.834881,-3.469610744052463
1710527557.8349946,-3.4520986345079208
1710527557.8351078,-3.4321345223320856
1710527557.8352213,-3.410069147745768
1710527557.8353348,-3.387653562757704
1710527557.8354483,-3.3641873465643988
1710527557.8355615,-3.340720865461561
1710527557.835675,-3.319005701276991
1710527557.8357885,-3.2965901162889266
1710527557.835902,-3.2745247417026095
1710527557.8360152,-3.252459367116292
1710527557.8361287,-3.230043782128228
1710527557.8362422,-3.2062270906236434
1710527557.8363557,-3.181009557512071
1710527557.836469,-3.156142234802246
1710527557.8365824,-3.13022428088718
1710527557.836696,-3.1050067477756076
1710527557.8368092,-3.0804896354675293
1710527557.8369226,-3.0591246816847057
1710527557.8370361,-3.0391608344184027
1710527557.8371496,-3.0209480391608343
1710527557.8372629,-3.004486560821533
1710527557.8373764,-2.988375292883979
1710527557.8374898,-2.970863183339437
1710527557.8376033,-2.9523001776801214
1710527557.8377166,-2.9337374369303384
1710527557.83783,-2.913773324754503
1710527557.8379436,-2.894159687889947
1710527557.838057,-2.876297367943658
1710527557.8381703,-2.8594856792026095
1710527557.8382838,-2.8465265697903104
1710527557.8383973,-2.835318777296278
1710527557.8385108,-2.825862036810981
1710527557.838624,-2.8164055612352157
1710527557.8387375,-2.8058981895446777
1710527557.838851,-2.7943401866488986
1710527557.8389645,-2.7810308668348522
1710527557.8390777,-2.7656202846103244
1710527557.8391912,-2.750559647878011
1710527557.8393047,-2.736199696858724
1710527557.8394182,-2.7232405874464245
1710527557.8395314,-2.7116825845506454
1710527557.839645,-2.7025763193766275
1710527557.8397584,-2.6945206854078503
1710527557.839872,-2.6857646306355796
1710527557.8399851,-2.6749070485432944
1710527557.8400986,-2.662298149532742
1710527557.840212,-2.6468873023986816
1710527557.8403256,-2.6300756136576333
1710527557.8404388,-2.610461976793077
1710527557.8405523,-2.590848339928521
1710527557.8406658,-2.571234703063965
1710527557.8407793,-2.5540728039211698
1710527557.8408926,-2.536210219065348
1710527557.841006,-2.5186981095208063
1710527557.8411195,-2.5008357895745172
1710527557.8412328,-2.4794708357916937
1710527557.8413463,-2.456004354688856
1710527557.8414598,-2.427634663052029
1710527557.8415732,-2.396813233693441
1710527557.8416865,-2.362839380900065
1710527557.8418,-2.3260638448927136
1710527557.8419135,-2.2882374127705893
1710527557.842027,-2.250761455959744
1710527557.8421402,-2.2108336289723716
1710527557.8422537,-2.171256012386746
1710527557.8423672,-2.1288764476776123
1710527557.8424807,-2.0833447244432235
1710527557.842594,-2.034310499827067
1710527557.8427074,-1.9817739062839084
1710527557.842821,-1.9236334164937336
1710527557.8429344,-1.862340768178304
1710527557.8430476,-1.797195275624593
1710527557.843161,-1.7285475465986464
1710527557.8432746,-1.6570977369944253
1710527557.843388,-1.5838967429267035
1710527557.8435013,-1.5085942215389676
1710527557.8436148,-1.4318907260894775
1710527557.8437283,-1.3520350721147325
1710527557.8438418,-1.2690272596147325
1710527557.843955,-1.1832174989912245
1710527557.8440685,-1.0935550265842013
1710527557.844182,-0.9989890787336562
1710527557.8442955,-0.9002202749252319
1710527557.8444088,-0.7972485489315456
1710527557.8445222,-0.6914748085869683
1710527557.8446357,-0.582899186346266
1710527557.8447492,-0.47362301084730357
1710527557.8448625,-0.36364638143115574
1710527557.844976,-0.2519185178809696
1710527557.8450894,-0.14019065433078343
1710527557.845203,-0.02846280319823159
1710527557.8453162,0.0860838426484002
1710527557.8454297,0.20448949601915148
1710527557.8455431,0.3253473507033454
1710527557.8456564,0.45005861255857676
1710527557.84577,0.5775723854700724
1710527557.8458834,0.7064874304665459
1710527557.8459969,0.8347018559773762
1710527557.84611,0.9618653191460503
1710527557.8462236,1.0862263043721516
1710527557.846337,1.2077848116556804
1710527557.8464506,1.3275916046566434
1710527557.8465638,1.4449463950263128
1710527557.8466773,1.5633520815107558
1710527557.8467908,1.6824583212534585
1710527557.8469043,1.8022652467091878
1710527557.8470175,1.9231230682796903
1710527557.847131,2.042229308022393
1710527557.8472445,2.1588834126790366
1710527557.847358,2.2706331147087946
1710527557.8474712,2.376777860853407
1710527557.8475847,2.476616965399848
1710527557.8476982,2.5698002179463706
1710527557.8478117,2.6584291458129883
1710527557.847925,2.7439053853352866
1710527557.8480384,2.826579146915012
1710527557.848152,2.907851801978217
1710527557.8482654,2.9873726103040905
1710527557.8483787,3.06479189130995
1710527557.8484921,3.1366059515211315
1710527557.8486056,3.203515476650662
1710527557.8487191,3.2627185185750323
1710527557.8488324,3.314564757876926
1710527557.8489459,3.3604555659823947
1710527557.8490593,3.3993403116861978
1710527557.8491728,3.434721893734402
1710527557.849286,3.4666003121270075
1710527557.8493996,3.496026462978787
1710527557.849513,3.523701296912299
1710527557.8496265,3.5482231775919595
1710527557.8497398,3.568891684214274
1710527557.8498533,3.5864072375827365
1710527557.8499668,3.5979676246643066
1710527557.85008,3.6049736870659723
1710527557.8501935,3.6060248480902777
1710527557.850307,3.603572580549452
1710527557.8504205,3.596216042836507
1710527557.8505337,3.5871079232957626
1710527557.8506472,3.576948907640245
1710527557.8507607,3.564337624443902
1710527557.8508742,3.551025655534532
1710527557.8509874,3.5363125801086426
1710527557.851101,3.5201981332567
1710527557.8512144,3.5019818941752114
1710527557.851328,3.4823642836676703
1710527557.8514411,3.4606448809305825
1710527557.8515546,3.4371741612752276
1710527557.8516681,3.4112509091695147
1710527557.8517816,3.385678132375081
1710527557.8518949,3.3587039841545954
1710527557.8520083,3.3310294151306152
1710527557.8521218,3.303705056508382
1710527557.8522353,3.277081118689643
1710527557.8523486,3.2522090276082354
1710527557.852462,3.227687146928575
1710527557.8525755,3.204216162363688
1710527557.852689,3.180745177798801
1710527557.8528023,3.1555228763156467
1710527557.8529158,3.1310009956359863
1710527557.8530293,3.10542795393202
1710527557.8531427,3.0798551771375866
1710527557.853256,3.0546326107449002
1710527557.8533695,3.030461205376519
1710527557.853483,3.0069902208116317
1710527557.8535964,2.9873726103040905
1710527557.8537097,2.969506846533881
1710527557.8538232,2.952341503567166
1710527557.8539367,2.9362270567152233
1710527557.8540502,2.9208132955763073
1710527557.8541634,2.9053995344373913
1710527557.854277,2.88753350575765
1710527557.8543904,2.8700179523891873
1710527557.8545036,2.8518017133076987
1710527557.854617,2.834636370340983
1710527557.8547306,2.818521923489041
1710527557.854844,2.8045095337761774
1710527557.8549573,2.7929491466946073
1710527557.8550708,2.7824399206373425
1710527557.8551843,2.773331801096598
1710527557.8552978,2.7631725205315485
1710527557.855411,2.752313084072537
1710527557.8555245,2.7390011151631675
1710527557.855638,2.723937564425998
1710527557.8557515,2.7078233824835882
1710527557.8558648,2.692059146033393
1710527557.8559783,2.675944699181451
1710527557.8560917,2.66158209906684
1710527557.8562052,2.65002171198527
1710527557.8563185,2.638111114501953
1710527557.856432,2.625850041707357
1710527557.8565454,2.6128885481092663
1710527557.856659,2.5978249973720975
1710527557.8567722,2.578908337487115
1710527557.8568857,2.557889355553521
1710527557.8569992,2.534768846299913
1710527557.8571126,2.5102469656202526
1710527557.857226,2.484674188825819
1710527557.8573394,2.4598018328348794
1710527557.8574529,2.4349297417534723
1710527557.8575664,2.4097071753607855
1710527557.8576796,2.3830835024515786
1710527557.857793,2.3540075620015464
1710527557.8579066,2.322479354010688
1710527557.85802,2.287097771962484
1710527557.8581333,2.2482130262586804
1710527557.8582468,2.2054750389522977
1710527557.8583603,2.1599343087938094
1710527557.8584738,2.1122919188605414
1710527557.858587,2.0628978146447077
1710527557.8587005,2.0128030247158475
1710527557.858814,1.9616574711269803
1710527557.8589272,1.907358964284261
1710527557.8590407,1.8509586652119954
1710527557.8591542,1.791405545340644
1710527557.8592677,1.7276485761006672
1710527557.859381,1.6596880224015977
1710527557.8594944,1.588224172592163
1710527557.859608,1.5118560526106093
1710527557.8597214,1.433386007944743
1710527557.8598347,1.3514129320780437
1710527557.8599482,1.2673379315270317
1710527557.8600616,1.1811610062917073
1710527557.8601751,1.0928822225994534
1710527557.8602884,1.0035525427924261
1710527557.8604019,0.9121209383010864
1710527557.8605154,0.8168358935250176
1710527557.8606288,0.7190987136628892
1710527557.860742,0.6164571311738756
1710527557.8608556,0.5120639668570625
1710527557.860969,0.40241612328423393
1710527557.8610826,0.29101669788360596
1710527557.8611958,0.1761141750547621
1710527557.8613093,0.060861338343885206
1710527557.8614228,-0.05438086473279529
1710527557.8615363,-0.17031164632903203
1710527557.8616495,-0.28589218854904175
1710527557.861763,-0.4007722602950202
1710527557.8618765,-0.5153020554118686
1710527557.86199,-0.6319333447350396
1710527557.8621032,-0.749965575006273
1710527557.8622167,-0.8704495429992676
1710527557.8623302,-0.9926846954557631
1710527557.8624437,-1.1152701907687717
1710527557.862557,-1.23610430293613
1710527557.8626704,-1.3565883371565077
1710527557.862784,-1.473219527138604
1710527557.8628974,-1.5852977169884575
1710527557.8630106,-1.695624589920044
1710527557.8631241,-1.8031495147281222
1710527557.8632376,-1.9078724914126926
1710527557.8633509,-2.0129456784990096
1710527557.8634644,-2.118369075987074
1710527557.8635778,-2.2227419747246637
1710527557.8636913,-2.3267642656962075
1710527557.8638046,-2.42868529425727
1710527557.863918,-2.5257031122843423
1710527557.8640316,-2.61781718995836
1710527557.864145,-2.7025763193766275
1710527557.8642583,-2.7827821837531195
1710527557.8643718,-2.8566837310791016
1710527557.8644853,-2.9267324341668024
1710527557.8645988,-2.992928557925754
1710527557.864712,-3.057723840077718
1710527557.8648255,-3.1197169091966415
1710527557.864939,-3.1792585055033364
1710527557.8650525,-3.23494725757175
1710527557.8651657,-3.2853823237948947
1710527557.8652792,-3.3302134937710233
1710527557.8653927,-3.3690908220079208
1710527557.8655062,-3.401313092973497
1710527557.8656194,-3.4279317326015897
1710527557.865733,-3.4499971071879068
1710527557.8658464,-3.469260533650716
1710527557.86596,-3.484320905473497
1710527557.8660731,-3.4990313318040633
1710527557.8661866,-3.5116399659050836
1710527557.8663,-3.5203960206773544
1710527557.8664136,-3.527401023440891
1710527557.8665268,-3.5305531819661455
1710527557.8666403,-3.529852761162652
1710527557.8667538,-3.525299496120877
1710527557.8668673,-3.5179445478651257
1710527557.8669806,-3.5060360696580672
1710527557.867094,-3.4920263290405273
1710527557.8672075,-3.4776663780212402
1710527557.867321,-3.461555110083686
1710527557.8674343,-3.4457940525478787
1710527557.8675478,-3.4289823638068304
1710527557.8676612,-3.412170675065782
1710527557.8677745,-3.394308355119493
1710527557.867888,-3.3760955598619247
1710527557.8680015,-3.356481922997369
1710527557.868115,-3.335467179616292
1710527557.8682282,-3.312351173824734
1710527557.8683417,-3.2874838511149087
1710527557.8684552,-3.2615658971998425
1710527557.8685687,-3.235647678375244
1710527557.868682,-3.209729724460178
1710527557.8687954,-3.1848624017503524
1710527557.868909,-3.1613959206475153
1710527557.8690224,-3.138980335659451
1710527557.8691356,-3.1186662779914007
1710527557.869249,-3.0983519554138184
1710527557.8693626,-3.0776876873440213
1710527557.869476,-3.0570231543646917
1710527557.8695893,-3.0349577797783747
1710527557.8697028,-3.011491563585069
1710527557.8698163,-2.988725768195258
1710527557.8699298,-2.967711024814182
1710527557.870043,-2.9470464918348522
1710527557.8701565,-2.9281335406833224
1710527557.87027,-2.912722693549262
1710527557.8703835,-2.898712952931722
1710527557.8704967,-2.8861040539211698
1710527557.8706102,-2.87349541982015
1710527557.8707237,-2.8601861000061035
1710527557.8708372,-2.844775252872043
1710527557.8709505,-2.828313774532742
1710527557.871064,-2.811151875389947
1710527557.8711774,-2.7943401866488986
1710527557.871291,-2.7782289187113443
1710527557.8714042,-2.7656202846103244
1710527557.8715177,-2.7544124921162925
1710527557.8716311,-2.745656172434489
1710527557.8717446,-2.737250328063965
1710527557.871858,-2.728844483693441
1710527557.8719714,-2.7190377977159286
1710527557.8720849,-2.7078300052218967
1710527557.872198,-2.693469789293077
1710527557.8723116,-2.6784094174702964
1710527557.872425,-2.661247518327501
1710527557.8725386,-2.6447860399881997
1710527557.8726518,-2.6304260889689126
1710527557.8727653,-2.6160658730400934
1710527557.8728788,-2.604157659742567
1710527557.8729923,-2.590147919125027
1710527557.8731055,-2.57578796810574
1710527557.873219,-2.5596767001681857
1710527557.8733325,-2.5393623775906033
1710527557.873446,-2.5158961613972983
1710527557.8735592,-2.488927311367459
1710527557.8736727,-2.4609078301323786
1710527557.8737862,-2.431487242380778
1710527557.8738997,-2.4010160234239364
1710527557.874013,-2.370895014868842
1710527557.8741264,-2.3404237959120007
1710527557.87424,-2.3096023665534124
1710527557.8743534,-2.2759789890713162
1710527557.8744667,-2.2402540842692056
1710527557.8745801,-2.20067646768358
1710527557.8746936,-2.1572462717692056
1710527557.8748071,-2.10996323161655
1710527557.8749204,-2.058827612135145
1710527557.8750339,-2.0055905977884927
1710527557.8751473,-1.9506022665235732
1710527557.8752608,-1.8924617767333984
1710527557.875374,-1.8339709440867105
1710527557.8754876,-1.7730285061730278
1710527557.875601,-1.709984540939331
1710527557.8757145,-1.6427376535203722
1710527557.8758278,-1.5730391608344183
1710527557.8759413,-1.4987874031066895
1710527557.8760548,-1.4199825127919514
1710527557.8761683,-1.3366243574354384
1710527557.8762815,-1.2497638331519232
1710527557.876395,-1.159050597084893
1710527557.8765085,-1.064834992090861
1710527557.8766217,-0.9678173727459377
1710527557.8767352,-0.8704495429992676
1710527557.8768487,-0.7706299755308363
1710527557.8769622,-0.6697597106297811
1710527557.8770754,-0.5664377080069648
1710527557.877189,-0.4610142111778259
1710527557.8773024,-0.3527887993388706
1710527557.877416,-0.23860924773746067
1710527557.8775291,-0.12197796669271257
1710527557.8776426,-0.0011437657910088699
1710527557.877756,0.12286666366789076
1710527557.8778696,0.24792826837963527
1710527557.8779829,0.37298983997768825
1710527557.8780963,0.49770113494661117
1710527557.8782098,0.6206608480877346
1710527557.8783233,0.7418690125147501
1710527557.8784366,0.8623765574561225
1710527557.87855,0.9842853413687812
1710527557.8786635,1.1061941252814398
1710527557.878777,1.2309053209092882
1710527557.8788903,1.3566675451066759
1710527557.8790038,1.4838310082753499
1710527557.8791173,1.6099435753292508
1710527557.8792307,1.733604007297092
1710527557.879344,1.852710247039795
1710527557.8794575,1.9669120841556125
1710527557.879571,2.0755090978410506
1710527557.8796844,2.179902129703098
1710527557.8797977,2.2818430264790854
1710527557.8799112,2.3813319206237793
1710527557.8800247,2.480470339457194
1710527557.8801382,2.5792585478888617
1710527557.8802514,2.675944699181451
1710527557.880365,2.7705293231540256
1710527557.8804784,2.860559622446696
1710527557.8805919,2.9439340697394476
1710527557.880705,3.022053771548801
1710527557.8808186,3.09106535381741
1710527557.880932,3.153070608774821
1710527557.8810453,3.211572700076633
1710527557.8811588,3.265170521206326
1710527557.8812723,3.31526517868042
1710527557.8813858,3.3650096257527666
1710527557.881499,3.4105502234564886
1710527557.8816125,3.4525879224141436
1710527557.881726,3.4904215070936413
1710527557.8818395,3.522650400797526
1710527557.8819528,3.547172281477186
1710527557.8820662,3.5667896270751953
1710527557.8821797,3.580101595984565
1710527557.8822932,3.589209715525309
1710527557.8824065,3.5941139856974282
1710527557.88252,3.5969167285495334
1710527557.8826334,3.5979676246643066
1710527557.882747,3.59726693895128
1710527557.8828602,3.5944644610087075
1710527557.8829737,3.5899104012383356
1710527557.8830872,3.5822033882141113
1710527557.8832006,3.5713436868455672
1710527557.883314,3.557331297132704
1710527557.8834274,3.5401659541659884
1710527557.8835409,3.5198479228549533
1710527557.8836544,3.4984787305196123
1710527557.8837676,3.4750077459547253
1710527557.883881,3.4508363405863443
1710527557.8839946,3.426314459906684
1710527557.884108,3.4014421039157443
1710527557.8842213,3.3765700128343368
1710527557.8843348,3.3523983425564237
1710527557.8844483,3.3282269371880426
1710527557.8845618,3.3033545811971026
1710527557.884675,3.277781804402669
1710527557.8847885,3.2515083418952093
1710527557.884902,3.224534193674723
1710527557.8850155,3.1975603103637695
1710527557.8851287,3.1691850556267633
1710527557.8852422,3.1408095359802246
1710527557.8853557,3.115236759185791
1710527557.885469,3.0907148785061307
1710527557.8855824,3.0686452653672958
1710527557.885696,3.046925862630208
1710527557.8858094,3.02695804172092
1710527557.8859227,3.008391327328152
1710527557.8860362,2.9873726103040905
1710527557.8861496,2.967755264706082
1710527557.8862631,2.9453351762559676
1710527557.8863764,2.9236157735188804
1710527557.8864899,2.9015461603800454
1710527557.8866034,2.8815783394707575
1710527557.8867168,2.8626614146762424
1710527557.88683,2.8472476535373263
1710527557.8869436,2.8328847885131836
1710527557.887057,2.821324666341146
1710527557.8871706,2.8094138039482965
1710527557.8872838,2.797503206464979
1710527557.8873973,2.784541712866889
1710527557.8875108,2.7701788478427463
1710527557.8876243,2.7547650867038302
1710527557.8877375,2.7393513255649142
1710527557.887851,2.723937564425998
1710527557.8879645,2.7102753851148815
1710527557.888078,2.6983647876315646
1710527557.8881912,2.688205771976047
1710527557.8883047,2.6790976524353027
1710527557.8884182,2.669639057583279
1710527557.8885317,2.6587796211242676
1710527557.888645,2.645117176903619
1710527557.8887584,2.630404101477729
1710527557.888872,2.6121878623962402
1710527557.8889854,2.593270937601725
1710527557.8890986,2.57295290629069
1710527557.8892121,2.553685771094428
1710527557.8893256,2.53511905670166
1710527557.889439,2.5176035033331976
1710527557.8895524,2.4983363681369357
1710527557.8896658,2.479769653744168
1710527557.8897793,2.458750936720106
1710527557.8898926,2.434229056040446
1710527557.890006,2.4051531155904136
1710527557.8901196,2.3743255933125815
1710527557.890233,2.3392944865756564
1710527557.8903463,2.3021613226996527
1710527557.8904598,2.264327473110623
1710527557.8905733,2.2243918312920465
1710527557.8906868,2.18445618947347
1710527557.8908,2.143119308683607
1710527557.8909135,2.099330292807685
1710527557.891027,2.052738666534424
1710527557.8911405,2.002994351916843
1710527557.8912537,1.9490461879306369
1710527557.8913672,1.8908943070305717
1710527557.8914807,1.8288889196183946
1710527557.8915942,1.764081186718411
1710527557.8917074,1.695770157708062
1710527557.891821,1.6274592611524794
1710527557.8919344,1.5552948580847845
1710527557.892048,1.4820795589023166
1710527557.8921611,1.406762335035536
1710527557.8922746,1.329693529340956
1710527557.892388,1.24947190284729
1710527557.8925016,1.164346006181505
1710527557.8926148,1.0771181848314073
1710527557.8927283,0.9846356179979112
1710527557.8928418,0.8890002965927124
1710527557.8929553,0.7891611920462714
1710527557.8930686,0.6861693329281277
1710527557.893182,0.5810755491256714
1710527557.8932955,0.47458049323823714
1710527557.893409,0.36703454123602974
1710527557.8935223,0.25808733370569015
1710527557.8936357,0.14878979987568325
1710527557.8937492,0.03774070905314551
1710527557.8938627,-0.07609599166446261
1710527557.893976,-0.1920267773999108
1710527557.8940895,-0.310759511258867
1710527557.894203,-0.4308932357364231
1710527557.8943162,-0.5541791518529257
1710527557.8944297,-0.6778152783711752
1710527557.8945432,-0.8011011944876777
1710527557.8946567,-0.9229861365424262
1710527557.89477,-1.0424193408754137
1710527557.8948834,-1.159050597084893
1710527557.894997,-1.2746311558617485
1710527557.8951104,-1.388460530175103
1710527557.8952236,-1.5001883771684434
1710527557.895337,-1.614017751481798
1710527557.8954506,-1.7288977570003934
1710527557.895564,-1.8423767884572346
1710527557.8956773,-1.9558559523688421
1710527557.8957908,-2.0661828253004284
1710527557.8959043,-2.1716062227884927
1710527557.8960178,-2.2724766201443143
1710527557.896131,-2.3677428563435874
1710527557.8962445,-2.4581058820088706
1710527557.896358,-2.5439156426323786
1710527557.8964715,-2.6265732447306314
1710527557.8965847,-2.7074795299106174
1710527557.8966982,-2.787335183885362
1710527557.8968117,-2.8650895754496255
1710527557.8969252,-2.9403919643825955
1710527557.8970385,-3.0118417739868164
1710527557.897152,-3.078037897745768
1710527557.8972654,-3.137579494052463
1710527557.897379,-3.1918671396043563
1710527557.8974922,-3.239150047302246
1710527557.8976057,-3.2811795340643988
1710527557.8977191,-3.319005701276991
1710527557.8978326,-3.3547306060791016
1710527557.897946,-3.38695314195421
1710527557.8980594,-3.4170741505093045
1710527557.8981729,-3.4457940525478787
1710527557.8982863,-3.470311164855957
1710527557.8983996,-3.4913259082370334
1710527557.898513,-3.5081375969780817
1710527557.8986266,-3.5193453894721136
1710527557.8987398,-3.5256497065226235
1710527557.8988533,-3.5281014442443848
1710527557.8989668,-3.52635039223565
1710527557.8990803,-3.5221473375956216
1710527557.8991935,-3.5168936517503524
1710527557.899307,-3.5098889138963485
1710527557.8994205,-3.5007823838127985
1710527557.899534,-3.4913259082370334
1710527557.8996472,-3.480118115743001
1710527557.8997607,-3.466808795928955
1710527557.8998742,-3.4510477383931475
1710527557.8999877,-3.4338858392503524
1710527557.900101,-3.4139219919840493
1710527557.9002144,-3.3911561965942383
1710527557.900328,-3.3680399258931475
1710527557.9004414,-3.3431726031833224
1710527557.9005547,-3.3197063869900174
1710527557.9006681,-3.295189274681939
1710527557.9007816,-3.2717227935791016
1710527557.900895,-3.249657418992784
1710527557.9010084,-3.2286429405212402
1710527557.9011219,-3.207628197140164
1710527557.9012353,-3.1862632433573403
1710527557.9013488,-3.16454807917277
1710527557.901462,-3.141782283782959
1710527557.9015756,-3.1186662779914007
1710527557.901689,-3.094499376085069
1710527557.9018025,-3.069632053375244
1710527557.9019158,-3.0468662579854326
1710527557.9020293,-3.0255013042026095
1710527557.9021428,-3.006588088141547
1710527557.9022563,-2.988725768195258
1710527557.9023695,-2.972964710659451
1710527557.902483,-2.9579040739271374
1710527557.9025965,-2.9431939125061035
1710527557.9027097,-2.9260320133633084
1710527557.9028232,-2.9088701142205133
1710527557.9029367,-2.889606687757704
1710527557.9030502,-2.8710436820983887
1710527557.9031634,-2.852480676439073
1710527557.903277,-2.836719618903266
1710527557.9033904,-2.822359667883979
1710527557.903504,-2.811852296193441
1710527557.9036171,-2.801345189412435
1710527557.9037306,-2.7922386593288846
1710527557.903844,-2.781731287638346
1710527557.9039576,-2.7712241808573403
1710527557.9040709,-2.7572144402398004
1710527557.9041843,-2.742854224310981
1710527557.9042978,-2.7263927459716797
1710527557.9044113,-2.710982163747152
1710527557.9045246,-2.6959215270148382
1710527557.904638,-2.682962682512071
1710527557.9047515,-2.6717548900180392
1710527557.904865,-2.661947939130995
1710527557.9049783,-2.652140988243951
1710527557.9050918,-2.6409331957499185
1710527557.9052052,-2.6272736655341253
1710527557.9053187,-2.6111626625061035
1710527557.905432,-2.5918992360432944
1710527557.9055455,-2.5708844926622176
1710527557.905659,-2.5491693284776473
1710527557.9057724,-2.5271039538913302
1710527557.9058857,-2.505038579305013
1710527557.9059992,-2.4840238359239364
1710527557.9061127,-2.4623089366488986
1710527557.9062262,-2.4402435620625815
1710527557.9063394,-2.41467555363973
1710527557.906453,-2.3866560724046493
1710527557.9065664,-2.354433536529541
1710527557.9066799,-2.3183584213256836
1710527557.906793,-2.278780937194824
1710527557.9069066,-2.237101925743951
1710527557.90702,-2.192270623313056
1710527557.9071333,-2.1463886896769204
1710527557.9072468,-2.099105781979031
1710527557.9073603,-2.0500715573628745
1710527557.9074738,-1.9996363586849637
1710527557.907587,-1.946749554740058
1710527557.9077005,-1.8900100390116372
1710527557.907814,-1.8287172582414415
1710527557.9079275,-1.7635718981424966
1710527557.9080408,-1.69422361585829
1710527557.9081542,-1.6206722789340549
1710527557.9082677,-1.544319126341078
1710527557.9083812,-1.464113261964586
1710527557.9084945,-1.38180587026808
1710527557.908608,-1.297397083706326
1710527557.9087214,-1.2112369802263048
1710527557.908835,-1.1229754818810356
1710527557.9089482,-1.0329627990722656
1710527557.9090617,-0.9397978915108575
1710527557.9091752,-0.8431304825676812
1710527557.9092886,-0.742610428068373
1710527557.909402,-0.6375372409820557
1710527557.9095154,-0.5286113421122233
1710527557.9096289,-0.41583273145887584
1710527557.9097424,-0.30095269282658893
1710527557.9098556,-0.18362091647254095
1710527557.909969,-0.06663940432998869
1710527557.9100826,0.0500016493929757
1710527557.910196,0.1680569847424825
1710527557.9103093,0.2847110893991258
1710527557.9104228,0.4027664330270555
1710527557.9105363,0.5232739448547363
1710527557.9106498,0.6462336911095513
1710527557.910763,0.7726965347925822
1710527557.9108765,0.9016115797890557
1710527557.91099,1.0319278637568157
1710527557.9111035,1.1611931853824191
1710527557.9112167,1.2890573342641194
1710527557.9113302,1.4137685298919678
1710527557.9114437,1.5335754553476968
1710527557.911557,1.6502295600043402
1710527557.9116704,1.7633805010053847
1710527557.911784,1.875830888748169
1710527557.9118974,1.988281144036187
1710527557.9120107,2.099680635664198
1710527557.9121242,2.2117806805504694
1710527557.9122376,2.322129143608941
1710527557.9123511,2.429674996270074
1710527557.9124644,2.5319663683573403
1710527557.9125779,2.629002994961209
1710527557.9126914,2.718332608540853
1710527557.9128048,2.8017070558336044
1710527557.912918,2.879476547241211
1710527557.9130316,2.952341503567166
1710527557.913145,3.022754192352295
1710527557.9132586,3.0914155642191568
1710527557.9133718,3.1583253542582193
1710527557.9134853,3.22208219104343
1710527557.9135988,3.2823358641730414
1710527557.9137123,3.338035477532281
1710527557.9138255,3.3867290284898544
1710527557.913939,3.4287664625379772
1710527557.9140525,3.4637978341844344
1710527557.914166,3.493574460347493
1710527557.9142792,3.51879702674018
1710527557.9143927,3.5401659541659884
1710527557.9145062,3.5590828789605036
1710527557.9146197,3.576248221927219
1710527557.914733,3.5913115077548556
1710527557.9148464,3.602871894836426
1710527557.91496,3.611629803975423
1710527557.9150734,3.615132967631022
1710527557.9151866,3.615833388434516
1710527557.9153001,3.6112793286641436
1710527557.9154136,3.6025216844346786
1710527557.915527,3.5902606116400824
1710527557.9156404,3.5758977466159396
1710527557.9157538,3.5597835646735296
1710527557.9158673,3.542267746395535
1710527557.9159806,3.524051507314046
1710527557.916094,3.504784372117784
1710527557.9162076,3.485517236921522
1710527557.916321,3.464498519897461
1710527557.9164343,3.4417282210456
1710527557.9165478,3.4186074468824597
1710527557.9166613,3.393034670088026
1710527557.9167747,3.36606052186754
1710527557.916888,3.338736163245307
1710527557.9170015,3.3096602227952743
1710527557.917115,3.2809347576565213
1710527557.9172285,3.252909713321262
1710527557.9173417,3.225585354699029
1710527557.9174552,3.199311892191569
1710527557.9175687,3.1747900115119085
1710527557.9176822,3.150618341233995
1710527557.9177954,3.127497831980387
1710527557.917909,3.104377057817247
1710527557.9180224,3.080555862850613
1710527557.918136,3.0563841925726996
1710527557.9182491,3.0311618910895453
1710527557.9183626,3.0062895350986056
1710527557.918476,2.9824683401319714
1710527557.9185896,2.959698041280111
1710527557.9187028,2.9393800099690757
1710527557.9188163,2.92221466700236
1710527557.9189298,2.906100220150418
1710527557.9190433,2.892087565528022
1710527557.9191566,2.8780751758151584
1710527557.91927,2.8633621003892684
1710527557.9193835,2.847597863939073
1710527557.919497,2.8304327858818903
1710527557.9196103,2.8125667572021484
1710527557.9197237,2.795401414235433
1710527557.9198372,2.7792869673834906
1710527557.9199507,2.765274577670627
1710527557.920064,2.753013504876031
1710527557.9201775,2.7428544892205133
1710527557.920291,2.7326954735649958
1710527557.9204042,2.722536457909478
1710527557.9205177,2.7120269669426813
1710527557.9206312,2.6987149980333114
1710527557.9207447,2.684001922607422
1710527557.920858,2.667187054951986
1710527557.9209714,2.65002171198527
1710527557.921085,2.6328563690185547
1710527557.9211984,2.616741922166612
1710527557.9213116,2.6023790571424694
1710527557.921425,2.588716877831353
1710527557.9215386,2.5747044881184897
1710527557.921652,2.5603416230943465
1710527557.9217653,2.543176280127631
1710527557.9218788,2.5235589345296225
1710527557.9219923,2.500087949964735
1710527557.9221058,2.4745151731703015
1710527557.922219,2.4471908145480685
1710527557.9223325,2.418114874098036
1710527557.922446,2.3886884583367243
1710527557.9225595,2.359262307484945
1710527557.9226727,2.3294856813218856
1710527557.9227862,2.2979574733310275
1710527557.9228997,2.264677948421902
1710527557.9230132,2.2275447845458984
1710527557.9231265,2.187959353129069
1710527557.92324,2.143119308683607
1710527557.9233534,2.095126575893826
1710527557.923467,2.0429299937354193
1710527557.9235802,1.9889818297492132
1710527557.9236937,1.9315305021074083
1710527557.9238071,1.8737289640638564
1710527557.9239206,1.8131249480777316
1710527557.9240339,1.7514699035220676
1710527557.9241474,1.6870123810238309
1710527557.9242609,1.6201027234395344
1710527557.9243743,1.5486388736300998
1710527557.9244876,1.4733216497633193
1710527557.924601,1.395552290810479
1710527557.9247146,1.3114772902594671
1710527557.9248278,1.2245998117658827
1710527557.9249413,1.1352700657314725
1710527557.9250548,1.0417366027832031
1710527557.9251683,0.9475025203492906
1710527557.9252815,0.8511665132310655
1710527557.925395,0.753078990512424
1710527557.9255085,0.6532399521933662
1710527557.925622,0.552700228161282
1710527557.9257352,0.4476064443588257
1710527557.9258487,0.341111421585083
1710527557.9259622,0.23111325171258715
1710527557.9260757,0.11761197613345252
1710527557.926189,0.0006075733755197789
1710527557.9263024,-0.11847553153832753
1710527557.926416,-0.23755851719114515
1710527557.9265294,-0.3573419650395711
1710527557.9266427,-0.4746737413936191
1710527557.9267561,-0.5913050307167901
1710527557.9268696,-0.7068855894936455
1710527557.926983,-0.822115871641371
1710527557.9270964,-0.9376963641908433
1710527557.9272099,-1.0546778970294528
1710527557.9273233,-1.1730604701571994
1710527557.9274368,-1.2928438186645508
1710527557.92755,-1.4129776424831815
1710527557.9276636,-1.5334615442487929
1710527557.927777,-1.6500928666856554
1710527557.9278905,-1.7639221085442436
1710527557.9280038,-1.873548560672336
1710527557.9281173,-1.9786217477586534
1710527557.9282308,-2.0798423555162215
1710527557.9283442,-2.178260882695516
1710527557.9284575,-2.2759789890713162
1710527557.928571,-2.3715957005818686
1710527557.9286845,-2.4672121471828885
1710527557.928798,-2.5614277521769204
1710527557.9289112,-2.65249146355523
1710527557.9290247,-2.740052276187473
1710527557.9291382,-2.821659247080485
1710527557.9292514,-2.896961636013455
1710527557.929365,-2.9645588662889266
1710527557.9294784,-3.0276028315226235
1710527557.929592,-3.085042635599772
1710527557.9297051,-3.138279914855957
1710527557.9298186,-3.1894154018825955
1710527557.929932,-3.238799836900499
1710527557.9300456,-3.2846819029914007
1710527557.9301589,-3.3281122313605414
1710527557.9302723,-3.367339505089654
1710527557.9303858,-3.402013513776991
1710527557.9304993,-3.4296830495198565
1710527557.9306126,-3.4527990553114147
1710527557.930726,-3.470311164855957
1710527557.9308395,-3.483270274268256
1710527557.930953,-3.4927267498440213
1710527557.9310663,-3.5004321734110513
1710527557.9311798,-3.5063862800598145
1710527557.9312932,-3.5109395451015897
1710527557.9314067,-3.5133912828233504
1710527557.93152,-3.5137414932250977
1710527557.9316335,-3.5112897555033364
1710527557.931747,-3.5060360696580672
1710527557.9318604,-3.49798043568929
1710527557.9319737,-3.4857220119900174
1710527557.9320872,-3.470661375257704
1710527557.9322007,-3.453149265713162
1710527557.9323142,-3.4349364704555936
1710527557.9324274,-3.4146224127875433
1710527557.932541,-3.394308355119493
1710527557.9326544,-3.3732936117384167
1710527557.9327679,-3.3526293436686196
1710527557.932881,-3.3323150210910373
1710527557.9329946,-3.311300542619493
1710527557.933108,-3.28993558883667
1710527557.9332216,-3.2671697934468584
1710527557.9333348,-3.2437033123440213
1710527557.9334483,-3.218135568830702
1710527557.9335618,-3.1922173500061035
1710527557.933675,-3.1655989752875433
1710527557.9337885,-3.138980335659451
1710527557.933902,-3.1141130129496255
1710527557.9340155,-3.0906467967563205
1710527557.9341288,-3.068581157260471
1710527557.9342422,-3.0489675203959146
1710527557.9343557,-3.0304047796461315
1710527557.9344692,-3.0118417739868164
1710527557.9345825,-2.992928557925754
1710527557.934696,-2.972264289855957
1710527557.9348094,-2.9512495464748807
1710527557.934923,-2.9295343822903104
1710527557.9350362,-2.9088701142205133
1710527557.9351497,-2.889606687757704
1710527557.9352632,-2.8717441029018826
1710527557.9353766,-2.8577343622843423
1710527557.93549,-2.8458261489868164
1710527557.9356034,-2.8349685668945312
1710527557.9357169,-2.825862036810981
1710527557.9358304,-2.8143040339152017
1710527557.9359436,-2.8027460310194225
1710527557.936057,-2.7890865008036294
1710527557.9361706,-2.773675653669569
1710527557.936284,-2.759665913052029
1710527557.9363973,-2.744605541229248
1710527557.9365108,-2.732697327931722
1710527557.9366243,-2.7228903770446777
1710527557.9367378,-2.7148347430759006
1710527557.936851,-2.7074795299106174
1710527557.9369645,-2.7004747920566134
1710527557.937078,-2.6913685268825955
1710527557.9371915,-2.679810259077284
1710527557.9373047,-2.6661507288614907
1710527557.9374182,-2.6503899362352157
1710527557.9375317,-2.6328775617811413
1710527557.9376452,-2.6146650314331055
1710527557.9377584,-2.596802446577284
1710527557.937872,-2.5810416539510093
1710527557.9379854,-2.564930386013455
1710527557.9380987,-2.5491693284776473
1710527557.9382122,-2.5323576397365994
1710527557.9383256,-2.51309421327379
1710527557.9384391,-2.490678628285726
1710527557.9385524,-2.4644101990593805
1710527557.9386659,-2.4349898762173123
1710527557.9387794,-2.4020669195387097
1710527557.9388928,-2.3677428563435874
1710527557.939006,-2.3334190580579968
1710527557.9391196,-2.2976941532558866
1710527557.939233,-2.261268827650282
1710527557.9393466,-2.2237926059299045
1710527557.9394598,-2.184565332200792
1710527557.9395733,-2.142886188295152
1710527557.9396868,-2.097354465060764
1710527557.9398003,-2.0469193988376193
1710527557.9399135,-1.9936822520362005
1710527557.940027,-1.9348412089877658
1710527557.9401405,-1.873898771074083
1710527557.940254,-1.8094538317786322
1710527557.9403672,-1.7415065235561795
1710527557.9404807,-1.6728586620754666
1710527557.9405942,-1.6014088524712455
1710527557.9407077,-1.5285580688052707
1710527557.940821,-1.4518547058105469
1710527557.9409344,-1.3723492622375488
1710527557.941048,-1.2882906860775418
1710527557.9411614,-1.2010799513922796
1710527557.9412746,-1.1089657412634955
1710527557.9413881,-1.0122983985477023
1710527557.9415016,-0.910727580388387
1710527557.941615,-0.8070553673638238
1710527557.9417284,-0.7005811399883694
1710527557.9418418,-0.5927060047785441
1710527557.9419553,-0.4844805598258972
1710527557.9420688,-0.37415368689431083
1710527557.942182,-0.26347657044728595
1710527557.9422956,-0.15209895041253832
1710527557.942409,-0.03932036873367097
1710527557.9425223,0.07767634259329902
1710527557.9426358,0.19888449046346876
1710527557.9427493,0.32219452990425956
1710527557.9428627,0.44795675410164726
1710527557.942976,0.575820869869656
1710527557.9430895,0.7033346096674601
1710527557.943203,0.8280459377500746
1710527557.9433165,0.9520565801196628
1710527557.9434297,1.0718634393480089
1710527557.9435432,1.1913200219472249
1710527557.9436567,1.3079741266038682
1710527557.9437702,1.4270804988013372
1710527557.9438834,1.5461867385440402
1710527557.943997,1.6673949029710557
1710527557.9441104,1.788252724541558
1710527557.9442239,1.9105117850833468
1710527557.9443371,2.0271658897399902
1710527557.9444506,2.1406671735975475
1710527557.944564,2.249614397684733
1710527557.9446776,2.351905769772
1710527557.9447908,2.4475410249498153
1710527557.9449043,2.540724277496338
1710527557.9450178,2.630053891075982
1710527557.9451313,2.7176319228278265
1710527557.9452446,2.8045095337761774
1710527557.945358,2.8903362486097546
1710527557.9454715,2.972309324476454
1710527557.945585,3.0511297119988336
1710527557.9456983,3.123293982611762
1710527557.9458117,3.188802401224772
1710527557.9459252,3.2476549678378634
1710527557.9460387,3.299851417541504
1710527557.946152,3.3457424905565047
1710527557.9462655,3.387429714202881
1710527557.946379,3.4252635637919107
1710527557.9464924,3.461345566643609
1710527557.9466057,3.4946253564622665
1710527557.9467192,3.525102403428819
1710527557.9468327,3.5513758659362793
1710527557.946946,3.573095268673367
1710527557.9470594,3.5895599259270563
1710527557.9471729,3.600069416893853
1710527557.9472864,3.6049736870659723
1710527557.9473996,3.6056743727789984
1710527557.947513,3.602871894836426
1710527557.9476266,3.5979676246643066
1710527557.94774,3.5899104012383356
1710527557.9478533,3.5822033882141113
1710527557.9479668,3.57274505827162
1710527557.9480803,3.561535146501329
1710527557.9481938,3.5492740737067328
1710527557.948307,3.5342105229695635
1710527557.9484205,3.5166949696011014
1710527557.948534,3.4974278344048395
1710527557.9486475,3.4750077459547253
1710527557.9487607,3.4508363405863443
1710527557.9488742,3.426314459906684
1710527557.9489877,3.4007416831122503
1710527557.9491012,3.3744682206047907
1710527557.9492145,3.3481947580973306
1710527557.949328,3.322972191704644
1710527557.9494414,3.2970489395989313
1710527557.949555,3.2721768485175238
1710527557.9496682,3.2483556535508895
1710527557.9497817,3.222782876756456
1710527557.9498951,3.1982609960767956
1710527557.9500086,3.1712868478563094
1710527557.9501219,3.1453635957505965
1710527557.9502354,3.117689026726617
1710527557.9503489,3.09106535381741
1710527557.9504623,3.065142101711697
1710527557.9505756,3.0406202210320368
1710527557.950689,3.018550607893202
1710527557.9508026,2.9989329973856607
1710527557.950916,2.980716758304172
1710527557.9510293,2.963901890648736
1710527557.9511428,2.9453351762559676
1710527557.9512563,2.9278196228875055
1710527557.9513695,2.909252908494737
1710527557.951483,2.889285087585449
1710527557.9515965,2.86966774198744
1710527557.95171,2.851101027594672
1710527557.9518232,2.834636370340983
1710527557.9519367,2.8199232949150934
1710527557.9520502,2.8083629078335233
1710527557.9521637,2.7971529960632324
1710527557.952277,2.787694401211209
1710527557.9523904,2.7768349647521973
1710527557.952504,2.765624788072374
1710527557.9526174,2.7526632944742837
1710527557.9527307,2.737950219048394
1710527557.9528441,2.7232371436225042
1710527557.9529576,2.7078233824835882
1710527557.953071,2.6938107278611922
1710527557.9531844,2.6804987589518228
1710527557.9532979,2.669288847181532
1710527557.9534113,2.6591298315260143
1710527557.9535248,2.6489708158704968
1710527557.953638,2.637760639190674
1710527557.9537516,2.6237482494778104
1710527557.953865,2.607633802625868
1710527557.9539785,2.58766598171658
1710527557.9540918,2.5666472646925182
1710527557.9542053,2.5442271762424045
1710527557.9543188,2.5207564565870495
1710527557.9544322,2.4972854720221624
1710527557.9545455,2.4748653835720487
1710527557.954659,2.4520950847201877
1710527557.9547725,2.42722299363878
1710527557.954886,2.400599055820041
1710527557.9549992,2.3711729049682617
1710527557.9551127,2.337893115149604
1710527557.9552262,2.3004097408718533
1710527557.9553397,2.26012388865153
1710527557.955453,2.2163347403208413
1710527557.9555664,2.1714946958753796
1710527557.95568,2.125603755315145
1710527557.9557931,2.0783115757836237
1710527557.9559066,2.0282167858547635
1710527557.95602,1.9774215751224093
1710527557.9561336,1.9241739643944633
1710527557.9562469,1.8667227692074246
1710527557.9563603,1.8054180675082736
1710527557.9564738,1.74131088786655
1710527557.9565873,1.6715986198849149
1710527557.9567006,1.599083873960707
1710527557.956814,1.5237666500939262
1710527557.9569275,1.4449463950263128
1710527557.957041,1.3643744256761339
1710527557.9571543,1.2813504536946614
1710527557.9572678,1.1972753206888835
1710527557.9573812,1.111098461680942
1710527557.9574947,1.0214184390174017
1710527557.957608,0.929986900753445
1710527557.9577215,0.8340012364917331
1710527557.957835,0.7352130942874484
1710527557.9579484,0.6318708260854086
1710527557.9580617,0.5253758364253573
1710527557.9581752,0.4150273733668857
1710527557.9582887,0.30292732848061454
1710527557.9584022,0.1897763709227244
1710527557.9585154,0.07557446757952373
1710527557.958629,-0.03861988170279397
1710527557.9587424,-0.15209895041253832
1710527557.9588559,-0.266278518570794
1710527557.958969,-0.38150883383221096
1710527557.9590826,-0.49743960301081336
1710527557.959196,-0.6158220767974854
1710527557.9593096,-0.7363060447904799
1710527557.9594228,-0.8585412634743584
1710527557.9595363,-0.981126692559984
1710527557.9596498,-1.1033618450164795
1710527557.9597633,-1.223495536380344
1710527557.9598765,-1.3397766484154594
1710527557.95999,-1.4536058902740479
1710527557.9601035,-1.564282973607381
1710527557.9602168,-1.6725084516737196
1710527557.9603302,-1.779332823223538
1710527557.9604437,-1.8858071168263753
1710527557.9605572,-1.9922812779744465
1710527557.9606705,-2.098755439122518
1710527557.960784,-2.2045291794670954
1710527557.9608974,-2.3082015249464245
1710527557.961011,-2.4069701300726996
1710527557.9611242,-2.5008357895745172
1710527557.9612377,-2.589097287919786
1710527557.9613512,-2.67140441470676
1710527557.9614646,-2.7491588062710233
1710527557.961578,-2.823410563998752
1710527557.9616914,-2.8945098982916937
1710527557.9618049,-2.963858445485433
1710527557.9619184,-3.0314554108513727
1710527557.9620316,-3.0976515346103244
1710527557.962145,-3.159294393327501
1710527557.9622586,-3.216034041510688
1710527557.962372,-3.2678702142503524
1710527557.9624853,-3.312351173824734
1710527557.9625988,-3.3512282371520996
1710527557.9627123,-3.384151193830702
1710527557.9628258,-3.4139219919840493
1710527557.962939,-3.4384391042921276
1710527557.9630525,-3.460154268476698
1710527557.963166,-3.480818536546495
1710527557.9632795,-3.5004321734110513
1710527557.9633927,-3.5158430205451117
1710527557.9635062,-3.526700602637397
1710527557.9636197,-3.534406026204427
1710527557.9637332,-3.538258605533176
1710527557.9638464,-3.5379083951314287
1710527557.96396,-3.531954288482666
1710527557.9640734,-3.5242488649156356
1710527557.964187,-3.5123406516181097
1710527557.9643002,-3.5000819630093045
1710527557.9644136,-3.4850215911865234
1710527557.9645271,-3.471011850568983
1710527557.9646404,-3.4549005826314287
1710527557.9647539,-3.439489735497369
1710527557.9648674,-3.4212769402398004
1710527557.9649808,-3.401663303375244
1710527557.965094,-3.381349245707194
1710527557.9652076,-3.3589336607191296
1710527557.965321,-3.3337161276075573
1710527557.9654346,-3.3074476983812118
1710527557.9655478,-3.2815297444661455
1710527557.9656613,-3.2542106840345593
1710527557.9657748,-3.2286429405212402
1710527557.9658883,-3.2030749320983887
1710527557.9660015,-3.1792585055033364
1710527557.966115,-3.1571931309170194
1710527557.9662285,-3.13652859793769
1710527557.966342,-3.1158643298678927
1710527557.9664552,-3.094499376085069
1710527557.9665687,-3.072784211900499
1710527557.9666822,-3.050018416510688
1710527557.9667957,-3.0262017250061035
1710527557.966909,-3.0027355088127985
1710527557.9670224,-2.9803196589152017
1710527557.967136,-2.959305180443658
1710527557.9672494,-2.9403919643825955
1710527557.9673626,-2.923580275641547
1710527557.9674761,-2.90922032462226
1710527557.9675896,-2.895560794406467
1710527557.967703,-2.8822514745924206
1710527557.9678164,-2.8671908378601074
1710527557.9679298,-2.8514300452338324
1710527557.9680433,-2.833567460378011
1710527557.9681568,-2.816055350833469
1710527557.96827,-2.7985432412889266
1710527557.9683836,-2.7831323941548667
1710527557.968497,-2.769472863939073
1710527557.9686105,-2.7579148610432944
1710527557.9687238,-2.74950901667277
1710527557.9688373,-2.74180359310574
1710527557.9689507,-2.733047538333469
1710527557.969064,-2.7235907978481717
1710527557.9691775,-2.713083691067166
1710527557.969291,-2.7001245816548667
1710527557.9694045,-2.6857646306355796
1710527557.9695177,-2.671054204305013
1710527557.9696312,-2.656694253285726
1710527557.9697447,-2.6437351438734265
1710527557.9698582,-2.6325273513793945
1710527557.9699714,-2.6227206654018826
1710527557.970085,-2.6122132937113443
1710527557.9701984,-2.6003050804138184
1710527557.9703119,-2.5859448644849987
1710527557.9704251,-2.567732334136963
1710527557.9705386,-2.5467175907558866
1710527557.970652,-2.5229011641608343
1710527557.9707656,-2.496632734934489
1710527557.9708788,-2.4700140953063965
1710527557.9709923,-2.4430455101860895
1710527557.9711058,-2.415726449754503
1710527557.9712193,-2.3884073893229165
1710527557.9713326,-2.359337011973063
1710527557.971446,-2.3295662138197155
1710527557.9715595,-2.2952424155341253
1710527557.971673,-2.257766193813748
1710527557.9717863,-2.2167877356211343
1710527557.9718997,-2.171256012386746
1710527557.9720132,-2.122922341028849
1710527557.9721267,-2.0710861682891846
1710527557.97224,-2.018199364344279
1710527557.9723535,-1.9628608226776123
1710527557.972467,-1.9061211744944253
1710527557.9725804,-1.8479806847042508
1710527557.9726937,-1.7863378259870741
1710527557.9728072,-1.7218928866916232
1710527557.9729207,-1.6539454460144043
1710527557.9730341,-1.5814450052049425
1710527557.9731474,-1.5054420630137124
1710527557.9732609,-1.4241854349772136
1710527557.9733744,-1.3390760951571994
1710527557.9734876,-1.2511648072136772
1710527557.973601,-1.1597511503431532
1710527557.9737146,-1.066936453183492
1710527557.973828,-0.9723705715603298
1710527557.9739413,-0.8760534392462836
1710527557.9740548,-0.7790358199013604
1710527557.9741683,-0.6788660420311822
1710527557.9742818,-0.5772952238718668
1710527557.974395,-0.47082106272379554
1710527557.9745085,-0.3615449203385247
1710527557.974622,-0.24666484859254625
1710527557.9747355,-0.12793211473359
1710527557.9748487,-0.007448159158229828
1710527557.9749622,0.11480947335561116
1710527557.9750757,0.23846982253922355
1710527557.9751892,0.3600282801522149
1710527557.9753025,0.481586754322052
1710527557.975416,0.6020942661497328
1710527557.9755294,0.721901191605462
1710527557.975643,0.8427590131759644
1710527557.9757562,0.9657187594307793
1710527557.9758697,1.091480983628167
1710527557.9759831,1.218294170167711
1710527557.9760966,1.3465085294511583
1710527557.9762099,1.4740223354763455
1710527557.9763234,1.59873366355896
1710527557.9764369,1.7195914851294622
1710527557.9765503,1.8355449040730794
1710527557.9766636,1.9462437099880643
1710527557.976777,2.05343935224745
1710527557.9768906,2.1578325165642633
1710527557.977004,2.261174784766303
1710527557.9771173,2.3631156815422907
1710527557.9772308,2.466107474433051
1710527557.9773443,2.5669974750942655
1710527557.9774578,2.6650849978129068
1710527557.977571,2.7589689360724554
1710527557.9776845,2.8472476535373263
1710527557.977798,2.9274691475762262
1710527557.9779112,3.0020859506395126
1710527557.9780247,3.068995475769043
1710527557.9781382,3.1317014164394803
1710527557.9782517,3.191254668765598
1710527557.978365,3.2473047574361162
1710527557.9784784,3.3012527889675565
1710527557.978592,3.3545003996955023
1710527557.9787054,3.402843475341797
1710527557.9788187,3.4462822808159723
1710527557.9789321,3.484466340806749
1710527557.9790456,3.515994283888075
1710527557.979159,3.540516164567735
1710527557.9792724,3.5594330893622503
1710527557.9793859,3.5734457439846463
1710527557.9794993,3.5839549700419107
1710527557.9796128,3.591661983066135
1710527557.979726,3.5979676246643066
1710527557.9798396,3.6018209987216525
1710527557.979953,3.6025216844346786
1710527557.9800665,3.6014707883199053
1710527557.9801798,3.5976171493530273
1710527557.9802933,3.5888595051235623
1710527557.9804068,3.5765984323289657
1710527557.9805202,3.5611846711900497
1710527557.9806335,3.5433189074198403
1710527557.980747,3.5219497150845
1710527557.9808605,3.500230312347412
1710527557.980974,3.476759327782525
1710527557.9810872,3.4525879224141436
1710527557.9812007,3.4287664625379772
1710527557.9813142,3.404595057169596
1710527557.9814277,3.380073176489936
1710527557.981541,3.3559015062120223
1710527557.9816544,3.3303287294175887
1710527557.981768,3.303705056508382
1710527557.9818814,3.277431594000922
1710527557.9819946,3.249406549665663
1710527557.982108,3.2210312949286566
1710527557.9822216,3.192655775282118
1710527557.9823349,3.1642805205451117
1710527557.9824483,3.1373063723246255
1710527557.9825618,3.112784491644965
1710527557.9826753,3.088613086276584
1710527557.9827886,3.0675943692525225
1710527557.982902,3.046225176917182
1710527557.9830155,3.025907145606147
1710527557.983129,3.005588849385579
1710527557.9832423,2.983169025844998
1710527557.9833558,2.962150308820936
1710527557.9834692,2.9397302203708224
1710527557.9835827,2.9180108176337347
1710527557.983696,2.8969921006096735
1710527557.9838095,2.8791260719299316
1710527557.983923,2.864062786102295
1710527557.9840364,2.849699921078152
1710527557.9841497,2.838139533996582
1710527557.9842632,2.826579146915012
1710527557.9843767,2.815369235144721
1710527557.9844902,2.802407741546631
1710527557.9846034,2.787694401211209
1710527557.984717,2.772631115383572
1710527557.9848304,2.757918039957682
1710527557.9849439,2.742504278818766
1710527557.985057,2.7298929956224227
1710527557.9851706,2.7176319228278265
1710527557.985284,2.7078233824835882
1710527557.9853976,2.699415683746338
1710527557.9855108,2.689606878492567
1710527557.9856243,2.6790976524353027
1710527557.9857378,2.6664863692389593
1710527557.9858513,2.6521235042148166
1710527557.9859645,2.6349581612481012
1710527557.986078,2.6170923974778915
1710527557.9861915,2.5985256830851235
1710527557.986305,2.580309444003635
1710527557.9864182,2.5631441010369196
1710527557.9865317,2.547029654184977
1710527557.9866452,2.530915472242567
1710527557.9867585,2.5130494435628257
1710527557.986872,2.4927314122517905
1710527557.9869854,2.4703113238016763
1710527557.987099,2.4447385470072427
1710527557.9872122,2.414961920844184
1710527557.9873257,2.3820326063368054
1710527557.9874392,2.3484026061164007
1710527557.9875526,2.3123203383551703
1710527557.987666,2.27623807059394
1710527557.9877794,2.239104906717936
1710527557.9878929,2.2005706363254123
1710527557.9880064,2.1592337555355496
1710527557.9881196,2.115794950061374
1710527557.988233,2.06815242767334
1710527557.9883466,2.0166565312279596
1710527557.98846,1.960956785413954
1710527557.9885733,1.9010533226860893
1710527557.9886868,1.837646828757392
1710527557.9888003,1.772488620546129
1710527557.9889138,1.7052286201053195
1710527557.989027,1.6351661417219374
1710527557.9891405,1.565103530883789
1710527557.989254,1.4918882317013211
1710527557.9893675,1.4162207974327934
1710527557.9894807,1.337400409910414
1710527557.9895942,1.2554272015889485
1710527557.9897077,1.1689000659518771
1710527557.9898212,1.0785194238026936
1710527557.9899344,0.9846356179979112
1710527557.990048,0.887599057621426
1710527557.9901614,0.7881102959314982
1710527557.990275,0.6858189900716146
1710527557.9903882,0.5828270647260878
1710527557.9905016,0.4787842432657877
1710527557.9906151,0.37369049257702297
1710527557.9907286,0.2671954532464345
1710527557.9908419,0.15964948468738133
1710527557.9909554,0.04860039800405502
1710527557.9910688,-0.06453794323735766
1710527557.991182,-0.1804687248335944
1710527557.9912956,-0.29920147524939644
1710527557.991409,-0.41933516661326087
1710527557.9915226,-0.5405196216371324
1710527557.9916358,-0.6613538000318739
1710527557.9917493,-0.7804367939631144
1710527557.9918628,-0.8981188138326008
1710527557.9919763,-1.0136993726094563
1710527557.9920895,-1.1278789573245578
1710527557.992203,-1.2417081991831462
1710527557.9923165,-1.3555375734965007
1710527557.99243,-1.470417579015096
1710527557.9925432,-1.5863483481936984
1710527557.9926567,-1.702279249827067
1710527557.9927702,-1.8178596761491563
1710527557.9928837,-1.9309886296590169
1710527557.992997,-2.0409651597340903
1710527557.9931104,-2.1449877156151667
1710527557.993224,-2.2444568739997015
1710527557.9933374,-2.340073585510254
1710527557.9934506,-2.431487242380778
1710527557.9935641,-2.519748740726047
1710527557.9936776,-2.6073098182678223
1710527557.993791,-2.6927693684895835
1710527557.9939044,-2.7775284979078503
1710527557.9940178,-2.859135468800863
1710527557.9941313,-2.9368895954555936
1710527557.9942448,-3.0079891946580672
1710527557.994358,-3.074535528818766
1710527557.9944715,-3.1333764394124346
1710527557.994585,-3.1848624017503524
1710527557.9946985,-3.232845730251736
1710527557.9948118,-3.2759258482191296
1710527557.9949253,-3.315153121948242
1710527557.9950387,-3.3533297644721136
1710527557.9951522,-3.389404879675971
1710527557.9952655,-3.4223278363545733
1710527557.995379,-3.451748424106174
1710527557.9954925,-3.477316167619493
1710527557.9956057,-3.4972800148857965
1710527557.9957192,-3.5126908620198565
1710527557.9958327,-3.5228477583991156
1710527557.9959462,-3.529152340359158
1710527557.9960594,-3.5302029715643988
1710527557.996173,-3.5309033923678927
1710527557.9962864,-3.5281014442443848
1710527557.9963999,-3.524599075317383
1710527557.9965131,-3.5200458102756076
1710527557.9966266,-3.5133912828233504
1710527557.99674,-3.5039345423380532
1710527557.9968536,-3.4937776459587946
1710527557.9969668,-3.4797679053412542
1710527557.9970803,-3.462956216600206
1710527557.9971938,-3.4447434213426376
1710527557.9973073,-3.4230282571580672
1710527557.9974205,-3.399211565653483
1710527557.997534,-3.375745349460178
1710527557.9976475,-3.3512282371520996
1710527557.997761,-3.326360914442274
1710527557.9978743,-3.302194012535943
1710527557.9979877,-3.2787277963426376
1710527557.9981012,-3.2566624217563205
1710527557.9982147,-3.234246836768256
1710527557.998328,-3.2114807764689126
1710527557.9984415,-3.1873141394721136
1710527557.998555,-3.163147237565782
1710527557.9986684,-3.1372290187411838
1710527557.9987817,-3.1123616960313583
1710527557.9988952,-3.0860935317145453
1710527557.9990087,-3.062276840209961
1710527557.9991221,-3.0395110448201494
1710527557.9992354,-3.0191969871520996
1710527557.9993489,-3.001334402296278
1710527557.9994624,-2.98452271355523
1710527557.9995759,-2.968411445617676
1710527557.999689,-2.953000863393148
1710527557.9998026,-2.935488488939073
1710527557.999916,-2.916925483279758
1710527558.0000293,-2.898012532128228
1710527558.0001428,-2.879099316067166
1710527558.0002563,-2.8608865208095975
1710527558.0003698,-2.8444250424702964
1710527558.000483,-2.83111572265625
1710527558.0005965,-2.820258140563965
1710527558.00071,-2.810451454586453
1710527558.0008235,-2.802395820617676
1710527558.0009367,-2.793289555443658
1710527558.0010502,-2.781731287638346
1710527558.0011637,-2.7698230743408203
1710527558.0012772,-2.755463123321533
1710527558.0013905,-2.7404024865892196
1710527558.001504,-2.7263927459716797
1710527558.0016174,-2.7127332157558866
1710527558.001731,-2.701525423261854
1710527558.0018442,-2.6913685268825955
1710527558.0019577,-2.682612207200792
1710527558.0020711,-2.673155731625027
1710527558.0021846,-2.6633487807379828
1710527558.0022979,-2.650039725833469
1710527558.0024114,-2.6342786682976618
1710527558.0025249,-2.6146650314331055
1710527558.0026383,-2.594350708855523
1710527558.0027516,-2.572986019982232
1710527558.002865,-2.5512708557976618
1710527558.0029786,-2.5295556916130915
1710527558.003092,-2.509241633945041
1710527558.0032053,-2.4892775217692056
1710527558.0033188,-2.4672121471828885
1710527558.0034323,-2.4433957205878363
1710527558.0035458,-2.4164268705579968
1710527558.003659,-2.3866560724046493
1710527558.0037725,-2.35198179880778
1710527558.003886,-2.3148560523986816
1710527558.0039995,-2.2752785682678223
1710527558.0041127,-2.2346501880221896
1710527558.0042262,-2.191570202509562
1710527558.0043397,-2.1477896637386746
1710527558.004453,-2.10365891456604
1710527558.0045664,-2.0563758744133844
1710527558.00468,-2.006991571850247
1710527558.0047934,-1.9537544250488281
1710527558.0049067,-1.8970149093204074
1710527558.0050201,-1.8353719181484647
1710527558.0051336,-1.7698763476477728
1710527558.005247,-1.699477301703559
1710527558.0053604,-1.626626518037584
1710527558.0054739,-1.549572812186347
1710527558.0055873,-1.4725191063351102
1710527558.0057008,-1.3912624782986112
1710527558.005814,-1.3082546657986112
1710527558.0059276,-1.223845746782091
1710527558.006041,-1.136284801695082
1710527558.0061545,-1.0462720526589286
1710527558.0062678,-0.9527568684683906
1710527558.0063813,-0.8539880646599664
1710527558.0064948,-0.7517168256971571
1710527558.0066082,-0.6459430853525797
1710527558.0067215,-0.5356162124209933
1710527558.006835,-0.42388836542765296
1710527558.0069485,-0.31005902422799003
1710527558.007062,-0.19552922911114162
1710527558.0071752,-0.08205014798376295
1710527558.0072887,0.032135705567068525
1710527558.0074022,0.14668792486190796
1710527558.0075157,0.2622910837332408
1710527558.007629,0.3796457913186815
1710527558.0077424,0.500853955745697
1710527558.007856,0.6248646312289767
1710527558.0079694,0.7513274749120076
1710527558.0080826,0.8795418341954548
1710527558.008196,1.0077562597062852
1710527558.0083096,1.13316814104716
1710527558.008423,1.256478230158488
1710527558.0085363,1.376635366015964
1710527558.0086498,1.4929392602708604
1710527558.0087633,1.6088926792144775
1710527558.0088766,1.7234448591868081
1710527558.00899,1.837997039159139
1710527558.0091035,1.953600247701009
1710527558.009217,2.069904009501139
1710527558.0093303,2.1851568751864963
1710527558.0094438,2.2979574733310275
1710527558.0095572,2.4062040117051864
1710527558.0096707,2.5084953837924533
1710527558.009784,2.603780428568522
1710527558.0098975,2.6934605174594455
1710527558.010011,2.7778858608669705
1710527558.0101244,2.857056458791097
1710527558.0102377,2.934475474887424
1710527558.0103512,3.010493384467231
1710527558.0104647,3.084409236907959
1710527558.0105782,3.1555228763156467
1710527558.0106914,3.2224324014451766
1710527558.010805,3.284437656402588
1710527558.0109184,3.3390866385565863
1710527558.0110319,3.3870792388916016
1710527558.011145,3.427014880710178
1710527558.0112586,3.461345566643609
1710527558.011372,3.491822878519694
1710527558.0114856,3.5184465514289007
1710527558.0115988,3.541567325592041
1710527558.0117123,3.5639871491326227
1710527558.0118258,3.5829040739271374
1710527558.0119393,3.5979676246643066
1710527558.0120525,3.6098782221476235
1710527558.012166,3.616534074147542
1710527558.0122795,3.618285655975342
1710527558.012393,3.615833388434516
1710527558.0125062,3.608476850721571
1710527558.0126197,3.5979676246643066
1710527558.0127332,3.584655655754937
1710527558.0128467,3.569592105017768
1710527558.01296,3.553477923075358
1710527558.0130734,3.5370132658216686
1710527558.013187,3.5198479228549533
1710527558.0133002,3.500930998060438
1710527558.0134137,3.4809631771511502
1710527558.0135272,3.4599444601270886
1710527558.0136406,3.4368236859639483
1710527558.013754,3.411951594882541
1710527558.0138674,3.3863788180881076
1710527558.0139809,3.3587039841545954
1710527558.0140944,3.330678939819336
1710527558.0142076,3.3016029993693032
1710527558.014321,3.273227744632297
1710527558.0144346,3.2452027002970376
1710527558.014548,3.218929237789578
1710527558.0146613,3.1937069363064237
1710527558.0147748,3.168484369913737
1710527558.0148883,3.143612013922797
1710527558.0150018,3.119790818956163
1710527558.015115,3.0942180421617294
1710527558.0152285,3.0682947900560165
1710527558.015342,3.043072488572862
1710527558.0154555,3.0171492364671493
1710527558.0155687,2.992277145385742
1710527558.0156822,2.969156371222602
1710527558.0157957,2.9481376541985407
1710527558.0159092,2.930271625518799
1710527558.0160224,2.9145076539781356
1710527558.016136,2.899794578552246
1710527558.0162494,2.885081503126356
1710527558.016363,2.8700179523891873
1710527558.0164762,2.854253980848524
1710527558.0165896,2.8367381625705295
1710527558.0167031,2.8199232949150934
1710527558.0168166,2.8027579519483776
1710527558.0169299,2.787694401211209
1710527558.0170434,2.7736820114983454
1710527558.0171568,2.7624720997280545
1710527558.0172703,2.7526632944742837
1710527558.0173836,2.7435551749335394
1710527558.017497,2.734447055392795
1710527558.0176105,2.723937564425998
1710527558.0177238,2.710976070827908
1710527558.0178373,2.6969636811150446
1710527558.0179508,2.680849234263102
1710527558.0180643,2.664384577009413
1710527558.0181775,2.6479199197557235
1710527558.018291,2.6335570547315807
1710527558.0184045,2.6198948754204645
1710527558.018518,2.606933116912842
1710527558.0186312,2.595372994740804
1710527558.0187447,2.581360340118408
1710527558.0188582,2.565246158175998
1710527558.0189717,2.546329233381483
1710527558.019085,2.5246098306443954
1710527558.0191984,2.5007886356777616
1710527558.019312,2.473464012145996
1710527558.0194254,2.445789443122016
1710527558.0195386,2.4177643987867565
1710527558.0196521,2.3897393544514975
1710527558.0197656,2.361714310116238
1710527558.019879,2.3322881592644586
1710527558.0199924,2.3004097408718533
1710527558.0201058,2.2664292653401694
1710527558.0202193,2.227194309234619
1710527558.0203328,2.1848065323299832
1710527558.020446,2.138565248913235
1710527558.0205595,2.0891712771521673
1710527558.020673,2.038025591108534
1710527558.0207865,1.984427769978841
1710527558.0208998,1.929779052734375
1710527558.0210133,1.8730284108055961
1710527558.0211267,1.8148765299055312
1710527558.0212402,1.7553232775794134
1710527558.0213535,1.6908657550811768
1710527558.021467,1.6243064403533936
1710527558.0215805,1.552842590543959
1710527558.021694,1.4768248134189181
1710527558.0218072,1.3973038726382785
1710527558.0219207,1.31427976820204
1710527558.0220342,1.2284531858232286
1710527558.0221474,1.1391234397888184
1710527558.022261,1.0480422443813748
1710527558.0223744,0.9562602970335219
1710527558.0224879,0.8620262145996094
1710527558.0226011,0.7663908931944106
1710527558.0227146,0.6676027509901259
1710527558.022828,0.5674133698145548
1710527558.0229416,0.46266986264122856
1710527558.0230548,0.3547736008961995
1710527558.0231683,0.2437245017952389
1710527558.0232818,0.12952260673046112
1710527558.0233953,0.012518201644221941
1710527558.0235085,-0.10481600960095723
1710527558.023622,-0.22249801291359794
1710527558.0237355,-0.3391293022367689
1710527558.023849,-0.45506007141537136
1710527558.0239623,-0.5702903535630968
1710527558.0240757,-0.6858709123399522
1710527558.0241892,-0.8011011944876777
1710527558.0243027,-0.9173822402954102
1710527558.024416,-1.0364652342266507
1710527558.0245295,-1.157299412621392
1710527558.024643,-1.2781336572435167
1710527558.0247564,-1.397566795349121
1710527558.0248697,-1.5159493022494845
1710527558.0249832,-1.630128886964586
1710527558.0250967,-1.7411563131544325
1710527558.0252101,-1.8472802639007568
1710527558.0253234,-1.951302687327067
1710527558.0254369,-2.0521729522281222
1710527558.0255504,-2.153043349583944
1710527558.0256639,-2.252162297566732
1710527558.025777,-2.352332274119059
1710527558.0258906,-2.45040045844184
1710527558.026004,-2.5474180115593805
1710527558.0261176,-2.6391821437411838
1710527558.0262308,-2.7260425355699325
1710527558.0263443,-2.8072992960611978
1710527558.0264578,-2.881901264190674
1710527558.026571,-2.9505491256713867
1710527558.0266845,-3.014293511708577
1710527558.026798,-3.075586160024007
1710527558.0269115,-3.1333764394124346
1710527558.0270247,-3.1894154018825955
1710527558.0271382,-3.2430028915405273
1710527558.0272517,-3.2930877473619247
1710527558.0273652,-3.338619338141547
1710527558.0274785,-3.378547297583686
1710527558.027592,-3.412170675065782
1710527558.0277054,-3.4401901563008623
1710527558.027819,-3.46225553088718
1710527558.0279322,-3.478717009226481
1710527558.0280457,-3.4927267498440213
1710527558.0281591,-3.5035843319363065
1710527558.0282726,-3.5130410724216037
1710527558.0283859,-3.5196955998738604
1710527558.0284994,-3.5242488649156356
1710527558.0286129,-3.52635039223565
1710527558.0287263,-3.5249492857191296
1710527558.0288396,-3.5214469167921276
1710527558.028953,-3.5130410724216037
1710527558.0290666,-3.5018332799275713
1710527558.02918,-3.487122853597005
1710527558.0292933,-3.469610744052463
1710527558.0294068,-3.4513979487948947
1710527558.0295203,-3.4317843119303384
1710527558.0296338,-3.4118204646640353
1710527558.029747,-3.3918566173977323
1710527558.0298605,-3.3718927701314287
1710527558.029974,-3.3519286579555936
1710527558.0300875,-3.3316146002875433
1710527558.0302007,-3.3102496465047198
1710527558.0303142,-3.2885344823201494
1710527558.0304277,-3.2650682661268444
1710527558.0305412,-3.2402009434170194
1710527558.0306544,-3.214632934994168
1710527558.030768,-3.1887149810791016
1710527558.0308814,-3.1634974479675293
1710527558.0309947,-3.139680756462945
1710527558.0311081,-3.1165647506713867
1710527558.0312216,-3.0962506930033364
1710527558.031335,-3.076636791229248
1710527558.0314484,-3.0584242608812118
1710527558.0315619,-3.0395110448201494
1710527558.0316753,-3.021298249562581
1710527558.0317888,-3.001334402296278
1710527558.031902,-2.979969448513455
1710527558.0320156,-2.9589549700419107
1710527558.032129,-2.9372398058573403
1710527558.0322425,-2.918326589796278
1710527558.0323558,-2.900814480251736
1710527558.0324693,-2.8857538435194225
1710527558.0325828,-2.8727947341071234
1710527558.0326962,-2.8612367312113443
1710527558.0328095,-2.849678728315565
1710527558.032923,-2.838470935821533
1710527558.0330365,-2.825511826409234
1710527558.03315,-2.810451454586453
1710527558.0332632,-2.7953908178541393
1710527558.0333767,-2.7796300252278647
1710527558.0334902,-2.765269809299045
1710527558.0336037,-2.7526611751980252
1710527558.033717,-2.742504013909234
1710527558.0338304,-2.7340981695387097
1710527558.033944,-2.7270934316847057
1710527558.0340574,-2.7204386393229165
1710527558.0341706,-2.710982163747152
1710527558.034284,-2.7001245816548667
1710527558.0343976,-2.686465051439073
1710527558.034511,-2.670353783501519
1710527558.0346243,-2.654242515563965
1710527558.0347378,-2.6367304060194225
1710527558.0348513,-2.6202689276801214
1710527558.0349648,-2.6059089766608343
1710527558.035078,-2.590848339928521
1710527558.0351915,-2.576488388909234
1710527558.035305,-2.5607273313734265
1710527558.0354183,-2.5421645906236434
1710527558.0355318,-2.520449426439073
1710527558.0356452,-2.4952316284179688
1710527558.0357587,-2.4661615159776473
1710527558.035872,-2.4356902970208063
1710527558.0359855,-2.4020669195387097
1710527558.036099,-2.368443277147081
1710527558.0362124,-2.3348198996649847
1710527558.0363257,-2.2997956805759006
1710527558.0364392,-2.26407077577379
1710527558.0365527,-2.2265945540534124
1710527558.0366662,-2.185966306262546
1710527558.0367794,-2.1421857674916587
1710527558.036893,-2.0949027273390026
1710527558.0370064,-2.042716476652357
1710527558.0371199,-1.9870275921291776
1710527558.037233,-1.9281865490807426
1710527558.0373466,-1.866893900765313
1710527558.03746,-1.8034997251298692
1710527558.0375736,-1.7383543650309243
1710527558.0376868,-1.6711074776119657
1710527558.0378003,-1.6017591953277588
1710527558.0379138,-1.529959175321791
1710527558.0380273,-1.4546566539340549
1710527558.0381405,-1.3758517636193168
1710527558.038254,-1.2928438186645508
1710527558.0383675,-1.2049326631757948
1710527558.038481,-1.1131686634487576
1710527558.0385942,-1.0172018077638414
1710527558.0387077,-0.9187832143571641
1710527558.0388212,-0.8179129494561089
1710527558.0389347,-0.7156416442659166
1710527558.039048,-0.6105684571795993
1710527558.0391614,-0.5058454473813375
1710527558.039275,-0.39972149663501316
1710527558.0393884,-0.2911458412806193
1710527558.0395017,-0.18011848131815592
1710527558.0396152,-0.06488818675279617
1710527558.0397286,0.053154461913638644
1710527558.039842,0.17576386531194052
1710527558.0399554,0.3011757797665066
1710527558.0400689,0.42833924293518066
1710527558.0401824,0.5551523963610331
1710527558.0402956,0.6809145874447292
1710527558.040409,0.8045749531851875
1710527558.0405226,0.9264837370978461
1710527558.040636,1.0469912820392184
1710527558.0407493,1.1660975880093045
1710527558.0408628,1.2869554095798068
1710527558.0409763,1.4088641272650824
1710527558.0410898,1.5325245592329237
1710527558.041203,1.656885544459025
1710527558.0413165,1.779494947857327
1710527558.04143,1.9003527694278293
1710527558.0415435,2.016306188371446
1710527558.0416567,2.1273553371429443
1710527558.0417702,2.2320988443162704
1710527558.0418837,2.3329888449774847
1710527558.0419972,2.427923414442274
1710527558.0421104,2.52215756310357
1710527558.042224,2.614990340338813
1710527558.0423374,2.707122696770562
1710527558.042451,2.7978536817762585
1710527558.0425642,2.8854317135281033
1710527558.0426776,2.969506846533881
1710527558.0427911,3.0479767587449813
1710527558.0429046,3.1201412942674422
1710527558.0430179,3.183898131052653
1710527558.0431314,3.2406486405266657
1710527558.0432448,3.292144669426812
1710527558.0433583,3.3401375346713595
1710527558.0434716,3.384977446662055
1710527558.043585,3.4266646703084307
1710527558.0436985,3.465549416012234
1710527558.043812,3.5030327902899847
1710527558.0439253,3.5338603125678167
1710527558.0440388,3.560834460788303
1710527558.0441523,3.581853177812364
1710527558.0442655,3.596216042836507
1710527558.044379,3.6053241623772516
1710527558.0444925,3.6088273260328503
1710527558.044606,3.6095277468363443
1710527558.0447192,3.608126640319824
1710527558.0448327,3.6042732662624783
1710527558.0449462,3.59726693895128
1710527558.0450597,3.5906110869513617
1710527558.045173,3.5815029674106174
1710527558.0452864,3.569592105017768
1710527558.0454,3.5562804010179305
1710527558.0455134,3.5387648476494684
1710527558.0456266,3.5201981332567
1710527558.0457401,3.4988292058308916
1710527558.0458536,3.4750077459547253
1710527558.045967,3.449785444471571
1710527558.0460804,3.4252635637919107
1710527558.0461938,3.3986396259731717
1710527558.0463073,3.373417059580485
1710527558.0464208,3.3481947580973306
1710527558.046534,3.323322402106391
1710527558.0466475,3.29915099673801
1710527558.046761,3.2753295368618436
1710527558.0468745,3.250457445780436
1710527558.0469878,3.2259355651007757
1710527558.0471013,3.1982609960767956
1710527558.0472147,3.1716370582580566
1710527558.0473282,3.1443126996358233
1710527558.0474415,3.1169883410135903
1710527558.047555,3.091765774620904
1710527558.0476685,3.0682947900560165
1710527558.047782,3.045524491204156
1710527558.0478952,3.0255566702948675
1710527558.0480087,3.0062895350986056
1710527558.0481222,2.988773981730143
1710527558.0482357,2.9705577426486545
1710527558.048349,2.952341503567166
1710527558.0484624,2.9323736826578775
1710527558.0485759,2.9124058617485895
1710527558.0486891,2.892087565528022
1710527558.0488026,2.872470219930013
1710527558.048916,2.8556550873650446
1710527558.0490296,2.8398911158243814
1710527558.0491428,2.826929622226291
1710527558.0492563,2.8157194455464682
1710527558.0493698,2.804859744177924
1710527558.0494833,2.7936498324076333
1710527558.0495965,2.781389024522569
1710527558.04971,2.7673763699001737
1710527558.0498235,2.752313084072537
1710527558.049937,2.735848161909315
1710527558.0500503,2.720434400770399
1710527558.0501637,2.7053711149427624
1710527558.0502772,2.692409621344672
1710527558.0503907,2.6815499199761286
1710527558.050504,2.6710404290093317
1710527558.0506175,2.660530938042535
1710527558.050731,2.6486203405592175
1710527558.0508444,2.6349581612481012
1710527558.0509577,2.6181432935926647
1710527558.0510712,2.599927054511176
1710527558.0511847,2.5785578621758356
1710527558.0512981,2.5564882490370007
1710527558.0514114,2.534768846299913
1710527558.0515249,2.5133996539645724
1710527558.0516384,2.492030726538764
1710527558.0517519,2.472062905629476
1710527558.051865,2.449292606777615
1710527558.0519786,2.425471411810981
1710527558.052092,2.3977965778774686
1710527558.0522056,2.3669690555996366
1710527558.0523188,2.3322881592644586
1710527558.0524323,2.2948047849867077
1710527558.0525458,2.2541684574551053
1710527558.0526593,2.2117806805504694
1710527558.0527725,2.168692217932807
1710527558.052886,2.1242025163438583
1710527558.0529995,2.07796123292711
1710527558.0531127,2.0306690533955893
1710527558.0532262,1.979873710208469
1710527558.0533397,1.9266262319352891
1710527558.0534532,1.8677736653221977
1710527558.0535665,1.8061186207665336
1710527558.05368,1.7395593060387504
1710527558.0537934,1.6705477237701416
1710527558.053907,1.5980329778459337
1710527558.0540202,1.5237666500939262
1710527558.0541337,1.4473985301123724
1710527558.0542471,1.368928485446506
1710527558.0543606,1.2890573342641194
1710527558.0544739,1.2070841259426541
1710527558.0545874,1.1230091253916423
1710527558.0547009,1.0354309611850314
1710527558.0548143,0.9436490800645616
1710527558.0549276,0.849064654774136
1710527558.055041,0.7495758930842081
1710527558.0551546,0.6472845872243246
1710527558.055268,0.5425411462783813
1710527558.0553813,0.4342945416768392
1710527558.0554948,0.3249970409605238
1710527558.0556083,0.2156995071305169
1710527558.0557218,0.10465041630797915
1710527558.055835,-0.006397426542308595
1710527558.0559485,-0.11917601856920454
1710527558.056062,-0.23265509141816032
1710527558.0561755,-0.34823563363817
1710527558.0562887,-0.466267897023095
1710527558.0564022,-0.586401621500651
1710527558.0565157,-0.7093372609880235
1710527558.0566292,-0.832973387506273
1710527558.0567424,-0.9562593036227756
1710527558.056856,-1.077794035275777
1710527558.0569694,-1.1968770292070177
1710527558.057083,-1.3128077983856201
1710527558.0571961,-1.4266371726989746
1710527558.0573096,-1.5383650196923149
1710527558.057423,-1.6490421030256484
1710527558.0575364,-1.7597191863589816
1710527558.0576499,-1.8710968229505751
1710527558.0577633,-1.9817739062839084
1710527558.0578768,-2.0924511220720077
1710527558.05799,-2.200326257281833
1710527558.0581036,-2.3039984703063965
1710527558.058217,-2.402417129940457
1710527558.0583305,-2.4948814180162215
1710527558.0584438,-2.58209228515625
1710527558.0585573,-2.6640494664510093
1710527558.0586708,-2.742504013909234
1710527558.0587842,-2.819557719760471
1710527558.0588975,-2.8931090566847057
1710527558.059011,-2.9652592870924206
1710527558.0591245,-3.0353079901801214
1710527558.059238,-3.101504113939073
1710527558.0593512,-3.162096341451009
1710527558.0594647,-3.216734462314182
1710527558.0595782,-3.2647180557250977
1710527558.0596917,-3.306397067175971
1710527558.059805,-3.3428223927815752
1710527558.0599184,-3.373643822140164
1710527558.060032,-3.401663303375244
1710527558.0601454,-3.4279317326015897
1710527558.0602586,-3.4520986345079208
1710527558.060372,-3.4741640090942383
1710527558.0604856,-3.4930772251553006
1710527558.060599,-3.5081375969780817
1710527558.0607123,-3.5196955998738604
1710527558.0608258,-3.52635039223565
1710527558.0609393,-3.5284516546461315
1710527558.0610528,-3.52635039223565
1710527558.061166,-3.5207464959886337
1710527558.0612795,-3.5126908620198565
1710527558.061393,-3.5021834903293185
1710527558.0615065,-3.4906254874335394
1710527558.0616198,-3.478016588422987
1710527558.0617332,-3.464006847805447
1710527558.0618467,-3.4485960006713867
1710527558.06196,-3.4328352080451117
1710527558.0620735,-3.4142722023857965
1710527558.062187,-3.394308355119493
1710527558.0623004,-3.3718927701314287
1710527558.0624137,-3.3487764994303384
1710527558.0625272,-3.322858545515272
1710527558.0626407,-3.2972905370924206
1710527558.0627542,-3.2706721623738604
1710527558.0628674,-3.2444037331475153
1710527558.062981,-3.21953641043769
1710527558.0630944,-3.1953695085313583
1710527558.0632079,-3.1736546092563205
1710527558.063321,-3.152289655473497
1710527558.0634346,-3.1312749120924206
1710527558.063548,-3.110260433620877
1710527558.0636616,-3.087494373321533
1710527558.0637748,-3.0654289987352157
1710527558.0638883,-3.0412623617384167
1710527558.0640018,-3.0181460910373263
1710527558.0641153,-2.9953802956475153
1710527558.0642285,-2.9754164483812118
1710527558.064342,-2.9568534427218967
1710527558.0644555,-2.9407421747843423
1710527558.064569,-2.9274328549702964
1710527558.0646822,-2.913773324754503
1710527558.0647957,-2.900814480251736
1710527558.0649092,-2.886804739634196
1710527558.0650227,-2.8703432612948947
1710527558.065136,-2.8538817829555936
1710527558.0652494,-2.8356689876980252
1710527558.065363,-2.819207509358724
1710527558.0654764,-2.8034464518229165
1710527558.0655897,-2.7897869216071234
1710527558.0657032,-2.7803304460313583
1710527558.0658166,-2.7705234951443143
1710527558.0659301,-2.762467861175537
1710527558.0660434,-2.753711806403266
1710527558.0661569,-2.744255330827501
1710527558.0662704,-2.7312962214152017
1710527558.0663836,-2.7183371120029025
1710527558.066497,-2.7029265297783747
1710527558.0666106,-2.6875156826443143
1710527558.066724,-2.672455310821533
1710527558.0668373,-2.659846411810981
1710527558.0669508,-2.647938198513455
1710527558.0670643,-2.6374308268229165
1710527558.0671778,-2.6265732447306314
1710527558.067291,-2.615715662638346
1710527558.0674045,-2.600655290815565
1710527558.067518,-2.583493126763238
1710527558.0676315,-2.562828858693441
1710527558.0677447,-2.5400630633036294
1710527558.0678582,-2.5151957405938044
1710527558.0679717,-2.489978207482232
1710527558.0680852,-2.4651108847724066
1710527558.0681984,-2.4402435620625815
1710527558.068312,-2.415376239352756
1710527558.0684254,-2.3894580205281577
1710527558.068539,-2.361788749694824
1710527558.0686522,-2.330967320336236
1710527558.0687656,-2.2966432571411133
1710527558.0688791,-2.258466879526774
1710527558.0689926,-2.2164375252193875
1710527558.0691059,-2.1709058019849987
1710527558.0692194,-2.123973104688856
1710527558.0693328,-2.0742383268144393
1710527558.0694463,-2.022752496931288
1710527558.0695596,-1.9705661137898762
1710527558.069673,-1.9159281253814697
1710527558.0697865,-1.8591884771982827
1710527558.0699,-1.7989465925428603
1710527558.0700133,-1.7352020740509033
1710527558.0701268,-1.6672547658284504
1710527558.0702403,-1.5937035613589816
1710527558.0703537,-1.5166498555077446
1710527558.070467,-1.4353932274712455
1710527558.0705805,-1.3506340980529785
1710527558.070694,-1.2634233633677165
1710527558.0708072,-1.1744614442189534
1710527558.0709207,-1.0826974444919162
1710527558.0710342,-0.9909335109922621
1710527558.0711477,-0.8956670761108398
1710527558.071261,-0.7993500100241767
1710527558.0713744,-0.6991801659266154
1710527558.071488,-0.595858163303799
1710527558.0716014,-0.48798302809397376
1710527558.0717146,-0.3762551479869419
1710527558.0718281,-0.2606746223237779
1710527558.0719416,-0.14159162839253744
1710527558.072055,-0.02250865308774842
1710527558.0721684,0.0979944732454088
1710527558.0722818,0.2174510724014706
1710527558.0723953,0.3365573618147108
1710527558.0725088,0.4553133249282837
1710527558.072622,0.5744195646709865
1710527558.0727355,0.6935258706410726
1710527558.072849,0.8171862363815308
1710527558.0729625,0.9429484605789185
1710527558.0730758,1.0711628198623657
1710527558.0731893,1.2007784843444824
1710527558.0733027,1.329693529340956
1710527558.0734162,1.45685699250963
1710527558.0735295,1.580167081620958
1710527558.073643,1.700324217478434
1710527558.0737565,1.8141758441925049
1710527558.07387,1.9259255462222629
1710527558.0739832,2.0352231131659613
1710527558.0740967,2.143119308683607
1710527558.0742102,2.2513659795125327
1710527558.0743237,2.359262307484945
1710527558.074437,2.466107474433051
1710527558.0745504,2.568749056922065
1710527558.0746639,2.667887740665012
1710527558.0747774,2.761070728302002
1710527558.0748906,2.84514586130778
1710527558.075004,2.9239662488301597
1710527558.0751176,2.9957803090413413
1710527558.0752308,3.0630403094821506
1710527558.0753443,3.1260964605543347
1710527558.0754578,3.187401294708252
1710527558.0755713,3.24660407172309
1710527558.0756845,3.302654160393609
1710527558.075798,3.3559015062120223
1710527558.0759115,3.404244581858317
1710527558.076025,3.445581595102946
1710527558.0761383,3.480612701839871
1710527558.0762517,3.509688642289903
1710527558.0763652,3.53175852033827
1710527558.0764787,3.549974759419759
1710527558.076592,3.5632867283291287
1710527558.0767055,3.5748468505011664
1710527558.076819,3.58430544535319
1710527558.0769324,3.591661983066135
1710527558.0770457,3.596566253238254
1710527558.0771592,3.5983178350660534
1710527558.0772727,3.59726693895128
1710527558.0773861,3.591661983066135
1710527558.0774994,3.583604759640164
1710527558.0776129,3.570292790730794
1710527558.0777264,3.553828133477105
1710527558.0778399,3.5363125801086426
1710527558.077953,3.5166949696011014
1710527558.0780666,3.4956762525770397
1710527558.07818,3.4746575355529785
1710527558.0782936,3.453989028930664
1710527558.0784068,3.431919415791829
1710527558.0785203,3.410200013054742
1710527558.0786338,3.3877799246046276
1710527558.0787473,3.3636085192362466
1710527558.0788605,3.339436848958333
1710527558.078974,3.3131633864508734
1710527558.0790875,3.286189238230387
1710527558.079201,3.257813983493381
1710527558.0793142,3.229438728756375
1710527558.0794277,3.2014136844211154
1710527558.0795412,3.1744395362006292
1710527558.0796545,3.1488667594061956
1710527558.079768,3.1253957748413086
1710527558.0798814,3.1026254759894476
1710527558.079995,3.081256548563639
1710527558.0801082,3.0595371458265515
1710527558.0802217,3.037467532687717
1710527558.0803351,3.0157481299506292
1710527558.0804486,2.992627355787489
1710527558.0805619,2.970207267337375
1710527558.0806754,2.9477874437967935
1710527558.0807889,2.927118937174479
1710527558.0809023,2.9082020123799643
1710527558.0810156,2.892438040839301
1710527558.081129,2.878425386216905
1710527558.0812426,2.865463892618815
1710527558.081356,2.853203084733751
1710527558.0814693,2.840591801537408
1710527558.0815828,2.826929622226291
1710527558.0816963,2.811866071489122
1710527558.0818098,2.79575162463718
1710527558.081923,2.7792869673834906
1710527558.0820365,2.7631725205315485
1710527558.08215,2.749510341220432
1710527558.0822635,2.738650639851888
1710527558.0823767,2.7284916241963706
1710527558.0824902,2.719383504655626
1710527558.0826037,2.7099251747131348
1710527558.0827172,2.6990654733445907
1710527558.0828304,2.6864541901482477
1710527558.082944,2.672091325124105
1710527558.0830574,2.654925982157389
1710527558.083171,2.6367097430759006
1710527558.0832841,2.619544400109185
1710527558.0833976,2.6020288467407227
1710527558.083511,2.5848635037740073
1710527558.0836246,2.5694497426350913
1710527558.0837379,2.5543864568074546
1710527558.0838513,2.537221113840739
1710527558.0839648,2.518304189046224
1710527558.084078,2.496234575907389
1710527558.0841916,2.4713622199164496
1710527558.084305,2.4429869651794434
1710527558.0844185,2.412509653303358
1710527558.0845318,2.37958033879598
1710527558.0846453,2.347001234690348
1710527558.0847588,2.3133712344699435
1710527558.0848722,2.2793910238477917
1710527558.0849855,2.2440094417995877
1710527558.085099,2.206876277923584
1710527558.0852125,2.166239950391981
1710527558.085326,2.122100591659546
1710527558.0854392,2.0748084121280246
1710527558.0855527,2.022611829969618
1710527558.0856662,1.9672624270121255
1710527558.0857797,1.9084099928538003
1710527558.085893,1.8474555015563965
1710527558.0860064,1.7850999037424722
1710527558.08612,1.7192411422729492
1710527558.0862334,1.654082934061686
1710527558.0863466,1.5854216946495903
1710527558.08646,1.5132572915818956
1710527558.0865736,1.4386407534281414
1710527558.086687,1.360521051618788
1710527558.0868003,1.2778472900390625
1710527558.0869138,1.1923710505167644
1710527558.0870273,1.1005891031689115
1710527558.0871408,1.0074059830771551
1710527558.087254,0.9114203188154433
1710527558.0873675,0.8126321766111586
1710527558.087481,0.7120924525790744
1710527558.0875945,0.6112023856904771
1710527558.0877078,0.5082105265723335
1710527558.0878212,0.4034670525126987
1710527558.0879347,0.2973223394817776
1710527558.0880482,0.18837511539459229
1710527558.0881615,0.07522415783670214
1710527558.088275,-0.04002085576454798
1710527558.0883884,-0.15840335024727714
1710527558.0885017,-0.2799380487865872
1710527558.0886152,-0.39972149663501316
1710527558.0887287,-0.5209059516588846
1710527558.0888422,-0.6410396761364406
1710527558.0889554,-0.7590719064076741
1710527558.089069,-0.8753529522154067
1710527558.0891824,-0.990583234363132
1710527558.0892959,-1.1065140035417345
1710527558.089409,-1.22209456231859
1710527558.0895226,-1.3394263055589464
1710527558.089636,-1.4571083916558158
1710527558.0897496,-1.5758411089579263
1710527558.0898628,-1.6938732730017767
1710527558.0899763,-1.8094538317786322
1710527558.0900898,-1.9208314683702257
1710527558.0902033,-2.028356393178304
1710527558.0903165,-2.1313281853993735
1710527558.09043,-2.2293965021769204
1710527558.0905435,-2.3243125279744468
1710527558.090657,-2.417477501763238
1710527558.0907702,-2.508891158633762
1710527558.0908837,-2.599954605102539
1710527558.0909972,-2.6892669995625815
1710527558.0911107,-2.7750767601860895
1710527558.091224,-2.8584347830878363
1710527558.0913374,-2.9351382785373263
1710527558.091451,-3.0062378777398004
1710527558.0915644,-3.070332474178738
1710527558.0916777,-3.128122753567166
1710527558.0917912,-3.1806593471103244
1710527558.0919046,-3.228993150922987
1710527558.0920181,-3.2738243208991156
1710527558.0921314,-3.31655396355523
1710527558.0922449,-3.3568321333991156
1710527558.0923584,-3.393607669406467
1710527558.0924718,-3.4268808364868164
1710527558.092585,-3.455250793033176
1710527558.0926986,-3.478366798824734
1710527558.092812,-3.4958791732788086
1710527558.0929253,-3.5084878073798285
1710527558.0930388,-3.5158430205451117
1710527558.0931523,-3.5203960206773544
1710527558.0932658,-3.5221473375956216
1710527558.093379,-3.5221473375956216
1710527558.0934925,-3.5203960206773544
1710527558.093606,-3.5179445478651257
1710527558.0937195,-3.5137414932250977
1710527558.0938327,-3.5070869657728405
1710527558.0939462,-3.4983306460910373
1710527558.0940597,-3.486072222391764
1710527558.0941732,-3.471712271372477
1710527558.0942864,-3.4541998969184027
1710527558.0944,-3.435286945766873
1710527558.0945134,-3.4135717815823026
1710527558.094627,-3.3918566173977323
1710527558.0947402,-3.369441032409668
1710527558.0948536,-3.3470254474216037
1710527558.0949671,-3.324960072835286
1710527558.0950806,-3.303244908650716
1710527558.0951939,-3.2818799548678927
1710527558.0953074,-3.2601647906833224
1710527558.0954208,-3.238099416097005
1710527558.0955343,-3.215333620707194
1710527558.0956476,-3.1908165083991156
1710527558.095761,-3.1662993960910373
1710527558.0958745,-3.140381442175971
1710527558.095988,-3.1148134337531195
1710527558.0961013,-3.0913472175598145
1710527558.0962148,-3.0682309468587237
1710527558.0963283,-3.047916889190674
1710527558.0964417,-3.0290036731296115
1710527558.096555,-3.0111413531833224
1710527558.0966685,-2.993979189130995
1710527558.096782,-2.976467079586453
1710527558.0968955,-2.9572036531236434
1710527558.0970087,-2.9372398058573403
1710527558.0971222,-2.916925483279758
1710527558.0972357,-2.8966114256117077
1710527558.097349,-2.8766475783454046
1710527558.0974624,-2.8594856792026095
1710527558.097576,-2.84512546327379
1710527558.0976894,-2.8321666187710233
1710527558.0978026,-2.821309036678738
1710527558.0979161,-2.811852296193441
1710527558.0980296,-2.8006445036994085
1710527558.098143,-2.7887362904018826
1710527558.0982563,-2.7754269705878363
1710527558.0983698,-2.7600163883633084
1710527558.0984833,-2.745305962032742
1710527558.0985968,-2.7298953798082137
1710527558.09871,-2.716586059994168
1710527558.0988235,-2.7053782675001354
1710527558.098937,-2.6959215270148382
1710527558.0990505,-2.6875156826443143
1710527558.0991638,-2.67910983827379
1710527558.0992773,-2.669303152296278
1710527558.0993907,-2.657044463687473
1710527558.0995042,-2.641633881462945
1710527558.0996175,-2.6241215070088706
1710527558.099731,-2.6045078701443143
1710527558.0998445,-2.584544022878011
1710527558.099958,-2.5645801756117077
1710527558.1000712,-2.5453167491488986
1710527558.1001847,-2.5264035330878363
1710527558.1002982,-2.507840527428521
1710527558.1004117,-2.4892775217692056
1710527558.100525,-2.4668619367811413
1710527558.1006384,-2.441644403669569
1710527558.1007519,-2.413624922434489
1710527558.1008654,-2.3814023865593805
1710527558.1009786,-2.346377902560764
1710527558.101092,-2.3092521561516657
1710527558.1012056,-2.271075513627794
1710527558.101319,-2.2314980294969344
1710527558.1014323,-2.1908696492513022
1710527558.1015458,-2.1498910586039224
1710527558.1016593,-2.106811073091295
1710527558.1017725,-2.061629560258653
1710527558.101886,-2.01224512524075
1710527558.1019995,-1.959708531697591
1710527558.102113,-1.9026188055674234
1710527558.1022263,-1.8416763676537407
1710527558.1023397,-1.77723142835829
1710527558.1024532,-1.709284120135837
1710527558.1025667,-1.6381845209333632
1710527558.10268,-1.565683947669135
1710527558.1027935,-1.4910819795396593
1710527558.102907,-1.4140282736884222
1710527558.1030204,-1.3345229625701904
1710527558.1031337,-1.2522155708736844
1710527558.1032472,-1.1664058102501762
1710527558.1033607,-1.0763930612140231
1710527558.1034741,-0.981126692559984
1710527558.1035874,-0.8816573354932997
1710527558.1037009,-0.7776348458396064
1710527558.1038144,-0.6704601976606581
1710527558.1039279,-0.5601333247290717
1710527558.104041,-0.4491059316529168
1710527558.1041546,-0.33632732099956936
1710527558.104268,-0.22319849994447497
1710527558.1043816,-0.10971942709551917
1710527558.1044948,0.004811324696573946
1710527558.1046083,0.12041447891129388
1710527558.1047218,0.23882013228204516
1710527558.1048353,0.3614295522371928
1710527558.1049485,0.48614081409242416
1710527558.105062,0.614355206489563
1710527558.1051755,0.7429199748569064
1710527558.105289,0.8718349536259968
1710527558.1054022,0.9993487596511841
1710527558.1055157,1.1237096786499023
1710527558.1056292,1.2456185287899442
1710527558.1057427,1.3633235295613606
1710527558.105856,1.4810285303327773
1710527558.1059694,1.5983833207024467
1710527558.106083,1.71503742535909
1710527558.1061962,1.8334429793887668
1710527558.1063097,1.9525493515862358
1710527558.1064231,2.070254352357652
1710527558.1065366,2.1848065323299832
1710527558.1066499,2.2965563668145075
1710527558.1067634,2.4009495311313205
1710527558.1068769,2.4997374746534557
1710527558.1069903,2.590818934970432
1710527558.1071036,2.6790976524353027
1710527558.107217,2.761771414015028
1710527558.1073306,2.8437444898817272
1710527558.107444,2.922915087805854
1710527558.1075573,3.0017354753282333
1710527558.1076708,3.07775338490804
1710527558.1077843,3.1495674451192217
1710527558.1078978,3.216477235158284
1710527558.108011,3.2753295368618436
1710527558.1081245,3.3285771475897894
1710527558.108238,3.3741177452935114
1710527558.1083515,3.4130024909973145
1710527558.1084647,3.4483840730455184
1710527558.1085782,3.4792115953233504
1710527558.1086917,3.5079373253716364
1710527558.1088052,3.534560998280843
1710527558.1089184,3.557681507534451
1710527558.109032,3.5779998037550182
1710527558.1091454,3.5934135648939343
1710527558.109259,3.6042732662624783
1710527558.1093721,3.6091775364345975
1710527558.1094856,3.6095277468363443
1710527558.109599,3.6049736870659723
1710527558.1097126,3.596566253238254
1710527558.1098258,3.5867574479844833
1710527558.1099393,3.5748468505011664
1710527558.1100528,3.5611846711900497
1710527558.1101663,3.54647159576416
1710527558.1102796,3.531057834625244
1710527558.110393,3.5142429669698076
1710527558.1105065,3.4963769382900662
1710527558.1106198,3.476409117380778
1710527558.1107333,3.4543395042419434
1710527558.1108468,3.430518044365777
1710527558.1109602,3.4052957428826227
1710527558.1110735,3.3786718050638833
1710527558.111187,3.3516979217529297
1710527558.1113005,3.323322402106391
1710527558.111414,3.2963485187954373
1710527558.1115272,3.269374370574951
1710527558.1116407,3.2438015937805176
1710527558.1117542,3.219629923502604
1710527558.1118677,3.1940571467081704
1710527558.111981,3.1712868478563094
1710527558.1120944,3.14641449186537
1710527558.112208,3.1211921903822155
1710527558.1123214,3.0952689382765026
1710527558.1124346,3.069696161482069
1710527558.112548,3.043072488572862
1710527558.1126616,3.0182001325819225
1710527558.112775,2.9943789376152887
1710527558.1128883,2.9730100101894803
1710527558.1130018,2.953042189280192
1710527558.1131153,2.9362270567152233
1710527558.1132288,2.9204630851745605
1710527558.113342,2.904348638322618
1710527558.1134555,2.887883981068929
1710527558.113569,2.8710688485039606
1710527558.1136825,2.8521519237094455
1710527558.1137958,2.834286159939236
1710527558.1139092,2.8160699208577475
1710527558.1140227,2.799254788292779
1710527558.1141362,2.784891923268636
1710527558.1142495,2.7736820114983454
1710527558.114363,2.7624720997280545
1710527558.1144764,2.753714190589057
1710527558.11459,2.7435551749335394
1710527558.1147032,2.7323452631632485
1710527558.1148167,2.719383504655626
1710527558.1149302,2.7053711149427624
1710527558.1150434,2.688906457689073
1710527558.115157,2.6724418004353843
1710527558.1152704,2.658078935411241
1710527558.1153839,2.6437160703870983
1710527558.115497,2.631454997592502
1710527558.1156106,2.619544400109185
1710527558.115724,2.6083344883388944
1710527558.1158376,2.5960734155442977
1710527558.1159508,2.581010129716661
1710527558.1160643,2.564194997151693
1710527558.1161778,2.5438769658406577
1710527558.1162913,2.5207564565870495
1710527558.1164045,2.4965847863091364
1710527558.116518,2.471012009514703
1710527558.1166315,2.445789443122016
1710527558.116745,2.4205668767293296
1710527558.1168582,2.3953443103366427
1710527558.1169717,2.36801995171441
1710527558.1170852,2.3399949073791504
1710527558.1171987,2.3077662785847983
1710527558.117312,2.272384696536594
1710527558.1174254,2.233499950832791
1710527558.117539,2.1907618310716415
1710527558.1176524,2.1441703372531467
1710527558.1177657,2.0961774720085993
1710527558.1178792,2.046433024936252
1710527558.1179926,1.994937128490872
1710527558.1181061,1.9420399930742052
1710527558.1182194,1.8877414862314859
1710527558.1183329,1.8306405014461942
1710527558.1184464,1.7707370387183294
1710527558.1185598,1.7062795162200928
1710527558.118673,1.6383189625210233
1710527558.1187866,1.5658042165968153
1710527558.1189,1.4901366498735216
1710527558.1190135,1.410265366236369
1710527558.1191268,1.3275916046566434
1710527558.1192403,1.2435166041056316
1710527558.1193538,1.156288782755534
1710527558.119467,1.0680099990632799
1710527558.1195805,0.9772790802849664
1710527558.119694,0.8851468563079834
1710527558.1198075,0.7898618115319146
1710527558.1199207,0.6917742888132731
1710527558.1200342,0.5894830491807725
1710527558.1201477,0.4836886458926731
1710527558.1202612,0.3743911120626661
1710527558.1203744,0.2619407574335734
1710527558.120488,0.14703823460472953
1710527558.1206014,0.030033830553293228
1710527558.120715,-0.0876540525092019
1710527558.1208282,-0.20428531699710423
1710527558.1209416,-0.3209166063202752
1710527558.1210551,-0.4361468884680006
1710527558.1211686,-0.5520776907602946
1710527558.1212819,-0.6697597106297811
1710527558.1213953,-0.7881421513027614
1710527558.1215088,-0.909326606326633
1710527558.1216223,-1.0319120354122586
1710527558.1217356,-1.154497464497884
1710527558.121849,-1.2763824727800157
1710527558.1219625,-1.397566795349121
1710527558.122076,-1.5138479073842366
1710527558.1221893,-1.626626518037584
1710527558.1223028,-1.7355524169074164
1710527558.1224163,-1.8409758143954806
1710527558.1225297,-1.945348580678304
1710527558.122643,-2.0483203728993735
1710527558.1227565,-2.1505916118621826
1710527558.12287,-2.2539136144849987
1710527558.1229835,-2.3547840118408203
1710527558.1230967,-2.4542533026801214
1710527558.1232102,-2.5488191180759006
1710527558.1233237,-2.6395323541429305
1710527558.1234372,-2.72148953543769
1710527558.1235504,-2.7999440828959146
1710527558.123664,-2.8717441029018826
1710527558.1237774,-2.9386406474643283
1710527558.1238906,-3.0030857192145453
1710527558.1240041,-3.064028157128228
1710527558.1241176,-3.12391996383667
1710527558.124231,-3.1813597679138184
1710527558.1243443,-3.235297467973497
1710527558.1244578,-3.284331692589654
1710527558.1245713,-3.3288126521640353
1710527558.1246848,-3.366288873884413
1710527558.124798,-3.398160934448242
1710527558.1249115,-3.4244293636745877
1710527558.125025,-3.4461442629496255
1710527558.1251385,-3.464707268608941
1710527558.1252518,-3.480468326144748
1710527558.1253653,-3.494478066762288
1710527558.1254787,-3.506736490461561
1710527558.1255922,-3.5168936517503524
1710527558.1257055,-3.5242488649156356
1710527558.125819,-3.5277512338426376
1710527558.1259325,-3.5284516546461315
1710527558.126046,-3.524599075317383
1710527558.1261592,-3.518294758266873
1710527558.1262727,-3.506736490461561
1710527558.1263862,-3.4934274355570474
1710527558.1264997,-3.478366798824734
1710527558.126613,-3.46225553088718
1710527558.1267264,-3.4450936317443848
1710527558.1268399,-3.4272313117980957
1710527558.1269534,-3.4097189373440213
1710527558.1270666,-3.390805721282959
1710527558.12718,-3.3725931909349227
1710527558.1272936,-3.3508780267503524
1710527558.127407,-3.329162862565782
1710527558.1275203,-3.304995960659451
1710527558.1276338,-3.280829323662652
1710527558.1277473,-3.2535102632310653
1710527558.1278608,-3.2279422548082137
1710527558.127974,-3.2020243008931475
1710527558.1280875,-3.177507188585069
1710527558.128201,-3.1543911827935114
1710527558.1283143,-3.1319753328959146
1710527558.1284277,-3.1123616960313583
1710527558.1285412,-3.0937989552815752
1710527558.1286547,-3.07383484310574
1710527558.128768,-3.05352078543769
1710527558.1288815,-3.0328565173678927
1710527558.128995,-3.010440667470296
1710527558.1291084,-2.988375292883979
1710527558.1292217,-2.967360814412435
1710527558.1293352,-2.9463460710313583
1710527558.1294487,-2.9281335406833224
1710527558.1295621,-2.9123724831475153
1710527558.1296754,-2.898362742529975
1710527558.1297889,-2.8861040539211698
1710527558.1299024,-2.8741958406236434
1710527558.1300159,-2.8608865208095975
1710527558.130129,-2.846176359388563
1710527558.1302426,-2.8300650914510093
1710527558.130356,-2.812552981906467
1710527558.1304696,-2.796091503567166
1710527558.1305828,-2.7803304460313583
1710527558.1306963,-2.765970495012071
1710527558.1308098,-2.7547627025180392
1710527558.1309233,-2.745656172434489
1710527558.1310365,-2.738301224178738
1710527558.13115,-2.7284942732916937
1710527558.1312635,-2.719388008117676
1710527558.131377,-2.7074795299106174
1710527558.1314902,-2.6941704750061035
1710527558.1316037,-2.6784094174702964
1710527558.1317172,-2.661947939130995
1710527558.1318307,-2.6465370919969344
1710527558.131944,-2.6311265097724066
1710527558.1320574,-2.6171167691548667
1710527558.132171,-2.604157659742567
1710527558.1322844,-2.5918992360432944
1710527558.1323977,-2.5778892305162215
1710527558.1325111,-2.5614277521769204
1710527558.1326246,-2.5421645906236434
1710527558.1327379,-2.519048319922553
1710527558.1328514,-2.493130366007487
1710527558.1329648,-2.4644101990593805
1710527558.1330783,-2.4349898762173123
1710527558.1331916,-2.403817971547445
1710527558.133305,-2.3733467525906033
1710527558.1334186,-2.3432257440355087
1710527558.133532,-2.3103027873569064
1710527558.1336453,-2.27667940987481
1710527558.1337588,-2.239903873867459
1710527558.1338723,-2.198925283220079
1710527558.1339858,-2.1554949548509383
1710527558.134099,-2.106811073091295
1710527558.1342125,-2.0542744795481362
1710527558.134326,-1.9989359378814697
1710527558.1344395,-1.941846079296536
1710527558.1345527,-1.8816041946411133
1710527558.1346662,-1.8199612034691703
1710527558.1347797,-1.7562168174319797
1710527558.1348932,-1.6900206936730278
1710527558.1350064,-1.6217230425940619
1710527558.13512,-1.549923022588094
1710527558.1352334,-1.4739200803968642
1710527558.135347,-1.3933638731638591
1710527558.1354601,-1.3086048762003581
1710527558.1355736,-1.218942403793335
1710527558.135687,-1.1264779832628038
1710527558.1358006,-1.0312115483813815
1710527558.1359138,-0.9331432316038344
1710527558.1360273,-0.8336739407645332
1710527558.1361408,-0.7331538862652248
1710527558.1362543,-0.6308825810750326
1710527558.1363676,-0.5272103680504693
1710527558.136481,-0.4214366277058919
1710527558.1365945,-0.31251072883605957
1710527558.136708,-0.19938190778096515
1710527558.1368213,-0.08205014798376295
1710527558.1369348,0.0380910187959671
1710527558.1370482,0.16175135970115662
1710527558.1371615,0.28751356734169853
1710527558.137275,0.4125751720534431
1710527558.1373885,0.5379870865080092
1710527558.137502,0.6602461470497979
1710527558.1376152,0.7828556166754829
1710527558.1377287,0.9026624759038289
1710527558.1378422,1.0238706403308444
1710527558.1379557,1.1461297671000164
1710527558.138069,1.2701404094696045
1710527558.1381824,1.395201947953966
1710527558.138296,1.522015200720893
1710527558.1384094,1.6481276353200276
1710527558.1385226,1.7710873815748427
1710527558.138636,1.8901936213175454
1710527558.1387496,2.0043955908881292
1710527558.138863,2.1126421292622886
1710527558.1389763,2.2166849507225885
1710527558.1390898,2.3168743981255426
1710527558.1392033,2.414611710442437
1710527558.1393168,2.511648337046305
1710527558.13943,2.607633802625868
1710527558.1395435,2.702918847401937
1710527558.139657,2.79435051812066
1710527558.1397705,2.8819285498725042
1710527558.1398838,2.9635514153374567
1710527558.1399972,3.0385184288024902
1710527558.1401107,3.1057784292432995
1710527558.1402242,3.1670829984876843
1710527558.1403375,3.22208219104343
1710527558.140451,3.273928430345323
1710527558.1405644,3.3236728774176703
1710527558.140678,3.3706145816379123
1710527558.1407912,3.415804968939887
1710527558.1409047,3.4567915068732367
1710527558.1410182,3.4942751460605197
1710527558.1411316,3.5265037748548718
1710527558.141245,3.552777237362332
1710527558.1413584,3.573095268673367
1710527558.1414719,3.5874581336975098
1710527558.141585,3.5969167285495334
1710527558.1416986,3.6032221052381725
1710527558.141812,3.6060248480902777
1710527558.1419256,3.607075744205051
1710527558.1420388,3.6067252688937717
1710527558.1421523,3.603922790951199
1710527558.1422658,3.5979676246643066
1710527558.1423793,3.5909612973531084
1710527558.1424925,3.580101595984565
1710527558.142606,3.565738730960422
1710527558.1427195,3.5482231775919595
1710527558.142833,3.5282553566826715
1710527558.1429462,3.506535953945584
1710527558.1430597,3.4830649693806963
1710527558.1431732,3.4592437744140625
1710527558.1432867,3.4340212080213757
1710527558.1434,3.4098498026529946
1710527558.1435134,3.3846272362603083
1710527558.143627,3.3604555659823947
1710527558.1437404,3.3362841606140137
1710527558.1438537,3.311061594221327
1710527558.1439672,3.2854888174268932
1710527558.1440806,3.258514669206407
1710527558.1441941,3.2318909962972002
1710527558.1443074,3.203515476650662
1710527558.1444209,3.175840907626682
1710527558.1445343,3.1478158632914224
1710527558.1446478,3.1201412942674422
1710527558.144761,3.0945682525634766
1710527558.1448746,3.0707470575968423
1710527558.144988,3.049378130171034
1710527558.1451015,3.029410309261746
1710527558.1452148,3.0094424883524575
1710527558.1453283,2.9891241921318903
1710527558.1454418,2.968455950419108
1710527558.1455553,2.946386072370741
1710527558.1456685,2.9253673553466797
1710527558.145782,2.903297742207845
1710527558.1458955,2.8829794459872775
1710527558.1460087,2.864062786102295
1710527558.1461222,2.8482985496520996
1710527558.1462357,2.834286159939236
1710527558.1463492,2.822725772857666
1710527558.1464624,2.811515861087375
1710527558.146576,2.7989045778910318
1710527558.1466894,2.7862932946946883
1710527558.146803,2.7719304296705456
1710527558.1469162,2.7565166685316296
1710527558.1470296,2.7393513255649142
1710527558.1471431,2.7246382501390243
1710527558.1472566,2.710625860426161
1710527558.1473699,2.6973138915167914
1710527558.1474833,2.6868044005499945
1710527558.1475968,2.67629517449273
1710527558.1477103,2.667187054951986
1710527558.1478236,2.6556266678704157
1710527558.147937,2.6430153846740723
1710527558.1480505,2.626550727420383
1710527558.148164,2.609735859764947
1710527558.1482773,2.5894175635443792
1710527558.1483908,2.5694497426350913
1710527558.1485043,2.549481921725803
1710527558.1486177,2.529864576127794
1710527558.148731,2.510947651333279
1710527558.1488445,2.493431833055284
1710527558.148958,2.473113801744249
1710527558.1490715,2.451744874318441
1710527558.1491847,2.426522307925754
1710527558.1492982,2.398847473992242
1710527558.1494117,2.367319530910916
1710527558.1495252,2.3322881592644586
1710527558.1496384,2.295505470699734
1710527558.149752,2.2573211457994247
1710527558.1498654,2.2177359792921276
1710527558.1499789,2.1778003374735513
1710527558.1500921,2.1364634566836886
1710527558.1502056,2.092674308353
1710527558.150319,2.046433024936252
1710527558.1504323,1.995988024605645
1710527558.1505458,1.9420399930742052
1710527558.1506593,1.883537769317627
1710527558.1507728,1.8208318286471896
1710527558.150886,1.7542723814646402
1710527558.1509995,1.6852607991960313
1710527558.151113,1.6137970818413627
1710527558.1512265,1.5405816502041287
1710527558.1513398,1.464914215935601
1710527558.1514533,1.387495067384508
1710527558.1515667,1.3079741266038682
1710527558.1516802,1.225650707880656
1710527558.1517935,1.1398241255018446
1710527558.151907,1.0501441028383043
1710527558.1520205,0.9562602970335219
1710527558.152134,0.8581727743148804
1710527558.1522472,0.7576330502827961
1710527558.1523607,0.6535902288224962
1710527558.1524742,0.5477958255343967
1710527558.1525877,0.4398995637893677
1710527558.152701,0.3320032689306471
1710527558.1528144,0.22270575165748596
1710527558.1529279,0.11235728859901428
1710527558.1530414,0.0013081985525786877
1710527558.1531546,-0.11147064467271169
1710527558.153268,-0.22705119517114428
1710527558.1533816,-0.344733198483785
1710527558.153495,-0.46451667944590247
1710527558.1536083,-0.586051344871521
1710527558.1537218,-0.7082865635553995
1710527558.1538353,-0.8312222030427721
1710527558.1539488,-0.9517061710357666
1710527558.154062,-1.069738401307
1710527558.1541755,-1.1856692367129855
1710527558.154289,-1.29879805776808
1710527558.1544025,-1.4112263255649142
1710527558.1545157,-1.5229541725582547
1710527558.1546292,-1.634331809149848
1710527558.1547427,-1.7474606302049425
1710527558.154856,-1.859889030456543
1710527558.1549695,-1.9726676411098905
1710527558.155083,-2.08264430363973
1710527558.1551964,-2.188768254386054
1710527558.1553097,-2.289988729688856
1710527558.1554232,-2.3856054411994085
1710527558.1555367,-2.476318677266439
1710527558.1556501,-2.5617782274881997
1710527558.1557634,-2.644435829586453
1710527558.1558769,-2.7249919043646917
1710527558.1559904,-2.8034464518229165
1710527558.1561038,-2.88120084338718
1710527558.156217,-2.955802811516656
1710527558.1563306,-3.0255013042026095
1710527558.156444,-3.0913472175598145
1710527558.1565576,-3.150188128153483
1710527558.1566708,-3.2030749320983887
1710527558.1567843,-3.249657418992784
1710527558.1568978,-3.2895853784349227
1710527558.1570113,-3.3260107040405273
1710527558.1571245,-3.359283871120877
1710527558.157238,-3.389404879675971
1710527558.1573515,-3.4181247817145453
1710527558.157465,-3.444393210940891
1710527558.1575782,-3.467509216732449
1710527558.1576917,-3.486772643195258
1710527558.1578052,-3.5018332799275713
1710527558.1579187,-3.5116399659050836
1710527558.158032,-3.5172438621520996
1710527558.1581454,-3.5186449686686196
1710527558.158259,-3.5151425997416177
1710527558.1583724,-3.5112897555033364
1710527558.1584857,-3.5039345423380532
1710527558.1585991,-3.4955286979675293
1710527558.1587126,-3.487473063998752
1710527558.158826,-3.477316167619493
1710527558.1589394,-3.4654076894124346
1710527558.1590528,-3.453149265713162
1710527558.1591663,-3.4377384185791016
1710527558.1592796,-3.4202263090345593
1710527558.159393,-3.400262461768256
1710527558.1595066,-3.37924771838718
1710527558.15962,-3.3543803956773544
1710527558.1597333,-3.3302134937710233
1710527558.1598468,-3.3053461710611978
1710527558.1599603,-3.2801286379496255
1710527558.1600738,-3.255961736043294
1710527558.160187,-3.232145309448242
1710527558.1603005,-3.210430145263672
1710527558.160414,-3.1883647706773544
1710527558.1605275,-3.1655989752875433
1710527558.1606407,-3.143183390299479
1710527558.1607542,-3.1197169091966415
1710527558.1608677,-3.0955500072903104
1710527558.1609812,-3.070332474178738
1710527558.1610944,-3.0454651514689126
1710527558.161208,-3.021298249562581
1710527558.1613214,-2.999232874976264
1710527558.161435,-2.979269027709961
1710527558.1615481,-2.9617569181654186
1710527558.1616616,-2.9463460710313583
1710527558.161775,-2.9316359096103244
1710527558.1618886,-2.916225062476264
1710527558.1620018,-2.900464004940457
1710527558.1621153,-2.8833021057976618
1710527558.1622288,-2.8650895754496255
1710527558.1623423,-2.8465265697903104
1710527558.1624556,-2.828663984934489
1710527558.162569,-2.813253402709961
1710527558.1626825,-2.799593872494168
1710527558.162796,-2.7880358695983887
1710527558.1629093,-2.7799802356296115
1710527558.1630228,-2.7719246016608343
1710527558.1631362,-2.763168546888563
1710527558.1632497,-2.753711806403266
1710527558.163363,-2.74180359310574
1710527558.1634765,-2.728844483693441
1710527558.16359,-2.7141343222724066
1710527558.1637032,-2.6997743712531195
1710527558.1638167,-2.686465051439073
1710527558.1639302,-2.674556838141547
1710527558.1640437,-2.6640494664510093
1710527558.164157,-2.655643622080485
1710527558.1642704,-2.6465370919969344
1710527558.164384,-2.6353292995029025
1710527558.1644974,-2.6227206654018826
1710527558.1646106,-2.606959607866075
1710527558.164724,-2.58839660220676
1710527558.1648376,-2.567031913333469
1710527558.164951,-2.5446160634358725
1710527558.1650643,-2.521149847242567
1710527558.1651778,-2.498734262254503
1710527558.1652913,-2.4766688876681857
1710527558.1654048,-2.453902827368842
1710527558.165518,-2.430436611175537
1710527558.1656315,-2.405219078063965
1710527558.165745,-2.3768493864271374
1710527558.1658585,-2.343926429748535
1710527558.1659718,-2.3089019457499185
1710527558.1660852,-2.268273565504286
1710527558.1661987,-2.2258941332499185
1710527558.1663122,-2.181413041220771
1710527558.1664255,-2.1348305543263755
1710527558.166539,-2.0868472258249917
1710527558.1666524,-2.037813001208835
1710527558.166766,-1.9866773817274306
1710527558.1668792,-1.9330900245242648
1710527558.1669927,-1.877401272455851
1710527558.1671062,-1.8154080708821614
1710527558.1672196,-1.7506129211849637
1710527558.167333,-1.6805640856424966
1710527558.1674464,-1.6077133019765217
1710527558.1675599,-1.529959175321791
1710527558.1676733,-1.4480019940270317
1710527558.1677866,-1.364643971125285
1710527558.1679,-1.2777834468417697
1710527558.1680136,-1.1905725797017415
1710527558.1681268,-1.0991589228312175
1710527558.1682403,-1.0077451997333102
1710527558.1683538,-0.9117783440483941
1710527558.1684673,-0.8144105143017238
1710527558.1685805,-0.7110885116789076
1710527558.168694,-0.6053147713343302
1710527558.1688075,-0.4939371678564283
1710527558.168921,-0.3797576162550184
1710527558.1690342,-0.26172535287009346
1710527558.1691477,-0.1436931060420142
1710527558.1692612,-0.02496036183502939
1710527558.1693747,0.09379072321785821
1710527558.169488,0.21184606684578788
1710527558.1696014,0.3288504812452528
1710527558.169715,0.4469058248731825
1710527558.1698284,0.5663624074723985
1710527558.1699417,0.6882711913850572
1710527558.1700552,0.8129824532402886
1710527558.1701686,0.9401459164089626
1710527558.1702821,1.0690609614054363
1710527558.1703954,1.1965747674306233
1710527558.1705089,1.3226873344845242
1710527558.1706223,1.445296737882826
1710527558.1707358,1.5644029776255288
1710527558.170849,1.6793055004543729
1710527558.1709626,1.7907048596276176
1710527558.171076,1.9017540083991156
1710527558.1711895,2.011401785744561
1710527558.1713028,2.121750248803033
1710527558.1714163,2.2320988443162704
1710527558.1715298,2.342096964518229
1710527558.1716433,2.4489421314663358
1710527558.1717565,2.5515837139553494
1710527558.17187,2.647569444444444
1710527558.1719835,2.737950219048394
1710527558.172097,2.821324666341146
1710527558.1722102,2.8980429967244468
1710527558.1723237,2.9716086387634277
1710527558.1724372,3.0406202210320368
1710527558.1725504,3.1089311175876193
1710527558.172664,3.1744395362006292
1710527558.1727774,3.2371454768710666
1710527558.172891,3.296698729197184
1710527558.1730042,3.350997236039903
1710527558.1731176,3.3993403116861978
1710527558.1732311,3.4403268496195474
1710527558.1733446,3.4746575355529785
1710527558.1734579,3.5030327902899847
1710527558.1735713,3.5265037748548718
1710527558.1736848,3.5457709100511337
1710527558.1737983,3.5625860426161022
1710527558.1739116,3.577299118041992
1710527558.174025,3.5899104012383356
1710527558.1741385,3.599719206492106
1710527558.174252,3.6063750584920244
1710527558.1743653,3.608476850721571
1710527558.1744788,3.6067252688937717
1710527558.1745923,3.601120313008626
1710527558.1747057,3.5895599259270563
1710527558.174819,3.576948907640245
1710527558.1749325,3.5611846711900497
1710527558.175046,3.5443698035346136
1710527558.1751595,3.5254528787400985
1710527558.1752727,3.506535953945584
1710527558.1753862,3.487969504462348
1710527558.1754997,3.4680016835530596
1710527558.1756132,3.4462822808159723
1710527558.1757264,3.4249130884806314
1710527558.17584,3.4021427896287704
1710527558.1759534,3.3772706985473633
1710527558.1760669,3.3513474464416504
1710527558.1761801,3.324023087819417
1710527558.1762936,3.295647833082411
1710527558.176407,3.2672725783454046
1710527558.1765206,3.238897058698866
1710527558.1766338,3.212273385789659
1710527558.1767473,3.185649712880452
1710527558.1768608,3.161828253004286
1710527558.176974,3.138007058037652
1710527558.1770875,3.1155872344970703
1710527558.177201,3.093167146046956
1710527558.1773145,3.0700463718838162
1710527558.1774278,3.046225176917182
1710527558.1775413,3.022053771548801
1710527558.1776547,2.9978821012708874
1710527558.1777682,2.9744111167060003
1710527558.1778815,2.9526917139689126
1710527558.177995,2.9323736826578775
1710527558.1781085,2.915208339691162
1710527558.178222,2.8990938928392196
1710527558.1783352,2.885081503126356
1710527558.1784487,2.8717695342169867
1710527558.1785622,2.857757144504123
1710527558.1786757,2.843043804168701
1710527558.178789,2.826929622226291
1710527558.1789024,2.8101144896613226
1710527558.1790159,2.7932996220058866
1710527558.1791294,2.7775353855556912
1710527558.1792426,2.764573891957601
1710527558.179356,2.7526632944742837
1710527558.1794696,2.74320469962226
1710527558.179583,2.734096580081516
1710527558.1796963,2.7246382501390243
1710527558.1798098,2.714829444885254
1710527558.1799233,2.7032693227132163
1710527558.1800368,2.688906457689073
1710527558.18015,2.6724418004353843
1710527558.1802635,2.6559768782721624
1710527558.180377,2.638811800214979
1710527558.1804905,2.623398039076063
1710527558.1806037,2.6083344883388944
1710527558.1807172,2.594322098626031
1710527558.1808307,2.5806599193149142
1710527558.1809442,2.565946578979492
1710527558.1810575,2.548080815209283
1710527558.181171,2.5291638904147677
1710527558.1812844,2.5053426954481335
1710527558.1813977,2.479769653744168
1710527558.1815112,2.450693713294135
1710527558.1816247,2.4212675624423556
1710527558.1817381,2.3904400401645236
1710527558.1818514,2.3589118321736655
1710527558.1819649,2.3280843098958335
1710527558.1820784,2.2948047849867077
1710527558.1821918,2.26012388865153
1710527558.182305,2.2222900390625
1710527558.1824186,2.180602815416124
1710527558.182532,2.135412428114149
1710527558.1826456,2.085668113496568
1710527558.1827588,2.033121188481649
1710527558.1828723,1.9774215751224093
1710527558.1829858,1.9196199046240912
1710527558.1830993,1.8600667847527397
1710527558.1832125,1.799112425910102
1710527558.183326,1.7364064852396646
1710527558.1834395,1.6705477237701416
1710527558.183553,1.6025870376163058
1710527558.1836662,1.5304226345486112
1710527558.1837797,1.4547550678253174
1710527558.1838932,1.3748839166429307
1710527558.1840067,1.291159126493666
1710527558.18412,1.202530066172282
1710527558.1842334,1.1114487383100722
1710527558.184347,1.017915341589186
1710527558.1844604,0.9219296773274739
1710527558.1845737,0.8245427740944756
1710527558.1846871,0.7254042890336778
1710527558.1848006,0.62591552734375
1710527558.184914,0.5225733253690932
1710527558.1850274,0.4181801941659715
1710527558.1851408,0.31063420905007255
1710527558.1852543,0.1995851265059577
1710527558.1853678,0.08573353290557861
1710527558.185481,-0.031614998976389565
1710527558.1855946,-0.1510482198662228
1710527558.185708,-0.2711819443437788
1710527558.1858213,-0.39096540874905056
1710527558.1859348,-0.5100484026802911
1710527558.1860483,-0.6270299355189005
1710527558.1861618,-0.74366119172838
1710527558.186275,-0.8592417505052354
1710527558.1863885,-0.9741217560238308
1710527558.186502,-1.0911032888624403
1710527558.1866155,-1.2084350321027968
1710527558.1867287,-1.3271677494049072
1710527558.1868422,-1.4469512303670247
1710527558.1869557,-1.5646333164638944
1710527558.1870692,-1.6805640856424966
1710527558.1871824,-1.793342696295844
1710527558.187296,-1.9012178315056694
1710527558.1874094,-2.0052402549319797
1710527558.187523,-2.104709678226047
1710527558.1876361,-2.2017272313435874
1710527558.1877496,-2.2959428363376193
1710527558.187863,-2.3908591270446777
1710527558.1879766,-2.484724521636963
1710527558.1880898,-2.577188809712728
1710527558.1882033,-2.667902045779758
1710527558.1883168,-2.7544124921162925
1710527558.1884303,-2.836719618903266
1710527558.1885436,-2.911321587032742
1710527558.188657,-2.981020344628228
1710527558.1887705,-3.0437138345506454
1710527558.188884,-3.101504113939073
1710527558.1889973,-3.155441813998752
1710527558.1891108,-3.20692777633667
1710527558.1892242,-3.2552613152398004
1710527558.1893377,-3.301843802134196
1710527558.189451,-3.3456243409050836
1710527558.1895645,-3.384501404232449
1710527558.189678,-3.4188254674275713
1710527558.1897914,-3.4478955798678927
1710527558.1899047,-3.470311164855957
1710527558.1900182,-3.4878235393100314
1710527558.1901317,-3.5004321734110513
1710527558.190245,-3.509538438585069
1710527558.1903584,-3.5165434413486056
1710527558.190472,-3.521096706390381
1710527558.1905854,-3.5249492857191296
1710527558.1906986,-3.526700602637397
1710527558.190812,-3.5256497065226235
1710527558.1909256,-3.522497547997369
1710527558.191039,-3.5158430205451117
1710527558.1911523,-3.5063862800598145
1710527558.1912658,-3.4930772251553006
1710527558.1913793,-3.478016588422987
1710527558.1914928,-3.4591033723619247
1710527558.191606,-3.4391395250956216
1710527558.1917195,-3.4174243609110513
1710527558.191833,-3.395358986324734
1710527558.1919465,-3.37294340133667
1710527558.1920598,-3.3505278163486056
1710527558.1921732,-3.3281122313605414
1710527558.1922867,-3.307097487979465
1710527558.1924002,-3.28363127178616
1710527558.1925135,-3.261215421888563
1710527558.192627,-3.236348099178738
1710527558.1927404,-3.2107803556654186
1710527558.192854,-3.1845121913486056
1710527558.1929672,-3.1578935517205133
1710527558.1930807,-3.131625122494168
1710527558.1931942,-3.1064075893825955
1710527558.1933076,-3.08294137318929
1710527558.193421,-3.062276840209961
1710527558.1935344,-3.042312992943658
1710527558.1936479,-3.0241001976860895
1710527558.1937613,-3.0058876673380532
1710527558.1938746,-2.987324661678738
1710527558.193988,-2.967360814412435
1710527558.1941016,-2.9470464918348522
1710527558.194215,-2.9253315925598145
1710527558.1943283,-2.904316849178738
1710527558.1944418,-2.884002791510688
1710527558.1945553,-2.8654397858513727
1710527558.1946685,-2.8507293595208063
1710527558.194782,-2.8377705150180392
1710527558.1948955,-2.8265627225240073
1710527558.195009,-2.816055350833469
1710527558.1951222,-2.8051977687411838
1710527558.1952357,-2.793289555443658
1710527558.1953492,-2.7792798148261175
1710527558.1954627,-2.7642191780938044
1710527558.195576,-2.7491588062710233
1710527558.1956894,-2.7347985903422036
1710527558.195803,-2.72148953543769
1710527558.1959164,-2.7116825845506454
1710527558.1960297,-2.7025763193766275
1710527558.1961432,-2.6959215270148382
1710527558.1962566,-2.6885665787590876
1710527558.1963701,-2.680160734388563
1710527558.1964834,-2.668602466583252
1710527558.1965969,-2.655643622080485
1710527558.1967103,-2.6391821437411838
1710527558.1968238,-2.6216697692871094
1710527558.196937,-2.6045078701443143
1710527558.1970506,-2.586995760599772
1710527558.197164,-2.570184071858724
1710527558.1972775,-2.5551234351264105
1710527558.1973908,-2.5393623775906033
1710527558.1975043,-2.522550688849555
1710527558.1976178,-2.5036377376980252
1710527558.1977313,-2.481922573513455
1710527558.1978445,-2.4549537234836154
1710527558.197958,-2.4262335565355087
1710527558.1980715,-2.3929603894551597
1710527558.198185,-2.3582863807678223
1710527558.1982982,-2.3215105798509383
1710527558.1984117,-2.2847350438435874
1710527558.1985252,-2.2469086117214627
1710527558.1986387,-2.2083818912506104
1710527558.198752,-2.167403300603231
1710527558.1988654,-2.1243233150906033
1710527558.198979,-2.0770402749379477
1710527558.1990921,-2.025904655456543
1710527558.1992056,-1.9705661137898762
1710527558.1993191,-1.9113748603396945
1710527558.1994326,-1.8486812379625108
1710527558.1995459,-1.783535877863566
1710527558.1996593,-1.7152382267846
1710527558.1997728,-1.6444889704386392
1710527558.1998863,-1.5733893712361653
1710527558.1999996,-1.4980868498484294
1710527558.200113,-1.4220839076571994
1710527558.2002265,-1.3429288069407146
1710527558.20034,-1.2595706515842013
1710527558.2004533,-1.1723599168989394
1710527558.2005668,-1.0816466808319092
1710527558.2006803,-0.9846291277143691
1710527558.2007937,-0.8841090732150607
1710527558.200907,-0.7811372809939914
1710527558.2010205,-0.6750133302476671
1710527558.201134,-0.5678386820687188
1710527558.2012475,-0.4589127500851949
1710527558.2013607,-0.34963660769992405
1710527558.2014742,-0.23895949125289917
1710527558.2015877,-0.1275818712181515
1710527558.2017012,-0.014453039815028507
1710527558.2018144,0.10254853301578097
1710527558.201928,0.22270575165748596
1710527558.2020414,0.34671641058391994
1710527558.2021549,0.4735295640097724
1710527558.2022681,0.6013936466640896
1710527558.2023816,0.72960807217492
1710527558.202495,0.856771535343594
1710527558.2026086,0.9814827971988254
1710527558.2027218,1.102690961625841
1710527558.2028353,1.2231985727945964
1710527558.2029488,1.3412537839677598
1710527558.2030623,1.4593091275956895
1710527558.2031755,1.5798167387644448
1710527558.203289,1.700324217478434
1710527558.2034025,1.8204814857906766
1710527558.2035158,1.941689650217692
1710527558.2036293,2.0590443081325955
1710527558.2037427,2.171845038731893
1710527558.2038562,2.2793910238477917
1710527558.2039695,2.3813319206237793
1710527558.204083,2.476616965399848
1710527558.2041965,2.568048636118571
1710527558.20431,2.6556266678704157
1710527558.2044232,2.741453382703993
1710527558.2045367,2.826228936513265
1710527558.2046502,2.9096033838060165
1710527558.2047637,2.9908757739596896
1710527558.204877,3.0675943692525225
1710527558.2049904,3.139408429463704
1710527558.2051039,3.2045666376749673
1710527558.2052174,3.261667357550727
1710527558.2053306,3.3121124903361
1710527558.205444,3.356602191925049
1710527558.2055576,3.396888044145372
1710527558.205671,3.434371683332655
1710527558.2057843,3.46940279006958
1710527558.2058978,3.5012812084621854
1710527558.2060113,3.530707624223497
1710527558.2061248,3.5562804010179305
1710527558.206238,3.576948907640245
1710527558.2063515,3.593063089582655
1710527558.206465,3.6032221052381725
1710527558.2065785,3.607776429918077
1710527558.2066917,3.607075744205051
1710527558.2068052,3.602871894836426
1710527558.2069187,3.596216042836507
1710527558.2070322,3.5871079232957626
1710527558.2071455,3.576948907640245
1710527558.207259,3.5650380452473955
1710527558.2073724,3.5520765516493054
1710527558.207486,3.5370132658216686
1710527558.2075992,3.5198479228549533
1710527558.2077127,3.500580522749159
1710527558.2078261,3.478160699208577
1710527558.2079394,3.45468971464369
1710527558.2080529,3.43016783396403
1710527558.2081664,3.402843475341797
1710527558.2082798,3.375168641408284
1710527558.208393,3.3478442827860513
1710527558.2085066,3.3212206098768444
1710527558.20862,3.2938962512546115
1710527558.2087336,3.2686736848619247
1710527558.2088468,3.243100908067491
1710527558.2089603,3.2192797131008573
1710527558.2090738,3.1940571467081704
1710527558.2091873,3.169885476430257
1710527558.2093005,3.1432618035210504
1710527558.209414,3.117689026726617
1710527558.2095275,3.0903646681043835
1710527558.209641,3.064091205596924
1710527558.2097542,3.0378177430894637
1710527558.2098677,3.01399654812283
1710527558.2099812,2.992627355787489
1710527558.2100947,2.972659534878201
1710527558.210208,2.9544432957967124
1710527558.2103214,2.9372779528299966
1710527558.210435,2.921513981289334
1710527558.2105484,2.9039984279208713
1710527558.2106616,2.8861323992411294
1710527558.2107751,2.8675656848483615
1710527558.2108886,2.849349445766873
1710527558.211002,2.8304327858818903
1710527558.2111154,2.814668549431695
1710527558.2112288,2.7996052636040583
1710527558.2113423,2.788395086924235
1710527558.2114558,2.7775353855556912
1710527558.211569,2.769127951727973
1710527558.2116826,2.7589689360724554
1710527558.211796,2.7484594451056585
1710527558.2119095,2.735848161909315
1710527558.2120228,2.7218357721964517
1710527558.2121363,2.706772221459283
1710527558.2122498,2.692409621344672
1710527558.212363,2.67769628100925
1710527558.2124765,2.665435473124186
1710527558.21259,2.653875086042616
1710527558.2127035,2.644416756100125
1710527558.2128167,2.6335570547315807
1710527558.2129302,2.622346878051758
1710527558.2130437,2.6083344883388944
1710527558.2131572,2.592570516798231
1710527558.2132704,2.573303116692437
1710527558.213384,2.5515837139553494
1710527558.2134974,2.5291638904147677
1710527558.213611,2.504992220136854
1710527558.2137241,2.4825721316867404
1710527558.2138376,2.4591014120313854
1710527558.213951,2.434579531351725
1710527558.2140646,2.4107580714755588
1710527558.2141778,2.384484608968099
1710527558.2142913,2.354357772403293
1710527558.2144048,2.321078247494168
1710527558.2145183,2.2835946083068848
1710527558.2146316,2.242608070373535
1710527558.214745,2.1984687116410995
1710527558.2148585,2.153628799650404
1710527558.214972,2.1059862772623696
1710527558.2150853,2.056942515903049
1710527558.2151988,2.006497515572442
1710527558.2153122,1.9553518295288086
1710527558.2154257,1.899652083714803
1710527558.215539,1.841850545671251
1710527558.2156525,1.7805458439721
1710527558.215766,1.7139863967895508
1710527558.2158794,1.6442742612626817
1710527558.2159927,1.5707086192237005
1710527558.2161062,1.4925889174143474
1710527558.2162197,1.4137685298919678
1710527558.2163332,1.3314451111687553
1710527558.2164464,1.2484210067325168
1710527558.21656,1.1622440814971924
1710527558.2166734,1.0750162601470947
1710527558.2167866,0.9856865803400675
1710527558.2169,0.8935543563630846
1710527558.2170136,0.7972184154722426
1710527558.217127,0.6991308927536011
1710527558.2172403,0.5954383479224311
1710527558.2173538,0.4896439446343316
1710527558.2174673,0.38069672054714626
1710527558.2175808,0.2689470185173882
1710527558.217694,0.15544573465983072
1710527558.2178075,0.04159414519866308
1710527558.217921,-0.07189306947920057
1710527558.2180345,-0.18537215060657924
1710527558.2181478,-0.29920147524939644
1710527558.2182612,-0.41338102685080635
1710527558.2183747,-0.5286113421122233
1710527558.2184882,-0.6459430853525797
1710527558.2186015,-0.7657265663146973
1710527558.218715,-0.8872612317403157
1710527558.2188284,-1.0098466608259413
1710527558.218942,-1.131731669108073
1710527558.2190552,-1.2525657812754314
1710527558.2191687,-1.3702478673723009
1710527558.2192822,-1.484427319632636
1710527558.2193956,-1.5944039821624756
1710527558.219509,-1.7029796706305609
1710527558.2196224,-1.8101543850368924
1710527558.2197359,-1.9169787565867105
1710527558.2198493,-2.023453050189548
1710527558.2199626,-2.130277421739366
1710527558.220076,-2.2360510296291776
1710527558.2201896,-2.340073585510254
1710527558.220303,-2.4402435620625815
1710527558.2204163,-2.5341089566548667
1710527558.2205298,-2.6227206654018826
1710527558.2206433,-2.7046775817871094
1710527558.2207568,-2.781731287638346
1710527558.22087,-2.8552826245625815
1710527558.2209835,-2.9253315925598145
1710527558.221097,-2.992928557925754
1710527558.2212102,-3.058074050479465
1710527558.2213237,-3.1214682261149087
1710527558.2214372,-3.1817102432250977
1710527558.2215507,-3.236348099178738
1710527558.221664,-3.2850321133931475
1710527558.2217774,-3.328462441762288
1710527558.221891,-3.3648877673678927
1710527558.2220044,-3.396059407128228
1710527558.2221177,-3.4219776259528265
1710527558.2222311,-3.4447434213426376
1710527558.2223446,-3.466108375125461
1710527558.2224581,-3.4850215911865234
1710527558.2225714,-3.5014830695258246
1710527558.2226849,-3.515492810143365
1710527558.2227983,-3.527401023440891
1710527558.2229118,-3.534406026204427
1710527558.223025,-3.537558184729682
1710527558.2231386,-3.537207974327935
1710527558.223252,-3.532304498884413
1710527558.2233655,-3.5235484441121416
1710527558.2234788,-3.5123406516181097
1710527558.2235923,-3.4993815422058105
1710527558.2237058,-3.4850215911865234
1710527558.2238193,-3.470311164855957
1710527558.2239325,-3.4534994761149087
1710527558.224046,-3.4366877873738604
1710527558.2241595,-3.4191756778293185
1710527558.224273,-3.400612672170003
1710527558.2243862,-3.379948139190674
1710527558.2244997,-3.3575325542026095
1710527558.2246132,-3.3333659172058105
1710527558.2247267,-3.307797908782959
1710527558.22484,-3.2811795340643988
1710527558.2249534,-3.2545608944363065
1710527558.225067,-3.2286429405212402
1710527558.2251801,-3.2020243008931475
1710527558.2252936,-3.178207609388563
1710527558.2254071,-3.155441813998752
1710527558.2255206,-3.1340768602159286
1710527558.2256339,-3.1127121713426376
1710527558.2257473,-3.0913472175598145
1710527558.2258608,-3.069632053375244
1710527558.2259743,-3.047916889190674
1710527558.2260876,-3.0237499872843423
1710527558.226201,-3.0009841918945312
1710527558.2263145,-2.9775177107916937
1710527558.226428,-2.95650323232015
1710527558.2265413,-2.9382904370625815
1710527558.2266548,-2.922179169125027
1710527558.2267683,-2.908169428507487
1710527558.2268817,-2.895560794406467
1710527558.226995,-2.8836523161994085
1710527558.2271085,-2.8706934716966415
1710527558.227222,-2.8556328349643283
1710527558.2273355,-2.840572463141547
1710527558.2274487,-2.823410563998752
1710527558.2275622,-2.806949085659451
1710527558.2276757,-2.7922386593288846
1710527558.2277892,-2.7792798148261175
1710527558.2279024,-2.768071757422553
1710527558.228016,-2.758965492248535
1710527558.2281294,-2.751610279083252
1710527558.2282429,-2.744605541229248
1710527558.2283561,-2.7347985903422036
1710527558.2284696,-2.7225401666429305
1710527558.228583,-2.7092308468288846
1710527558.2286966,-2.6945206854078503
1710527558.2288098,-2.678059207068549
1710527558.2289233,-2.662298149532742
1710527558.2290368,-2.647938198513455
1710527558.2291503,-2.6346288786994085
1710527558.2292635,-2.6234210862053766
1710527558.229377,-2.6101117663913302
1710527558.2294905,-2.597853342692057
1710527558.2296038,-2.5810416539510093
1710527558.2297173,-2.5631790690951877
1710527558.2298307,-2.5407634841071234
1710527558.2299442,-2.516596582200792
1710527558.2300575,-2.489627732170953
1710527558.230171,-2.4619584613376193
1710527558.2302845,-2.434289190504286
1710527558.230398,-2.405219078063965
1710527558.2305112,-2.3771995968288846
1710527558.2306247,-2.348129219479031
1710527558.2307382,-2.316607369316949
1710527558.2308517,-2.281933095720079
1710527558.230965,-2.2444568739997015
1710527558.2310784,-2.202427652147081
1710527558.2311919,-2.1554949548509383
1710527558.2313054,-2.106460862689548
1710527558.2314186,-2.0535739262898765
1710527558.231532,-1.9985857274797227
1710527558.2316456,-1.942196422153049
1710527558.231759,-1.8844061427646213
1710527558.2318723,-1.8241641256544325
1710527558.2319858,-1.7625211344824896
1710527558.2320993,-1.6966752211252847
1710527558.2322128,-1.628027492099338
1710527558.232326,-1.5551767084333632
1710527558.2324395,-1.4777727921803792
1710527558.232553,-1.3965161641438801
1710527558.2326665,-1.3103560606638591
1710527558.2327797,-1.221394141515096
1710527558.2328932,-1.1292799313863118
1710527558.2330067,-1.0354144705666435
1710527558.2331202,-0.9394476148817275
1710527558.2332335,-0.8417295085059272
1710527558.233347,-0.74331091509925
1710527558.2334604,-0.6434914138582017
1710527558.233574,-0.5394688910908169
1710527558.2336872,-0.43334494034449256
1710527558.2338006,-0.3244190414746602
1710527558.2339141,-0.20953898628552753
1710527558.2340274,-0.09220722648832533
1710527558.2341409,0.02828226735194524
1710527558.2342544,0.149840729104148
1710527558.2343678,0.27245014905929565
1710527558.234481,0.39365831348631114
1710527558.2345946,0.5141658253139919
1710527558.234708,0.633622407913208
1710527558.2348216,0.7523783710267808
1710527558.2349348,0.8714846769968668
1710527558.2350483,0.9919922219382392
1710527558.2351618,1.1160027980804443
1710527558.2352753,1.241765022277832
1710527558.2353885,1.3692788283030193
1710527558.235502,1.49609194861518
1710527558.2356155,1.6215039624108207
1710527558.235729,1.74201144112481
1710527558.2358422,1.8586655457814534
1710527558.2359557,1.9711159335242376
1710527558.2360692,2.0786617861853705
1710527558.2361827,2.1830549505021835
1710527558.236296,2.287448247273763
1710527558.2364094,2.3897393544514975
1710527558.236523,2.492030726538764
1710527558.2366364,2.593270937601725
1710527558.2367496,2.692409621344672
1710527558.2368631,2.7859430842929416
1710527558.2369766,2.8745720121595593
1710527558.23709,2.9558446672227645
1710527558.2372034,3.0297605196634927
1710527558.2373168,3.096670309702555
1710527558.2374303,3.1583253542582193
1710527558.2375438,3.216477235158284
1710527558.237657,3.2721768485175238
1710527558.2377706,3.325774669647217
1710527558.237884,3.3755191167195635
1710527558.2379975,3.423862192365858
1710527558.2381108,3.465899626413981
1710527558.2382243,3.5019818941752114
1710527558.2383378,3.5331596268547907
1710527558.238451,3.5566306114196777
1710527558.2385645,3.5744966400994196
1710527558.238678,3.5867574479844833
1710527558.2387915,3.595515357123481
1710527558.2389047,3.6025216844346786
1710527558.2390182,3.6060248480902777
1710527558.2391317,3.607776429918077
1710527558.2392452,3.607776429918077
1710527558.2393584,3.6049736870659723
1710527558.239472,3.59901852077908
1710527558.2395854,3.5902606116400824
1710527558.239699,3.5779998037550182
1710527558.2398121,3.561535146501329
1710527558.2399256,3.5426182217068143
1710527558.240039,3.5212490293714733
1710527558.2401526,3.4995296266343856
1710527558.2402658,3.4753582212660046
1710527558.2403793,3.4508363405863443
1710527558.2404928,3.4266646703084307
1710527558.2406063,3.4021427896287704
1710527558.2407196,3.3783215946621366
1710527558.240833,3.3537997139824762
1710527558.2409465,3.328927357991536
1710527558.24106,3.302654160393609
1710527558.2411733,3.2753295368618436
1710527558.2412868,3.2473047574361162
1710527558.2414002,3.2185790273878307
1710527558.2415137,3.1905539830525713
1710527558.241627,3.161478042602539
1710527558.2417405,3.134503894382053
1710527558.241854,3.1089311175876193
1710527558.2419674,3.085109922620985
1710527558.2420807,3.0619894133673773
1710527558.2421942,3.041320906745063
1710527558.2423077,3.0206524001227484
1710527558.2424212,2.999983893500434
1710527558.2425344,2.978264490763346
1710527558.242648,2.9561948776245117
1710527558.2427614,2.9341252644856772
1710527558.2428746,2.911705176035563
1710527558.242988,2.891387144724528
1710527558.2431016,2.8731709056430392
1710527558.243215,2.857056458791097
1710527558.2433283,2.8433942794799805
1710527558.2434418,2.8311332066853843
1710527558.2435553,2.8199232949150934
1710527558.2436688,2.80731201171875
1710527558.243782,2.79575162463718
1710527558.2438955,2.7817392349243164
1710527558.244009,2.765624788072374
1710527558.2441225,2.750561502244737
1710527558.2442358,2.735848161909315
1710527558.2443492,2.721485561794705
1710527558.2444627,2.710625860426161
1710527558.2445762,2.700466579861111
1710527558.2446895,2.691708935631646
1710527558.244803,2.6829510264926486
1710527558.2449164,2.672091325124105
1710527558.24503,2.6591298315260143
1710527558.2451432,2.6440662807888455
1710527558.2452567,2.627251413133409
1710527558.2453701,2.607984277937147
1710527558.2454836,2.588716877831353
1710527558.245597,2.5694497426350913
1710527558.2457104,2.5515837139553494
1710527558.2458239,2.53371795018514
1710527558.2459373,2.5158519215053983
1710527558.2460506,2.4976356824239097
1710527558.246164,2.476967175801595
1710527558.2462776,2.4534961912367077
1710527558.246391,2.4261718326144748
1710527558.2465043,2.396395471360948
1710527558.2466178,2.3631156815422907
1710527558.2467313,2.329135470920139
1710527558.2468448,2.2923525174458823
1710527558.246958,2.255569828881158
1710527558.2470715,2.2173856364356146
1710527558.247185,2.1792015764448376
1710527558.2472982,2.138215038511488
1710527558.2474117,2.094776233037313
1710527558.2475252,2.0474840535057917
1710527558.2476387,1.995287471347385
1710527558.247752,1.9406387541029189
1710527558.2478654,1.8800346056620278
1710527558.247979,1.8169783221350775
1710527558.2480924,1.7525207996368408
1710527558.2482057,1.6856111420525444
1710527558.2483191,1.6165995597839355
1710527558.2484326,1.544785499572754
1710527558.2485461,1.472270753648546
1710527558.2486594,1.395552290810479
1710527558.2487729,1.3174325890011258
1710527558.2488863,1.2361600663926866
1710527558.2489998,1.1499831411573622
1710527558.249113,1.0585516028934054
1710527558.2492266,0.9653684165742662
1710527558.24934,0.8679815133412678
1710527558.2494535,0.7663908931944106
1710527558.2495668,0.6637493107053969
1710527558.2496803,0.5590058697594537
1710527558.2497938,0.45391205284330577
1710527558.2499073,0.34636610084109837
1710527558.2500205,0.2398710780673557
1710527558.250134,0.13057354423734877
1710527558.2502475,0.019524453414811026
1710527558.250361,-0.09430868758095635
1710527558.2504742,-0.21023947331640455
1710527558.2505877,-0.3303731812371148
1710527558.2507012,-0.4505069057146708
1710527558.2508147,-0.5709908405939738
1710527558.250928,-0.6932260592778524
1710527558.2510414,-0.8126592636108398
1710527558.251155,-0.9299910068511963
1710527558.2512684,-1.0462720526589286
1710527558.2513816,-1.1601013607449002
1710527558.2514951,-1.2732301817999945
1710527558.2516086,-1.386359002855089
1710527558.2517219,-1.5001883771684434
1710527558.2518353,-1.615068382687039
1710527558.2519488,-1.7309991518656411
1710527558.2520623,-1.8451787365807426
1710527558.2521756,-1.957607136832343
1710527558.252289,-2.0665330357021756
1710527558.2524025,-2.1709058019849987
1710527558.252516,-2.26897398630778
1710527558.2526293,-2.3635400666130915
1710527558.2527428,-2.4535526169670954
1710527558.2528563,-2.5411136945088706
1710527558.2529697,-2.6269234551323786
1710527558.253083,-2.710982163747152
1710527558.2531965,-2.7946903970506454
1710527558.25331,-2.8752464718288846
1710527558.2534235,-2.9519499672783747
1710527558.2535367,-3.0237499872843423
1710527558.2536502,-3.0888954798380532
1710527558.2537637,-3.1477363904317217
1710527558.2538772,-3.2006231943766275
1710527558.2539904,-3.2472056812710233
1710527558.254104,-3.2888846927218967
1710527558.2542174,-3.3274115456475153
1710527558.2543309,-3.3645375569661455
1710527558.2544441,-3.397810724046495
1710527558.2545576,-3.4289823638068304
1710527558.254671,-3.456651634640164
1710527558.2547846,-3.4794176949395075
1710527558.2548978,-3.49798043568929
1710527558.2550113,-3.5112897555033364
1710527558.2551248,-3.5193453894721136
1710527558.2552383,-3.5228477583991156
1710527558.2553515,-3.5228477583991156
1710527558.255465,-3.5196955998738604
1710527558.2555785,-3.5144419140285916
1710527558.255692,-3.5091882281833224
1710527558.2558053,-3.5018332799275713
1710527558.2559187,-3.4934274355570474
1710527558.2560322,-3.4829200638665094
1710527558.2561455,-3.471011850568983
1710527558.256259,-3.4563014242384167
1710527558.2563725,-3.4398399458991156
1710527558.256486,-3.4205765194363065
1710527558.2565992,-3.398511144849989
1710527558.2567127,-3.375044928656684
1710527558.2568262,-3.3512282371520996
1710527558.2569396,-3.326360914442274
1710527558.257053,-3.301493591732449
1710527558.2571664,-3.278377585940891
1710527558.2572799,-3.255961736043294
1710527558.2573934,-3.233896361456977
1710527558.2575066,-3.21183098687066
1710527558.25762,-3.1908165083991156
1710527558.2577336,-3.1684009234110513
1710527558.257847,-3.1449344423082137
1710527558.2579603,-3.1207675404018826
1710527558.2580738,-3.095900217692057
1710527558.2581873,-3.071032894982232
1710527558.2583008,-3.047916889190674
1710527558.258414,-3.0255013042026095
1710527558.2585275,-3.0055374569363065
1710527558.258641,-2.988025082482232
1710527558.2587545,-2.9719138145446777
1710527558.2588677,-2.9575538635253906
1710527558.2589812,-2.9414425955878363
1710527558.2590947,-2.924981117248535
1710527558.2592082,-2.90781921810574
1710527558.2593215,-2.8889060020446777
1710527558.259435,-2.8706934716966415
1710527558.2595484,-2.852480676439073
1710527558.259662,-2.8374203046162925
1710527558.2597752,-2.823760774400499
1710527558.2598886,-2.813253402709961
1710527558.2600021,-2.80449734793769
1710527558.2601156,-2.796091503567166
1710527558.2602289,-2.7876856591966415
1710527558.2603424,-2.7775284979078503
1710527558.2604558,-2.765269809299045
1710527558.260569,-2.752310964796278
1710527558.2606826,-2.7376005384657116
1710527558.260796,-2.7242914835611978
1710527558.2609096,-2.7106319533454046
1710527558.2610228,-2.698723475138346
1710527558.2611363,-2.6889167891608343
1710527558.2612498,-2.680160734388563
1710527558.2613633,-2.67140441470676
1710527558.2614765,-2.661247518327501
1710527558.26159,-2.648638619316949
1710527558.2617035,-2.6339284578959146
1710527558.261817,-2.6150152418348522
1710527558.2619302,-2.594000498453776
1710527558.2620437,-2.5722853342692056
1710527558.2621572,-2.5502199596828885
1710527558.2622707,-2.5288552708095975
1710527558.262384,-2.507490317026774
1710527558.2624974,-2.486125363243951
1710527558.262611,-2.4637097782558866
1710527558.2627244,-2.439542876349555
1710527558.2628376,-2.4118736055162215
1710527558.2629511,-2.3807019657558866
1710527558.2630646,-2.34567748175727
1710527558.263178,-2.3071506288316512
1710527558.2632914,-2.265121406979031
1710527558.2634048,-2.2220414214664035
1710527558.2635183,-2.177560329437256
1710527558.2636318,-2.1323789490593805
1710527558.263745,-2.0857964621649847
1710527558.2638586,-2.037112580405341
1710527558.263972,-1.9859768284691703
1710527558.2640855,-1.9320392608642578
1710527558.2641988,-1.873898771074083
1710527558.2643123,-1.8119055695003934
1710527558.2644258,-1.7460596561431885
1710527558.2645392,-1.6753103997972276
1710527558.2646525,-1.6017591953277588
1710527558.264766,-1.5247054894765217
1710527558.2648795,-1.4452000459035237
1710527558.2649927,-1.364643971125285
1710527558.2651062,-1.2819863690270317
1710527558.2652197,-1.1979277928670247
1710527558.2653332,-1.1107169919543796
1710527558.2654464,-1.0200037558873494
1710527558.26556,-0.9268388483259413
1710527558.2656734,-0.829470952351888
1710527558.265787,-0.7271997133890787
1710527558.2659001,-0.6200249989827474
1710527558.2660136,-0.5103986461957296
1710527558.266127,-0.3979702790578206
1710527558.2662406,-0.2834404839409722
1710527558.2663538,-0.16750969820552403
1710527558.2664673,-0.05262964301639133
1710527558.2665808,0.06366384112172656
1710527558.2666943,0.17926699585384792
1710527558.2668076,0.29627141025331283
1710527558.266921,0.41572799285252887
1710527558.2670345,0.5379870865080092
1710527558.267148,0.6637493107053969
1710527558.2672613,0.791613393359714
1710527558.2673748,0.9212290578418307
1710527558.2674882,1.0508447223239474
1710527558.2676017,1.1787088712056477
1710527558.267715,1.3041207525465224
1710527558.2678285,1.4246282312605116
1710527558.267942,1.541632678773668
1710527558.2680554,1.656885544459025
1710527558.2681687,1.7696861426035562
1710527558.2682822,1.8831874264611137
1710527558.2683957,1.9973892635769315
1710527558.2685091,2.1115912331475153
1710527558.2686224,2.224742306603326
1710527558.268736,2.3357913229200573
1710527558.2688494,2.441585593753391
1710527558.2689629,2.541424698299832
1710527558.269076,2.634607950846354
1710527558.2691896,2.722185982598199
1710527558.269303,2.803808848063151
1710527558.2694163,2.8819285498725042
1710527558.2695298,2.9561948776245117
1710527558.2696433,3.03011073006524
1710527558.2697568,3.1019247902764215
1710527558.26987,3.1712868478563094
1710527558.2699835,3.2371454768710666
1710527558.270097,3.2963485187954373
1710527558.2702105,3.3516979217529297
1710527558.2703238,3.397938940260145
1710527558.2704372,3.4389257431030273
1710527558.2705507,3.471855057610406
1710527558.2706642,3.500580522749159
1710527558.2707775,3.5247521930270724
1710527558.270891,3.5475224918789334
1710527558.2710044,3.5667896270751953
1710527558.271118,3.583604759640164
1710527558.2712312,3.5979676246643066
1710527558.2713447,3.608476850721571
1710527558.2714581,3.6137315962049694
1710527558.2715716,3.615132967631022
1710527558.271685,3.611629803975423
1710527558.2717984,3.6032221052381725
1710527558.2719119,3.592362668779161
1710527558.2720253,3.5783500141567655
1710527558.2721386,3.5629362530178494
1710527558.272252,3.54647159576416
1710527558.2723656,3.5293062527974444
1710527558.272479,3.510739803314209
1710527558.2725923,3.491822878519694
1710527558.2727058,3.471855057610406
1710527558.2728193,3.449785444471571
1710527558.2729328,3.427365356021457
1710527558.273046,3.4024930000305176
1710527558.2731595,3.3765700128343368
1710527558.273273,3.3495958646138506
1710527558.2733865,3.321921295589871
1710527558.2734997,3.2938962512546115
1710527558.2736132,3.2662214173210993
1710527558.2737267,3.239947954813639
1710527558.27384,3.2143751780192056
1710527558.2739534,3.1905539830525713
1710527558.274067,3.1677836842007108
1710527558.2741804,3.1446631749471026
1710527558.2742937,3.122243086496989
1710527558.2744071,3.0987721019321017
1710527558.2745206,3.0749509069654675
1710527558.2746341,3.050429026285807
1710527558.2747474,3.0255566702948675
1710527558.2748609,3.0013852649264865
1710527558.2749743,2.9786149660746255
1710527558.2750878,2.957245773739285
1710527558.275201,2.9390295346577964
1710527558.2753146,2.92221466700236
1710527558.275428,2.907151116265191
1710527558.2755415,2.892438040839301
1710527558.2756548,2.877024279700385
1710527558.2757683,2.860909832848443
1710527558.2758818,2.8440949651930065
1710527558.2759953,2.826228936513265
1710527558.2761085,2.8094138039482965
1710527558.276222,2.7929491466946073
1710527558.2763355,2.778936756981744
1710527558.276449,2.7673763699001737
1710527558.2765622,2.756867143842909
1710527558.2766757,2.7481092347039118
1710527558.2767892,2.737950219048394
1710527558.2769027,2.7274407280815973
1710527558.277016,2.7144792344835067
1710527558.2771294,2.700116369459364
1710527558.277243,2.685052818722195
1710527558.2773564,2.6682379510667587
1710527558.2774696,2.6514228185017905
1710527558.2775831,2.6367097430759006
1710527558.2776966,2.622346878051758
1710527558.27781,2.6093853844536676
1710527558.2779233,2.596774101257324
1710527558.2780368,2.5827617115444608
1710527558.2781503,2.5662970542907715
1710527558.2782636,2.5473801294962564
1710527558.278377,2.5246098306443954
1710527558.2784905,2.4997374746534557
1710527558.278604,2.472413116031223
1710527558.2787173,2.4436876508924694
1710527558.2788308,2.414961920844184
1710527558.2789443,2.3855357699924045
1710527558.2790577,2.3564598295423718
1710527558.279171,2.325982517666287
1710527558.2792845,2.2930532031589084
1710527558.279398,2.258021831512451
1710527558.2795115,2.218786875406901
1710527558.2796247,2.1753480699327254
1710527558.2797382,2.1287565761142306
1710527558.2798517,2.0786617861853705
1710527558.2799652,2.026114993625217
1710527558.2800784,1.972166829639011
1710527558.280192,1.9157665305667453
1710527558.2803054,1.8586655457814534
1710527558.2804189,1.799112425910102
1710527558.2805321,1.7381580670674641
1710527558.2806456,1.6737005445692275
1710527558.280759,1.6053895155588784
1710527558.2808726,1.5335754553476968
1710527558.2809858,1.457207335366143
1710527558.2810993,1.3773360517289903
1710527558.2812128,1.2939616044362385
1710527558.2813263,1.2077848116556804
1710527558.2814395,1.118104722764757
1710527558.281553,1.0270234611299303
1710527558.2816665,0.9348912371529473
1710527558.28178,0.8403068780899048
1710527558.2818933,0.745372109942966
1710527558.2820067,0.6472845872243246
1710527558.2821202,0.5467448963059319
1710527558.2822337,0.44235173198911876
1710527558.282347,0.33480577998691136
1710527558.2824605,0.22410700718561807
1710527558.282574,0.11025541358523898
1710527558.2826872,-0.006397426542308595
1710527558.2828007,-0.1254804101255205
1710527558.2829142,-0.24386290046903822
1710527558.2830276,-0.3608444333076477
1710527558.283141,-0.47817617654800415
1710527558.2832544,-0.5941069788402981
1710527558.2833679,-0.7096875376171535
1710527558.2834814,-0.826318793826633
1710527558.2835946,-0.9447013007269965
1710527558.283708,-1.064834992090861
1710527558.2838216,-1.1860194471147325
1710527558.283935,-1.307904322942098
1710527558.2840483,-1.4297893312242296
1710527558.2841618,-1.549222469329834
1710527558.2842753,-1.6655035813649495
1710527558.2843888,-1.776881217956543
1710527558.284502,-1.8844061427646213
1710527558.2846155,-1.9884285661909316
1710527558.284729,-2.0903495947519937
1710527558.2848425,-2.1891184647878013
1710527558.2849557,-2.2882374127705893
1710527558.2850692,-2.3870062828063965
1710527558.2851827,-2.484724521636963
1710527558.2852962,-2.579290337032742
1710527558.2854095,-2.670353783501519
1710527558.285523,-2.756163544125027
1710527558.2856364,-2.834618356492784
1710527558.28575,-2.90781921810574
1710527558.2858632,-2.973665131462945
1710527558.2859766,-3.0363588862948947
1710527558.2860901,-3.094499376085069
1710527558.2862036,-3.149487707349989
1710527558.2863169,-3.2027247216966415
1710527558.2864304,-3.2542106840345593
1710527558.2865438,-3.301493591732449
1710527558.2866573,-3.3449239201015897
1710527558.2867706,-3.383100562625461
1710527558.286884,-3.4160235193040633
1710527558.2869976,-3.442291683620877
1710527558.2871108,-3.4626057412889266
1710527558.2872243,-3.4794176949395075
1710527558.2873378,-3.490975697835286
1710527558.2874513,-3.5007823838127985
1710527558.2875645,-3.5088380177815752
1710527558.287678,-3.5144419140285916
1710527558.2877915,-3.5186449686686196
1710527558.287905,-3.5200458102756076
1710527558.2880182,-3.518995179070367
1710527558.2881317,-3.5140917036268444
1710527558.2882452,-3.5060360696580672
1710527558.2883587,-3.4941278563605414
1710527558.288472,-3.4794176949395075
1710527558.2885854,-3.46225553088718
1710527558.288699,-3.442291683620877
1710527558.2888124,-3.4226780467563205
1710527558.2889256,-3.40236398908827
1710527558.2890391,-3.381699456108941
1710527558.2891526,-3.3599842919243708
1710527558.289266,-3.3393200238545733
1710527558.2893794,-3.318305280473497
1710527558.2894928,-3.2976410124037
1710527558.2896063,-3.2748749521043563
1710527558.2897198,-3.2510585255093045
1710527558.289833,-3.2258409923977323
1710527558.2899466,-3.2006231943766275
1710527558.29006,-3.1740048196580672
1710527558.2901735,-3.148086600833469
1710527558.2902868,-3.1242701742384167
1710527558.2904003,-3.1011539035373263
1710527558.2905138,-3.080839845869276
1710527558.2906272,-3.060875998602973
1710527558.2907405,-3.0437138345506454
1710527558.290854,-3.0244504080878363
1710527558.2909675,-3.006588088141547
1710527558.291081,-2.986974451276991
1710527558.2911942,-2.9663099182976618
1710527558.2913077,-2.9438943333095975
1710527558.2914212,-2.9239304860432944
1710527558.2915344,-2.904316849178738
1710527558.291648,-2.8857538435194225
1710527558.2917614,-2.8713938925001354
1710527558.291875,-2.859135468800863
1710527558.2919881,-2.847577200995551
1710527558.2921016,-2.837069829305013
1710527558.292215,-2.825862036810981
1710527558.2923286,-2.813253402709961
1710527558.2924418,-2.7992436620924206
1710527558.2925553,-2.7834826045566134
1710527558.2926688,-2.768071757422553
1710527558.2927823,-2.753011385599772
1710527558.2928956,-2.740052276187473
1710527558.293009,-2.728844483693441
1710527558.2931225,-2.7197382185194225
1710527558.293236,-2.7116825845506454
1710527558.2933493,-2.7036269505818686
1710527558.2934628,-2.6938202646043563
1710527558.2935762,-2.682261996799045
1710527558.2936897,-2.668602466583252
1710527558.293803,-2.652140988243951
1710527558.2939165,-2.6346288786994085
1710527558.29403,-2.61641608344184
1710527558.2941434,-2.599954605102539
1710527558.2942567,-2.5831429163614907
1710527558.2943702,-2.5687829653422036
1710527558.2944837,-2.5544230143229165
1710527558.2945971,-2.539012167188856
1710527558.2947104,-2.521149847242567
1710527558.294824,-2.5008357895745172
1710527558.2949374,-2.4770190980699325
1710527558.2950509,-2.4489996168348522
1710527558.295164,-2.418528397878011
1710527558.2952776,-2.3866560724046493
1710527558.295391,-2.353733115726047
1710527558.2955046,-2.3204599486456976
1710527558.2956178,-2.286486360761854
1710527558.2957313,-2.252162297566732
1710527558.2958448,-2.2150365511576333
1710527558.295958,-2.1754589345720077
1710527558.2960715,-2.1323789490593805
1710527558.296185,-2.0850959089067245
1710527558.2962985,-2.032559315363566
1710527558.2964118,-1.9768705632951524
1710527558.2965252,-1.9173290994432237
1710527558.2966387,-1.8546353446112738
1710527558.2967522,-1.790190405315823
1710527558.2968655,-1.7232938607533772
1710527558.296979,-1.6546459992726643
1710527558.2970924,-1.5845971637301974
1710527558.297206,-1.5110459592607286
1710527558.2973192,-1.4350430170694988
1710527558.2974327,-1.3548370202382405
1710527558.2975461,-1.2714789973364935
1710527558.2976596,-1.1832174989912245
1710527558.297773,-1.0904028018315632
1710527558.2978864,-0.9940856695175171
1710527558.2979999,-0.8935656150182087
1710527558.2981133,-0.7923451397154067
1710527558.2982266,-0.6886728604634603
1710527558.29834,-0.583599673377143
1710527558.2984536,-0.47852642006344265
1710527558.298567,-0.3713517387708028
1710527558.2986803,-0.26207559638553196
1710527558.2987938,-0.1510482198662228
1710527558.2989073,-0.03686865998639001
1710527558.2990208,0.08152978287802802
1710527558.299134,0.20413918627632988
1710527558.2992475,0.329551100730896
1710527558.299361,0.45671456389957005
1710527558.2994745,0.5838780270682441
1710527558.2995877,0.7096402512656318
1710527558.2997012,0.8340012364917331
1710527558.2998147,0.9562602970335219
1710527558.2999282,1.0771181848314073
1710527558.3000414,1.1969251102871366
1710527558.300155,1.3174325890011258
1710527558.3002684,1.4403923352559407
1710527558.3003817,1.5644029776255288
1710527558.3004951,1.6887639628516302
1710527558.3006086,1.8127746052212186
1710527558.3007221,1.9350336657630072
1710527558.3008354,2.053089009390937
1710527558.3009489,2.164838711420695
1710527558.3010623,2.2706331147087946
1710527558.3011758,2.372223801083035
1710527558.301289,2.4682095315721297
1710527558.3014026,2.56139251920912
1710527558.301516,2.6528241899278426
1710527558.3016295,2.7428544892205133
1710527558.3017428,2.8318338923984103
1710527558.3018563,2.917660607231988
1710527558.3019698,2.999633683098687
1710527558.3020833,3.074600431654188
1710527558.3021965,3.143612013922797
1710527558.30231,3.2045666376749673
1710527558.3024235,3.2592153549194336
1710527558.302537,3.3082591162787542
1710527558.3026502,3.3516979217529297
1710527558.3027637,3.392333984375
1710527558.3028772,3.43156894048055
1710527558.3029907,3.4673009978400335
1710527558.303104,3.5012812084621854
1710527558.3032174,3.531057834625244
1710527558.303331,3.5559299257066512
1710527558.3034444,3.5751973258124456
1710527558.3035576,3.589209715525309
1710527558.3036711,3.5969167285495334
1710527558.3037846,3.600069416893853
1710527558.303898,3.5993687311808267
1710527558.3040113,3.5958655675252276
1710527558.3041248,3.5906110869513617
1710527558.3042383,3.583604759640164
1710527558.3043518,3.5758977466159396
1710527558.304465,3.565388520558675
1710527558.3045785,3.554178343878852
1710527558.304692,3.539115058051215
1710527558.3048053,3.5219497150845
1710527558.3049188,3.5019818941752114
1710527558.3050323,3.479912281036377
1710527558.3051457,3.4560908211602106
1710527558.305259,3.4308685196770563
1710527558.3053725,3.4049452675713434
1710527558.305486,3.3783215946621366
1710527558.3055995,3.3520481321546765
1710527558.3057127,3.325774669647217
1710527558.3058262,3.3009025785658093
1710527558.3059397,3.2760302225748696
1710527558.3060532,3.2515083418952093
1710527558.3061664,3.226636250813802
1710527558.30628,3.201063474019368
1710527558.3063934,3.175840907626682
1710527558.3065069,3.149217234717475
1710527558.3066201,3.1229437722100153
1710527558.3067336,3.096319834391276
1710527558.306847,3.071447743309869
1710527558.3069606,3.0476265483432345
1710527558.3070738,3.025907145606147
1710527558.3071873,3.0069902208116317
1710527558.3073008,2.988773981730143
1710527558.3074143,2.9712584283616805
1710527558.3075275,2.954093085394965
1710527558.307641,2.93692774242825
1710527558.3077545,2.9173101319207086
1710527558.307868,2.8983932071261935
1710527558.3079813,2.8791260719299316
1710527558.3080947,2.8598589367336698
1710527558.3082082,2.842693593766954
1710527558.3083217,2.827279832628038
1710527558.308435,2.8157194455464682
1710527558.3085485,2.80415932337443
1710527558.308662,2.7936498324076333
1710527558.3087754,2.782089445326063
1710527558.3088887,2.7705293231540256
1710527558.3090022,2.757567564646403
1710527558.3091156,2.7428544892205133
1710527558.309229,2.726740042368571
1710527558.3093424,2.710976070827908
1710527558.3094559,2.696262995402018
1710527558.3095694,2.683301501803928
1710527558.3096826,2.6713906394110785
1710527558.309796,2.66158209906684
1710527558.3099096,2.649321026272244
1710527558.310023,2.638811800214979
1710527558.3101363,2.625850041707357
1710527558.3102498,2.6090351740519204
1710527558.3103633,2.590818934970432
1710527558.3104768,2.5694497426350913
1710527558.31059,2.5473801294962564
1710527558.3107035,2.5249600410461426
1710527558.310817,2.503240638309055
1710527558.3109305,2.481521235571967
1710527558.3110437,2.460502518547906
1710527558.3111572,2.4373820092942977
1710527558.3112707,2.4139110247294107
1710527558.3113842,2.3855357699924045
1710527558.3114974,2.3557591438293457
1710527558.311611,2.3207277721828885
1710527558.3117244,2.2835946083068848
1710527558.311838,2.242608070373535
1710527558.3119512,2.2002202934688992
1710527558.3120646,2.15748217370775
1710527558.3121781,2.1133428149753146
1710527558.3122916,2.0678022172715926
1710527558.3124049,2.0198093520270453
1710527558.3125184,1.969014008839925
1710527558.3126318,1.9161168734232583
1710527558.3127453,1.857964860068427
1710527558.3128586,1.795609262254503
1710527558.312972,1.730100843641493
1710527558.3130856,1.6600383652581108
1710527558.313199,1.5871732764773898
1710527558.3133123,1.510805156495836
1710527558.3134258,1.433035797542996
1710527558.3135393,1.35351472430759
1710527558.3136525,1.2715416484408908
1710527558.313766,1.187816990746392
1710527558.3138795,1.1012897226545546
1710527558.313993,1.0116096999910142
1710527558.3141062,0.9187768565283881
1710527558.3142197,0.8220905727810329
1710527558.3143332,0.7212005721198188
1710527558.3144467,0.6168074078030056
1710527558.31456,0.5092614558007982
1710527558.3146734,0.3999639219707913
1710527558.314787,0.2885645296838548
1710527558.3149004,0.17646448479758367
1710527558.3150136,0.06436446474658118
1710527558.3151271,-0.0484267125527064
1710527558.3152406,-0.16120529837078518
1710527558.315354,-0.2750346230136024
1710527558.3154674,-0.39061516523361206
1710527558.3155808,-0.5082971851030985
1710527558.3156943,-0.6280806329515245
1710527558.3158078,-0.749615364604526
1710527558.315921,-0.8725510040918986
1710527558.3160346,-0.9947861565483941
1710527558.316148,-1.1163208219740126
1710527558.3162615,-1.234353118472629
1710527558.3163748,-1.3499336772494845
1710527558.3164883,-1.463412708706326
1710527558.3166018,-1.5740899244944253
1710527558.3167152,-1.6837162441677518
1710527558.3168285,-1.793342696295844
1710527558.316942,-1.9040197796291776
1710527558.3170555,-2.013996442159017
1710527558.317169,-2.123973104688856
1710527558.3172822,-2.2311478190951877
1710527558.3173957,-2.335170110066732
1710527558.3175092,-2.434289190504286
1710527558.3176227,-2.5264035330878363
1710527558.317736,-2.6129137145148382
1710527558.3178494,-2.6959215270148382
1710527558.317963,-2.7733254432678223
1710527558.3180761,-2.8486280971103244
1710527558.3181896,-2.922179169125027
1710527558.318303,-2.99222813712226
1710527558.3184166,-3.0605257882012262
1710527558.3185298,-3.1249705950419107
1710527558.3186433,-3.1852126121520996
1710527558.3187568,-3.238449626498752
1710527558.3188703,-3.2850321133931475
1710527558.3189836,-3.3267111248440213
1710527558.319097,-3.3610351880391436
1710527558.3192105,-3.3904555108812118
1710527558.319324,-3.4174243609110513
1710527558.3194373,-3.4412410524156356
1710527558.3195508,-3.463306427001953
1710527558.3196642,-3.4829200638665094
1710527558.3197777,-3.5004321734110513
1710527558.319891,-3.5140917036268444
1710527558.3200045,-3.5231979688008623
1710527558.320118,-3.529152340359158
1710527558.3202314,-3.529852761162652
1710527558.3203447,-3.527401023440891
1710527558.3204582,-3.5203960206773544
1710527558.3205717,-3.5112897555033364
1710527558.3206851,-3.5004321734110513
1710527558.3207984,-3.488173749711778
1710527558.320912,-3.475915061102973
1710527558.3210254,-3.46225553088718
1710527558.3211389,-3.4478955798678927
1710527558.321252,-3.432484997643365
1710527558.3213656,-3.4153228335910373
1710527558.321479,-3.396409617529975
1710527558.3215926,-3.3760955598619247
1710527558.3217058,-3.3533297644721136
1710527558.3218193,-3.3295130729675293
1710527558.3219328,-3.304295539855957
1710527558.3220463,-3.2794282171461315
1710527558.3221595,-3.2535102632310653
1710527558.322273,-3.228993150922987
1710527558.3223865,-3.2062270906236434
1710527558.3224998,-3.1831110848320856
1710527558.3226132,-3.162096341451009
1710527558.3227267,-3.140731652577718
1710527558.3228402,-3.1193666987948947
1710527558.3229535,-3.0969511138068304
1710527558.323067,-3.073484632703993
1710527558.3231804,-3.049668206108941
1710527558.323294,-3.0251510938008623
1710527558.3234072,-3.0016846126980252
1710527558.3235207,-2.979269027709961
1710527558.3236341,-2.9596553908454046
1710527558.3237476,-2.9424934917026095
1710527558.323861,-2.9267324341668024
1710527558.3239744,-2.912022272745768
1710527558.3240879,-2.898712952931722
1710527558.3242013,-2.8836523161994085
1710527558.3243146,-2.86684062745836
1710527558.324428,-2.849678728315565
1710527558.3245416,-2.83111572265625
1710527558.324655,-2.813953823513455
1710527558.3247683,-2.7985432412889266
1710527558.3248818,-2.7852339214748807
1710527558.3249953,-2.773675653669569
1710527558.3251088,-2.7649195988972983
1710527558.325222,-2.756863964928521
1710527558.3253355,-2.74810791015625
1710527558.325449,-2.739001644982232
1710527558.3255625,-2.727443642086453
1710527558.3256757,-2.71378411187066
1710527558.3257892,-2.6980230543348522
1710527558.3259027,-2.682612207200792
1710527558.3260162,-2.667902045779758
1710527558.3261294,-2.653542094760471
1710527558.326243,-2.6412834061516657
1710527558.3263564,-2.6297254032558866
1710527558.32647,-2.618517610761854
1710527558.3265831,-2.6066093974643283
1710527558.3266966,-2.5918992360432944
1710527558.3268101,-2.5743868615892196
1710527558.3269234,-2.5537225935194225
1710527558.3270369,-2.5302561124165854
1710527558.3271503,-2.505038579305013
1710527558.3272638,-2.4787704149881997
1710527558.327377,-2.4528521961636014
1710527558.3274906,-2.426934242248535
1710527558.327604,-2.4010160234239364
1710527558.3277175,-2.3740474383036294
1710527558.3278308,-2.346377902560764
1710527558.3279443,-2.3145058419969344
1710527558.3280578,-2.280181778801812
1710527558.3281713,-2.2416549258761935
1710527558.3282845,-2.198224729961819
1710527558.328398,-2.1533935599856906
1710527558.3285115,-2.105059888627794
1710527558.328625,-2.0553252432081432
1710527558.3287382,-2.004189623726739
1710527558.3288517,-1.9509524769253201
1710527558.3289652,-1.8970149093204074
1710527558.3290787,-1.8406256039937336
1710527558.329192,-1.780733797285292
1710527558.3293054,-1.716989411248101
1710527558.329419,-1.6483415497673881
1710527558.3295324,-1.5765415297614203
1710527558.3296456,-1.4991376135084364
1710527558.3297591,-1.4185815387301974
1710527558.3298726,-1.3341726197136772
1710527558.329986,-1.2459111213684082
1710527558.3300993,-1.157299412621392
1710527558.3302128,-1.065535479121738
1710527558.3303263,-0.9720202949311998
1710527558.3304398,-0.8764037158754137
1710527558.330553,-0.7779851224687364
1710527558.3306665,-0.6781655550003052
1710527558.33078,-0.5730923016866049
1710527558.3308935,-0.46451667944590247
1710527558.3310068,-0.35103758176167804
1710527558.3311203,-0.23440630899535284
1710527558.3312337,-0.11462284459008111
1710527558.331347,0.006562887380520502
1710527558.3314605,0.12952260673046112
1710527558.331574,0.25038045313623214
1710527558.3316875,0.3719389107492235
1710527558.3318007,0.4913955264621311
1710527558.3319142,0.6108521090613471
1710527558.3320277,0.7310093111462063
1710527558.3321412,0.8546696768866645
1710527558.3322544,0.9793809387418959
1710527558.332368,1.10654440191057
1710527558.3324814,1.2358097235361736
1710527558.3325949,1.3636738724178739
1710527558.3327081,1.4897864394717746
1710527558.3328216,1.6130963961283364
1710527558.332935,1.730100843641493
1710527558.3330486,1.8439524703555636
1710527558.3331618,1.9539505905575223
1710527558.3332753,2.060445547103882
1710527558.3333888,2.1672909789615207
1710527558.3335023,2.2727349069383407
1710527558.3336155,2.3792301283942328
1710527558.333729,2.4843237135145397
1710527558.3338425,2.5869652960035534
1710527558.333956,2.6854032940334744
1710527558.3340693,2.7768349647521973
1710527558.3341827,2.863011625077989
1710527558.3342962,2.9411313268873425
1710527558.3344097,3.0132958624098034
1710527558.334523,3.0798551771375866
1710527558.3346364,3.1429115931193032
1710527558.33475,3.202815055847168
1710527558.3348634,3.2606164614359536
1710527558.3349767,3.315965864393446
1710527558.3350902,3.3685127894083657
1710527558.3352036,3.416155179341634
1710527558.3353171,3.4560908211602106
1710527558.3354304,3.4907719824049206
1710527558.3355439,3.51879702674018
1710527558.3356574,3.5408666398790145
1710527558.3357706,3.556981086730957
1710527558.335884,3.569942580329047
1710527558.3359976,3.580101595984565
1710527558.336111,3.588158819410536
1710527558.3362243,3.5948146714104547
1710527558.3363378,3.5986680454678006
1710527558.3364513,3.599719206492106
1710527558.3365648,3.59726693895128
1710527558.336678,3.5913115077548556
1710527558.3367915,3.5822033882141113
1710527558.336905,3.568190998501248
1710527558.3370185,3.5517263412475586
1710527558.3371317,3.5321087307400174
1710527558.3372452,3.5124913851420083
1710527558.3373587,3.4907719824049206
1710527558.3374722,3.4680016835530596
1710527558.3375854,3.445581595102946
1710527558.337699,3.422811296251085
1710527558.3378124,3.400391207800971
1710527558.337926,3.376920223236084
1710527558.3380392,3.353449238671197
1710527558.3381526,3.327526251475016
1710527558.3382661,3.3012527889675565
1710527558.3383796,3.273227744632297
1710527558.3384929,3.2452027002970376
1710527558.3386064,3.217177655961778
1710527558.3387198,3.1891528765360513
1710527558.3388333,3.162178728315565
1710527558.3389466,3.1366059515211315
1710527558.33906,3.1124342812432184
1710527558.3391736,3.0896639823913574
1710527558.339287,3.0679445796542697
1710527558.3394003,3.0465756522284613
1710527558.3395138,3.0252064598931208
1710527558.3396273,3.0024361610412598
1710527558.3397408,2.9793153868781195
1710527558.339854,2.9561948776245117
1710527558.3399675,2.933074368370904
1710527558.340081,2.911004490322537
1710527558.3401942,2.891737355126275
1710527558.3403077,2.8742218017578125
1710527558.3404212,2.8591582510206432
1710527558.3405347,2.8458465470208063
1710527558.340648,2.833235263824463
1710527558.3407614,2.82027350531684
1710527558.340875,2.8066113260057235
1710527558.3409884,2.7911975648668075
1710527558.3411016,2.7754335933261447
1710527558.3412151,2.7589689360724554
1710527558.3413286,2.74320469962226
1710527558.341442,2.7291923099093967
1710527558.3415554,2.7176319228278265
1710527558.3416688,2.7078233824835882
1710527558.3417823,2.6990654733445907
1710527558.3418958,2.6903075642055936
1710527558.342009,2.680148548550076
1710527558.3421226,2.667887740665012
1710527558.342236,2.653524875640869
1710527558.3423495,2.637760639190674
1710527558.3424628,2.619194189707438
1710527558.3425763,2.6023790571424694
1710527558.3426898,2.5848635037740073
1710527558.3428032,2.569099532233344
1710527558.3429165,2.553685771094428
1710527558.34303,2.538272009955512
1710527558.3431435,2.52215756310357
1710527558.343257,2.504291534423828
1710527558.3433702,2.4822219212849936
1710527558.3434837,2.457700040605333
1710527558.3435972,2.430025471581353
1710527558.3437107,2.399197949303521
1710527558.343824,2.3666188451978893
1710527558.3439374,2.3329888449774847
1710527558.344051,2.2979574733310275
1710527558.3441644,2.2629263665941024
1710527558.3442776,2.226493888431125
1710527558.344391,2.1886600388420954
1710527558.3445046,2.1476733684539795
1710527558.3446178,2.102483113606771
1710527558.3447313,2.054490248362223
1710527558.3448448,2.00264400906033
1710527558.3449583,1.945893367131551
1710527558.3450716,1.8873911433749728
1710527558.345185,1.8260864416758218
1710527558.3452985,1.7623296048906114
1710527558.345412,1.6978720823923745
1710527558.3455253,1.6309624248080783
1710527558.3456388,1.5616004996829562
1710527558.3457522,1.4901366498735216
1710527558.3458657,1.415169768863254
1710527558.345979,1.3370500670539007
1710527558.3460925,1.2543763054741752
1710527558.346206,1.1678491698371039
1710527558.3463194,1.0771181848314073
1710527558.3464327,0.9828841023974948
1710527558.3465462,0.8858474757936265
1710527558.3466597,0.7860083712471856
1710527558.3467731,0.6847680277294582
1710527558.3468864,0.5824767880969577
1710527558.347,0.47843393352296615
1710527558.3471134,0.3722892204920451
1710527558.3472269,0.2657941977183024
1710527558.34734,0.15474511517418754
1710527558.3474536,0.04124383545584149
1710527558.347567,-0.0750452611181471
1710527558.3476806,-0.19412823849254185
1710527558.3477938,-0.31636344061957467
1710527558.3479073,-0.43859859307607013
1710527558.3480208,-0.5604835351308187
1710527558.3481343,-0.6816679901546902
1710527558.3482475,-0.8011011944876777
1710527558.348361,-0.9184330039554172
1710527558.3484745,-1.0354144705666435
1710527558.348588,-1.150644752714369
1710527558.3487012,-1.2655248906877306
1710527558.3488147,-1.382156080669827
1710527558.3489282,-1.4991376135084364
1710527558.3490415,-1.616119146347046
1710527558.349155,-1.7334508895874023
1710527558.3492684,-1.8479806847042508
1710527558.349382,-1.958307557635837
1710527558.3494952,-2.0644315083821616
1710527558.3496087,-2.1646013524797225
1710527558.3497221,-2.2609183523390026
1710527558.3498356,-2.353733115726047
1710527558.349949,-2.4440961413913302
1710527558.3500624,-2.5320074293348522
1710527558.3501759,-2.6199187172783747
1710527558.3502893,-2.7060786883036294
1710527558.3504026,-2.7901371320088706
1710527558.350516,-2.8710436820983887
1710527558.3506296,-2.9463460710313583
1710527558.350743,-3.0153441429138184
1710527558.3508563,-3.077337476942274
1710527558.3509698,-3.133026229010688
1710527558.3510833,-3.183811505635579
1710527558.3511968,-3.230393992529975
1710527558.35131,-3.2738243208991156
1710527558.3514235,-3.315153121948242
1710527558.351537,-3.3550808164808483
1710527558.3516505,-3.3904555108812118
1710527558.3517637,-3.4240788883633084
1710527558.3518772,-3.4513979487948947
1710527558.3519907,-3.4755648507012262
1710527558.3521042,-3.4930772251553006
1710527558.3522174,-3.5070869657728405
1710527558.352331,-3.5140917036268444
1710527558.3524444,-3.5193453894721136
1710527558.352558,-3.5207464959886337
1710527558.3526711,-3.5214469167921276
1710527558.3527846,-3.5200458102756076
1710527558.3528981,-3.5165434413486056
1710527558.3530116,-3.5116399659050836
1710527558.3531249,-3.5046352280510797
1710527558.3532383,-3.4948282771640353
1710527558.3533518,-3.4822196430630155
1710527558.353465,-3.467509216732449
1710527558.3535786,-3.4499971071879068
1710527558.353692,-3.4296830495198565
1710527558.3538055,-3.4076176749335394
1710527558.3539188,-3.385201825035943
1710527558.3540323,-3.3617356088426376
1710527558.3541458,-3.338619338141547
1710527558.3542593,-3.316203753153483
1710527558.3543725,-3.294138378567166
1710527558.354486,-3.272773689693875
1710527558.3545995,-3.2517589463127985
1710527558.354713,-3.230393992529975
1710527558.3548262,-3.208328617943658
1710527558.3549397,-3.1841617160373263
1710527558.3550532,-3.15964486863878
1710527558.3551667,-3.134777545928955
1710527558.35528,-3.1099099583095975
1710527558.3553934,-3.0860935317145453
1710527558.355507,-3.064028157128228
1710527558.3556204,-3.0433636241488986
1710527558.3557336,-3.0248008833991156
1710527558.3558471,-3.0079891946580672
1710527558.3559606,-2.991177241007487
1710527558.356074,-2.974365552266439
1710527558.3561873,-2.9561530219184027
1710527558.3563008,-2.9372398058573403
1710527558.3564143,-2.916575272878011
1710527558.3565278,-2.896261215209961
1710527558.356641,-2.8766475783454046
1710527558.3567545,-2.8587849934895835
1710527558.356868,-2.8444250424702964
1710527558.3569815,-2.831816408369276
1710527558.3570948,-2.820958826276991
1710527558.3572083,-2.8115020857916937
1710527558.3573217,-2.801695399814182
1710527558.3574352,-2.7901371320088706
1710527558.3575485,-2.7764778667026095
1710527558.357662,-2.7614172299702964
1710527558.3577754,-2.746006382836236
1710527558.3578887,-2.7298953798082137
1710527558.3580022,-2.716586059994168
1710527558.3581157,-2.7046775817871094
1710527558.3582292,-2.6945206854078503
1710527558.3583424,-2.6854141553243003
1710527558.358456,-2.676658100552029
1710527558.3585694,-2.6668514145745172
1710527558.3586829,-2.6545927259657116
1710527558.3587961,-2.6398825645446777
1710527558.3589096,-2.6227206654018826
1710527558.359023,-2.6038074493408203
1710527558.3591366,-2.5831429163614907
1710527558.3592498,-2.5638794898986816
1710527558.3593633,-2.5446160634358725
1710527558.3594768,-2.5260533226860895
1710527558.3595903,-2.507840527428521
1710527558.3597035,-2.4885771009657116
1710527558.359817,-2.4679128328959146
1710527558.3599305,-2.4437459309895835
1710527558.360044,-2.415726449754503
1710527558.3601573,-2.3835039138793945
1710527558.3602707,-2.349179850684272
1710527558.3603842,-2.3120541042751737
1710527558.3604977,-2.272826830546061
1710527558.360611,-2.2314980294969344
1710527558.3607244,-2.190519438849555
1710527558.360838,-2.1477896637386746
1710527558.3609514,-2.10365891456604
1710527558.3610647,-2.0556754536098905
1710527558.3611782,-2.00594080819024
1710527558.3612916,-1.9509524769253201
1710527558.3614051,-1.8910608026716444
1710527558.3615184,-1.8280168374379475
1710527558.3616319,-1.7600693967607286
1710527558.3617454,-1.6882693767547607
1710527558.3618588,-1.615068382687039
1710527558.361972,-1.5390654404958088
1710527558.3620856,-1.461311313841078
1710527558.362199,-1.38180587026808
1710527558.3623123,-1.299848821428087
1710527558.3624258,-1.21579024526808
1710527558.3625393,-1.1285793781280518
1710527558.3626528,-1.0371657212575276
1710527558.362766,-0.9418993526034884
1710527558.3628795,-0.8417295085059272
1710527558.362993,-0.7391079929139879
1710527558.3631065,-0.6312328577041626
1710527558.3632197,-0.5209059516588846
1710527558.3633332,-0.4105790787272983
1710527558.3634467,-0.2978005011876424
1710527558.3635602,-0.18502190709114075
1710527558.3636734,-0.07189306947920057
1710527558.363787,0.042294772962729134
1710527558.3639004,0.15824824571609497
1710527558.364014,0.27665389908684623
1710527558.3641272,0.3978620635138618
1710527558.3642406,0.5239745643403795
1710527558.3643541,0.6521889898512099
1710527558.3644676,0.7818046543333266
1710527558.3645809,0.9121209383010864
1710527558.3646944,1.0399850209554036
1710527558.3648078,1.1653969022962782
1710527558.3649213,1.288356648551093
1710527558.3650346,1.4078132311503093
1710527558.365148,1.5244673358069525
1710527558.3652616,1.6407710976070828
1710527558.365375,1.7567245165506997
1710527558.3654883,1.8740793069203694
1710527558.3656018,1.9914339648352728
1710527558.3657153,2.1077378590901694
1710527558.3658288,2.2215893533494735
1710527558.365942,2.330886787838406
1710527558.3660555,2.434229056040446
1710527558.366169,2.5316161579555936
1710527558.3662825,2.621646457248264
1710527558.3663957,2.707122696770562
1710527558.3665092,2.789445983039008
1710527558.3666227,2.8682663705613876
1710527558.366736,2.946035861968994
1710527558.3668494,3.0224039819505477
1710527558.366963,3.096319834391276
1710527558.3670764,3.166382312774658
1710527558.3671896,3.231540520985921
1710527558.3673031,3.2896924018859863
1710527558.3674166,3.3415386411878796
1710527558.36753,3.3860283427768283
1710527558.3676434,3.4235119819641113
1710527558.3677568,3.4574921925862627
1710527558.3678703,3.4876190291510687
1710527558.3679838,3.515644073486328
1710527558.368097,3.5408666398790145
1710527558.3682106,3.5632867283291287
1710527558.368324,3.5832542843288846
1710527558.3684375,3.5986680454678006
1710527558.3685508,3.6095277468363443
1710527558.3686643,3.616534074147542
1710527558.3687778,3.616534074147542
1710527558.3688912,3.6130309104919434
1710527558.3690045,3.6053241623772516
1710527558.369118,3.596216042836507
1710527558.3692315,3.58430544535319
1710527558.369345,3.5709934764438205
1710527558.3694582,3.557331297132704
1710527558.3695717,3.5408666398790145
1710527558.3696852,3.525102403428819
1710527558.3697987,3.5068861643473306
1710527558.369912,3.4865681330362954
1710527558.3700254,3.4641480445861816
1710527558.370139,3.4403268496195474
1710527558.3702524,3.4140533871120877
1710527558.3703656,3.3867290284898544
1710527558.370479,3.3587039841545954
1710527558.3705926,3.3296280437045627
1710527558.370706,3.3016029993693032
1710527558.3708193,3.2735782199435763
1710527558.3709328,3.246954282124837
1710527558.3710463,3.2210312949286566
1710527558.3711596,3.196158938937717
1710527558.371273,3.1716370582580566
1710527558.3713865,3.1474656528896756
1710527558.3715,3.1218926111857095
1710527558.3716133,3.095969623989529
1710527558.3717268,3.0693459510803223
1710527558.3718402,3.0444735950893826
1710527558.3719537,3.018550607893202
1710527558.372067,2.9947291480170355
1710527558.3721805,2.9740609063042536
1710527558.372294,2.955494191911485
1710527558.3724074,2.937628428141276
1710527558.3725207,2.922564877404107
1710527558.3726342,2.906800905863444
1710527558.3727477,2.8910366694132485
1710527558.3728611,2.8731709056430392
1710527558.3729744,2.8556550873650446
1710527558.373088,2.8360377417670355
1710527558.3732014,2.8181717130872936
1710527558.3733149,2.8017070558336044
1710527558.373428,2.7855926089816623
1710527558.3735416,2.772981325785319
1710527558.373655,2.761771414015028
1710527558.3737686,2.7519626087612576
1710527558.3738818,2.74180359310574
1710527558.3739953,2.73024320602417
1710527558.3741088,2.7176319228278265
1710527558.3742223,2.70256863700019
1710527558.3743355,2.6871548758612738
1710527558.374449,2.6713906394110785
1710527558.3745625,2.6552764574686685
1710527558.374676,2.6405631171332464
1710527558.3747892,2.6286525196499295
1710527558.3749027,2.6163917117648654
1710527558.3750162,2.6051817999945746
1710527558.3751297,2.592570516798231
1710527558.375243,2.5775069660610623
1710527558.3753564,2.5603416230943465
1710527558.37547,2.540724277496338
1710527558.3755832,2.5169028176201715
1710527558.3756967,2.492380936940511
1710527558.3758101,2.4675088458591037
1710527558.3759236,2.441235383351644
1710527558.376037,2.4163632922702365
1710527558.3761504,2.390089829762777
1710527558.3762639,2.3634658919440374
1710527558.3763773,2.334039741092258
1710527558.3764906,2.302862008412679
1710527558.376604,2.2671299510531955
1710527558.3767176,2.227194309234619
1710527558.376831,2.1848065323299832
1710527558.3769443,2.137514352798462
1710527558.3770578,2.0888209342956543
1710527558.3771713,2.037324905395508
1710527558.3772848,1.9854786660936143
1710527558.377398,1.9315305021074083
1710527558.3775115,1.875830888748169
1710527558.377625,1.8173286649915907
1710527558.3777385,1.7556736204359267
1710527558.3778517,1.6901652018229165
1710527558.3779652,1.6215039624108207
1710527558.3780787,1.5472376346588135
1710527558.3781922,1.4694682757059734
1710527558.3783054,1.3885460959540472
1710527558.378419,1.3044709629482694
1710527558.3785324,1.218644380569458
1710527558.378646,1.1293147669898138
1710527558.3787591,1.0389340586132474
1710527558.3788726,0.9471521774927775
1710527558.3789861,0.8532684379153781
1710527558.3790996,0.756582154168023
1710527558.3792129,0.6577940119637383
1710527558.3793263,0.5555027061038547
1710527558.3794398,0.4497083028157552
1710527558.3795533,0.33900953001446194
1710527558.3796666,0.22655919194221497
1710527558.37978,0.1120069788561927
1710527558.3798935,-0.0049964504109488595
1710527558.3800068,-0.12127747966183557
1710527558.3801203,-0.23790876070658365
1710527558.3802338,-0.3538395298851861
1710527558.3803473,-0.46801911460028756
1710527558.3804605,-0.582899186346266
1710527558.380574,-0.6981294684939914
1710527558.3806875,-0.8158114883634779
1710527558.380801,-0.9352446926964654
1710527558.3809142,-1.056779358122084
1710527558.3810277,-1.1786643664042156
1710527558.3811412,-1.300549242231581
1710527558.3812547,-1.4199825127919514
1710527558.381368,-1.5362634923723009
1710527558.3814814,-1.6490421030256484
1710527558.381595,-1.7583182122972276
1710527558.3817084,-1.864442163043552
1710527558.3818216,-1.9677641656663682
1710527558.3819351,-2.0707359578874374
1710527558.3820486,-2.172306776046753
1710527558.382162,-2.274227672153049
1710527558.3822753,-2.375798490312364
1710527558.3823888,-2.4742171499464245
1710527558.3825023,-2.5687829653422036
1710527558.3826158,-2.657744884490967
1710527558.382729,-2.740752961900499
1710527558.3828425,-2.817456192440457
1710527558.382956,-2.8882055812411838
1710527558.3830695,-2.9540514945983887
1710527558.3831828,-3.0170954598320856
1710527558.3832963,-3.076636791229248
1710527558.3834097,-3.133726649814182
1710527558.3835232,-3.1897656122843423
1710527558.3836365,-3.2423024707370334
1710527558.38375,-3.28993558883667
1710527558.3838634,-3.3323150210910373
1710527558.383977,-3.3687403466966415
1710527558.3840902,-3.399562040964762
1710527558.3842037,-3.4244293636745877
1710527558.3843172,-3.4440430005391436
1710527558.3844304,-3.461204899681939
1710527558.384544,-3.4755648507012262
1710527558.3846574,-3.4878235393100314
1710527558.3847709,-3.4990313318040633
1710527558.384884,-3.5077873865763345
1710527558.3849976,-3.5133912828233504
1710527558.385111,-3.5168936517503524
1710527558.3852246,-3.5161932309468584
1710527558.3853378,-3.5130410724216037
1710527558.3854513,-3.5049854384528265
1710527558.3855648,-3.4927267498440213
1710527558.3856783,-3.4794176949395075
1710527558.3857915,-3.463306427001953
1710527558.385905,-3.446494738260905
1710527558.3860185,-3.4289823638068304
1710527558.386132,-3.4111200438605414
1710527558.3862453,-3.392206827799479
1710527558.3863587,-3.373643822140164
1710527558.3864722,-3.3540301852756076
1710527558.3865857,-3.3333659172058105
1710527558.386699,-3.3109500673082137
1710527558.3868124,-3.287834061516656
1710527558.386926,-3.2626165284050836
1710527558.3870394,-3.235997888776991
1710527558.3871527,-3.209729724460178
1710527558.3872662,-3.183811505635579
1710527558.3873796,-3.157543341318766
1710527558.3874931,-3.1333764394124346
1710527558.3876064,-3.1113110648261175
1710527558.3877199,-3.090296321445041
1710527558.3878334,-3.069982263776991
1710527558.3879468,-3.050718837314182
1710527558.38806,-3.0297040939331055
1710527558.3881736,-3.0079891946580672
1710527558.388287,-2.985223134358724
1710527558.3884006,-2.9624573389689126
1710527558.3885138,-2.9407421747843423
1710527558.3886273,-2.919377221001519
1710527558.3887408,-2.90151490105523
1710527558.388854,-2.885403633117676
1710527558.3889675,-2.8724445237053766
1710527558.389081,-2.8608865208095975
1710527558.3891945,-2.849678728315565
1710527558.3893077,-2.8377705150180392
1710527558.3894212,-2.824461195203993
1710527558.3895347,-2.8101012441847057
1710527558.3896482,-2.7950406074523926
1710527558.3897614,-2.7796300252278647
1710527558.389875,-2.7642191780938044
1710527558.3899884,-2.7519607543945312
1710527558.390102,-2.74180359310574
1710527558.3902152,-2.7333977487352157
1710527558.3903286,-2.7270934316847057
1710527558.3904421,-2.7200884289211698
1710527558.3905556,-2.710982163747152
1710527558.3906689,-2.7011752128601074
1710527558.3907824,-2.687865893046061
1710527558.3908958,-2.67280552122328
1710527558.3910093,-2.656344042883979
1710527558.3911226,-2.6402327749464245
1710527558.391236,-2.6244717174106174
1710527558.3913496,-2.6101117663913302
1710527558.391463,-2.59610202577379
1710527558.3915763,-2.584193812476264
1710527558.3916898,-2.5694833861456976
1710527558.3918033,-2.5526716974046493
1710527558.3919168,-2.5330580605400934
1710527558.39203,-2.509942054748535
1710527558.3921435,-2.484724521636963
1710527558.392257,-2.4556541442871094
1710527558.3923705,-2.4262335565355087
1710527558.3924837,-2.3950619167751737
1710527558.3925972,-2.364940908220079
1710527558.3927107,-2.33306884765625
1710527558.3928242,-2.3015467325846353
1710527558.3929374,-2.2668727238972983
1710527558.393051,-2.2311478190951877
1710527558.3931644,-2.190519438849555
1710527558.3932776,-2.1470891104804144
1710527558.3933911,-2.098405228720771
1710527558.3935046,-2.045518424775865
1710527558.393618,-1.9905300935109456
1710527558.3937314,-1.9313388400607638
1710527558.3938448,-1.8710968229505751
1710527558.3939583,-1.8087534109751382
1710527558.3940718,-1.7443084716796875
1710527558.394185,-1.6763611634572346
1710527558.3942986,-1.6073630915747747
1710527558.394412,-1.5338117546505399
1710527558.3945255,-1.4571083916558158
1710527558.3946388,-1.3751512103610568
1710527558.3947523,-1.2886408964792888
1710527558.3948658,-1.1982780032687717
1710527558.3949792,-1.1033618450164795
1710527558.3950925,-1.0056437386406791
1710527558.395206,-0.905824171172248
1710527558.3953195,-0.8039031426111857
1710527558.395433,-0.7012816270192465
1710527558.3955462,-0.5965586503346761
1710527558.3956597,-0.4911352197329203
1710527558.3957732,-0.383610294924842
1710527558.3958867,-0.27328340543640983
1710527558.396,-0.15945408079359266
1710527558.3961134,-0.04177207748095194
1710527558.396227,0.07907758984300825
1710527558.3963404,0.2037888765335083
1710527558.3964536,0.3281498286459181
1710527558.396567,0.45391205284330577
1710527558.3966806,0.5786233478122287
1710527558.396794,0.7008824083540175
1710527558.3969073,0.8220905727810329
1710527558.3970208,0.9418974982367622
1710527558.3971343,1.060303184721205
1710527558.3972478,1.1808106634351943
1710527558.397361,1.302719513575236
1710527558.3974745,1.426029470231798
1710527558.397588,1.5514413515726724
1710527558.3977013,1.6758023367987738
1710527558.3978148,1.7977111869388156
1710527558.3979282,1.9157665305667453
1710527558.3980417,2.0292678144243026
1710527558.398155,2.1368137995402017
1710527558.3982685,2.2398055924309626
1710527558.398382,2.3392944865756564
1710527558.3984954,2.4356304274664984
1710527558.3986087,2.530915472242567
1710527558.3987222,2.626200517018636
1710527558.3988357,2.7200841903686523
1710527558.3989491,2.810815175374349
1710527558.3990624,2.8980429967244468
1710527558.399176,2.980716758304172
1710527558.3992894,3.0549830860561795
1710527558.3994029,3.122243086496989
1710527558.399516,3.183197445339627
1710527558.3996296,3.2378461625840926
1710527558.399743,3.288641505771213
1710527558.3998566,3.3362841606140137
1710527558.3999698,3.381474283006456
1710527558.4000833,3.4245628780788846
1710527558.4001968,3.4641480445861816
1710527558.4003103,3.499179416232639
1710527558.4004235,3.5296564631991916
1710527558.400537,3.553828133477105
1710527558.4006505,3.5720443725585938
1710527558.400764,3.58430544535319
1710527558.4008772,3.591661983066135
1710527558.4009907,3.5958655675252276
1710527558.4011042,3.596566253238254
1710527558.4012177,3.5958655675252276
1710527558.401331,3.5934135648939343
1710527558.4014444,3.5895599259270563
1710527558.401558,3.583604759640164
1710527558.4016714,3.5755475362141924
1710527558.4017847,3.5646878348456488
1710527558.4018981,3.551025655534532
1710527558.4020116,3.5342105229695635
1710527558.402125,3.515293863084581
1710527558.4022384,3.493223985036214
1710527558.4023519,3.470103475782606
1710527558.4024653,3.4448809093899198
1710527558.4025786,3.4203590287102594
1710527558.402692,3.3951364623175726
1710527558.4028056,3.3706145816379123
1710527558.402919,3.346092700958252
1710527558.4030323,3.3212206098768444
1710527558.4031458,3.2963485187954373
1710527558.4032593,3.270775477091471
1710527558.4033728,3.244852489895291
1710527558.403486,3.2175281312730575
1710527558.4035995,3.1898532973395453
1710527558.403713,3.162178728315565
1710527558.4038265,3.133803473578559
1710527558.4039397,3.1068293253580728
1710527558.4040532,3.081256548563639
1710527558.4041667,3.058135774400499
1710527558.4042802,3.0367668469746905
1710527558.4043934,3.016448550754123
1710527558.404507,2.9975318908691406
1710527558.4046204,2.9786149660746255
1710527558.404734,2.9586471451653376
1710527558.4048471,2.93832884894477
1710527558.4049606,2.917660607231988
1710527558.4050741,2.896641625298394
1710527558.4051876,2.876673804389106
1710527558.4053009,2.858457565307617
1710527558.4054143,2.8433942794799805
1710527558.4055278,2.830082310570611
1710527558.4056413,2.818521923489041
1710527558.4057546,2.8076622221204968
1710527558.405868,2.796452310350206
1710527558.4059815,2.7855926089816623
1710527558.406095,2.772280904981825
1710527558.4062083,2.757567564646403
1710527558.4063218,2.742153803507487
1710527558.4064353,2.72709051767985
1710527558.4065485,2.7123774422539606
1710527558.406662,2.7008170551723905
1710527558.4067755,2.690658039516873
1710527558.406889,2.6815499199761286
1710527558.4070022,2.6724418004353843
1710527558.4071157,2.6626329951816134
1710527558.4072292,2.6496712366739907
1710527558.4073427,2.6342577404446073
1710527558.407456,2.6174426078796387
1710527558.4075694,2.5978249973720975
1710527558.407683,2.577156755659315
1710527558.4077964,2.5564882490370007
1710527558.4079096,2.5365204281277127
1710527558.408023,2.517253292931451
1710527558.4081366,2.4976356824239097
1710527558.40825,2.4762667549981012
1710527558.4083633,2.454196876949734
1710527558.4084768,2.4282738897535534
1710527558.4085903,2.398847473992242
1710527558.4087038,2.3659181594848633
1710527558.408817,2.330186367034912
1710527558.4089305,2.291651831732856
1710527558.409044,2.2513659795125327
1710527558.4091575,2.210379441579183
1710527558.4092708,2.168341875076294
1710527558.4093843,2.1249030696021185
1710527558.4094977,2.08041336801317
1710527558.4096112,2.031369606653849
1710527558.4097245,1.980574263466729
1710527558.409838,1.9252249929640028
1710527558.4099514,1.865671740637885
1710527558.410065,1.8022652467091878
1710527558.4101782,1.7357057995266385
1710527558.4102917,1.6659936639997694
1710527558.4104052,1.5938292609320746
1710527558.4105186,1.5195629331800673
1710527558.410632,1.4438954989115398
1710527558.4107454,1.3661260075039334
1710527558.4108589,1.2855541706085205
1710527558.410972,1.203230751885308
1710527558.4110856,1.1163531409369574
1710527558.411199,1.0270234611299303
1710527558.4113126,0.9320887592103746
1710527558.4114258,0.8347018559773762
1710527558.4115393,0.7331111696031358
1710527558.4116528,0.6276671091715494
1710527558.4117663,0.5211720863978068
1710527558.4118795,0.4115242428249783
1710527558.411993,0.30047516028086346
1710527558.4121065,0.19047699040836757
1710527558.41222,0.0797782176070743
1710527558.4123333,-0.0326657315923108
1710527558.4124467,-0.14649505416552225
1710527558.4125602,-0.26277608341640896
1710527558.4126737,-0.3797576162550184
1710527558.412787,-0.5002415511343214
1710527558.4129004,-0.6217762496736314
1710527558.413014,-0.7461128632227579
1710527558.4131274,-0.8672973182466295
1710527558.4132407,-0.989182260301378
1710527558.4133542,-1.1068642801708646
1710527558.4134676,-1.22279511557685
1710527558.4135811,-1.3348731729719374
1710527558.4136944,-1.447301573223538
1710527558.4138079,-1.5569278928968642
1710527558.4139214,-1.6676049762301974
1710527558.4140348,-1.779332823223538
1710527558.414148,-1.8900100390116372
1710527558.4142616,-2.0006871223449707
1710527558.414375,-2.10996323161655
1710527558.4144886,-2.2136355770958795
1710527558.4146018,-2.3141556315951877
1710527558.4147153,-2.408721446990967
1710527558.4148288,-2.4980335765414767
1710527558.4149423,-2.582792705959744
1710527558.4150555,-2.663699256049262
1710527558.415169,-2.743905120425754
1710527558.4152825,-2.821659247080485
1710527558.4153957,-2.898362742529975
1710527558.4155092,-2.972264289855957
1710527558.4156227,-3.0426632033454046
1710527558.4157362,-3.1081589063008623
1710527558.4158494,-3.167350027296278
1710527558.415963,-3.221637937757704
1710527558.4160764,-3.2678702142503524
1710527558.41619,-3.309199015299479
1710527558.4163032,-3.3456243409050836
1710527558.4164166,-3.378547297583686
1710527558.4165301,-3.4083180957370334
1710527558.4166436,-3.4366877873738604
1710527558.4167569,-3.463306427001953
1710527558.4168704,-3.48537180158827
1710527558.4169838,-3.5046352280510797
1710527558.4170973,-3.518995179070367
1710527558.4172106,-3.5284516546461315
1710527558.417324,-3.5330049196879068
1710527558.4174376,-3.5330049196879068
1710527558.417551,-3.5288018650478787
1710527558.4176643,-3.5231979688008623
1710527558.4177778,-3.5140917036268444
1710527558.4178913,-3.5049854384528265
1710527558.4180048,-3.4937776459587946
1710527558.418118,-3.481518957349989
1710527558.4182315,-3.468910323248969
1710527558.418345,-3.454550372229682
1710527558.4184585,-3.4377384185791016
1710527558.4185717,-3.4188254674275713
1710527558.4186852,-3.397460513644748
1710527558.4187987,-3.374344242943658
1710527558.4189122,-3.3491267098320856
1710527558.4190254,-3.3239091767205133
1710527558.419139,-3.297991222805447
1710527558.4192524,-3.2713725831773544
1710527558.419366,-3.2465052604675293
1710527558.4194791,-3.222688568962945
1710527558.4195926,-3.1999227735731335
1710527558.419706,-3.1789082951015897
1710527558.4198194,-3.1571931309170194
1710527558.4199328,-3.135127756330702
1710527558.4200463,-3.1116612752278643
1710527558.4201598,-3.08784458372328
1710527558.420273,-3.062977261013455
1710527558.4203866,-3.0381099383036294
1710527558.4205,-3.014993932512071
1710527558.4206135,-2.9918779267205133
1710527558.4207268,-2.9719138145446777
1710527558.4208403,-2.9544017050001354
1710527558.4209538,-2.9386406474643283
1710527558.4210672,-2.9232300652398004
1710527558.4211805,-2.908519638909234
1710527558.421294,-2.892758846282959
1710527558.4214075,-2.8748962614271374
1710527558.421521,-2.8570339414808483
1710527558.4216342,-2.838120725419786
1710527558.4217477,-2.820258140563965
1710527558.4218612,-2.804147137535943
1710527558.4219747,-2.7897869216071234
1710527558.422088,-2.7782289187113443
1710527558.4222014,-2.7684222327338324
1710527558.422315,-2.760366598765055
1710527558.4224284,-2.7526611751980252
1710527558.4225416,-2.742504013909234
1710527558.422655,-2.731646431816949
1710527558.4227686,-2.7190377977159286
1710527558.422882,-2.7039771609836154
1710527558.4229953,-2.689967420366075
1710527558.4231088,-2.677008310953776
1710527558.4232223,-2.664749887254503
1710527558.4233358,-2.654242515563965
1710527558.423449,-2.6454864607916937
1710527558.4235625,-2.636380195617676
1710527558.423676,-2.6262230343288846
1710527558.4237895,-2.6139646106296115
1710527558.4239028,-2.598553763495551
1710527558.4240162,-2.579640547434489
1710527558.4241297,-2.5589762793646917
1710527558.424243,-2.5365604294670954
1710527558.4243565,-2.5123937924702964
1710527558.42447,-2.488927311367459
1710527558.4245834,-2.4658113055759006
1710527558.4246967,-2.442344824473063
1710527558.4248102,-2.417477501763238
1710527558.4249237,-2.3915595478481717
1710527558.4250371,-2.3631898562113443
1710527558.4251504,-2.3295662138197155
1710527558.425264,-2.2938413090176053
1710527558.4253774,-2.2532131936815047
1710527558.4254909,-2.2090823120541043
1710527558.425604,-2.163900931676229
1710527558.4257176,-2.115216917461819
1710527558.425831,-2.0665330357021756
1710527558.4259446,-2.015747626622518
1710527558.4260578,-1.9628608226776123
1710527558.4261713,-1.9078724914126926
1710527558.4262848,-1.8500822120242648
1710527558.4263983,-1.7877388000488281
1710527558.4265115,-1.7215426762898762
1710527558.426625,-1.6504430770874023
1710527558.4267385,-1.5761913193596733
1710527558.426852,-1.4973864290449355
1710527558.4269652,-1.4154292477501762
1710527558.4270787,-1.3317210144466824
1710527558.4271922,-1.2452107005649142
1710527558.4273057,-1.157649623023139
1710527558.427419,-1.066936453183492
1710527558.4275324,-0.9755227300855849
1710527558.427646,-0.8813071250915527
1710527558.4277594,-0.7842895057466295
1710527558.4278727,-0.6830689642164443
1710527558.4279861,-0.577645500500997
1710527558.4280996,-0.46801911460028756
1710527558.4282131,-0.3552405039469401
1710527558.4283264,-0.23720827367570665
1710527558.4284399,-0.11952626208464304
1710527558.4285533,-0.0007935216934937569
1710527558.4286666,0.11866291364034016
1710527558.42878,0.23741887675391302
1710527558.4288936,0.3551239106390211
1710527558.429007,0.47423018349541557
1710527558.4291203,0.595088005065918
1710527558.4292338,0.7166465123494467
1710527558.4293473,0.8427590131759644
1710527558.4294608,0.9702728192011515
1710527558.429574,1.099538140826755
1710527558.4296875,1.2288035286797416
1710527558.429801,1.3559669918484158
1710527558.4299145,1.479627291361491
1710527558.4300277,1.599083873960707
1710527558.4301412,1.7136361863878038
1710527558.4302547,1.8253858884175618
1710527558.4303682,1.9357343514760335
1710527558.4304814,2.0443312327067056
1710527558.430595,2.152928113937378
1710527558.4307084,2.2615249951680503
1710527558.430822,2.3711729049682617
1710527558.4309351,2.475916279686822
1710527558.4310486,2.577156755659315
1710527558.431162,2.673142221238878
1710527558.4312756,2.761771414015028
1710527558.4313889,2.8437444898817272
1710527558.4315023,2.9201126098632812
1710527558.4316158,2.9915764596727157
1710527558.4317293,3.0588364601135254
1710527558.4318426,3.1250455644395614
1710527558.431956,3.1891528765360513
1710527558.4320695,3.2508076561821833
1710527558.432183,3.308959537082248
1710527558.4322963,3.3629078335232205
1710527558.4324098,3.4087986416286893
1710527558.4325233,3.4494349691602917
1710527558.4326367,3.483765655093723
1710527558.43275,3.510739803314209
1710527558.4328635,3.5324592060512967
1710527558.432977,3.551025655534532
1710527558.4330902,3.5667896270751953
1710527558.4332037,3.5790506998697915
1710527558.4333172,3.5906110869513617
1710527558.4334307,3.5979676246643066
1710527558.433544,3.603922790951199
1710527558.4336574,3.604623476664225
1710527558.433771,3.6018209987216525
1710527558.4338844,3.5948146714104547
1710527558.4339976,3.583604759640164
1710527558.434111,3.568190998501248
1710527558.4342246,3.551025655534532
1710527558.434338,3.5324592060512967
1710527558.4344513,3.5117906994289823
1710527558.4345648,3.4914724032084146
1710527558.4346783,3.4708041614956326
1710527558.4347918,3.4487342834472656
1710527558.434905,3.426314459906684
1710527558.4350185,3.4031936857435436
1710527558.435132,3.3790222803751626
1710527558.4352455,3.3530990282694497
1710527558.4353588,3.3261248800489636
1710527558.4354722,3.2977496253119574
1710527558.4355857,3.269023895263672
1710527558.4356992,3.239947954813639
1710527558.4358125,3.2108720143636065
1710527558.435926,3.183197445339627
1710527558.4360394,3.157624668545193
1710527558.436153,3.1327523125542536
1710527558.4362662,3.1092815928988986
1710527558.4363797,3.086861504448785
1710527558.4364932,3.06479189130995
1710527558.4366066,3.0434226989746094
1710527558.43672,3.019601504007975
1710527558.4368334,2.996480729844835
1710527558.4369469,2.973360220591227
1710527558.4370604,2.94988923602634
1710527558.4371736,2.9285203086005316
1710527558.437287,2.9096033838060165
1710527558.4374006,2.891737355126275
1710527558.4375138,2.8773744901021323
1710527558.4376273,2.864763206905789
1710527558.4377408,2.8518017133076987
1710527558.4378543,2.838489744398329
1710527558.4379675,2.8248275650872126
1710527558.438081,2.8090635935465493
1710527558.4381945,2.7932996220058866
1710527558.438308,2.777185175153944
1710527558.4384212,2.7614212036132812
1710527558.4385347,2.7477590243021646
1710527558.4386482,2.7361986372205944
1710527558.4387617,2.726039621565077
1710527558.438875,2.7172817124260797
1710527558.4389884,2.7081735928853354
1710527558.439102,2.698014577229818
1710527558.4392154,2.685753504435221
1710527558.4393287,2.672792010837131
1710527558.4394422,2.657378249698215
1710527558.4395556,2.6398626963297525
1710527558.4396691,2.6237482494778104
1710527558.4397824,2.607633802625868
1710527558.4398959,2.592220041486952
1710527558.4400094,2.5785578621758356
1710527558.4401228,2.564545472462972
1710527558.440236,2.550182607438829
1710527558.4403496,2.533367474873861
1710527558.440463,2.5141003396775985
1710527558.4405766,2.4906293551127114
1710527558.4406898,2.465056578318278
1710527558.4408033,2.436331113179525
1710527558.4409168,2.4065544870164657
1710527558.4410303,2.3753764894273544
1710527558.4411435,2.343848546346029
1710527558.441257,2.311619652642144
1710527558.4413705,2.2783401277330184
1710527558.441484,2.242257859971788
1710527558.4415972,2.2040737999810114
1710527558.4417107,2.1620362334781222
1710527558.4418242,2.115794950061374
1710527558.4419374,2.0660506354437933
1710527558.442051,2.011401785744561
1710527558.4421644,1.9546511438157823
1710527558.442278,1.8954483668009439
1710527558.4423912,1.834143665101793
1710527558.4425046,1.7710873815748427
1710527558.4426181,1.7066298590766058
1710527558.4427316,1.6393698586357963
1710527558.4428449,1.5703582763671875
1710527558.4429584,1.4974933200412326
1710527558.4430718,1.4214754104614258
1710527558.4431853,1.3409035735660129
1710527558.4432986,1.256478230158488
1710527558.443412,1.168549723095364
1710527558.4435256,1.0771181848314073
1710527558.443639,0.9832343790266249
1710527558.4437523,0.887599057621426
1710527558.4438658,0.7895115349027846
1710527558.4439793,0.6914240121841431
1710527558.4440928,0.591234564781189
1710527558.444206,0.48894332514868843
1710527558.4443195,0.38490047057469684
1710527558.444433,0.277704828315311
1710527558.4445465,0.1677066749996609
1710527558.4446597,0.05420539942052629
1710527558.4447732,-0.0620862344900767
1710527558.4448867,-0.18116921186447144
1710527558.4450002,-0.30060244931115043
1710527558.4451134,-0.4200356536441379
1710527558.445227,-0.5391186475753784
1710527558.4453404,-0.6564503908157349
1710527558.445454,-0.7716807391908433
1710527558.4455671,-0.8865607447094387
1710527558.4456806,-1.0017910930845473
1710527558.445794,-1.1173715856340196
1710527558.4459076,-1.234703328874376
1710527558.4460208,-1.3537863890329997
1710527558.4461343,-1.4728693167368572
1710527558.4462478,-1.5923025872972276
1710527558.446361,-1.708933777279324
1710527558.4464746,-1.8217123879326713
1710527558.446588,-1.9320392608642578
1710527558.4467015,-2.037112580405341
1710527558.4468148,-2.1376325024498835
1710527558.4469283,-2.2353506088256836
1710527558.4470417,-2.3313175307379828
1710527558.4471552,-2.425182925330268
1710527558.4472685,-2.5186981095208063
1710527558.447382,-2.610812187194824
1710527558.4474955,-2.70082500245836
1710527558.447609,-2.7862845526801214
1710527558.4477222,-2.86684062745836
1710527558.4478357,-2.9407421747843423
1710527558.4479492,-3.007638719346788
1710527558.4480627,-3.068581157260471
1710527558.448176,-3.1242701742384167
1710527558.4482894,-3.1757558716668024
1710527558.448403,-3.2244398858812118
1710527558.4485164,-3.2706721623738604
1710527558.4486296,-3.314802911546495
1710527558.448743,-3.355781502193875
1710527558.4488566,-3.3939581447177463
1710527558.44897,-3.4272313117980957
1710527558.4490833,-3.4556010034349227
1710527558.4491968,-3.4776663780212402
1710527558.4493103,-3.494478066762288
1710527558.4494238,-3.506736490461561
1710527558.449537,-3.5158430205451117
1710527558.4496505,-3.5221473375956216
1710527558.449764,-3.52635039223565
1710527558.4498775,-3.5284516546461315
1710527558.4499907,-3.529502550760905
1710527558.4501042,-3.5284516546461315
1710527558.4502177,-3.5242488649156356
1710527558.4503312,-3.5175940725538464
1710527558.4504445,-3.5081375969780817
1710527558.450558,-3.4941278563605414
1710527558.4506714,-3.4776663780212402
1710527558.4507847,-3.457702530754937
1710527558.4508982,-3.438088893890381
1710527558.4510117,-3.4153228335910373
1710527558.4511251,-3.3932574590047198
1710527558.4512384,-3.3704916636149087
1710527558.451352,-3.3480760786268444
1710527558.4514654,-3.324609597524007
1710527558.4515789,-3.302894698248969
1710527558.451692,-3.2804788483513727
1710527558.4518056,-3.2573628425598145
1710527558.451919,-3.23354615105523
1710527558.4520326,-3.2079784075419107
1710527558.4521458,-3.1817102432250977
1710527558.4522593,-3.155091603597005
1710527558.4523728,-3.1291733847724066
1710527558.4524863,-3.1036056412590876
1710527558.4525995,-3.079438739352756
1710527558.452713,-3.0584242608812118
1710527558.4528265,-3.0391608344184027
1710527558.45294,-3.021298249562581
1710527558.4530532,-3.0030857192145453
1710527558.4531667,-2.984872923956977
1710527558.4532802,-2.966660393608941
1710527558.4533937,-2.9470464918348522
1710527558.453507,-2.925681802961561
1710527558.4536204,-2.906418376498752
1710527558.453734,-2.887154950035943
1710527558.4538474,-2.8699927859836154
1710527558.4539607,-2.8552826245625815
1710527558.4540741,-2.8437246216668024
1710527558.4541876,-2.8328670395745172
1710527558.454301,-2.824461195203993
1710527558.4544144,-2.813953823513455
1710527558.4545279,-2.8027460310194225
1710527558.4546413,-2.7894367112053766
1710527558.4547548,-2.7754269705878363
1710527558.454868,-2.7607168091668024
1710527558.4549816,-2.7463568581475153
1710527558.455095,-2.732347117529975
1710527558.4552083,-2.721839745839437
1710527558.4553218,-2.7123830053541393
1710527558.4554353,-2.7039771609836154
1710527558.4555488,-2.6955713166130915
1710527558.455662,-2.6857646306355796
1710527558.4557755,-2.673505942026774
1710527558.455889,-2.659145991007487
1710527558.4560025,-2.6419840918646917
1710527558.4561157,-2.6227206654018826
1710527558.4562292,-2.6031070285373263
1710527558.4563427,-2.584193812476264
1710527558.4564562,-2.564930386013455
1710527558.4565694,-2.54776848687066
1710527558.456683,-2.5302561124165854
1710527558.4567964,-2.512744002872043
1710527558.45691,-2.4920794698927136
1710527558.4570231,-2.4686132536994085
1710527558.4571366,-2.442344824473063
1710527558.45725,-2.4118736055162215
1710527558.4573636,-2.3789506488376193
1710527558.4574769,-2.3432257440355087
1710527558.4575903,-2.3068004184299045
1710527558.4577038,-2.2696746720208063
1710527558.4578173,-2.2311478190951877
1710527558.4579306,-2.192270623313056
1710527558.458044,-2.1516423755221896
1710527558.4581575,-2.107511626349555
1710527558.458271,-2.0602285861968994
1710527558.4583843,-2.008742756313748
1710527558.4584978,-1.9530540042453342
1710527558.4586112,-1.8928119871351454
1710527558.4587247,-1.8290676010979545
1710527558.458838,-1.7625211344824896
1710527558.4589515,-1.692822641796536
1710527558.459065,-1.6210226217905679
1710527558.4591784,-1.547121074464586
1710527558.4592917,-1.471468342675103
1710527558.4594052,-1.3940644264221191
1710527558.4595187,-1.3128077983856201
1710527558.459632,-1.2287492222256131
1710527558.4597454,-1.140837934282091
1710527558.459859,-1.0483735137515597
1710527558.4599724,-0.9510056840048896
1710527558.4600856,-0.8511861165364583
1710527558.460199,-0.7468133502536349
1710527558.4603126,-0.6403391891055636
1710527558.460426,-0.5324640207820468
1710527558.4605393,-0.42318787839677596
1710527558.4606528,-0.3146121899286906
1710527558.4607663,-0.2035848299662272
1710527558.4608798,-0.09255747000376384
1710527558.460993,0.01987476522723834
1710527558.4611065,0.13547792202896541
1710527558.46122,0.2545842031637828
1710527558.4613335,0.37684328026241726
1710527558.4614468,0.5029558142026266
1710527558.4615602,0.629418690999349
1710527558.4616737,0.756932430797153
1710527558.4617872,0.8823443783654107
1710527558.4619005,1.0067052973641288
1710527558.462014,1.1275631851620145
1710527558.4621274,1.2470197677612305
1710527558.462241,1.364724768532647
1710527558.4623542,1.4824297693040636
1710527558.4624677,1.6011857986450195
1710527558.4625812,1.7209927241007485
1710527558.4626946,1.841850545671251
1710527558.462808,1.9630587100982666
1710527558.4629214,2.0807637108696833
1710527558.4630349,2.195315890842014
1710527558.4631484,2.303912904527452
1710527558.4632616,2.4058538013034396
1710527558.463375,2.502890427907308
1710527558.4634886,2.594322098626031
1710527558.463602,2.6829510264926486
1710527558.4637153,2.769127951727973
1710527558.4638288,2.853903505537245
1710527558.4639423,2.9365772671169705
1710527558.4640555,3.0182001325819225
1710527558.464169,3.0945682525634766
1710527558.4642825,3.166032102372911
1710527558.464396,3.230139414469401
1710527558.4645092,3.287240399254693
1710527558.4646227,3.3369845814175076
1710527558.4647362,3.380773862202962
1710527558.4648497,3.419308132595486
1710527558.464963,3.4543395042419434
1710527558.4650764,3.4869183434380426
1710527558.46519,3.5177458657158747
1710527558.4653034,3.5443698035346136
1710527558.4654167,3.5678407880995007
1710527558.4655302,3.588509029812283
1710527558.4656436,3.6014707883199053
1710527558.4657571,3.6098782221476235
1710527558.4658704,3.6133813858032227
1710527558.4659839,3.610929118262397
1710527558.4660974,3.6060248480902777
1710527558.4662108,3.5979676246643066
1710527558.466324,3.588509029812283
1710527558.4664376,3.5765984323289657
1710527558.466551,3.564337624443902
1710527558.4666646,3.551025655534532
1710527558.4667778,3.535611894395616
1710527558.4668913,3.51879702674018
1710527558.4670048,3.500930998060438
1710527558.4671183,3.479912281036377
1710527558.4672315,3.45644129647149
1710527558.467345,3.4308685196770563
1710527558.4674585,3.404595057169596
1710527558.467572,3.376920223236084
1710527558.4676852,3.3495958646138506
1710527558.4677987,3.3212206098768444
1710527558.4679122,3.293545775943332
1710527558.4680257,3.2676227887471514
1710527558.468139,3.2416995366414385
1710527558.4682524,3.216477235158284
1710527558.468366,3.191254668765598
1710527558.4684792,3.165331416659885
1710527558.4685926,3.138707743750678
1710527558.4687061,3.112084070841471
1710527558.4688196,3.0847597122192383
1710527558.4689329,3.057785563998752
1710527558.4690464,3.031512101491292
1710527558.4691598,3.0062895350986056
1710527558.4692733,2.984219921959771
1710527558.4693866,2.9642521010504828
1710527558.4695,2.946035861968994
1710527558.4696136,2.929571204715305
1710527558.469727,2.913456757863363
1710527558.4698403,2.896291414896647
1710527558.4699538,2.8791260719299316
1710527558.4700673,2.86126004325019
1710527558.4701807,2.842343383365207
1710527558.470294,2.8248275650872126
1710527558.4704075,2.808012697431776
1710527558.470521,2.7940000428093805
1710527558.4706345,2.7817392349243164
1710527558.4707477,2.771580219268799
1710527558.4708612,2.7621216244167752
1710527558.4709747,2.7526632944742837
1710527558.4710882,2.742153803507487
1710527558.4712014,2.7298929956224227
1710527558.471315,2.7165810267130532
1710527558.4714284,2.700116369459364
1710527558.471542,2.684001922607422
1710527558.4716551,2.670339743296305
1710527558.4717686,2.6559768782721624
1710527558.471882,2.644416756100125
1710527558.4719956,2.6332065794203015
1710527558.4721088,2.621646457248264
1710527558.4722223,2.6100860701666937
1710527558.4723358,2.5960734155442977
1710527558.4724493,2.579608758290609
1710527558.4725626,2.5599914126925998
1710527558.472676,2.5379215346442328
1710527558.4727895,2.514450814988878
1710527558.4729028,2.4899289343092175
1710527558.4730163,2.465056578318278
1710527558.4731297,2.441585593753391
1710527558.4732432,2.4163632922702365
1710527558.4733565,2.391490936279297
1710527558.47347,2.3645170529683432
1710527558.4735835,2.333689530690511
1710527558.473697,2.2986581590440536
1710527558.4738102,2.2615249951680503
1710527558.4739237,2.220188114378187
1710527558.4740372,2.175698412789239
1710527558.4741507,2.129457129372491
1710527558.474264,2.0811140537261963
1710527558.4743774,2.033121188481649
1710527558.474491,1.9826761881510415
1710527558.4746044,1.930129263136122
1710527558.4747176,1.8751302030351427
1710527558.474831,1.8180292182498508
1710527558.4749446,1.756374306148953
1710527558.475058,1.692617336908976
1710527558.4751713,1.622204515669081
1710527558.4752848,1.5486388736300998
1710527558.4753983,1.471920410792033
1710527558.4755118,1.391698916753133
1710527558.475625,1.3090251551734076
1710527558.4757385,1.2245998117658827
1710527558.475852,1.1391234397888184
1710527558.4759655,1.0508447223239474
1710527558.4760787,0.9601137373182509
1710527558.4761922,0.8672808938556247
1710527558.4763057,0.7716455724504259
1710527558.4764192,0.6714561912748549
1710527558.4765325,0.5688146087858412
1710527558.476646,0.4616189334127638
1710527558.4767594,0.3516207800971137
1710527558.476873,0.23882013228204516
1710527558.4769862,0.12496853868166605
1710527558.4770997,0.009715700935986307
1710527558.4772131,-0.10446576608551873
1710527558.4773264,-0.21864533424377441
1710527558.4774399,-0.3331751293606228
1710527558.4775534,-0.44700447056028575
1710527558.4776669,-0.5622347858217027
1710527558.47778,-0.6788660420311822
1710527558.4778936,-0.7975987593332926
1710527558.478007,-0.9191334909862942
1710527558.4781206,-1.0417188538445366
1710527558.4782338,-1.1636038621266682
1710527558.4783473,-1.2823365794287787
1710527558.4784608,-1.400018533070882
1710527558.4785743,-1.5138479073842366
1710527558.4786875,-1.6234742270575628
1710527558.478801,-1.7313494947221544
1710527558.4789145,-1.8367728922102187
1710527558.479028,-1.942196422153049
1710527558.4791412,-2.04797003004286
1710527558.4792547,-2.1537437703874374
1710527558.4793682,-2.259167300330268
1710527558.4794817,-2.361438539293077
1710527558.479595,-2.4612580405341253
1710527558.4797084,-2.5551234351264105
1710527558.479822,-2.6433849334716797
1710527558.4799354,-2.7263927459716797
1710527558.4800487,-2.8037966622246637
1710527558.4801621,-2.8755966822306314
1710527558.4802756,-2.9449452294243708
1710527558.480389,-3.011491563585069
1710527558.4805024,-3.076636791229248
1710527558.4806159,-3.138980335659451
1710527558.4807293,-3.1978212462531195
1710527558.4808428,-3.252459367116292
1710527558.480956,-3.300793170928955
1710527558.4810696,-3.3424721823798285
1710527558.481183,-3.378547297583686
1710527558.4812965,-3.4076176749335394
1710527558.4814098,-3.4317843119303384
1710527558.4815233,-3.4527990553114147
1710527558.4816368,-3.4713620609707303
1710527558.48175,-3.487122853597005
1710527558.4818635,-3.5011325942145453
1710527558.481977,-3.5123406516181097
1710527558.4820905,-3.5214469167921276
1710527558.4822037,-3.5259999169243708
1710527558.4823172,-3.527401023440891
1710527558.4824307,-3.523898654513889
1710527558.4825442,-3.5168936517503524
1710527558.4826574,-3.506736490461561
1710527558.482771,-3.4934274355570474
1710527558.4828844,-3.478717009226481
1710527558.482998,-3.4626057412889266
1710527558.4831111,-3.4457940525478787
1710527558.4832246,-3.4289823638068304
1710527558.483338,-3.4107698334587946
1710527558.4834516,-3.3925570382012262
1710527558.4835649,-3.373643822140164
1710527558.4836783,-3.3533297644721136
1710527558.4837918,-3.3316146002875433
1710527558.4839053,-3.307797908782959
1710527558.4840186,-3.2832807964748807
1710527558.484132,-3.2580632633633084
1710527558.4842455,-3.232145309448242
1710527558.484359,-3.2065775659349227
1710527558.4844723,-3.1817102432250977
1710527558.4845858,-3.158593972524007
1710527558.4846992,-3.1372290187411838
1710527558.4848127,-3.1172651714748807
1710527558.484926,-3.0983519554138184
1710527558.4850395,-3.078037897745768
1710527558.485153,-3.058074050479465
1710527558.4852664,-3.0363588862948947
1710527558.4853797,-3.0146437221103244
1710527558.4854932,-2.991527716318766
1710527558.4856067,-2.969812552134196
1710527558.4857202,-2.9491480191548667
1710527558.4858334,-2.929884592692057
1710527558.485947,-2.913423114352756
1710527558.4860604,-2.8994133737352157
1710527558.4861736,-2.8864542643229165
1710527558.486287,-2.8741958406236434
1710527558.4864006,-2.8612367312113443
1710527558.486514,-2.8465265697903104
1710527558.4866273,-2.83111572265625
1710527558.4867408,-2.815354930029975
1710527558.4868543,-2.7985432412889266
1710527558.4869678,-2.78383281495836
1710527558.487081,-2.770873705546061
1710527558.4871945,-2.7607168091668024
1710527558.487308,-2.752310964796278
1710527558.4874215,-2.744955751630995
1710527558.4875348,-2.738301224178738
1710527558.4876482,-2.7298953798082137
1710527558.4877617,-2.7197382185194225
1710527558.4878752,-2.7071293195088706
1710527558.4879885,-2.6920689476860895
1710527558.488102,-2.677008310953776
1710527558.4882154,-2.6605468326144748
1710527558.488329,-2.6465370919969344
1710527558.4884422,-2.6328775617811413
1710527558.4885557,-2.6202689276801214
1710527558.4886692,-2.6080102390713162
1710527558.4887826,-2.595051394568549
1710527558.488896,-2.579290337032742
1710527558.4890094,-2.5596767001681857
1710527558.4891229,-2.5379615359836154
1710527558.4892364,-2.512744002872043
1710527558.4893496,-2.4850747320387097
1710527558.489463,-2.456004354688856
1710527558.4895766,-2.425883346133762
1710527558.48969,-2.3954121271769204
1710527558.4898033,-2.3663420147365994
1710527558.4899168,-2.335520585378011
1710527558.4900303,-2.3032980495029025
1710527558.4901438,-2.267923355102539
1710527558.490257,-2.2290462917751737
1710527558.4903705,-2.18666672706604
1710527558.490484,-2.1400842401716442
1710527558.4905972,-2.0903495947519937
1710527558.4907107,-2.037112580405341
1710527558.4908242,-1.9814236958821614
1710527558.4909377,-1.9253846009572346
1710527558.491051,-1.865843137105306
1710527558.4911644,-1.8059514628516302
1710527558.491278,-1.7436080508761935
1710527558.4913914,-1.6784625583224826
1710527558.4915047,-1.6098146968417697
1710527558.4916182,-1.5373142560323079
1710527558.4917316,-1.4595599969228108
1710527558.4918451,-1.3793541325463188
1710527558.4919584,-1.2924936082628038
1710527558.4920719,-1.2038818995157878
1710527558.4921854,-1.1110672023561265
1710527558.4922988,-1.0158008337020874
1710527558.492412,-0.9198339780171711
1710527558.4925256,-0.822115871641371
1710527558.492639,-0.7222963041729397
1710527558.4927526,-0.6207254860136244
1710527558.4928658,-0.5170532729890611
1710527558.4929793,-0.4105790787272983
1710527558.4930928,-0.29990196228027344
1710527558.4932063,-0.18467166357570225
1710527558.4933195,-0.06523843026823467
1710527558.493433,0.05700790219836765
1710527558.4935465,0.18101856112480164
1710527558.49366,0.30432860056559247
1710527558.4937732,0.42833924293518066
1710527558.4938867,0.5512989560763041
1710527558.4940002,0.672507087389628
1710527558.4941137,0.7926643557018703
1710527558.494227,0.9128215577867296
1710527558.4943404,1.0350806183285184
1710527558.494454,1.1576900217268202
1710527558.4945674,1.283802588780721
1710527558.4946806,1.410615709092882
1710527558.4947941,1.537779172261556
1710527558.4949076,1.660738918516371
1710527558.4950209,1.7815967400868733
1710527558.4951344,1.8968496057722304
1710527558.4952478,2.0078987545437283
1710527558.4953613,2.1133428149753146
1710527558.4954746,2.2166849507225885
1710527558.495588,2.3168743981255426
1710527558.4957016,2.4174141883850098
1710527558.495815,2.517953713734945
1710527558.4959283,2.6163917117648654
1710527558.4960418,2.713428338368734
1710527558.4961553,2.8055604298909507
1710527558.4962687,2.892438040839301
1710527558.496382,2.973360220591227
1710527558.4964955,3.046925862630208
1710527558.496609,3.1131349669562445
1710527558.4967225,3.1744395362006292
1710527558.4968357,3.231190310584174
1710527558.4969492,3.284437656402588
1710527558.4970627,3.3366343710157604
1710527558.4971762,3.3860283427768283
1710527558.4972894,3.43156894048055
1710527558.497403,3.472555743323432
1710527558.4975164,3.508988221486409
1710527558.49763,3.5387648476494684
1710527558.4977431,3.561885356903076
1710527558.4978566,3.578700224558512
1710527558.49797,3.5899104012383356
1710527558.4980836,3.5976171493530273
1710527558.4981968,3.6025216844346786
1710527558.4983103,3.604623476664225
1710527558.4984238,3.6060248480902777
1710527558.4985373,3.603922790951199
1710527558.4986506,3.6007701026068792
1710527558.498764,3.5937637752956815
1710527558.4988775,3.5839549700419107
1710527558.498991,3.5706432660420733
1710527558.4991043,3.554879029591878
1710527558.4992177,3.5352616839938693
1710527558.4993312,3.5138924916585283
1710527558.4994445,3.4914724032084146
1710527558.499558,3.4680016835530596
1710527558.4996715,3.4441802236768932
1710527558.499785,3.419658342997233
1710527558.4998982,3.3958371480305987
1710527558.5000117,3.3723661634657116
1710527558.5001252,3.3488951789008246
1710527558.5002387,3.324023087819417
1710527558.500352,3.2995012071397567
1710527558.5004654,3.273227744632297
1710527558.5005789,3.245903386010064
1710527558.5006924,3.218929237789578
1710527558.5008056,3.1905539830525713
1710527558.500919,3.1625289387173123
1710527558.5010326,3.1359052658081055
1710527558.501146,3.1106826994154186
1710527558.5012593,3.087562190161811
1710527558.5013728,3.065492312113444
1710527558.5014863,3.0451742808024087
1710527558.5015998,3.0252064598931208
1710527558.501713,3.005588849385579
1710527558.5018265,2.984920607672797
1710527558.50194,2.9642521010504828
1710527558.5020535,2.9421824879116483
1710527558.5021667,2.9208132955763073
1710527558.5022802,2.901195685068766
1710527558.5023937,2.8826292355855307
1710527558.5025072,2.8661645783318415
1710527558.5026205,2.8518017133076987
1710527558.502734,2.8398911158243814
1710527558.5028474,2.827630043029785
1710527558.502961,2.8160699208577475
1710527558.5030742,2.8027579519483776
1710527558.5031877,2.788044876522488
1710527558.5033011,2.772280904981825
1710527558.5034146,2.756166458129883
1710527558.5035279,2.7400520112779403
1710527558.5036414,2.7256891462537975
1710527558.5037549,2.7127276526557074
1710527558.503868,2.7022181616889105
1710527558.5039816,2.692059146033393
1710527558.504095,2.682600816090902
1710527558.5042086,2.6717411147223578
1710527558.5043218,2.6584291458129883
1710527558.5044353,2.6440662807888455
1710527558.5045488,2.626550727420383
1710527558.5046623,2.607633802625868
1710527558.5047755,2.588016457027859
1710527558.504889,2.569099532233344
1710527558.5050025,2.550532817840576
1710527558.505116,2.532667054070367
1710527558.5052292,2.514801025390625
1710527558.5053427,2.496234575907389
1710527558.5054562,2.4752155939737954
1710527558.5055697,2.451744874318441
1710527558.505683,2.4247707260979547
1710527558.5057964,2.3942934142218695
1710527558.50591,2.360663414001465
1710527558.5060234,2.3249316215515137
1710527558.5061367,2.287097771962484
1710527558.5062501,2.249614397684733
1710527558.5063636,2.2100290987226696
1710527558.506477,2.1700934569040933
1710527558.5065904,2.1280558904012046
1710527558.5067039,2.0821649498409696
1710527558.5068173,2.034522427452935
1710527558.5069308,1.9826761881510415
1710527558.507044,1.9255752033657498
1710527558.5071576,1.865671740637885
1710527558.507271,1.8019149038526747
1710527558.5073845,1.7360561423831515
1710527558.5074978,1.6673949029710557
1710527558.5076113,1.5980329778459337
1710527558.5077248,1.5248176786634657
1710527558.5078382,1.4516023794809978
1710527558.5079515,1.375934812757704
1710527558.508065,1.2967642148335774
1710527558.5081785,1.2151413493686252
1710527558.5082917,1.1293147669898138
1710527558.5084052,1.0385837819841173
1710527558.5085187,0.945400595664978
1710527558.5086322,0.8483640352884928
1710527558.5087454,0.7478243112564087
1710527558.508859,0.645182728767395
1710527558.5089724,0.5407895975642734
1710527558.509086,0.4356958137618171
1710527558.5091991,0.3285001715024312
1710527558.5093126,0.22130449612935382
1710527558.509426,0.1120069788561927
1710527558.5095396,0.0006075733755197789
1710527558.5096529,-0.11322187052832709
1710527558.5097663,-0.22985314329465228
1710527558.5098798,-0.34963660769992405
1710527558.5099933,-0.47082106272379554
1710527558.5101066,-0.5934064918094211
1710527558.51022,-0.7163421312967936
1710527558.5103335,-0.8378768629497951
1710527558.510447,-0.9569597906536526
1710527558.5105603,-1.0749920871522691
1710527558.5106738,-1.1905725797017415
1710527558.5107872,-1.304752164416843
1710527558.5109007,-1.4192819595336914
1710527558.511014,-1.532761123445299
1710527558.5111275,-1.6483415497673881
1710527558.511241,-1.7639221085442436
1710527558.5113544,-1.879502667321099
1710527558.5114677,-1.9922812779744465
1710527558.5115812,-2.101557387246026
1710527558.5116947,-2.205930153528849
1710527558.5118082,-2.3043486807081432
1710527558.5119214,-2.3985642857021756
1710527558.512035,-2.488226890563965
1710527558.5121484,-2.573686440785726
1710527558.5122619,-2.658095359802246
1710527558.512375,-2.7404024865892196
1710527558.5124886,-2.820608615875244
1710527558.512602,-2.899063163333469
1710527558.5127153,-2.973665131462945
1710527558.5128288,-3.0430134137471514
1710527558.5129423,-3.1067577997843423
1710527558.5130558,-3.1627970271640353
1710527558.513169,-3.21323209338718
1710527558.5132825,-3.2566624217563205
1710527558.513396,-3.296940326690674
1710527558.5135095,-3.3337161276075573
1710527558.5136228,-3.3676897154914007
1710527558.5137362,-3.399562040964762
1710527558.5138497,-3.429332574208577
1710527558.5139632,-3.45595121383667
1710527558.5140765,-3.478717009226481
1710527558.51419,-3.4972800148857965
1710527558.5143034,-3.5102391242980957
1710527558.514417,-3.5186449686686196
1710527558.5145302,-3.5221473375956216
1710527558.5146437,-3.522497547997369
1710527558.5147572,-3.5186449686686196
1710527558.5148706,-3.5140917036268444
1710527558.514984,-3.5074371761745877
1710527558.5150974,-3.5004321734110513
1710527558.5152109,-3.489574591318766
1710527558.5153244,-3.4794176949395075
1710527558.5154376,-3.465758164723714
1710527558.515551,-3.4506975279914007
1710527558.5156646,-3.4331854184468584
1710527558.515778,-3.4135717815823026
1710527558.5158913,-3.3904555108812118
1710527558.5160048,-3.36663908428616
1710527558.5161183,-3.3421219719780817
1710527558.5162318,-3.315503332349989
1710527558.516345,-3.291336430443658
1710527558.5164585,-3.2664691077338324
1710527558.516572,-3.24265268113878
1710527558.5166855,-3.220587306552463
1710527558.5167987,-3.1988721423678927
1710527558.5169122,-3.177507188585069
1710527558.5170257,-3.154741393195258
1710527558.517139,-3.130924701690674
1710527558.5172524,-3.107458485497369
1710527558.517366,-3.08294137318929
1710527558.5174794,-3.058074050479465
1710527558.5175927,-3.0349577797783747
1710527558.5177062,-3.0132426155938044
1710527558.5178196,-2.993278768327501
1710527558.5179331,-2.975766658782959
1710527558.5180464,-2.9607060220506454
1710527558.5181599,-2.9456456502278647
1710527558.5182734,-2.9312856992085776
1710527558.5183868,-2.914824220869276
1710527558.5185,-2.8973118464152017
1710527558.5186136,-2.879099316067166
1710527558.518727,-2.8605363104078503
1710527558.5188406,-2.842323515150282
1710527558.5189538,-2.825862036810981
1710527558.5190673,-2.8115020857916937
1710527558.5191808,-2.8006445036994085
1710527558.5192943,-2.7908378177218967
1710527558.5194075,-2.7824319733513727
1710527558.519521,-2.7726250224643283
1710527558.5196345,-2.7628183364868164
1710527558.519748,-2.750909858279758
1710527558.5198612,-2.7369001176622176
1710527558.5199747,-2.7221899562411838
1710527558.5200882,-2.7071293195088706
1710527558.5202017,-2.6927693684895835
1710527558.520315,-2.680160734388563
1710527558.5204284,-2.6696533626980252
1710527558.520542,-2.6605468326144748
1710527558.5206554,-2.651440567440457
1710527558.5207686,-2.6409331957499185
1710527558.5208821,-2.6290249824523926
1710527558.5209956,-2.6129137145148382
1710527558.521109,-2.5947011841668024
1710527558.5212224,-2.574036651187473
1710527558.5213358,-2.5526716974046493
1710527558.5214493,-2.5302561124165854
1710527558.5215626,-2.508891158633762
1710527558.521676,-2.487526469760471
1710527558.5217896,-2.4665117263793945
1710527558.521903,-2.445496982998318
1710527558.5220163,-2.421680556403266
1710527558.5221298,-2.3954121271769204
1710527558.5222433,-2.365641329023573
1710527558.5223567,-2.3313175307379828
1710527558.52247,-2.293491098615858
1710527558.5225835,-2.253563404083252
1710527558.522697,-2.2111838393741183
1710527558.5228105,-2.166702879799737
1710527558.5229237,-2.121871577368842
1710527558.5230372,-2.0749388800726996
1710527558.5231507,-2.0273056295182967
1710527558.5232642,-1.9758197996351454
1710527558.5233774,-1.9215320216284857
1710527558.523491,-1.863391399383545
1710527558.5236044,-1.8010479874081082
1710527558.5237179,-1.7345016532474093
1710527558.5238311,-1.6634020540449355
1710527558.5239446,-1.5891502963172064
1710527558.524058,-1.5113961696624756
1710527558.5241716,-1.4308400948842366
1710527558.5242848,-1.3485327031877306
1710527558.5243983,-1.2644741270277235
1710527558.5245118,-1.1786643664042156
1710527558.5246253,-1.0900525914298163
1710527558.5247386,-1.0000398423936632
1710527558.524852,-0.904773473739624
1710527558.5249655,-0.8067050907346938
1710527558.525079,-0.7040835751427544
1710527558.5251923,-0.5965586503346761
1710527558.5253057,-0.4855313234859043
1710527558.5254192,-0.37240246931711835
1710527558.5255327,-0.2568219270971086
1710527558.525646,-0.14089114136166042
1710527558.5257595,-0.02496036183502939
1710527558.525873,0.09273978571097057
1710527558.5259862,0.20869324604670206
1710527558.5260997,0.32604797018898857
1710527558.5262132,0.4448039333025614
1710527558.5263267,0.5674133698145548
1710527558.52644,0.6921246316697862
1710527558.5265534,0.8206893338097466
1710527558.5266669,0.9510056177775065
1710527558.5267804,1.0806212822596233
1710527558.5268936,1.2098866038852267
1710527558.527007,1.3352984852261014
1710527558.5271206,1.456506649653117
1710527558.527234,1.5749123361375597
1710527558.5273473,1.6905155446794298
1710527558.5274608,1.8043670389387343
1710527558.5275743,1.9182186656528049
1710527558.5276878,2.031719949510362
1710527558.527801,2.145921919080946
1710527558.5279145,2.2594232029385037
1710527558.528028,2.3694213231404624
1710527558.5281415,2.475916279686822
1710527558.5282547,2.576456069946289
1710527558.5283682,2.6699895328945584
1710527558.5284817,2.756166458129883
1710527558.5285952,2.8367381625705295
1710527558.5287085,2.91205538643731
1710527558.528822,2.984570132361518
1710527558.5289354,3.0546326107449002
1710527558.529049,3.123644193013509
1710527558.5291622,3.1902037726508246
1710527558.5292757,3.2522090276082354
1710527558.5293891,3.3093100123935275
1710527558.5295026,3.3611562516954208
1710527558.5296159,3.4049452675713434
1710527558.5297294,3.4420784314473467
1710527558.5298429,3.473256164126926
1710527558.5299563,3.499179416232639
1710527558.5300696,3.5215995046827526
1710527558.530183,3.5412168502807617
1710527558.5302966,3.5590828789605036
1710527558.5304098,3.5744966400994196
1710527558.5305233,3.5867574479844833
1710527558.5306368,3.596216042836507
1710527558.5307503,3.6014707883199053
1710527558.5308635,3.6018209987216525
1710527558.530977,3.5986680454678006
1710527558.5310905,3.5899104012383356
1710527558.531204,3.5779998037550182
1710527558.5313172,3.5639871491326227
1710527558.5314307,3.5485733879937067
1710527558.5315442,3.531408045026991
1710527558.5316577,3.5128415955437555
1710527558.531771,3.4939246707492404
1710527558.5318844,3.4743073251512313
1710527558.531998,3.4543395042419434
1710527558.5321114,3.4329703119066024
1710527558.5322247,3.4094993273417153
1710527558.5323381,3.3860283427768283
1710527558.5324516,3.3601053555806475
1710527558.532565,3.3331312073601618
1710527558.5326784,3.3061570591396756
1710527558.5327919,3.277081118689643
1710527558.5329053,3.249406549665663
1710527558.5330188,3.222782876756456
1710527558.533132,3.1979105207655163
1710527558.5332456,3.17268795437283
1710527558.533359,3.1488667594061956
1710527558.5334725,3.126797146267361
1710527558.5335858,3.103676372104221
1710527558.5336993,3.08090607325236
1710527558.5338128,3.056734667883979
1710527558.5339262,3.0322127872043185
1710527558.5340395,3.008041116926405
1710527558.534153,2.984570132361518
1710527558.5342665,2.961799833509657
1710527558.53438,2.9411313268873425
1710527558.5344932,2.922915087805854
1710527558.5346067,2.907501326666938
1710527558.5347202,2.8941896226671004
1710527558.5348334,2.880176968044705
1710527558.534947,2.865463892618815
1710527558.5350604,2.8504006067911782
1710527558.535174,2.834636370340983
1710527558.5352871,2.817821502685547
1710527558.5354006,2.8013568454318576
1710527558.535514,2.784891923268636
1710527558.5356276,2.771580219268799
1710527558.5357409,2.7589689360724554
1710527558.5358543,2.749160130818685
1710527558.5359678,2.7393513255649142
1710527558.5360813,2.7298929956224227
1710527558.5361946,2.719033294253879
1710527558.536308,2.707472907172309
1710527558.5364215,2.6927598317464194
1710527558.536535,2.67629517449273
1710527558.5366483,2.659830517239041
1710527558.5367618,2.642665174272325
1710527558.5368752,2.6269009378221297
1710527558.5369887,2.6128885481092663
1710527558.537102,2.59922636879815
1710527558.5372155,2.5855641894870334
1710527558.537329,2.5712013244628906
1710527558.5374424,2.5554373529222274
1710527558.5375557,2.5361702177259655
1710527558.5376692,2.5141003396775985
1710527558.5377827,2.4892282485961914
1710527558.5378962,2.4622541003757052
1710527558.5380094,2.434229056040446
1710527558.538123,2.4058538013034396
1710527558.5382364,2.376777860853407
1710527558.5383499,2.3480521308051214
1710527558.538463,2.3172246085272894
1710527558.5385766,2.28464576933119
1710527558.53869,2.249614397684733
1710527558.5388036,2.210379441579183
1710527558.5389168,2.168341875076294
1710527558.5390303,2.1210496955447726
1710527558.5391438,2.0713052484724255
1710527558.539257,2.018758455912272
1710527558.5393705,1.9641096062130399
1710527558.539484,1.9077093071407742
1710527558.5395975,1.8492070833841958
1710527558.5397108,1.7896539635128446
1710527558.5398242,1.7272983656989203
1710527558.5399377,1.661789814631144
1710527558.5400512,1.5938292609320746
1710527558.5401645,1.5209641721513536
1710527558.540278,1.4445960521697998
1710527558.5403914,1.3640242152743869
1710527558.540505,1.2788981861538358
1710527558.5406182,1.1913200219472249
1710527558.5407317,1.1002387603123982
1710527558.5408452,1.0067052973641288
1710527558.5409586,0.9121209383010864
1710527558.541072,0.8161352740393745
1710527558.5411854,0.7173471318350898
1710527558.5412989,0.617858370145162
1710527558.5414124,0.5148664447996352
1710527558.5415256,0.40907204151153564
1710527558.541639,0.30082547002368504
1710527558.5417526,0.18802480565177068
1710527558.541866,0.07242165505886078
1710527558.5419793,-0.04457402974367142
1710527558.5420928,-0.16365701953570047
1710527558.5422063,-0.2837907274564107
1710527558.5423198,-0.4018229908413357
1710527558.542433,-0.5184542470508151
1710527558.5425465,-0.6350855032602946
1710527558.54266,-0.749965575006273
1710527558.5427735,-0.8655461337831285
1710527558.5428867,-0.982877877023485
1710527558.5430002,-1.1012603839238484
1710527558.5431137,-1.221744351916843
1710527558.5432272,-1.3432790173424614
1710527558.5433404,-1.464463472366333
1710527558.543454,-1.5831961896684434
1710527558.5435674,-1.698776748445299
1710527558.5436807,-1.8108548058403862
1710527558.5437942,-1.9183797306484647
1710527558.5439076,-2.0217017332712808
1710527558.5440211,-2.1232725514305963
1710527558.5441344,-2.2223914994133844
1710527558.5442479,-2.320810159047445
1710527558.5443614,-2.418178187476264
1710527558.5444748,-2.515545950995551
1710527558.544588,-2.6094113455878363
1710527558.5447016,-2.7001245816548667
1710527558.544815,-2.7852339214748807
1710527558.5449286,-2.8640386793348522
1710527558.5450418,-2.9368895954555936
1710527558.5451553,-3.0027355088127985
1710527558.5452688,-3.064028157128228
1710527558.5453823,-3.1204173300001354
1710527558.5454955,-3.1740048196580672
1710527558.545609,-3.2251403066847057
1710527558.5457225,-3.2738243208991156
1710527558.545836,-3.320056597391764
1710527558.5459492,-3.3617356088426376
1710527558.5460627,-3.397810724046495
1710527558.5461762,-3.4282819430033364
1710527558.5462897,-3.453149265713162
1710527558.546403,-3.472412692175971
1710527558.5465164,-3.486772643195258
1710527558.54663,-3.4976302252875433
1710527558.5467434,-3.506736490461561
1710527558.5468566,-3.5130410724216037
1710527558.5469701,-3.5186449686686196
1710527558.5470836,-3.521797127193875
1710527558.547197,-3.5221473375956216
1710527558.5473104,-3.521096706390381
1710527558.5474238,-3.5165434413486056
1710527558.5475373,-3.5088380177815752
1710527558.5476506,-3.49798043568929
1710527558.547764,-3.483620484670003
1710527558.5478776,-3.467159006330702
1710527558.547991,-3.4482457902696395
1710527558.5481043,-3.4282819430033364
1710527558.5482178,-3.40866830613878
1710527558.5483313,-3.388003773159451
1710527558.5484447,-3.367339505089654
1710527558.548558,-3.3470254474216037
1710527558.5486715,-3.326360914442274
1710527558.548785,-3.304995960659451
1710527558.5488985,-3.2829305860731335
1710527558.5490117,-3.2598145802815752
1710527558.5491252,-3.235647678375244
1710527558.5492387,-3.209729724460178
1710527558.5493522,-3.183811505635579
1710527558.5494654,-3.157543341318766
1710527558.549579,-3.132676018608941
1710527558.5496924,-3.1088593271043563
1710527558.5498059,-3.087494373321533
1710527558.5499191,-3.067880736456977
1710527558.5500326,-3.0489675203959146
1710527558.550146,-3.0307549900478787
1710527558.5502596,-3.0111413531833224
1710527558.5503728,-2.991177241007487
1710527558.5504863,-2.969812552134196
1710527558.5505998,-2.9484475983513727
1710527558.5507133,-2.9260320133633084
1710527558.5508265,-2.9060681660970054
1710527558.55094,-2.886804739634196
1710527558.5510535,-2.8706934716966415
1710527558.551167,-2.8573841518825955
1710527558.5512803,-2.84512546327379
1710527558.5513937,-2.833917670779758
1710527558.5515072,-2.822359667883979
1710527558.5516207,-2.809751033782959
1710527558.551734,-2.7950406074523926
1710527558.5518475,-2.7796300252278647
1710527558.551961,-2.763168546888563
1710527558.5520742,-2.7484581205579968
1710527558.5521877,-2.735149065653483
1710527558.5523012,-2.7232405874464245
1710527558.5524147,-2.7148347430759006
1710527558.552528,-2.7067791091071234
1710527558.5526414,-2.6990736855400934
1710527558.5527549,-2.689967420366075
1710527558.5528684,-2.6784094174702964
1710527558.5529816,-2.664399676852756
1710527558.553095,-2.6482884089152017
1710527558.5532086,-2.6304260889689126
1710527558.553322,-2.6125635041130915
1710527558.5534353,-2.593650288052029
1710527558.5535488,-2.577188809712728
1710527558.5536623,-2.5614277521769204
1710527558.5537758,-2.5456669595506454
1710527558.553889,-2.5292054812113443
1710527558.5540025,-2.510992685953776
1710527558.554116,-2.4892775217692056
1710527558.5542295,-2.4651108847724066
1710527558.5543427,-2.436740928226047
1710527558.5544562,-2.405219078063965
1710527558.5545697,-2.3719459109836154
1710527558.5546832,-2.33797205819024
1710527558.5547965,-2.3036482599046493
1710527558.55491,-2.269324461619059
1710527558.5550234,-2.2339497672186956
1710527558.555137,-2.195773124694824
1710527558.5552502,-2.156545718510946
1710527558.5553637,-2.113465732998318
1710527558.5554771,-2.0658324824439154
1710527558.5555906,-2.013996442159017
1710527558.5557039,-1.9600588745541043
1710527558.5558174,-1.9008676211039224
1710527558.5559309,-1.8395748403337266
1710527558.5560443,-1.7744294802347818
1710527558.5561576,-1.709284120135837
1710527558.556271,-1.6399357053968642
1710527558.5563846,-1.5709376335144043
1710527558.5564978,-1.4977366394466824
1710527558.5566113,-1.4213834868537054
1710527558.5567248,-1.3408272796207004
1710527558.5568383,-1.2567687034606934
1710527558.5569515,-1.1678067843119304
1710527558.557065,-1.0739413234922621
1710527558.5571785,-0.9758730067147149
1710527558.557292,-0.8746524651845295
1710527558.5574052,-0.7706299755308363
1710527558.5575187,-0.664856301413642
1710527558.5576322,-0.5576815870073106
1710527558.5577457,-0.4498064186837938
1710527558.557859,-0.34123076332939994
1710527558.5579724,-0.2305536303255293
1710527558.558086,-0.11847553153832753
1710527558.5581994,-0.0021944978895286718
1710527558.5583127,0.11691135664780934
1710527558.5584261,0.2398710780673557
1710527558.5585396,0.3656333022647434
1710527558.558653,0.49384769466188216
1710527558.5587664,0.6213614675733778
1710527558.5588799,0.7481746541129218
1710527558.5589933,0.8728859159681532
1710527558.5591068,0.995145042737325
1710527558.55922,1.1153022448221843
1710527558.5593336,1.2347588274214003
1710527558.559447,1.3542154100206163
1710527558.5595605,1.4743726783328586
1710527558.5596738,1.5973322921329074
1710527558.5597873,1.7202920383877225
1710527558.5599008,1.842551098929511
1710527558.5600142,1.9630587100982666
1710527558.5601275,2.0790121290418835
1710527558.560241,2.1897109349568686
1710527558.5603545,2.2944543096754284
1710527558.560468,2.393242518107096
1710527558.5605812,2.487826877170139
1710527558.5606947,2.5792585478888617
1710527558.5608082,2.669288847181532
1710527558.5609214,2.757567564646403
1710527558.561035,2.8444451755947537
1710527558.5611484,2.9299214151170516
1710527558.561262,3.011544280582004
1710527558.5613751,3.087562190161811
1710527558.5614886,3.1558730867173934
1710527558.561602,3.2185790273878307
1710527558.5617156,3.2725270589192705
1710527558.5618289,3.3222715059916177
1710527558.5619423,3.365710311465793
1710527558.5620558,3.4056459532843695
1710527558.5621693,3.4434798028733993
1710527558.5622826,3.4788613849216037
1710527558.562396,3.511440224117703
1710527558.5625095,3.5398157437642412
1710527558.562623,3.5636369387308755
1710527558.5627363,3.580802281697591
1710527558.5628498,3.5934135648939343
1710527558.5629632,3.599719206492106
1710527558.5630767,3.6014707883199053
1710527558.56319,3.59901852077908
1710527558.5633035,3.5941139856974282
1710527558.563417,3.5874581336975098
1710527558.5635304,3.5790506998697915
1710527558.5636437,3.569241894616021
1710527558.5637572,3.5590828789605036
1710527558.5638707,3.546121385362413
1710527558.5639842,3.531408045026991
1710527558.5640974,3.514593177371555
1710527558.564211,3.4946253564622665
1710527558.5643244,3.4729059537251787
1710527558.5644379,3.449084758758545
1710527558.564551,3.423862192365858
1710527558.5646646,3.3972385194566512
1710527558.564778,3.3713152673509383
1710527558.5648916,3.3446915944417315
1710527558.5650048,3.3180676566229925
1710527558.5651183,3.2928453551398382
1710527558.5652318,3.2679729991488986
1710527558.565345,3.2434511184692383
1710527558.5654585,3.218929237789578
1710527558.565572,3.1933564609951444
1710527558.5656855,3.166382312774658
1710527558.5657988,3.1397586398654513
1710527558.5659122,3.1124342812432184
1710527558.5660257,3.085109922620985
1710527558.5661392,3.058486249711778
1710527558.5662525,3.033964369032118
1710527558.566366,3.0108435948689776
1710527558.5664794,2.9901750882466636
1710527558.566593,2.9712584283616805
1710527558.5667062,2.953042189280192
1710527558.5668197,2.9348256852891708
1710527558.5669332,2.9173101319207086
1710527558.5670466,2.8976927863226996
1710527558.56716,2.878425386216905
1710527558.5672734,2.858457565307617
1710527558.5673869,2.838840219709608
1710527558.5675004,2.8216748767428927
1710527558.5676136,2.806961801317003
1710527558.567727,2.7940000428093805
1710527558.5678406,2.7827901310390897
1710527558.567954,2.772981325785319
1710527558.5680673,2.7624720997280545
1710527558.5681808,2.7509117126464844
1710527558.5682943,2.738650639851888
1710527558.5684078,2.723937564425998
1710527558.568521,2.708523803287082
1710527558.5686345,2.6927598317464194
1710527558.568748,2.67769628100925
1710527558.5688615,2.6640341016981335
1710527558.5689747,2.65317440032959
1710527558.5690882,2.6430153846740723
1710527558.5692017,2.6332065794203015
1710527558.5693152,2.622346878051758
1710527558.5694284,2.609735859764947
1710527558.569542,2.594322098626031
1710527558.5696554,2.5757553842332626
1710527558.5697687,2.5557875633239746
1710527558.5698822,2.534418635898166
1710527558.5699956,2.512348757849799
1710527558.5701091,2.4906293551127114
1710527558.5702224,2.4689099523756237
1710527558.5703359,2.4478912353515625
1710527558.5704494,2.4251209364997015
1710527558.5705628,2.4016499519348145
1710527558.570676,2.3736251725090876
1710527558.5707896,2.3424471749199762
1710527558.570903,2.308116488986545
1710527558.5710166,2.269232008192274
1710527558.5711298,2.2282452053493924
1710527558.5712433,2.1851568751864963
1710527558.5713568,2.1403168307410345
1710527558.5714703,2.094776233037313
1710527558.5715835,2.0478343963623047
1710527558.571697,1.9987906350029838
1710527558.5718105,1.9476449489593506
1710527558.571924,1.8933464421166313
1710527558.5720372,1.834143665101793
1710527558.5721507,1.772488620546129
1710527558.5722642,1.7048782772488065
1710527558.5723777,1.6358666949801974
1710527558.572491,1.5616004996829562
1710527558.5726044,1.4852323797014024
1710527558.572718,1.407112677892049
1710527558.5728314,1.3265407085418701
1710527558.5729446,1.2442172898186576
1710527558.5730581,1.1597919464111328
1710527558.5731716,1.0732647445466783
1710527558.573285,0.9832343790266249
1710527558.5733984,0.8904015355639987
1710527558.5735118,0.7933649751875136
1710527558.5736253,0.6921246316697862
1710527558.5737388,0.5877314673529731
1710527558.573852,0.47913455300860935
1710527558.5739655,0.3691364328066508
1710527558.574079,0.25703638792037964
1710527558.5741923,0.14353510406282213
1710527558.5743058,0.02968351874086592
1710527558.5744193,-0.08310087853007846
1710527558.5745327,-0.19728044668833414
1710527558.574646,-0.31251072883605957
1710527558.5747595,-0.42879177464379203
1710527558.574873,-0.547174248430464
1710527558.5749865,-0.668008459938897
1710527558.5750997,-0.7909441656536526
1710527558.5752132,-0.914930502573649
1710527558.5753267,-1.0385666953192816
1710527558.5754402,-1.1601013607449002
1710527558.5755534,-1.2784838676452637
1710527558.575667,-1.3940644264221191
1710527558.5757804,-1.5071932474772134
1710527558.5758939,-1.6175201204087999
1710527558.5760071,-1.7257455984751382
1710527558.5761206,-1.8343211544884575
1710527558.576234,-1.941145658493042
1710527558.5763476,-2.0497213469611273
1710527558.5764608,-2.1568959289126926
1710527558.5765743,-2.261619038052029
1710527558.5766878,-2.362138960096571
1710527558.5768013,-2.4595069885253906
1710527558.5769145,-2.5491693284776473
1710527558.577028,-2.6339284578959146
1710527558.5771415,-2.7123830053541393
1710527558.577255,-2.7883860800001354
1710527558.5773683,-2.8605363104078503
1710527558.5774817,-2.9302348030938044
1710527558.5775952,-2.9988826645745172
1710527558.5777087,-3.0654289987352157
1710527558.577822,-3.1284729639689126
1710527558.5779355,-3.1866134537590876
1710527558.578049,-3.239150047302246
1710527558.5781624,-3.2857325341966415
1710527558.5782757,-3.32566049363878
1710527558.5783892,-3.3599842919243708
1710527558.5785027,-3.389755090077718
1710527558.578616,-3.415673043992784
1710527558.5787294,-3.4391395250956216
1710527558.5788429,-3.461204899681939
1710527558.5789564,-3.481168746948242
1710527558.5790696,-3.49798043568929
1710527558.579183,-3.5119901763068304
1710527558.5792966,-3.521797127193875
1710527558.57941,-3.5277512338426376
1710527558.5795233,-3.529152340359158
1710527558.5796368,-3.52635039223565
1710527558.5797503,-3.5200458102756076
1710527558.5798638,-3.5109395451015897
1710527558.579977,-3.4997317526075573
1710527558.5800905,-3.487122853597005
1710527558.580204,-3.473813798692491
1710527558.5803175,-3.4591033723619247
1710527558.5804307,-3.444393210940891
1710527558.5805442,-3.4282819430033364
1710527558.5806577,-3.410069147745768
1710527558.5807712,-3.3911561965942383
1710527558.5808845,-3.3697912428114147
1710527558.580998,-3.3466749721103244
1710527558.5811114,-3.321807649400499
1710527558.581225,-3.2965901162889266
1710527558.5813382,-3.2706721623738604
1710527558.5814517,-3.244753943549262
1710527558.5815651,-3.220587306552463
1710527558.5816786,-3.1971208254496255
1710527558.5817919,-3.1757558716668024
1710527558.5819054,-3.155091603597005
1710527558.5820189,-3.134427070617676
1710527558.5821323,-3.1141130129496255
1710527558.5822456,-3.0927480591668024
1710527558.582359,-3.071032894982232
1710527558.5824726,-3.0475666787889266
1710527558.582586,-3.0248008833991156
1710527558.5826993,-3.0016846126980252
1710527558.5828128,-2.9796192381117077
1710527558.5829263,-2.9610562324523926
1710527558.5830395,-2.9442445437113443
1710527558.583153,-2.928483751085069
1710527558.5832665,-2.914824220869276
1710527558.58338,-2.901164690653483
1710527558.5834932,-2.886804739634196
1710527558.5836067,-2.8706934716966415
1710527558.5837202,-2.8528308868408203
1710527558.5838337,-2.8349685668945312
1710527558.583947,-2.817456192440457
1710527558.5840604,-2.8006445036994085
1710527558.584174,-2.7859343422783747
1710527558.5842874,-2.7740261289808483
1710527558.5844007,-2.763868967692057
1710527558.5845141,-2.756163544125027
1710527558.5846276,-2.747407489352756
1710527558.584741,-2.7376005384657116
1710527558.5848544,-2.7256923251681857
1710527558.5849679,-2.7123830053541393
1710527558.5850813,-2.6976728439331055
1710527558.5851948,-2.682612207200792
1710527558.585308,-2.66650120417277
1710527558.5854216,-2.653191884358724
1710527558.585535,-2.6412834061516657
1710527558.5856485,-2.6300756136576333
1710527558.5857618,-2.6195685068766275
1710527558.5858753,-2.6080102390713162
1710527558.5859888,-2.594000498453776
1710527558.5861022,-2.577188809712728
1710527558.5862155,-2.5572249624464245
1710527558.586329,-2.5337584813435874
1710527558.5864425,-2.508891158633762
1710527558.586556,-2.483323415120443
1710527558.5866692,-2.4563545650906033
1710527558.5867827,-2.430786821577284
1710527558.5868962,-2.403817971547445
1710527558.5870097,-2.3768493864271374
1710527558.587123,-2.347779009077284
1710527558.5872364,-2.3162571589152017
1710527558.58735,-2.2812326749165854
1710527558.5874631,-2.2416549258761935
1710527558.5875766,-2.198224729961819
1710527558.58769,-2.1516423755221896
1710527558.5878036,-2.102608150906033
1710527558.5879169,-2.0504217677646213
1710527558.5880303,-1.9975349638197157
1710527558.5881438,-1.941846079296536
1710527558.5882573,-1.8851065635681152
1710527558.5883706,-1.8252148893144395
1710527558.588484,-1.7628714773390028
1710527558.5885975,-1.6966752211252847
1710527558.588711,-1.626976728439331
1710527558.5888243,-1.551674207051595
1710527558.5889378,-1.473219527138604
1710527558.5890512,-1.3898615042368572
1710527558.5891647,-1.303701400756836
1710527558.589278,-1.214739481608073
1710527558.5893915,-1.1233256922827826
1710527558.589505,-1.0305110613505046
1710527558.5896184,-0.9352446926964654
1710527558.5897317,-0.8389275603824191
1710527558.5898452,-0.740859243604872
1710527558.5899587,-0.6396387020746866
1710527558.5900722,-0.5349157253901163
1710527558.5901854,-0.425989826520284
1710527558.590299,-0.31391170289781356
1710527558.5904124,-0.19622971614201862
1710527558.5905259,-0.07609599166446261
1710527558.590639,0.04544758548339208
1710527558.5907526,0.16875762078497145
1710527558.590866,0.29031607839796275
1710527558.5909796,0.41187455256779987
1710527558.5910928,0.5320317546526591
1710527558.5912063,0.652539332707723
1710527558.5913198,0.7726965347925822
1710527558.5914333,0.8960065576765273
1710527558.5915465,1.0207178195317586
1710527558.59166,1.148581902186076
1710527558.5917735,1.2771466043260362
1710527558.5918868,1.4053610960642497
1710527558.5920002,1.5318238735198975
1710527558.5921137,1.654082934061686
1710527558.5922272,1.7721382776896157
1710527558.5923405,1.8856395615471733
1710527558.592454,1.9945867856343586
1710527558.5925674,2.100381188922458
1710527558.592681,2.204774353239271
1710527558.5927942,2.3091676500108504
1710527558.5929077,2.4121594429016113
1710527558.5930212,2.5151512357923718
1710527558.5931346,2.6156910260518393
1710527558.593248,2.711326281229655
1710527558.5933614,2.8013568454318576
1710527558.5934749,2.885081503126356
1710527558.5935884,2.961099147796631
1710527558.5937016,3.0311618910895453
1710527558.593815,3.095619413587782
1710527558.5939286,3.1555228763156467
1710527558.594042,3.2143751780192056
1710527558.5941553,3.2711259524027505
1710527558.5942688,3.3254244592454696
1710527558.5943823,3.37621980243259
1710527558.5944958,3.422811296251085
1710527558.594609,3.4641480445861816
1710527558.5947225,3.4988292058308916
1710527558.594836,3.5265037748548718
1710527558.5949495,3.5492740737067328
1710527558.5950627,3.565738730960422
1710527558.5951762,3.5790506998697915
1710527558.5952897,3.589209715525309
1710527558.5954032,3.59726693895128
1710527558.5955164,3.6032221052381725
1710527558.59563,3.6067252688937717
1710527558.5957434,3.607075744205051
1710527558.595857,3.6053241623772516
1710527558.5959702,3.600069416893853
1710527558.5960836,3.5899104012383356
1710527558.5961971,3.576248221927219
1710527558.5963104,3.5594330893622503
1710527558.5964239,3.5412168502807617
1710527558.5965374,3.5198479228549533
1710527558.5966508,3.4988292058308916
1710527558.596764,3.475708431667752
1710527558.5968776,3.4532883432176376
1710527558.596991,3.43016783396403
1710527558.5971045,3.407747745513916
1710527558.5972178,3.3832258648342557
1710527558.5973313,3.3590544594658747
1710527558.5974448,3.3331312073601618
1710527558.5975583,3.307208220163981
1710527558.5976715,3.2788327005174422
1710527558.597785,3.250457445780436
1710527558.5978985,3.2217317157321506
1710527558.598012,3.193006250593397
1710527558.5981252,3.1649812062581377
1710527558.5982387,3.139057954152425
1710527558.5983522,3.1145360734727645
1710527558.5984657,3.09106535381741
1710527558.598579,3.0686452653672958
1710527558.5986924,3.0465756522284613
1710527558.598806,3.0255566702948675
1710527558.5989194,3.0027863714430065
1710527558.5990326,2.9796658621893988
1710527558.5991461,2.9565450880262585
1710527558.5992596,2.9334245787726507
1710527558.599373,2.911705176035563
1710527558.5994864,2.892087565528022
1710527558.5995998,2.8745720121595593
1710527558.5997133,2.8598589367336698
1710527558.5998268,2.8465469678243003
1710527558.59994,2.8335854742262097
1710527558.6000535,2.8206239806281195
1710527558.600167,2.8076622221204968
1710527558.6002805,2.79259893629286
1710527558.6003938,2.776484489440918
1710527558.6005073,2.759669621785482
1710527558.6006207,2.7446060710483127
1710527558.600734,2.7298929956224227
1710527558.6008475,2.7176319228278265
1710527558.600961,2.707122696770562
1710527558.6010745,2.6976641019185386
1710527558.6011877,2.688205771976047
1710527558.6013012,2.67769628100925
1710527558.6014147,2.6657856835259333
1710527558.6015282,2.6514228185017905
1710527558.6016414,2.634607950846354
1710527558.601755,2.6163917117648654
1710527558.6018684,2.5978249973720975
1710527558.6019819,2.580309444003635
1710527558.6020951,2.5631441010369196
1710527558.6022086,2.5473801294962564
1710527558.602322,2.5316161579555936
1710527558.6024356,2.514450814988878
1710527558.6025488,2.495533890194363
1710527558.6026623,2.4752155939737954
1710527558.6027758,2.4510441886054144
1710527558.6028893,2.422668933868408
1710527558.6030025,2.391490936279297
1710527558.603116,2.3596125178866916
1710527558.6032295,2.3252818319532604
1710527558.603343,2.291301621331109
1710527558.6034563,2.2559200392829046
1710527558.6035697,2.219137218263414
1710527558.6036832,2.180252472559611
1710527558.6037967,2.138915591769748
1710527558.60391,2.094776233037313
1710527558.6040235,2.045031785964966
1710527558.604137,1.9924849934048123
1710527558.6042504,1.9350336657630072
1710527558.6043637,1.8740793069203694
1710527558.6044772,1.811373366249932
1710527558.6045907,1.745514604780409
1710527558.6047041,1.6789551575978596
1710527558.6048174,1.6099435753292508
1710527558.6049309,1.5395307540893555
1710527558.6050444,1.4652645587921143
1710527558.6051576,1.3895969920688205
1710527558.605271,1.3086748123168945
1710527558.6053846,1.2253003650241427
1710527558.605498,1.1370216475592718
1710527558.6056113,1.044889423582289
1710527558.6057248,0.9503049982918633
1710527558.6058383,0.8518671327167087
1710527558.6059518,0.7509771320554945
1710527558.606065,0.649036169052124
1710527558.6061785,0.5453436573346456
1710527558.606292,0.4406001832750108
1710527558.6064055,0.33480577998691136
1710527558.6065187,0.22690950168503654
1710527558.6066322,0.11691135664780934
1710527558.6067457,0.004110699260814322
1710527558.6068592,-0.11112040115727319
1710527558.6069725,-0.2305536303255293
1710527558.607086,-0.35033709473080105
1710527558.6071994,-0.4715215497546726
1710527558.607313,-0.5927060047785441
1710527558.6074262,-0.7124894857406616
1710527558.6075397,-0.8312222030427721
1710527558.6076531,-0.9478534592522515
1710527558.6077666,-1.0623832543690999
1710527558.6078799,-1.1769130494859483
1710527558.6079934,-1.2900418705410428
1710527558.6081069,-1.4052722189161513
1710527558.6082203,-1.5215531984965005
1710527558.6083336,-1.6385347313351102
1710527558.608447,-1.7551660537719727
1710527558.6085606,-1.8689954280853271
1710527558.608674,-1.9807232750786674
1710527558.6087873,-2.0868472258249917
1710527558.6089008,-2.188768254386054
1710527558.6090143,-2.2847350438435874
1710527558.6091278,-2.3775498072306314
1710527558.609241,-2.4679128328959146
1710527558.6093545,-2.5561743312411838
1710527558.609468,-2.642334302266439
1710527558.6095812,-2.7277938524881997
1710527558.6096947,-2.8108016649881997
1710527558.6098082,-2.8903071085611978
1710527558.6099217,-2.963507970174154
1710527558.610035,-3.0311052004496255
1710527558.6101484,-3.091697427961561
1710527558.610262,-3.146685759226481
1710527558.6103754,-3.1953695085313583
1710527558.6104887,-3.239850733015272
1710527558.6106021,-3.2815297444661455
1710527558.6107156,-3.3204068077935114
1710527558.610829,-3.3575325542026095
1710527558.6109424,-3.391506406995985
1710527558.6110559,-3.4226780467563205
1710527558.6111693,-3.4499971071879068
1710527558.6112828,-3.4713620609707303
1710527558.611396,-3.4885239601135254
1710527558.6115096,-3.5007823838127985
1710527558.611623,-3.5070869657728405
1710527558.6117365,-3.5102391242980957
1710527558.6118498,-3.5112897555033364
1710527558.6119633,-3.509538438585069
1710527558.6120768,-3.506736490461561
1710527558.6121902,-3.5028839111328125
1710527558.6123035,-3.4972800148857965
1710527558.612417,-3.4899248017205133
1710527558.6125305,-3.480818536546495
1710527558.612644,-3.468910323248969
1710527558.6127572,-3.4541998969184027
1710527558.6128707,-3.4366877873738604
1710527558.6129842,-3.4163737297058105
1710527558.6130977,-3.395008775922987
1710527558.613211,-3.370841874016656
1710527558.6133244,-3.3470254474216037
1710527558.613438,-3.3232087559170194
1710527558.6135514,-3.3000924852159286
1710527558.6136646,-3.276276058620877
1710527558.613778,-3.253159787919786
1710527558.6138916,-3.231795099046495
1710527558.6140049,-3.2086788283454046
1710527558.6141183,-3.1848624017503524
1710527558.6142318,-3.1606954998440213
1710527558.6143453,-3.134777545928955
1710527558.6144586,-3.1092095375061035
1710527558.614572,-3.0832915835910373
1710527558.6146855,-3.058074050479465
1710527558.614799,-3.0353079901801214
1710527558.6149123,-3.0146437221103244
1710527558.6150258,-2.9960807164510093
1710527558.6151392,-2.979269027709961
1710527558.6152527,-2.9631577597724066
1710527558.615366,-2.9470464918348522
1710527558.6154795,-2.929184171888563
1710527558.615593,-2.911321587032742
1710527558.6157064,-2.8917079501681857
1710527558.6158197,-2.8724445237053766
1710527558.6159332,-2.8528308868408203
1710527558.6160467,-2.8356689876980252
1710527558.6161602,-2.821659247080485
1710527558.6162734,-2.809751033782959
1710527558.616387,-2.7999440828959146
1710527558.6165004,-2.7908378177218967
1710527558.6166139,-2.7824319733513727
1710527558.616727,-2.7722748120625815
1710527558.6168406,-2.759665913052029
1710527558.616954,-2.7470572789510093
1710527558.6170676,-2.732347117529975
1710527558.6171808,-2.7179869016011557
1710527558.6172943,-2.7046775817871094
1710527558.6174078,-2.6945206854078503
1710527558.6175213,-2.6840133137173123
1710527558.6176345,-2.677008310953776
1710527558.617748,-2.668602466583252
1710527558.6178615,-2.660196622212728
1710527558.617975,-2.6482884089152017
1710527558.6180882,-2.6346288786994085
1710527558.6182017,-2.618517610761854
1710527558.6183152,-2.598553763495551
1710527558.6184285,-2.578589916229248
1710527558.618542,-2.5582755936516657
1710527558.6186554,-2.5379615359836154
1710527558.618769,-2.519048319922553
1710527558.6188822,-2.5001351038614907
1710527558.6189957,-2.4805214669969344
1710527558.6191092,-2.458806302812364
1710527558.6192226,-2.434289190504286
1710527558.619336,-2.4062697092692056
1710527558.6194494,-2.3740474383036294
1710527558.6195629,-2.3397233751085067
1710527558.6196764,-2.3011965221828885
1710527558.6197896,-2.261619038052029
1710527558.619903,-2.2206404474046493
1710527558.6200166,-2.178611093097263
1710527558.62013,-2.1351808971828885
1710527558.6202433,-2.0903495947519937
1710527558.6203568,-2.042716476652357
1710527558.6204703,-1.9919310675726996
1710527558.6205838,-1.936592525906033
1710527558.620697,-1.878101693259345
1710527558.6208105,-1.8140070968204074
1710527558.620924,-1.7460596561431885
1710527558.6210375,-1.6742596361372206
1710527558.6211507,-1.5993074576059976
1710527558.6212642,-1.5222537517547607
1710527558.6213777,-1.4434488614400227
1710527558.6214912,-1.3618420230017767
1710527558.6216044,-1.2784838676452637
1710527558.621718,-1.1919735537634955
1710527558.6218314,-1.1030115683873494
1710527558.621945,-1.0108974244859483
1710527558.6220582,-0.9135295285118951
1710527558.6221716,-0.8123090532090929
1710527558.6222851,-0.7065353128645155
1710527558.6223986,-0.5972591373655531
1710527558.6225119,-0.4848308033413357
1710527558.6226254,-0.3720522258016798
1710527558.6227388,-0.2571721706125471
1710527558.622852,-0.14229213198026022
1710527558.6229656,-0.02776231409774886
1710527558.623079,0.08713478015528785
1710527558.6231925,0.20308825704786512
1710527558.6233058,0.3207932909329732
1710527558.6234193,0.44130080276065403
1710527558.6235328,0.5660120646158854
1710527558.6236463,0.6924749082989162
1710527558.6237595,0.8210396766662598
1710527558.623873,0.949254035949707
1710527558.6239865,1.0757168796327379
1710527558.6241,1.2004281414879692
1710527558.6242132,1.3212860955132377
1710527558.6243267,1.4386407534281414
1710527558.6244402,1.5538936191134982
1710527558.6245537,1.6673949029710557
1710527558.624667,1.7812463972303603
1710527558.6247804,1.8971999486287434
1710527558.624894,2.0131533675723605
1710527558.6250074,2.1284062332577176
1710527558.6251206,2.241206963857015
1710527558.6252341,2.3505043983459473
1710527558.6253476,2.453846666547987
1710527558.625461,2.5515837139553494
1710527558.6255744,2.641964488559299
1710527558.6256878,2.7274407280815973
1710527558.6258013,2.808012697431776
1710527558.6259148,2.8861323992411294
1710527558.626028,2.9635514153374567
1710527558.6261415,3.0385184288024902
1710527558.626255,3.111033174726698
1710527558.6263685,3.180745177798801
1710527558.6264818,3.2438015937805176
1710527558.6265953,3.3012527889675565
1710527558.6267087,3.3523983425564237
1710527558.6268222,3.3951364623175726
1710527558.6269355,3.4326201015048556
1710527558.627049,3.4641480445861816
1710527558.6271625,3.4925235642327204
1710527558.6272757,3.5177458657158747
1710527558.6273892,3.541917535993788
1710527558.6275027,3.562235567304823
1710527558.6276162,3.579751385582818
1710527558.6277294,3.5944644610087075
1710527558.627843,3.6032221052381725
1710527558.6279564,3.6074259546067977
1710527558.6280699,3.607075744205051
1710527558.6281831,3.6021712091233993
1710527558.6282966,3.5934135648939343
1710527558.62841,3.5822033882141113
1710527558.6285236,3.569592105017768
1710527558.6286368,3.554528819190131
1710527558.6287503,3.5401659541659884
1710527558.6288638,3.524051507314046
1710527558.6289773,3.506535953945584
1710527558.6290905,3.487969504462348
1710527558.629204,3.4687021043565536
1710527558.6293175,3.446632491217719
1710527558.629431,3.423161506652832
1710527558.6295443,3.3972385194566512
1710527558.6296577,3.3706145816379123
1710527558.6297712,3.342940012613932
1710527558.6298847,3.314564757876926
1710527558.629998,3.2868899239434137
1710527558.6301115,3.2595655653211804
1710527558.630225,3.2329418924119735
1710527558.6303384,3.208069536421034
1710527558.6304517,3.183197445339627
1710527558.6305652,3.1597264607747393
1710527558.6306787,3.1355550554063583
1710527558.6307921,3.111033174726698
1710527558.6309054,3.0861608187357583
1710527558.6310189,3.060237831539578
1710527558.6311324,3.034664789835612
1710527558.6312459,3.0094424883524575
1710527558.631359,2.9859715037875705
1710527558.6314726,2.9649527867635093
1710527558.631586,2.9453351762559676
1710527558.6316993,2.928870519002279
1710527558.6318128,2.9127560721503363
1710527558.6319263,2.8976927863226996
1710527558.6320398,2.8836801317003036
1710527558.632153,2.8661645783318415
1710527558.6322665,2.8489992353651257
1710527558.63238,2.8325345781114364
1710527558.6324935,2.8143183390299478
1710527558.6326067,2.7982038921780057
1710527558.6327202,2.784541712866889
1710527558.6328337,2.772280904981825
1710527558.6329472,2.7628223101298013
1710527558.6330605,2.753714190589057
1710527558.633174,2.744255860646566
1710527558.6332874,2.733396159278022
1710527558.633401,2.722536457909478
1710527558.6335142,2.7092244890001083
1710527558.6336277,2.693110042148166
1710527558.6337411,2.67769628100925
1710527558.6338546,2.6619323094685874
1710527558.6339679,2.646868758731418
1710527558.6340814,2.6335570547315807
1710527558.6341949,2.621646457248264
1710527558.6343083,2.6100860701666937
1710527558.6344216,2.5971245765686035
1710527558.634535,2.5824112362331815
1710527558.6346486,2.564194997151693
1710527558.634762,2.5438769658406577
1710527558.6348753,2.5207564565870495
1710527558.6349888,2.495533890194363
1710527558.6351023,2.468559741973877
1710527558.6352158,2.442286279466417
1710527558.635329,2.415312131245931
1710527558.6354425,2.3879877726236978
1710527558.635556,2.3599627282884383
1710527558.6356695,2.329835891723633
1710527558.6357827,2.2965563668145075
1710527558.6358962,2.260474099053277
1710527558.6360097,2.2194875611199274
1710527558.636123,2.1749978595309787
1710527558.6362364,2.1273553371429443
1710527558.63635,2.077610890070597
1710527558.6364634,2.025764650768704
1710527558.6365767,1.9718164867824979
1710527558.6366901,1.9168174266815186
1710527558.6368036,1.860417127609253
1710527558.636917,1.8008640077379015
1710527558.6370304,1.7392089631822374
1710527558.6371439,1.672649515999688
1710527558.6372573,1.603637933731079
1710527558.6373708,1.529371738433838
1710527558.637484,1.4516023794809978
1710527558.6375976,1.368928485446506
1710527558.637711,1.2848534848954942
1710527558.6378245,1.1962244245741103
1710527558.6379378,1.106894744767083
1710527558.6380513,1.0161637597613864
1710527558.6381648,0.9226302968131171
1710527558.6382782,0.8287465572357178
1710527558.6383915,0.7313596540027194
1710527558.638505,0.6311702065997653
1710527558.6386185,0.5274776948822869
1710527558.638732,0.4216832915941874
1710527558.6388452,0.310283899307251
1710527558.6389587,0.1974832514921824
1710527558.6390722,0.08117946485678355
1710527558.6391857,-0.036518416470951505
1710527558.639299,-0.15420042806201512
1710527558.6394124,-0.27188243137465584
1710527558.639526,-0.3874629735946655
1710527558.6396394,-0.5030434992578294
1710527558.6397526,-0.6179235378901163
1710527558.639866,-0.7338543732961019
1710527558.6399796,-0.8508358399073283
1710527558.640093,-0.9692183468076918
1710527558.6402063,-1.0900525914298163
1710527558.6403198,-1.2115871906280518
1710527558.6404333,-1.3324214352501762
1710527558.6405466,-1.4515044954087999
1710527558.64066,-1.567084921730889
1710527558.6407735,-1.6791631115807426
1710527558.640887,-1.7873884571923149
1710527558.6410003,-1.8910608026716444
1710527558.6411138,-1.9933320416344535
1710527558.6412272,-2.0942023065355087
1710527558.6413407,-2.19437215063307
1710527558.641454,-2.2952424155341253
1710527558.6415675,-2.3947117063734265
1710527558.641681,-2.49278015560574
1710527558.6417944,-2.5866455501980252
1710527558.6419077,-2.675257258945041
1710527558.6420212,-2.758265071445041
1710527558.6421347,-2.835318777296278
1710527558.6422482,-2.906418376498752
1710527558.6423614,-2.972964710659451
1710527558.642475,-3.0360086758931475
1710527558.6425884,-3.0955500072903104
1710527558.6427019,-3.152990076276991
1710527558.642815,-3.208328617943658
1710527558.6429286,-3.2608652114868164
1710527558.643042,-3.309199015299479
1710527558.6431556,-3.3519286579555936
1710527558.6432688,-3.3890546692742243
1710527558.6433823,-3.4195258882310653
1710527558.6434958,-3.4447434213426376
1710527558.6436093,-3.464357058207194
1710527558.6437225,-3.480818536546495
1710527558.643836,-3.4941278563605414
1710527558.6439495,-3.5063862800598145
1710527558.644063,-3.5161932309468584
1710527558.6441762,-3.5235484441121416
1710527558.6442897,-3.5284516546461315
1710527558.6444032,-3.5305531819661455
1710527558.6445167,-3.529152340359158
1710527558.64463,-3.523898654513889
1710527558.6447434,-3.5144419140285916
1710527558.644857,-3.5014830695258246
1710527558.6449702,-3.48537180158827
1710527558.6450837,-3.468209637535943
1710527558.6451972,-3.44964689678616
1710527558.6453106,-3.4307336807250977
1710527558.645424,-3.4104196230570474
1710527558.6455374,-3.3904555108812118
1710527558.6456509,-3.370141453213162
1710527558.6457644,-3.3491267098320856
1710527558.6458776,-3.3274115456475153
1710527558.645991,-3.304295539855957
1710527558.6461046,-3.2804788483513727
1710527558.646218,-3.2545608944363065
1710527558.6463313,-3.227592044406467
1710527558.6464448,-3.2002729839748807
1710527558.6465583,-3.1740048196580672
1710527558.6466718,-3.148787286546495
1710527558.646785,-3.12391996383667
1710527558.6468985,-3.1018545892503524
1710527558.647012,-3.080839845869276
1710527558.6471255,-3.0612262090047198
1710527558.6472387,-3.041612572140164
1710527558.6473522,-3.021298249562581
1710527558.6474657,-2.9999335606892905
1710527558.6475792,-2.977868186102973
1710527558.6476924,-2.9551021258036294
1710527558.647806,-2.933386961619059
1710527558.6479194,-2.9116720623440213
1710527558.648033,-2.8931090566847057
1710527558.6481462,-2.876297367943658
1710527558.6482596,-2.8622876273261175
1710527558.6483731,-2.850379149119059
1710527558.6484866,-2.83882114622328
1710527558.6485999,-2.826912932925754
1710527558.6487134,-2.813953823513455
1710527558.6488268,-2.7992436620924206
1710527558.6489403,-2.7831323941548667
1710527558.6490536,-2.767371336619059
1710527558.649167,-2.752310964796278
1710527558.6492805,-2.739001644982232
1710527558.6493938,-2.7284942732916937
1710527558.6495073,-2.7200884289211698
1710527558.6496208,-2.7127332157558866
1710527558.6497343,-2.7050280570983887
1710527558.6498475,-2.6976728439331055
1710527558.649961,-2.6875156826443143
1710527558.6500745,-2.674556838141547
1710527558.650188,-2.659846411810981
1710527558.6503012,-2.644435829586453
1710527558.6504147,-2.6283245616488986
1710527558.6505282,-2.6132639249165854
1710527558.6506417,-2.599254184299045
1710527558.650755,-2.5859448644849987
1710527558.6508684,-2.574036651187473
1710527558.650982,-2.5603771209716797
1710527558.6510954,-2.5442658530341253
1710527558.6512086,-2.5250024265713162
1710527558.6513221,-2.5022366311815047
1710527558.6514356,-2.476318677266439
1710527558.651549,-2.447598510318332
1710527558.6516623,-2.4164268705579968
1710527558.6517758,-2.3845545450846353
1710527558.6518893,-2.352332274119059
1710527558.6520028,-2.319409317440457
1710527558.652116,-2.2861361503601074
1710527558.6522295,-2.25006103515625
1710527558.652343,-2.2118842601776123
1710527558.6524565,-2.170205248726739
1710527558.6525698,-2.12467352549235
1710527558.6526833,-2.074588669670953
1710527558.6527967,-2.020300759209527
1710527558.6529102,-1.963911453882853
1710527558.6530235,-1.9040197796291776
1710527558.653137,-1.8420265780554876
1710527558.6532505,-1.778282192018297
1710527558.653364,-1.712786489062839
1710527558.6534772,-1.6444889704386392
1710527558.6535907,-1.5744401348961723
1710527558.6537042,-1.5019395616319444
1710527558.6538174,-1.4245356453789604
1710527558.653931,-1.3429288069407146
1710527558.6540444,-1.2571190463172064
1710527558.6541579,-1.1678067843119304
1710527558.6542711,-1.0739413234922621
1710527558.6543846,-0.9765734937455919
1710527558.654498,-0.8774544133080376
1710527558.6546116,-0.7758836613761054
1710527558.6547248,-0.6732621457841661
1710527558.6548383,-0.5699401431613498
1710527558.6549518,-0.464866922961341
1710527558.6550653,-0.3576922085550096
1710527558.6551785,-0.24736533562342325
1710527558.655292,-0.13388626277446747
1710527558.6554055,-0.016904748562309477
1710527558.655519,0.10359947052266863
1710527558.6556323,0.22831075721316868
1710527558.6557457,0.35442329115337795
1710527558.6558592,0.4812364445792304
1710527558.6559727,0.6073489454057481
1710527558.656086,0.7313596540027194
1710527558.6561995,0.8539690574010212
1710527558.656313,0.9748268789715236
1710527558.6564264,1.094984081056383
1710527558.6565397,1.2158419026268852
1710527558.6566532,1.337400409910414
1710527558.6567667,1.4614110522800021
1710527558.6568801,1.5861223803626165
1710527558.6569934,1.710483365588718
1710527558.6571069,1.8320417404174805
1710527558.6572204,1.9497468736436632
1710527558.6573339,2.0628978146447077
1710527558.657447,2.1697431140475802
1710527558.6575606,2.272034486134847
1710527558.657674,2.3694213231404624
1710527558.6577876,2.4640056822035046
1710527558.6579008,2.5582398308648004
1710527558.6580143,2.6510726081000433
1710527558.6581278,2.74320469962226
1710527558.658241,2.8328847885131836
1710527558.6583545,2.9194121890597873
1710527558.658468,2.999633683098687
1710527558.6585815,3.072848849826389
1710527558.6586947,3.139408429463704
1710527558.6588082,3.199662102593316
1710527558.6589217,3.252909713321262
1710527558.6590352,3.3019534746805825
1710527558.6591485,3.34994633992513
1710527558.659262,3.3937353558010526
1710527558.6593754,3.434721893734402
1710527558.659489,3.473956849839952
1710527558.6596022,3.5079373253716364
1710527558.6597157,3.537363476223416
1710527558.6598291,3.561885356903076
1710527558.6599426,3.5790506998697915
1710527558.6600559,3.5899104012383356
1710527558.6601694,3.59726693895128
1710527558.6602829,3.59901852077908
1710527558.6603963,3.5979676246643066
1710527558.6605096,3.5958655675252276
1710527558.660623,3.5906110869513617
1710527558.6607366,3.584655655754937
1710527558.66085,3.576248221927219
1710527558.6609633,3.5650380452473955
1710527558.6610768,3.5517263412475586
1710527558.6611903,3.535611894395616
1710527558.6613038,3.516344759199354
1710527558.661417,3.4956762525770397
1710527558.6615305,3.4715045822991266
1710527558.661644,3.4462822808159723
1710527558.6617575,3.4207095040215387
1710527558.6618707,3.3944360415140786
1710527558.6619842,3.3685127894083657
1710527558.6620977,3.342940012613932
1710527558.6622112,3.3177174462212458
1710527558.6623244,3.292494879828559
1710527558.662438,3.2676227887471514
1710527558.6625514,3.242400222354465
1710527558.6626647,3.216126759847005
1710527558.6627781,3.1895030869377985
1710527558.6628916,3.161828253004286
1710527558.663005,3.134503894382053
1710527558.6631184,3.1068293253580728
1710527558.6632318,3.07950496673584
1710527558.6633453,3.0546326107449002
1710527558.6634588,3.0311618910895453
1710527558.663572,3.0101429091559515
1710527558.6636856,2.991226249270969
1710527558.663799,2.972309324476454
1710527558.6639125,2.953742610083686
1710527558.6640258,2.93517616060045
1710527558.6641393,2.915558550092909
1710527558.6642528,2.896291414896647
1710527558.6643662,2.876323593987359
1710527558.6644795,2.857056458791097
1710527558.664593,2.8395409054226346
1710527558.6647065,2.8248275650872126
1710527558.66482,2.811515861087375
1710527558.6649332,2.8003056844075522
1710527558.6650467,2.7908473544650607
1710527558.6651602,2.779987653096517
1710527558.6652737,2.768427266014947
1710527558.665387,2.756166458129883
1710527558.6655004,2.742153803507487
1710527558.665614,2.726740042368571
1710527558.6657274,2.711326281229655
1710527558.6658406,2.6973138915167914
1710527558.665954,2.684702608320448
1710527558.6660676,2.6745435926649304
1710527558.666181,2.665435473124186
1710527558.6662943,2.6556266678704157
1710527558.6664078,2.645467652214898
1710527558.6665213,2.6342577404446073
1710527558.6666348,2.619194189707438
1710527558.666748,2.6023790571424694
1710527558.6668615,2.5831119219462075
1710527558.666975,2.5627938906351724
1710527558.6670883,2.542475594414605
1710527558.6672018,2.52215756310357
1710527558.6673152,2.502890427907308
1710527558.6674287,2.4832728173997665
1710527558.667542,2.4619038899739585
1710527558.6676555,2.4394838015238443
1710527558.667769,2.413560814327664
1710527558.6678824,2.3848350842793784
1710527558.6679957,2.3515552944607205
1710527558.6681092,2.31547302669949
1710527558.6682227,2.275887860192193
1710527558.6683362,2.234550846947564
1710527558.6684494,2.1928637557559543
1710527558.668563,2.149424950281779
1710527558.6686764,2.1045850382910833
1710527558.6687899,2.0583437548743353
1710527558.668903,2.0092999935150146
1710527558.6690166,1.9574537542131212
1710527558.66913,1.9014036655426025
1710527558.6692436,1.8404493066999648
1710527558.6693568,1.7763421270582411
1710527558.6694703,1.7090821266174316
1710527558.6695838,1.637618276807997
1710527558.6696973,1.5644029776255288
1710527558.6698105,1.4883852005004883
1710527558.669924,1.4113163948059082
1710527558.6700375,1.3321456644270155
1710527558.670151,1.2512234846750896
1710527558.6702642,1.1664479308658176
1710527558.6703777,1.08027093940311
1710527558.6704912,0.9902406401104397
1710527558.6706047,0.8960065576765273
1710527558.670718,0.7975686921013726
1710527558.6708314,0.6966786914401584
1710527558.670945,0.5922855271233453
1710527558.6710584,0.48508988486395943
1710527558.6711717,0.37719359000523883
1710527558.6712852,0.2675457629892561
1710527558.6713986,0.15719729993078443
1710527558.671512,0.047199146615134344
1710527558.6716254,-0.06418769558270772
1710527558.6717389,-0.17661604616377088
1710527558.6718524,-0.2914960847960578
1710527558.6719656,-0.4077771306037903
1710527558.672079,-0.5265098479059007
1710527558.6721926,-0.6483948230743408
1710527558.672306,-0.7709802521599664
1710527558.6724193,-0.8932154046164619
1710527558.6725328,-1.0151003466712103
1710527558.6726463,-1.1338330639733207
1710527558.6727598,-1.2494136227501762
1710527558.672873,-1.3632429970635307
1710527558.6729865,-1.4753210544586182
1710527558.6731,-1.5859981377919514
1710527558.6732135,-1.6966752211252847
1710527558.6733267,-1.8080528577168782
1710527558.6734402,-1.9201310475667317
1710527558.6735537,-2.030457920498318
1710527558.6736672,-2.1400842401716442
1710527558.6737804,-2.245157559712728
1710527558.673894,-2.346027692159017
1710527558.6740074,-2.440943982866075
1710527558.674121,-2.530606322818332
1710527558.6742342,-2.6146650314331055
1710527558.6743476,-2.6955713166130915
1710527558.6744611,-2.773675653669569
1710527558.6745746,-2.850379149119059
1710527558.6746879,-2.924630906846788
1710527558.6748013,-2.997131612565782
1710527558.6749148,-3.065779209136963
1710527558.6750283,-3.1291733847724066
1710527558.6751416,-3.1869636641608343
1710527558.675255,-3.239150047302246
1710527558.6753685,-3.2839814821879068
1710527558.675482,-3.3232087559170194
1710527558.6755953,-3.3582332399156356
1710527558.6757088,-3.388704458872477
1710527558.6758223,-3.4177745713127985
1710527558.6759355,-3.4433423148261175
1710527558.676049,-3.467509216732449
1710527558.6761625,-3.4892243809170194
1710527558.676276,-3.5074371761745877
1710527558.6763892,-3.5214469167921276
1710527558.6765027,-3.5305531819661455
1710527558.6766162,-3.5358068678114147
1710527558.6767297,-3.535456657409668
1710527558.676843,-3.5316038131713867
1710527558.6769564,-3.5256497065226235
1710527558.67707,-3.5172438621520996
1710527558.6771834,-3.506736490461561
1710527558.6772966,-3.495178487565782
1710527558.6774101,-3.48397069507175
1710527558.6775236,-3.46996095445421
1710527558.677637,-3.454550372229682
1710527558.6777503,-3.4377384185791016
1710527558.6778638,-3.4195258882310653
1710527558.6779773,-3.398861355251736
1710527558.6780908,-3.374694718254937
1710527558.678204,-3.3508780267503524
1710527558.6783175,-3.32425938712226
1710527558.678431,-3.297991222805447
1710527558.6785445,-3.2717227935791016
1710527558.6786578,-3.246855470869276
1710527558.6787713,-3.221637937757704
1710527558.6788847,-3.1988721423678927
1710527558.6789982,-3.1764565573798285
1710527558.6791115,-3.155441813998752
1710527558.679225,-3.132676018608941
1710527558.6793385,-3.110260433620877
1710527558.679452,-3.0867939525180392
1710527558.6795652,-3.062276840209961
1710527558.6796787,-3.0374095175001354
1710527558.6797922,-3.0139433013068304
1710527558.6799057,-2.991527716318766
1710527558.680019,-2.972264289855957
1710527558.6801324,-2.9544017050001354
1710527558.6802459,-2.9396915435791016
1710527558.6803591,-2.9253315925598145
1710527558.6804726,-2.911321587032742
1710527558.680586,-2.8966114256117077
1710527558.6806996,-2.880500157674154
1710527558.6808128,-2.8636884689331055
1710527558.6809263,-2.8458261489868164
1710527558.6810398,-2.828313774532742
1710527558.6811533,-2.8122025065951877
1710527558.6812665,-2.7985432412889266
1710527558.68138,-2.7866347630818686
1710527558.6814935,-2.7771782875061035
1710527558.681607,-2.7691226535373263
1710527558.6817203,-2.7614172299702964
1710527558.6818337,-2.7519607543945312
1710527558.6819472,-2.7404024865892196
1710527558.6820607,-2.727443642086453
1710527558.682174,-2.713083691067166
1710527558.6822875,-2.6976728439331055
1710527558.682401,-2.682612207200792
1710527558.6825144,-2.670003573099772
1710527558.6826277,-2.658095359802246
1710527558.6827412,-2.647237777709961
1710527558.6828547,-2.6374308268229165
1710527558.6829681,-2.6255226135253906
1710527558.6830814,-2.6122132937113443
1710527558.6831949,-2.59610202577379
1710527558.6833084,-2.576488388909234
1710527558.6834219,-2.5544230143229165
1710527558.683535,-2.5302561124165854
1710527558.6836486,-2.505038579305013
1710527558.683762,-2.4801712565951877
1710527558.6838756,-2.456004354688856
1710527558.6839888,-2.4321879280938044
1710527558.6841023,-2.4069701300726996
1710527558.6842158,-2.3796513345506454
1710527558.6843293,-2.350580957200792
1710527558.6844425,-2.317307790120443
1710527558.684556,-2.279831568400065
1710527558.6846695,-2.2395536634657116
1710527558.6847827,-2.195072571436564
1710527558.6848962,-2.1484900845421686
1710527558.6850097,-2.099806202782525
1710527558.6851232,-2.049020793702867
1710527558.6852365,-1.9978851742214627
1710527558.68535,-1.944648027420044
1710527558.6854634,-1.8886090649498832
1710527558.685577,-1.8297680219014485
1710527558.6856902,-1.7667240566677518
1710527558.6858037,-1.699477301703559
1710527558.6859171,-1.628377702501085
1710527558.6860306,-1.552724970711602
1710527558.6861439,-1.4728693167368572
1710527558.6862574,-1.390561925040351
1710527558.6863708,-1.304051743613349
1710527558.6864843,-1.2168408764733207
1710527558.6865976,-1.1271784040662978
1710527558.686711,-1.0364652342266507
1710527558.6868246,-0.9436505370669894
1710527558.686938,-0.8490846554438273
1710527558.6870513,-0.75101633866628
1710527558.6871648,-0.6497957971360948
1710527558.6872783,-0.5443723003069559
1710527558.6873918,-0.4347459144062466
1710527558.687505,-0.32231758038202923
1710527558.6876185,-0.20533604754341972
1710527558.687732,-0.0876540525092019
1710527558.6878455,0.031084768060180876
1710527558.6879587,0.14949041936132643
1710527558.6880722,0.26684514350361294
1710527558.6881857,0.38490047057469684
1710527558.6882992,0.5022551947169833
1710527558.6884124,0.6210111909442477
1710527558.688526,0.7422193553712633
1710527558.6886394,0.8669306172264947
1710527558.688753,0.9933934609095255
1710527558.6888661,1.122658782535129
1710527558.6889796,1.2508731418185763
1710527558.689093,1.3780367374420166
1710527558.6892064,1.5020473798116047
1710527558.6893198,1.6218541728125677
1710527558.6894333,1.737807724210951
1710527558.6895468,1.849557426240709
1710527558.68966,1.9602562321556938
1710527558.6897736,2.068502770529853
1710527558.689887,2.1778003374735513
1710527558.6900005,2.287448247273763
1710527558.6901138,2.3953443103366427
1710527558.6902273,2.5014890564812555
1710527558.6903408,2.604130638970269
1710527558.6904542,2.699415683746338
1710527558.6905675,2.789445983039008
1710527558.690681,2.872470219930013
1710527558.6907945,2.9481376541985407
1710527558.690908,3.019251028696696
1710527558.6910212,3.0865112940470376
1710527558.6911347,3.1513190269470215
1710527558.6912482,3.2136747572157116
1710527558.6913617,3.2742786407470703
1710527558.691475,3.331379625532362
1710527558.6915884,3.3832258648342557
1710527558.691702,3.4294671482510037
1710527558.6918154,3.4687021043565536
1710527558.6919286,3.500930998060438
1710527558.692042,3.526853985256619
1710527558.6921556,3.547172281477186
1710527558.692269,3.5639871491326227
1710527558.6923823,3.577649328443739
1710527558.6924958,3.589209715525309
1710527558.6926093,3.5983178350660534
1710527558.6927228,3.6056743727789984
1710527558.692836,3.6091775364345975
1710527558.6929495,3.6095277468363443
1710527558.693063,3.6060248480902777
1710527558.6931765,3.5983178350660534
1710527558.6932898,3.5867574479844833
1710527558.6934032,3.5709934764438205
1710527558.6935167,3.552777237362332
1710527558.69363,3.53351010216607
1710527558.6937435,3.5128415955437555
1710527558.693857,3.491822878519694
1710527558.6939704,3.46940279006958
1710527558.6940837,3.446982701619466
1710527558.6941972,3.4242124027676053
1710527558.6943107,3.400391207800971
1710527558.6944242,3.3758693271213107
1710527558.6945374,3.34994633992513
1710527558.694651,3.322621981302897
1710527558.6947644,3.2945969369676376
1710527558.6948779,3.2655209965176053
1710527558.694991,3.2367952664693194
1710527558.6951046,3.20736911561754
1710527558.695218,3.179344071282281
1710527558.6953316,3.1527201334635415
1710527558.6954448,3.127497831980387
1710527558.6955583,3.104377057817247
1710527558.6956718,3.0819572342766657
1710527558.6957853,3.0598873562282987
1710527558.6958985,3.0367668469746905
1710527558.696012,3.0143467585245767
1710527558.6961255,2.9908757739596896
1710527558.696239,2.9670545789930554
1710527558.6963522,2.9435835944281683
1710527558.6964657,2.921513981289334
1710527558.6965792,2.901195685068766
1710527558.6966927,2.8836801317003036
1710527558.696806,2.868616845872667
1710527558.6969194,2.8549546665615506
1710527558.697033,2.841992908053928
1710527558.6971464,2.829732100168864
1710527558.6972597,2.8157194455464682
1710527558.6973732,2.8006561597188315
1710527558.6974866,2.784891923268636
1710527558.6976001,2.7687777413262262
1710527558.6977134,2.75336398018731
1710527558.6978269,2.7390011151631675
1710527558.6979403,2.72709051767985
1710527558.6980536,2.717982398139106
1710527558.698167,2.708523803287082
1710527558.6982806,2.699766159057617
1710527558.698394,2.6892566680908203
1710527558.6985073,2.6787474420335555
1710527558.6986208,2.6636838912963867
1710527558.6987343,2.6482701301574707
1710527558.6988478,2.630404101477729
1710527558.698961,2.6132387585110135
1710527558.6990745,2.595022519429525
1710527558.699188,2.5806599193149142
1710527558.6993015,2.565246158175998
1710527558.6994147,2.549832397037082
1710527558.6995282,2.534768846299913
1710527558.6996417,2.5176035033331976
1710527558.6997552,2.496934996710883
1710527558.6998684,2.473464012145996
1710527558.699982,2.4475410249498153
1710527558.7000954,2.418465084499783
1710527558.700209,2.3869368765089245
1710527558.7003222,2.355058458116319
1710527558.7004356,2.323530250125461
1710527558.7005491,2.2909511460198297
1710527558.7006626,2.256970935397678
1710527558.7007759,2.2212390104929605
1710527558.7008893,2.1820040543874106
1710527558.7010028,2.1406671735975475
1710527558.7011163,2.0940755473242865
1710527558.7012296,2.0443312327067056
1710527558.701343,1.9900327258639865
1710527558.7014565,1.9329318735334609
1710527558.70157,1.873378621207343
1710527558.7016833,1.8124242623647053
1710527558.7017968,1.7504190074072943
1710527558.7019103,1.6859614849090576
1710527558.7020237,1.6190516948699951
1710527558.702137,1.549689902199639
1710527558.7022505,1.4771751562754314
1710527558.702364,1.4011572466956244
1710527558.7024772,1.3202350669436984
1710527558.7025907,1.2365104092491996
1710527558.7027042,1.1471806632147894
1710527558.7028177,1.0557490587234497
1710527558.702931,0.9611646996604072
1710527558.7030444,0.8630771769417657
1710527558.703158,0.764289034737481
1710527558.7032714,0.6640995873345269
1710527558.7033846,0.5625089671876695
1710527558.7034981,0.45986738469865585
1710527558.7036116,0.35442329115337795
1710527558.703725,0.24652701285150316
1710527558.7038383,0.13582823177178702
1710527558.7039518,0.021976642310619354
1710527558.7040653,-0.09430868758095635
1710527558.7041788,-0.2130414214399126
1710527558.704292,-0.3342258599069383
1710527558.7044055,-0.4536590973536173
1710527558.704519,-0.5723918146557277
1710527558.7046325,-0.6893733474943373
1710527558.7047458,-0.8056543933020698
1710527558.7048593,-0.9205344650480483
1710527558.7049727,-1.0350642601648967
1710527558.7050862,-1.150294542312622
1710527558.7051995,-1.2665755218929715
1710527558.705313,-1.383907397588094
1710527558.7054265,-1.5026401148902044
1710527558.70554,-1.6210226217905679
1710527558.7056532,-1.7369533909691703
1710527558.7057667,-1.8500822120242648
1710527558.7058802,-1.959008110894097
1710527558.7059937,-2.0633808771769204
1710527558.706107,-2.1628501680162215
1710527558.7062204,-2.258817089928521
1710527558.7063339,-2.3526824845208063
1710527558.7064474,-2.4465478791130915
1710527558.7065606,-2.5386619567871094
1710527558.706674,-2.6293751928541393
1710527558.7067876,-2.718687587314182
1710527558.7069008,-2.80449734793769
1710527558.7070143,-2.884353001912435
1710527558.7071278,-2.9582542843288846
1710527558.7072413,-3.0265519354078503
1710527558.7073545,-3.08784458372328
1710527558.707468,-3.142482704586453
1710527558.7075815,-3.1939686669243708
1710527558.707695,-3.241601785024007
1710527558.7078083,-3.2860827445983887
1710527558.7079217,-3.3295130729675293
1710527558.7080352,-3.3687403466966415
1710527558.7081487,-3.405165937211778
1710527558.708262,-3.435987366570367
1710527558.7083755,-3.4619053204854326
1710527558.708489,-3.481518957349989
1710527558.7086024,-3.4965795940823026
1710527558.7087157,-3.5056858592563205
1710527558.7088292,-3.5119901763068304
1710527558.7089427,-3.5147921244303384
1710527558.7090561,-3.515492810143365
1710527558.7091694,-3.515492810143365
1710527558.7092829,-3.5137414932250977
1710527558.7093964,-3.509538438585069
1710527558.7095098,-3.5042850176493325
1710527558.709623,-3.4962293836805554
1710527558.7097366,-3.484320905473497
1710527558.70985,-3.4713620609707303
1710527558.7099636,-3.4534994761149087
1710527558.7100768,-3.4338858392503524
1710527558.7101903,-3.4135717815823026
1710527558.7103038,-3.390105300479465
1710527558.7104173,-3.3683901362948947
1710527558.7105305,-3.3452741305033364
1710527558.710644,-3.322858545515272
1710527558.7107575,-3.300793170928955
1710527558.710871,-3.2787277963426376
1710527558.7109842,-3.257713052961561
1710527558.7110977,-3.235997888776991
1710527558.7112112,-3.212531672583686
1710527558.7113245,-3.1894154018825955
1710527558.711438,-3.1641978687710233
1710527558.7115514,-3.138980335659451
1710527558.711665,-3.1130623817443848
1710527558.7117782,-3.0892456902398004
1710527558.7118917,-3.066129684448242
1710527558.7120051,-3.0454651514689126
1710527558.7121186,-3.0258515146043563
1710527558.7122319,-3.008689615461561
1710527558.7123454,-2.99222813712226
1710527558.7124588,-2.9747157626681857
1710527558.7125723,-2.9568534427218967
1710527558.7126856,-2.9379402266608343
1710527558.712799,-2.9179763793945312
1710527558.7129126,-2.898012532128228
1710527558.713026,-2.879099316067166
1710527558.7131393,-2.8619374169243708
1710527558.7132528,-2.8479274113972983
1710527558.7133663,-2.835318777296278
1710527558.7134798,-2.825862036810981
1710527558.713593,-2.816755771636963
1710527558.7137065,-2.8072992960611978
1710527558.71382,-2.7964417139689126
1710527558.7139335,-2.784533235761854
1710527558.7140467,-2.7705234951443143
1710527558.7141602,-2.755463123321533
1710527558.7142737,-2.74180359310574
1710527558.7143872,-2.7284942732916937
1710527558.7145004,-2.7172864807976618
1710527558.714614,-2.7078300052218967
1710527558.7147274,-2.6997743712531195
1710527558.714841,-2.6920689476860895
1710527558.7149541,-2.6833128929138184
1710527558.7150676,-2.6717548900180392
1710527558.715181,-2.657044463687473
1710527558.7152946,-2.6405829853481717
1710527558.7154078,-2.6223704550001354
1710527558.7155213,-2.602756553226047
1710527558.7156348,-2.582792705959744
1710527558.715748,-2.5638794898986816
1710527558.7158616,-2.5456669595506454
1710527558.715975,-2.527804374694824
1710527558.7160885,-2.509942054748535
1710527558.7162018,-2.488226890563965
1710527558.7163153,-2.4644101990593805
1710527558.7164288,-2.437441613939073
1710527558.7165422,-2.4055692884657116
1710527558.7166555,-2.3719459109836154
1710527558.716769,-2.335870795779758
1710527558.7168825,-2.2969937324523926
1710527558.716996,-2.257766193813748
1710527558.7171092,-2.2178384992811413
1710527558.7172227,-2.1761593553755016
1710527558.7173362,-2.1337799231211343
1710527558.7174497,-2.0885984102884927
1710527558.717563,-2.0402647389305963
1710527558.7176764,-1.9880783557891846
1710527558.71779,-1.9320392608642578
1710527558.7179034,-1.8710968229505751
1710527558.7180166,-1.8077026473151312
1710527558.71813,-1.7404557598961723
1710527558.7182436,-1.6714576880137124
1710527558.718357,-1.5996576680077446
1710527558.7184703,-1.5254059102800157
1710527558.7185838,-1.4497531784905326
1710527558.7186973,-1.3712984985775418
1710527558.7188108,-1.2910926342010498
1710527558.718924,-1.2070340580410428
1710527558.7190375,-1.1198233233557806
1710527558.719151,-1.0277091132269964
1710527558.7192645,-0.9313919809129503
1710527558.7193778,-0.8298212289810181
1710527558.7194912,-0.7257987393273247
1710527558.7196047,-0.6179235378901163
1710527558.7197182,-0.5093479156494141
1710527558.7198315,-0.3986707660886976
1710527558.719945,-0.28694291909535724
1710527558.7200584,-0.17521507210201687
1710527558.7201717,-0.061735990974638194
1710527558.7202852,0.051753210524717964
1710527558.7203987,0.1698085500134362
1710527558.7205122,0.2899657686551412
1710527558.7206254,0.41397644413842094
1710527558.720739,0.5414902170499166
1710527558.7208524,0.6704052289326986
1710527558.7209659,0.7989699310726589
1710527558.721079,0.9271843565834893
1710527558.7211926,1.0522459612952337
1710527558.721306,1.1748553646935356
1710527558.7214196,1.2946622901492648
1710527558.7215328,1.4116667376624212
1710527558.7216463,1.529371738433838
1710527558.7217598,1.646376053492228
1710527558.7218733,1.765132082833184
1710527558.7219865,1.8845886654324002
1710527558.7221,2.003694905175103
1710527558.7222135,2.1199987994299994
1710527558.722327,2.2324490547180176
1710527558.7224402,2.3392944865756564
1710527558.7225537,2.440885172949897
1710527558.7226672,2.535819742414686
1710527558.7227807,2.6251493559943304
1710527558.722894,2.711326281229655
1710527558.7230074,2.795401414235433
1710527558.723121,2.8773744901021323
1710527558.7232344,2.9582966698540583
1710527558.7233477,3.037467532687717
1710527558.7234612,3.112784491644965
1710527558.7235746,3.1821465492248535
1710527558.7236881,3.2452027002970376
1710527558.7238014,3.3009025785658093
1710527558.7239149,3.350296550326877
1710527558.7240283,3.3926844596862793
1710527558.7241418,3.429817623562283
1710527558.724255,3.4637978341844344
1710527558.7243686,3.4942751460605197
1710527558.724482,3.5222999254862466
1710527558.7245953,3.548923863304986
1710527558.7247088,3.5713436868455672
1710527558.7248223,3.589209715525309
1710527558.7249358,3.6025216844346786
1710527558.725049,3.61057890786065
1710527558.7251625,3.6130309104919434
1710527558.725276,3.610929118262397
1710527558.7253895,3.604623476664225
1710527558.7255027,3.596216042836507
1710527558.7256162,3.58570655186971
1710527558.7257297,3.573795954386393
1710527558.7258432,3.5604839854770236
1710527558.7259564,3.546121385362413
1710527558.72607,3.530006938510471
1710527558.7261834,3.5128415955437555
1710527558.726297,3.4939246707492404
1710527558.7264102,3.471855057610406
1710527558.7265236,3.4487342834472656
1710527558.7266371,3.423161506652832
1710527558.7267506,3.3972385194566512
1710527558.7268639,3.3699141608344183
1710527558.7269773,3.342940012613932
1710527558.7270908,3.315615653991699
1710527558.7272043,3.288641505771213
1710527558.7273176,3.2637694146898055
1710527558.727431,3.238897058698866
1710527558.7275445,3.215075863732232
1710527558.727658,3.1909041934543185
1710527558.7277713,3.1667327880859375
1710527558.7278848,3.142210907406277
1710527558.7279983,3.1169883410135903
1710527558.7281117,3.0907148785061307
1710527558.728225,3.0644414159986706
1710527558.7283385,3.038868639204237
1710527558.728452,3.014696968926324
1710527558.7285655,2.992277145385742
1710527558.7286787,2.9730100101894803
1710527558.7287922,2.954093085394965
1710527558.7289057,2.937978638543023
1710527558.729019,2.9211635059780545
1710527558.7291324,2.904348638322618
1710527558.729246,2.886833084954156
1710527558.7293594,2.868967056274414
1710527558.7294726,2.851101027594672
1710527558.7295861,2.8325345781114364
1710527558.7296996,2.815369235144721
1710527558.729813,2.8003056844075522
1710527558.7299263,2.788395086924235
1710527558.7300398,2.776484489440918
1710527558.7301533,2.766675684187147
1710527558.7302668,2.757217354244656
1710527558.73038,2.746357652876112
1710527558.7304935,2.7330456839667425
1710527558.730607,2.719733979966905
1710527558.7307205,2.7032693227132163
1710527558.7308338,2.687505086263021
1710527558.7309473,2.6713906394110785
1710527558.7310607,2.658078935411241
1710527558.7311742,2.645467652214898
1710527558.7312875,2.6332065794203015
1710527558.731401,2.623047563764784
1710527558.7315145,2.611136966281467
1710527558.731628,2.596774101257324
1710527558.7317412,2.580309444003635
1710527558.7318547,2.5603416230943465
1710527558.7319682,2.5379215346442328
1710527558.7320817,2.514801025390625
1710527558.732195,2.4892282485961914
1710527558.7323084,2.464706367916531
1710527558.7324219,2.4394838015238443
1710527558.7325354,2.414611710442437
1710527558.7326486,2.387637562221951
1710527558.732762,2.3599627282884383
1710527558.7328756,2.3294856813218856
1710527558.732989,2.2944543096754284
1710527558.7331023,2.256620724995931
1710527558.7332158,2.214933501349555
1710527558.7333293,2.169392771191067
1710527558.7334425,2.122450934516059
1710527558.733556,2.0737575160132513
1710527558.7336695,2.0233125156826444
1710527558.733783,1.972166829639011
1710527558.7338963,1.9189193513658311
1710527558.7340097,1.8632196055518255
1710527558.7341232,1.8047173817952473
1710527558.7342367,1.7427121268378363
1710527558.73435,1.6765030225118
1710527558.7344635,1.6057398584153917
1710527558.734577,1.5325245592329237
1710527558.7346904,1.4547550678253174
1710527558.7348037,1.3741832309299045
1710527558.7349172,1.2918598122066922
1710527558.7350307,1.2070841259426541
1710527558.7351441,1.1195059617360432
1710527558.7352574,1.0319278637568157
1710527558.7353709,0.941547155380249
1710527558.7354844,0.8483640352884928
1710527558.7355978,0.752728713883294
1710527558.735711,0.652889609336853
1710527558.7358246,0.5498977171050178
1710527558.735938,0.44235173198911876
1710527558.7360516,0.3327039215299818
1710527558.7361648,0.21920262111557853
1710527558.7362783,0.1039497885439131
1710527558.7363918,-0.011651087552309036
1710527558.7365053,-0.12688138418727452
1710527558.7366185,-0.24141119586096868
1710527558.736732,-0.3566414780086941
1710527558.7368455,-0.4718717932701111
1710527558.736959,-0.587802595562405
1710527558.7370722,-0.7058348258336385
1710527558.7371857,-0.825968517197503
1710527558.7372992,-0.9478534592522515
1710527558.7374127,-1.071489651997884
1710527558.737526,-1.1944252914852567
1710527558.7376394,-1.315959956910875
1710527558.737753,-1.4343424638112385
1710527558.7378662,-1.549222469329834
1710527558.7379797,-1.6609504487779405
1710527558.7380931,-1.7691757943895128
1710527558.7382066,-1.874599324332343
1710527558.7383199,-1.9796725114186604
1710527558.7384334,-2.0847456985049777
1710527558.7385468,-2.189468675189548
1710527558.7386603,-2.2938413090176053
1710527558.7387736,-2.3957623375786676
1710527558.738887,-2.493830786810981
1710527558.7390006,-2.586295339796278
1710527558.739114,-2.673856152428521
1710527558.7392273,-2.7544124921162925
1710527558.7393408,-2.828313774532742
1710527558.7394543,-2.8994133737352157
1710527558.7395678,-2.9652592870924206
1710527558.739681,-3.0297040939331055
1710527558.7397945,-3.0920476383633084
1710527558.739908,-3.151589234670003
1710527558.7400215,-3.2079784075419107
1710527558.7401347,-3.260515001085069
1710527558.7402482,-3.307097487979465
1710527558.7403617,-3.3480760786268444
1710527558.7404752,-3.3823998769124346
1710527558.7405884,-3.4111200438605414
1710527558.740702,-3.4356371561686196
1710527558.7408154,-3.454550372229682
1710527558.740929,-3.471712271372477
1710527558.7410421,-3.486772643195258
1710527558.7411556,-3.5000819630093045
1710527558.741269,-3.5109395451015897
1710527558.7413826,-3.5186449686686196
1710527558.7414958,-3.5231979688008623
1710527558.7416093,-3.5242488649156356
1710527558.7417228,-3.5207464959886337
1710527558.7418363,-3.5133912828233504
1710527558.7419496,-3.5025337007310653
1710527558.742063,-3.4878235393100314
1710527558.7421765,-3.473113112979465
1710527558.7422898,-3.4556010034349227
1710527558.7424033,-3.4373882081773544
1710527558.7425168,-3.4191756778293185
1710527558.7426302,-3.400262461768256
1710527558.7427435,-3.3806488249037
1710527558.742857,-3.3606847127278643
1710527558.7429705,-3.3393200238545733
1710527558.743084,-3.3169044388665094
1710527558.7431972,-3.2930877473619247
1710527558.7433107,-3.2682204246520996
1710527558.7434242,-3.2423024707370334
1710527558.7435377,-3.215683831108941
1710527558.743651,-3.190466297997369
1710527558.7437644,-3.16594918568929
1710527558.743878,-3.141782283782959
1710527558.7439914,-3.1200671195983887
1710527558.7441046,-3.1004534827338324
1710527558.744218,-3.08154026667277
1710527558.7443316,-3.062276840209961
1710527558.744445,-3.0419627825419107
1710527558.7445583,-3.0209480391608343
1710527558.7446718,-2.999232874976264
1710527558.7447853,-2.9768172899881997
1710527558.7448988,-2.9551021258036294
1710527558.745012,-2.9340876473320856
1710527558.7451255,-2.91552464167277
1710527558.745239,-2.9001137945387097
1710527558.7453525,-2.8857538435194225
1710527558.7454658,-2.87349541982015
1710527558.7455792,-2.8622876273261175
1710527558.7456927,-2.849678728315565
1710527558.7458062,-2.836369408501519
1710527558.7459195,-2.820958826276991
1710527558.746033,-2.80449734793769
1710527558.7461464,-2.7883860800001354
1710527558.74626,-2.7733254432678223
1710527558.7463732,-2.758965492248535
1710527558.7464867,-2.747407489352756
1710527558.7466002,-2.738301224178738
1710527558.7467134,-2.7298953798082137
1710527558.746827,-2.7225401666429305
1710527558.7469404,-2.71378411187066
1710527558.7470539,-2.7022261089748807
1710527558.747167,-2.6885665787590876
1710527558.7472806,-2.673856152428521
1710527558.747394,-2.657044463687473
1710527558.7475076,-2.6405829853481717
1710527558.7476208,-2.6255226135253906
1710527558.7477343,-2.6115128729078503
1710527558.7478478,-2.598553763495551
1710527558.7479613,-2.586995760599772
1710527558.7480745,-2.574036651187473
1710527558.748188,-2.5589762793646917
1710527558.7483015,-2.5411136945088706
1710527558.748415,-2.520449426439073
1710527558.7485282,-2.495932314130995
1710527558.7486417,-2.4693136745029025
1710527558.7487552,-2.441644403669569
1710527558.7488687,-2.4125740263197155
1710527558.748982,-2.3831537034776473
1710527558.7490954,-2.354433536529541
1710527558.749209,-2.3243125279744468
1710527558.7493224,-2.293491098615858
1710527558.7494357,-2.258466879526774
1710527558.7495492,-2.2202901045481362
1710527558.7496626,-2.178260882695516
1710527558.7497761,-2.1323789490593805
1710527558.7498894,-2.08264430363973
1710527558.7500029,-2.029757367240058
1710527558.7501163,-1.9726676411098905
1710527558.7502298,-1.9148773617214627
1710527558.750343,-1.8549855550130208
1710527558.7504566,-1.793692906697591
1710527558.75057,-1.7292479674021402
1710527558.7506835,-1.6627016332414415
1710527558.7507968,-1.5930030081007216
1710527558.7509103,-1.5187512503729925
1710527558.7510238,-1.4406469133165147
1710527558.751137,-1.3583395216200087
1710527558.7512505,-1.2714789973364935
1710527558.751364,-1.1807657612694633
1710527558.7514775,-1.0876008537080553
1710527558.7515907,-0.991984208424886
1710527558.7517042,-0.8939158916473389
1710527558.7518177,-0.7951470878389146
1710527558.7519312,-0.6949772437413534
1710527558.7520444,-0.5930562151802911
1710527558.752158,-0.4890337586402893
1710527558.7522714,-0.38255956437852645
1710527558.752385,-0.2711819443437788
1710527558.7524981,-0.15595164563920763
1710527558.7526116,-0.03686865998639001
1710527558.7527251,0.08538322316275702
1710527558.7528386,0.2097441918320126
1710527558.7529519,0.3344554702440898
1710527558.7530653,0.45951707495583427
1710527558.7531788,0.5821264452404445
1710527558.7532923,0.7047358486387465
1710527558.7534056,0.8259440130657619
1710527558.753519,0.9461012813780043
1710527558.7536325,1.068360341919793
1710527558.753746,1.1923710505167644
1710527558.7538593,1.318833827972412
1710527558.7539728,1.4473985301123724
1710527558.7540863,1.5749123361375597
1710527558.7541997,1.699973874621921
1710527558.754313,1.821882724761963
1710527558.7544265,1.9388871722751193
1710527558.75454,2.0499361885918512
1710527558.7546535,2.156431277592977
1710527558.7547667,2.2597734133402505
1710527558.7548802,2.359262307484945
1710527558.7549937,2.458750936720106
1710527558.7551072,2.5557875633239746
1710527558.7552204,2.652473979526096
1710527558.755334,2.7474085489908853
1710527558.7554474,2.837789323594835
1710527558.7555606,2.92221466700236
1710527558.7556741,3.00068457921346
1710527558.7557876,3.0700463718838162
1710527558.755901,3.1341536839803057
1710527558.7560143,3.191254668765598
1710527558.7561278,3.2445020145840116
1710527558.7562413,3.2952973577711315
1710527558.7563548,3.3439909087287054
1710527558.756468,3.3898819817437067
1710527558.7565815,3.4329703119066024
1710527558.756695,3.4715045822991266
1710527558.7568085,3.5054850578308105
1710527558.7569218,3.5328094164530435
1710527558.7570353,3.554879029591878
1710527558.7571487,3.569592105017768
1710527558.7572622,3.580101595984565
1710527558.7573755,3.5864072375827365
1710527558.757489,3.5895599259270563
1710527558.7576025,3.5906110869513617
1710527558.757716,3.5899104012383356
1710527558.7578292,3.5871079232957626
1710527558.7579427,3.5829040739271374
1710527558.7580562,3.576248221927219
1710527558.7581697,3.5667896270751953
1710527558.758283,3.553477923075358
1710527558.7583964,3.5370132658216686
1710527558.7585099,3.5177458657158747
1710527558.7586234,3.496026462978787
1710527558.7587366,3.4729059537251787
1710527558.75885,3.4487342834472656
1710527558.7589636,3.4242124027676053
1710527558.759077,3.398990101284451
1710527558.7591903,3.375168641408284
1710527558.7593038,3.350646760728624
1710527558.7594173,3.326475355360243
1710527558.7595308,3.3019534746805825
1710527558.759644,3.2760302225748696
1710527558.7597575,3.2508076561821833
1710527558.759871,3.222782876756456
1710527558.7599843,3.1958087285359698
1710527558.7600977,3.1674334737989636
1710527558.7602112,3.1408095359802246
1710527558.7603247,3.1138356526692705
1710527558.760438,3.08931377198961
1710527558.7605515,3.065842787424723
1710527558.760665,3.0451742808024087
1710527558.7607784,3.0248562494913735
1710527558.7608917,3.0069902208116317
1710527558.7610052,2.98772308561537
1710527558.7611187,2.9681054751078286
1710527558.7612321,2.94848812950982
1710527558.7613454,2.9281698332892523
1710527558.7614589,2.907151116265191
1710527558.7615724,2.88753350575765
1710527558.7616858,2.868967056274414
1710527558.761799,2.8525023990207248
1710527558.7619126,2.838840219709608
1710527558.762026,2.827279832628038
1710527558.7621396,2.8160699208577475
1710527558.7622528,2.8045095337761774
1710527558.7623663,2.7922484609815807
1710527558.7624798,2.7782360712687173
1710527558.7625933,2.7624720997280545
1710527558.7627065,2.746707863277859
1710527558.76282,2.7316445774502225
1710527558.7629335,2.7162308163113065
1710527558.763047,2.703619533114963
1710527558.7631602,2.692409621344672
1710527558.7632737,2.6829510264926486
1710527558.7633872,2.673142221238878
1710527558.7635007,2.6626329951816134
1710527558.763614,2.6503719223870172
1710527558.7637274,2.6356588469611273
1710527558.763841,2.618493503994412
1710527558.7639544,2.59922636879815
1710527558.7640676,2.578908337487115
1710527558.7641811,2.5599914126925998
1710527558.7642946,2.5400235917833114
1710527558.7644079,2.5218073527018228
1710527558.7645214,2.503591113620334
1710527558.7646348,2.4843237135145397
1710527558.7647483,2.4633049964904785
1710527558.7648616,2.4394838015238443
1710527558.764975,2.4128601286146374
1710527558.7650886,2.3823828167385526
1710527558.765202,2.349453502231174
1710527558.7653153,2.3130210240681968
1710527558.7654288,2.27623807059394
1710527558.7655423,2.238054010603163
1710527558.7656558,2.1984687116410995
1710527558.765769,2.1581828594207764
1710527558.7658825,2.1168459786309137
1710527558.765996,2.071655591328939
1710527558.7661095,2.0243634117974176
1710527558.7662227,1.972517172495524
1710527558.7663362,1.9161168734232583
1710527558.7664497,1.8558630678388808
1710527558.7665632,1.791405545340644
1710527558.7666764,1.7251964410146077
1710527558.76679,1.6554843054877386
1710527558.7669034,1.5843707985348172
1710527558.767017,1.511155499352349
1710527558.7671301,1.4361886183420818
1710527558.7672436,1.3577185736762152
1710527558.767357,1.2778472900390625
1710527558.7674706,1.1937722894880507
1710527558.7675838,1.10654440191057
1710527558.7676973,1.0154631402757432
1710527558.7678108,0.9194774760140313
1710527558.7679243,0.8210396766662598
1710527558.7680376,0.7183980941772461
1710527558.768151,0.614004929860433
1710527558.7682645,0.5078602168295119
1710527558.768378,0.40066454145643443
1710527558.7684913,0.29311858945422703
1710527558.7686048,0.1838210556242201
1710527558.7687182,0.07312228282292683
1710527558.7688315,-0.038970125218232475
1710527558.768945,-0.1527994540002611
1710527558.7690585,-0.2701312137974633
1710527558.769172,-0.388513704140981
1710527558.7692852,-0.5100484026802911
1710527558.7693987,-0.6319333447350396
1710527558.7695122,-0.7545187738206651
1710527558.7696257,-0.8757032288445367
1710527558.769739,-0.9961871306101481
1710527558.7698524,-1.1124682426452637
1710527558.769966,-1.2273482481638591
1710527558.7700794,-1.3404770692189534
1710527558.7701926,-1.4543064435323079
1710527558.770306,-1.5674352645874023
1710527558.7704196,-1.6812645064459906
1710527558.770533,-1.796494854821099
1710527558.7706463,-1.9106744395362005
1710527558.7707598,-2.023102707333035
1710527558.7708733,-2.1323789490593805
1710527558.7709868,-2.237101925743951
1710527558.7711,-2.335870795779758
1710527558.7712135,-2.4293859799702964
1710527558.771327,-2.5186981095208063
1710527558.7714405,-2.6038074493408203
1710527558.7715538,-2.687165472242567
1710527558.7716672,-2.7684222327338324
1710527558.7717807,-2.8482778867085776
1710527558.7718942,-2.925681802961561
1710527558.7720075,-2.999232874976264
1710527558.772121,-3.06753052605523
1710527558.7722344,-3.13022428088718
1710527558.772348,-3.1859130329555936
1710527558.7724612,-3.23494725757175
1710527558.7725747,-3.2780271106296115
1710527558.7726882,-3.316203753153483
1710527558.7728016,-3.3512282371520996
1710527558.772915,-3.383800983428955
1710527558.7730284,-3.4135717815823026
1710527558.7731419,-3.4412410524156356
1710527558.773255,-3.465758164723714
1710527558.7733686,-3.486772643195258
1710527558.773482,-3.5028839111328125
1710527558.7735956,-3.5151425997416177
1710527558.7737088,-3.5214469167921276
1710527558.7738223,-3.5235484441121416
1710527558.7739358,-3.5221473375956216
1710527558.7740493,-3.518294758266873
1710527558.7741625,-3.5119901763068304
1710527558.774276,-3.5053356488545733
1710527558.7743895,-3.4965795940823026
1710527558.774503,-3.486772643195258
1710527558.7746162,-3.476615746815999
1710527558.7747297,-3.464006847805447
1710527558.7748432,-3.44964689678616
1710527558.7749567,-3.4331854184468584
1710527558.77507,-3.4135717815823026
1710527558.7751834,-3.392907248602973
1710527558.775297,-3.3697912428114147
1710527558.7754104,-3.3456243409050836
1710527558.7755237,-3.321807649400499
1710527558.7756371,-3.29623990588718
1710527558.7757506,-3.2720730039808483
1710527558.7758641,-3.249657418992784
1710527558.7759774,-3.2272418340047198
1710527558.7760909,-3.2055266698201494
1710527558.7762043,-3.1831110848320856
1710527558.7763178,-3.1606954998440213
1710527558.776431,-3.137579494052463
1710527558.7765446,-3.1137628025478787
1710527558.776658,-3.0885452694363065
1710527558.7767715,-3.063677946726481
1710527558.7768848,-3.0398612552218967
1710527558.7769983,-3.0167452494303384
1710527558.7771118,-2.9953802956475153
1710527558.7772253,-2.9768172899881997
1710527558.7773385,-2.9596553908454046
1710527558.777452,-2.9445950190226235
1710527558.7775655,-2.928483751085069
1710527558.7776787,-2.9116720623440213
1710527558.7777922,-2.893459267086453
1710527558.7779057,-2.8748962614271374
1710527558.7780192,-2.8556328349643283
1710527558.7781324,-2.836019198099772
1710527558.778246,-2.8199079301622176
1710527558.7783594,-2.8051977687411838
1710527558.778473,-2.793289555443658
1710527558.7785861,-2.78383281495836
1710527558.7786996,-2.7747265497843423
1710527558.7788131,-2.765970495012071
1710527558.7789266,-2.75581333372328
1710527558.7790399,-2.744605541229248
1710527558.7791533,-2.731646431816949
1710527558.7792668,-2.7162358495924206
1710527558.7793803,-2.7011752128601074
1710527558.7794936,-2.6875156826443143
1710527558.779607,-2.674556838141547
1710527558.7797205,-2.662998570336236
1710527558.779834,-2.653542094760471
1710527558.7799473,-2.6440853542751737
1710527558.7800608,-2.6339284578959146
1710527558.7801743,-2.6202689276801214
1710527558.7802877,-2.6059089766608343
1710527558.780401,-2.5859448644849987
1710527558.7805145,-2.5652805964152017
1710527558.780628,-2.5421645906236434
1710527558.7807415,-2.520098951127794
1710527558.7808547,-2.496632734934489
1710527558.7809682,-2.4738669395446777
1710527558.7810817,-2.452501985761854
1710527558.7811952,-2.430436611175537
1710527558.7813084,-2.4055692884657116
1710527558.781422,-2.3782502280341253
1710527558.7815354,-2.348479429880778
1710527558.7816489,-2.3141556315951877
1710527558.7817621,-2.27667940987481
1710527558.7818756,-2.2360510296291776
1710527558.781989,-2.193321386973063
1710527558.7821023,-2.1491906378004284
1710527558.7822158,-2.10365891456604
1710527558.7823293,-2.056025664011637
1710527558.7824428,-2.0080422030554876
1710527558.782556,-1.9572569264305961
1710527558.7826695,-1.9033192263709173
1710527558.782783,-1.8451787365807426
1710527558.7828965,-1.782835324605306
1710527558.7830098,-1.7162889904446073
1710527558.7831233,-1.6458899445003934
1710527558.7832367,-1.5709376335144043
1710527558.7833502,-1.4928332964579265
1710527558.7834635,-1.4115766684214275
1710527558.783577,-1.3289190663231742
1710527558.7836905,-1.2441599369049072
1710527558.783804,-1.157299412621392
1710527558.7839172,-1.068337427245246
1710527558.7840307,-0.9755227300855849
1710527558.7841442,-0.8799061510297987
1710527558.7842577,-0.7807870705922444
1710527558.784371,-0.6771147913402981
1710527558.7844844,-0.5688893795013428
1710527558.7845979,-0.45611080196168685
1710527558.7847114,-0.34088051981396145
1710527558.7848246,-0.22319849994447497
1710527558.784938,-0.10481600960095723
1710527558.7850516,0.01356913915110959
1710527558.785165,0.13127417200141483
1710527558.7852783,0.24932950735092163
1710527558.7853918,0.3677351607216729
1710527558.7855053,0.48684143357806736
1710527558.7856188,0.6094508700900607
1710527558.785732,0.7345124748018053
1710527558.7858455,0.8623765574561225
1710527558.785959,0.9916418790817261
1710527558.7860725,1.1205568578508165
1710527558.7861857,1.24877134958903
1710527558.7862992,1.3727819919586182
1710527558.7864127,1.4936398135291205
1710527558.786526,1.6099435753292508
1710527558.7866395,1.7234448591868081
1710527558.786753,1.8355449040730794
1710527558.7868664,1.9462437099880643
1710527558.7869797,2.0586939652760825
1710527558.7870932,2.1700934569040933
1710527558.7872066,2.2818430264790854
1710527558.7873201,2.3904400401645236
1710527558.7874334,2.496234575907389
1710527558.7875469,2.595723205142551
1710527558.7876604,2.688555982377794
1710527558.7877738,2.775083382924398
1710527558.787887,2.8549546665615506
1710527558.7880006,2.930622100830078
1710527558.788114,3.0024361610412598
1710527558.7882276,3.0724986394246416
1710527558.7883408,3.1401091151767306
1710527558.7884543,3.2049168480767145
1710527558.7885678,3.2669221030341253
1710527558.7886813,3.324023087819417
1710527558.7887945,3.3744682206047907
1710527558.788908,3.4186074468824597
1710527558.7890215,3.4550399250454373
1710527558.789135,3.485166761610243
1710527558.7892482,3.5100391176011825
1710527558.7893617,3.531057834625244
1710527558.7894752,3.548923863304986
1710527558.7895887,3.5646878348456488
1710527558.789702,3.578700224558512
1710527558.7898154,3.589209715525309
1710527558.789929,3.5976171493530273
1710527558.7900424,3.6018209987216525
1710527558.7901556,3.601120313008626
1710527558.7902691,3.596216042836507
1710527558.7903826,3.5871079232957626
1710527558.790496,3.5744966400994196
1710527558.7906094,3.5590828789605036
1710527558.7907228,3.542267746395535
1710527558.7908363,3.524051507314046
1710527558.7909496,3.5054850578308105
1710527558.791063,3.4858674473232694
1710527558.7911766,3.465549416012234
1710527558.79129,3.4448809093899198
1710527558.7914033,3.422811296251085
1710527558.7915168,3.3993403116861978
1710527558.7916303,3.3744682206047907
1710527558.7917438,3.3481947580973306
1710527558.791857,3.3208703994750977
1710527558.7919705,3.292144669426812
1710527558.792084,3.2634189393785262
1710527558.7921975,3.2357443703545465
1710527558.7923107,3.207719326019287
1710527558.7924242,3.181445863511827
1710527558.7925377,3.1562232971191406
1710527558.7926512,3.1327523125542536
1710527558.7927644,3.1099820137023926
1710527558.792878,3.0872117148505316
1710527558.7929914,3.0633905198838973
1710527558.793105,3.0399195353190103
1710527558.7932181,3.01539765463935
1710527558.7933316,2.9901750882466636
1710527558.793445,2.966003682878282
1710527558.7935586,2.942532698313395
1710527558.7936718,2.9211635059780545
1710527558.7937853,2.9025970564948187
1710527558.7938988,2.8864826096428766
1710527558.7940123,2.87141932381524
1710527558.7941256,2.857056458791097
1710527558.794239,2.842343383365207
1710527558.7943525,2.827630043029785
1710527558.794466,2.811165385776096
1710527558.7945793,2.79435051812066
1710527558.7946928,2.7778858608669705
1710527558.7948062,2.761070728302002
1710527558.7949197,2.7470583385891385
1710527558.795033,2.7354979515075684
1710527558.7951465,2.7249884605407715
1710527558.79526,2.7165810267130532
1710527558.7953732,2.7078233824835882
1710527558.7954867,2.6983647876315646
1710527558.7956002,2.6871548758612738
1710527558.7957137,2.673492696550157
1710527558.795827,2.657378249698215
1710527558.7959404,2.641964488559299
1710527558.796054,2.6251493559943304
1710527558.7961674,2.6093853844536676
1710527558.7962806,2.595372994740804
1710527558.796394,2.5817108154296875
1710527558.7965076,2.5694497426350913
1710527558.796621,2.555086877610948
1710527558.7967343,2.5403738021850586
1710527558.7968478,2.5218073527018228
1710527558.7969613,2.4997374746534557
1710527558.7970748,2.475916279686822
1710527558.797188,2.4485919210645886
1710527558.7973015,2.419866191016303
1710527558.797415,2.390089829762777
1710527558.7975285,2.3603132035997176
1710527558.7976418,2.329835891723633
1710527558.7977552,2.298307948642307
1710527558.7978687,2.265378369225396
1710527558.7979822,2.229646576775445
1710527558.7980955,2.189360592100355
1710527558.798209,2.145921919080946
1710527558.7983224,2.098979949951172
1710527558.798436,2.048534949620565
1710527558.7985492,1.994937128490872
1710527558.7986627,1.9395877255333793
1710527558.7987761,1.8817861874898274
1710527558.7988896,1.8232839637332492
1710527558.799003,1.7626799477471244
1710527558.7991164,1.699623664220174
1710527558.7992299,1.6348157988654242
1710527558.7993433,1.5661545594533284
1710527558.7994566,1.4929392602708604
1710527558.79957,1.4169213506910536
1710527558.7996836,1.3359991709391277
1710527558.7997968,1.2512234846750896
1710527558.7999103,1.1625944243537054
1710527558.8000238,1.0711628198623657
1710527558.8001373,0.9779796997706095
1710527558.8002505,0.8826946549945407
1710527558.800364,0.7846071322758992
1710527558.8004775,0.6861693329281277
1710527558.800591,0.5859798855251735
1710527558.8007042,0.481586754322052
1710527558.8008177,0.3757923510339525
1710527558.8009312,0.2654438879754808
1710527558.8010447,0.15299354990323386
1710527558.801158,0.035989143782191806
1710527558.8012714,-0.08275063501463996
1710527558.801385,-0.2028843429353502
1710527558.8014984,-0.3240687979592217
1710527558.8016117,-0.4431517918904622
1710527558.8017251,-0.5611840221616957
1710527558.8018386,-0.6785157654020522
1710527558.8019521,-0.7951470878389146
1710527558.8020654,-0.9103773699866401
1710527558.8021789,-1.0277091132269964
1710527558.8022923,-1.1453910668690999
1710527558.8024058,-1.2651745478312175
1710527558.802519,-1.385658582051595
1710527558.8026326,-1.5054420630137124
1710527558.802746,-1.6231240166558158
1710527558.8028595,-1.7380040221744113
1710527558.8029728,-1.8479806847042508
1710527558.8030863,-1.9537544250488281
1710527558.8031998,-2.0553252432081432
1710527558.8033133,-2.1540939807891846
1710527558.8034265,-2.2504112455579968
1710527558.80354,-2.345327271355523
1710527558.8036535,-2.4405937724643283
1710527558.803767,-2.53480937745836
1710527558.8038802,-2.6258728239271374
1710527558.8039937,-2.71378411187066
1710527558.8041072,-2.7971421347724066
1710527558.8042204,-2.87349541982015
1710527558.804334,-2.9445950190226235
1710527558.8044474,-3.0090398258633084
1710527558.804561,-3.067880736456977
1710527558.8046741,-3.1221686469184027
1710527558.8047876,-3.174705240461561
1710527558.8049011,-3.224790096282959
1710527558.8050146,-3.2724232143825955
1710527558.8051279,-3.3169044388665094
1710527558.8052413,-3.358583450317383
1710527558.8053548,-3.395709196726481
1710527558.8054683,-3.4268808364868164
1710527558.8055816,-3.4520986345079208
1710527558.805695,-3.472412692175971
1710527558.8058085,-3.487122853597005
1710527558.805922,-3.4983306460910373
1710527558.8060353,-3.5074371761745877
1710527558.8061488,-3.5137414932250977
1710527558.8062623,-3.5179445478651257
1710527558.8063757,-3.521096706390381
1710527558.806489,-3.521797127193875
1710527558.8066025,-3.5196955998738604
1710527558.806716,-3.5144419140285916
1710527558.8068295,-3.5060360696580672
1710527558.8069427,-3.4941278563605414
1710527558.8070562,-3.4794176949395075
1710527558.8071697,-3.46225553088718
1710527558.8072832,-3.4429921044243708
1710527558.8073964,-3.4226780467563205
1710527558.80751,-3.401663303375244
1710527558.8076234,-3.3806488249037
1710527558.8077369,-3.358583450317383
1710527558.8078501,-3.3379189173380532
1710527558.8079636,-3.318305280473497
1710527558.808077,-3.2965901162889266
1710527558.8081906,-3.2752251625061035
1710527558.8083038,-3.2517589463127985
1710527558.8084173,-3.227592044406467
1710527558.8085308,-3.2030749320983887
1710527558.808644,-3.1771569781833224
1710527558.8087575,-3.15193944507175
1710527558.808871,-3.127422332763672
1710527558.8089845,-3.1036056412590876
1710527558.8090978,-3.0825911627875433
1710527558.8092113,-3.062977261013455
1710527558.8093247,-3.044414520263672
1710527558.8094382,-3.0262017250061035
1710527558.8095515,-3.007288508945041
1710527558.809665,-2.988375292883979
1710527558.8097785,-2.9680612352159286
1710527558.809892,-2.9459958606296115
1710527558.8100052,-2.924630906846788
1710527558.8101187,-2.904316849178738
1710527558.8102322,-2.8861040539211698
1710527558.8103456,-2.8692923651801214
1710527558.810459,-2.8556328349643283
1710527558.8105724,-2.844074832068549
1710527558.8106859,-2.833567460378011
1710527558.8107994,-2.821659247080485
1710527558.8109126,-2.8090503480699325
1710527558.811026,-2.7950406074523926
1710527558.8111396,-2.7806806564331055
1710527558.811253,-2.763868967692057
1710527558.8113663,-2.74810791015625
1710527558.8114798,-2.734448379940457
1710527558.8115933,-2.7228903770446777
1710527558.8117068,-2.713083691067166
1710527558.81182,-2.7046775817871094
1710527558.8119335,-2.6966222127278647
1710527558.812047,-2.6875156826443143
1710527558.8121605,-2.677008310953776
1710527558.8122737,-2.663699256049262
1710527558.8123872,-2.6482884089152017
1710527558.8125007,-2.6304260889689126
1710527558.8126142,-2.6129137145148382
1710527558.8127275,-2.5947011841668024
1710527558.812841,-2.578940126630995
1710527558.8129544,-2.5631790690951877
1710527558.8130677,-2.548468907674154
1710527558.8131812,-2.532707850138346
1710527558.8132946,-2.514845530192057
1710527558.8134081,-2.493480576409234
1710527558.8135214,-2.4696638849046493
1710527558.8136349,-2.441644403669569
1710527558.8137484,-2.410472763909234
1710527558.8138618,-2.3768493864271374
1710527558.813975,-2.342525323232015
1710527558.8140886,-2.3060999976264105
1710527558.814202,-2.270725303226047
1710527558.8143156,-2.2328988711039224
1710527558.8144288,-2.194021807776557
1710527558.8145423,-2.1526930067274304
1710527558.8146558,-2.107511626349555
1710527558.8147693,-2.0574266380733914
1710527558.8148825,-2.0052402549319797
1710527558.814996,-1.948150528801812
1710527558.8151095,-1.8865075376298692
1710527558.815223,-1.8217123879326713
1710527558.8153362,-1.7548158433702257
1710527558.8154497,-1.6854674286312528
1710527558.8155632,-1.614718172285292
1710527558.8156767,-1.5422175990210638
1710527558.81579,-1.467615630891588
1710527558.8159034,-1.389160950978597
1710527558.816017,-1.307554112540351
1710527558.8161304,-1.222444772720337
1710527558.8162436,-1.133482853571574
1710527558.8163571,-1.0396173927519057
1710527558.8164706,-0.9411988655726115
1710527558.816584,-0.8389275603824191
1710527558.8166974,-0.7352553473578559
1710527558.8168108,-0.6291313966115316
1710527558.8169243,-0.5216064386897616
1710527558.8170378,-0.41408151388168335
1710527558.817151,-0.305155615011851
1710527558.8172646,-0.19412823849254185
1710527558.817378,-0.08134965267446306
1710527558.8174913,0.033536956955989204
1710527558.8176048,0.15334385964605543
1710527558.8177183,0.2763035727871789
1710527558.8178318,0.40241612328423393
1710527558.817945,0.5306305156813728
1710527558.8180585,0.6591952509350246
1710527558.818172,0.7867089907328287
1710527558.8182855,0.9121209383010864
1710527558.8183987,1.0350806183285184
1710527558.8185122,1.1559384398990207
1710527558.8186257,1.2746944692399766
1710527558.8187392,1.3941510518391926
1710527558.8188524,1.5132572915818956
1710527558.818966,1.6348157988654242
1710527558.8190794,1.756374306148953
1710527558.819193,1.8775824705759683
1710527558.8193061,1.9966887103186712
1710527558.8194196,2.1119415760040283
1710527558.819533,2.221939696205987
1710527558.8196466,2.3256323072645397
1710527558.8197598,2.4237198299831815
1710527558.8198733,2.5162023968166776
1710527558.8199868,2.606232696109348
1710527558.8201003,2.6938107278611922
1710527558.8202136,2.780688338809543
1710527558.820327,2.865463892618815
1710527558.8204405,2.9488383399115667
1710527558.820554,3.0287096235487194
1710527558.8206673,3.1033261617024737
1710527558.8207808,3.170235951741536
1710527558.8208942,3.230139414469401
1710527558.8210077,3.284788131713867
1710527558.821121,3.331379625532362
1710527558.8212345,3.375168641408284
1710527558.821348,3.413352701399061
1710527558.8214614,3.450485865275065
1710527558.8215747,3.484816551208496
1710527558.8216882,3.5170454449123807
1710527558.8218017,3.5450702243381076
1710527558.821915,3.568891684214274
1710527558.8220284,3.587808609008789
1710527558.822142,3.601120313008626
1710527558.8222554,3.608126640319824
1710527558.8223686,3.6098782221476235
1710527558.822482,3.6091775364345975
1710527558.8225956,3.6053241623772516
1710527558.822709,3.5976171493530273
1710527558.8228223,3.5899104012383356
1710527558.8229358,3.580101595984565
1710527558.8230493,3.569241894616021
1710527558.8231628,3.556981086730957
1710527558.823276,3.541917535993788
1710527558.8233895,3.524051507314046
1710527558.823503,3.5044341617160373
1710527558.8236165,3.481313387552897
1710527558.8237298,3.457141982184516
1710527558.8238432,3.4308685196770563
1710527558.8239567,3.40389437145657
1710527558.8240702,3.3772706985473633
1710527558.8241835,3.349245654212104
1710527558.824297,3.321921295589871
1710527558.8244104,3.2949471473693848
1710527558.824524,3.2700750562879772
1710527558.8246372,3.2445020145840116
1710527558.8247507,3.218929237789578
1710527558.8248641,3.193006250593397
1710527558.8249776,3.1667327880859375
1710527558.825091,3.139408429463704
1710527558.8252044,3.112084070841471
1710527558.8253179,3.0847597122192383
1710527558.8254313,3.057785563998752
1710527558.8255446,3.033263683319092
1710527558.825658,3.010493384467231
1710527558.8257716,2.9898248778449164
1710527558.825885,2.9719588491651745
1710527558.8259983,2.953392399681939
1710527558.8261118,2.93692774242825
1710527558.8262253,2.919061713748508
1710527558.8263385,2.900495264265272
1710527558.826452,2.880877653757731
1710527558.8265655,2.86126004325019
1710527558.826679,2.841292222340902
1710527558.8267922,2.823426458570692
1710527558.8269057,2.808012697431776
1710527558.8270192,2.7940000428093805
1710527558.8271327,2.7827901310390897
1710527558.827246,2.771580219268799
1710527558.8273594,2.761070728302002
1710527558.827473,2.748809920416938
1710527558.8275864,2.7365488476223416
1710527558.8276997,2.721485561794705
1710527558.8278131,2.7057213253445096
1710527558.8279266,2.6903075642055936
1710527558.8280401,2.6745435926649304
1710527558.8281534,2.661231623755561
1710527558.8282669,2.6496712366739907
1710527558.8283803,2.6391620106167264
1710527558.8284938,2.6293532053629556
1710527558.828607,2.618493503994412
1710527558.8287206,2.6058822207980685
1710527558.828834,2.5904684596591525
1710527558.8289475,2.572602695888943
1710527558.8290608,2.5522843996683755
1710527558.8291743,2.529864576127794
1710527558.8292878,2.5077946980794272
1710527558.8294013,2.4850243992275662
1710527558.8295145,2.4626045756869845
1710527558.829628,2.440885172949897
1710527558.8297415,2.4177643987867565
1710527558.829855,2.39254183239407
1710527558.8299682,2.365567949083116
1710527558.8300817,2.3343899514940047
1710527558.8301952,2.29935884475708
1710527558.8303087,2.261174784766303
1710527558.830422,2.2194875611199274
1710527558.8305354,2.175698412789239
1710527558.830649,2.13050815794203
1710527558.8307621,2.084967427783542
1710527558.8308756,2.037324905395508
1710527558.8309891,1.988281144036187
1710527558.8311026,1.9353840086195204
1710527558.8312159,1.8800346056620278
1710527558.8313293,1.8204814857906766
1710527558.8314428,1.757425202263726
1710527558.8315563,1.6898148589664035
1710527558.8316696,1.6180007987552218
1710527558.831783,1.5430339177449544
1710527558.8318965,1.464563873079088
1710527558.83201,1.384342246585422
1710527558.8321233,1.3020188278622098
1710527558.8322368,1.217943827311198
1710527558.8323503,1.1314165592193604
1710527558.8324637,1.0431378417544894
1710527558.832577,0.9524068567487929
1710527558.8326905,0.8578224976857503
1710527558.832804,0.7600852515962389
1710527558.8329175,0.6588449080785116
1710527558.8330307,0.5541014671325684
1710527558.8331442,0.4448039333025614
1710527558.8332577,0.33410516050126815
1710527558.8333712,0.22200513217184278
1710527558.8334844,0.10850384831428528
1710527558.833598,-0.0049964504109488595
1710527558.8337114,-0.11777503622902764
1710527558.8338249,-0.2312541173564063
1710527558.8339381,-0.3457839290301005
1710527558.8340516,-0.46066396766238743
1710527558.834165,-0.5769450134701198
1710527558.8342786,-0.6974289814631144
1710527558.8343918,-0.8182631598578559
1710527558.8345053,-0.9408485889434814
1710527558.8346188,-1.0637842284308539
1710527558.8347323,-1.1853188938564725
1710527558.8348455,-1.303701400756836
1710527558.834959,-1.4189317491319444
1710527558.8350725,-1.531360149383545
1710527558.8351858,-1.6406362586551242
1710527558.8352993,-1.7485113938649495
1710527558.8354127,-1.8556861082712808
1710527558.8355262,-1.9628608226776123
1710527558.8356395,-2.0714363786909313
1710527558.835753,-2.177560329437256
1710527558.8358665,-2.282633516523573
1710527558.83598,-2.3838541242811413
1710527558.8360932,-2.4801712565951877
1710527558.8362067,-2.5708844926622176
1710527558.8363202,-2.655293411678738
1710527558.8364336,-2.7340981695387097
1710527558.836547,-2.8079997168646917
1710527558.8366604,-2.879099316067166
1710527558.8367739,-2.9477471775478787
1710527558.8368874,-3.0139433013068304
1710527558.8370006,-3.078037897745768
1710527558.837114,-3.1393305460611978
1710527558.8372276,-3.1953695085313583
1710527558.837341,-3.2465052604675293
1710527558.8374543,-3.291336430443658
1710527558.8375678,-3.329863283369276
1710527558.8376813,-3.3620858192443848
1710527558.8377948,-3.390805721282959
1710527558.837908,-3.4153228335910373
1710527558.8380215,-3.4373882081773544
1710527558.838135,-3.45735232035319
1710527558.8382485,-3.4762652715047198
1710527558.8383617,-3.492376539442274
1710527558.8384752,-3.5056858592563205
1710527558.8385887,-3.5151425997416177
1710527558.8387022,-3.5207464959886337
1710527558.8388155,-3.5221473375956216
1710527558.838929,-3.5196955998738604
1710527558.8390424,-3.5123406516181097
1710527558.839156,-3.5025337007310653
1710527558.8392692,-3.4899248017205133
1710527558.8393826,-3.4762652715047198
1710527558.8394961,-3.46225553088718
1710527558.8396094,-3.4475453694661455
1710527558.8397229,-3.4307336807250977
1710527558.8398364,-3.4139219919840493
1710527558.8399498,-3.395358986324734
1710527558.840063,-3.3753951390584307
1710527558.8401766,-3.3533297644721136
1710527558.84029,-3.3305639690823026
1710527558.8404036,-3.3053461710611978
1710527558.8405168,-3.2794282171461315
1710527558.8406303,-3.253159787919786
1710527558.8407438,-3.226891623602973
1710527558.8408573,-3.2016740904914007
1710527558.8409705,-3.1768067677815752
1710527558.841084,-3.154040972391764
1710527558.8411975,-3.132676018608941
1710527558.841311,-3.1120114856296115
1710527558.8414242,-3.090296321445041
1710527558.8415377,-3.069281842973497
1710527558.8416512,-3.04581536187066
1710527558.8417647,-3.0219989352756076
1710527558.841878,-2.9981822437710233
1710527558.8419914,-2.9747157626681857
1710527558.842105,-2.9523001776801214
1710527558.8422184,-2.932686540815565
1710527558.8423316,-2.91552464167277
1710527558.8424451,-2.900464004940457
1710527558.8425586,-2.887154950035943
1710527558.842672,-2.8745460510253906
1710527558.8427854,-2.8612367312113443
1710527558.8428988,-2.8465265697903104
1710527558.8430123,-2.83111572265625
1710527558.8431258,-2.814654244316949
1710527558.843239,-2.7981927659776473
1710527558.8433526,-2.78383281495836
1710527558.843466,-2.770173284742567
1710527558.8435795,-2.759665913052029
1710527558.8436928,-2.751610279083252
1710527558.8438063,-2.744255330827501
1710527558.8439198,-2.7376005384657116
1710527558.844033,-2.7295449044969344
1710527558.8441465,-2.719388008117676
1710527558.84426,-2.7067791091071234
1710527558.8443735,-2.6924191580878363
1710527558.8444867,-2.677358786265055
1710527558.8446002,-2.661947939130995
1710527558.8447137,-2.6482884089152017
1710527558.8448272,-2.6353292995029025
1710527558.8449404,-2.6237712966071234
1710527558.845054,-2.6132639249165854
1710527558.8451674,-2.6010055012173123
1710527558.845281,-2.586995760599772
1710527558.8453941,-2.570184071858724
1710527558.8455076,-2.5498697492811413
1710527558.845621,-2.5267537434895835
1710527558.8457346,-2.501536210378011
1710527558.8458478,-2.4749175707499185
1710527558.8459613,-2.4486494064331055
1710527558.8460748,-2.421330346001519
1710527558.8461883,-2.3940112855699325
1710527558.8463016,-2.3670424355400934
1710527558.846415,-2.3376218477884927
1710527558.8465285,-2.3060999976264105
1710527558.846642,-2.270725303226047
1710527558.8467553,-2.2318482398986816
1710527558.8468688,-2.188417911529541
1710527558.8469822,-2.1407847934299045
1710527558.8470957,-2.091050148010254
1710527558.847209,-2.0385135544670954
1710527558.8473225,-1.9842256440056694
1710527558.847436,-1.9288871023390028
1710527558.8475494,-1.8710968229505751
1710527558.8476627,-1.8108548058403862
1710527558.8477762,-1.7478109730614555
1710527558.8478897,-1.6805640856424966
1710527558.8480031,-1.6098146968417697
1710527558.8481164,-1.534162097507053
1710527558.84823,-1.4539561006757948
1710527558.8483434,-1.3702478673723009
1710527558.8484566,-1.2812858157687717
1710527558.84857,-1.1902223692999945
1710527558.8486836,-1.0963569747077093
1710527558.848797,-1.0007403294245403
1710527558.8489103,-0.9037227100796169
1710527558.8490238,-0.8042534192403157
1710527558.8491373,-0.7047840621736314
1710527558.8492508,-0.6021626128090752
1710527558.849364,-0.4953381419181824
1710527558.8494775,-0.3860619995329115
1710527558.849591,-0.27258291840553284
1710527558.8497045,-0.1552511586083306
1710527558.8498178,-0.03441695123910904
1710527558.8499312,0.08818571766217549
1710527558.8500447,0.21044481131765577
1710527558.8501582,0.3330542312728034
1710527558.8502715,0.4532114333576626
1710527558.850385,0.5733686685562134
1710527558.8504984,0.6928252511554294
1710527558.850612,0.8122818337546455
1710527558.8507252,0.9334899981816609
1710527558.8508387,1.056449744436476
1710527558.8509521,1.1818615595499675
1710527558.8510656,1.3086748123168945
1710527558.851179,1.4361886183420818
1710527558.8512924,1.5612501568264432
1710527558.8514059,1.6835092173682318
1710527558.8515193,1.7998129791683621
1710527558.8516326,1.9126137097676594
1710527558.851746,2.0208602481418185
1710527558.8518596,2.125603755315145
1710527558.851973,2.2289458910624185
1710527558.8520863,2.331587473551432
1710527558.8521998,2.434229056040446
1710527558.8523133,2.534768846299913
1710527558.8524268,2.6349581612481012
1710527558.85254,2.73024320602417
1710527558.8526535,2.82027350531684
1710527558.852767,2.9039984279208713
1710527558.8528802,2.9803665479024253
1710527558.8529937,3.0490276548597546
1710527558.8531072,3.1131349669562445
1710527558.8532207,3.1737391153971353
1710527558.853334,3.2297889391581216
1710527558.8534474,3.285138342115614
1710527558.853561,3.338035477532281
1710527558.8536744,3.387429714202881
1710527558.8537877,3.43156894048055
1710527558.8539011,3.4708041614956326
1710527558.8540146,3.5030327902899847
1710527558.8541281,3.5293062527974444
1710527558.8542414,3.5496242841084795
1710527558.8543549,3.564337624443902
1710527558.8544683,3.5744966400994196
1710527558.8545818,3.5829040739271374
1710527558.854695,3.5888595051235623
1710527558.8548086,3.592712879180908
1710527558.854922,3.595165146721734
1710527558.8550355,3.595165146721734
1710527558.8551488,3.592362668779161
1710527558.8552623,3.5864072375827365
1710527558.8553758,3.5755475362141924
1710527558.8554893,3.5632867283291287
1710527558.8556025,3.547172281477186
1710527558.855716,3.527554670969645
1710527558.8558295,3.507586850060357
1710527558.855943,3.485517236921522
1710527558.8560562,3.462396462758382
1710527558.8561697,3.4403268496195474
1710527558.8562832,3.4168558650546603
1710527558.8563967,3.3933848804897733
1710527558.85651,3.3699141608344183
1710527558.8566234,3.3450418048434787
1710527558.856737,3.319469028049045
1710527558.8568504,3.292494879828559
1710527558.8569636,3.264820310804579
1710527558.8570771,3.2364450560675726
1710527558.8571906,3.208069536421034
1710527558.8573039,3.1786433855692544
1710527558.8574173,3.1513190269470215
1710527558.8575308,3.1246953540378146
1710527558.8576443,3.099822998046875
1710527558.8577576,3.077052699195014
1710527558.857871,3.056033982170953
1710527558.8579845,3.034314579433865
1710527558.858098,3.01399654812283
1710527558.8582113,2.992627355787489
1710527558.8583248,2.9712584283616805
1710527558.8584383,2.94848812950982
1710527558.8585517,2.926418251461453
1710527558.858665,2.9050493240356445
1710527558.8587785,2.8854317135281033
1710527558.858892,2.868616845872667
1710527558.8590055,2.854253980848524
1710527558.8591187,2.841642697652181
1710527558.8592322,2.829732100168864
1710527558.8593457,2.818521923489041
1710527558.8594592,2.8052102194892035
1710527558.8595724,2.7915480401780868
1710527558.859686,2.776484489440918
1710527558.8597994,2.7603700425889754
1710527558.8599129,2.7449562814500594
1710527558.8600261,2.7316445774502225
1710527558.8601396,2.719733979966905
1710527558.860253,2.7095746994018555
1710527558.8603666,2.701167265574137
1710527558.8604798,2.692059146033393
1710527558.8605933,2.682600816090902
1710527558.8607068,2.6713906394110785
1710527558.8608203,2.658078935411241
1710527558.8609335,2.641964488559299
1710527558.861047,2.624098459879557
1710527558.8611605,2.6051817999945746
1710527558.861274,2.5869652960035534
1710527558.8613873,2.5701504283481174
1710527558.8615007,2.553685771094428
1710527558.8616142,2.5361702177259655
1710527558.8617275,2.518654399447971
1710527558.861841,2.5004381603664823
1710527558.8619545,2.476616965399848
1710527558.862068,2.4520950847201877
1710527558.8621812,2.423019144270155
1710527558.8622947,2.3907902505662704
1710527558.8624082,2.356810039944119
1710527558.8625216,2.3217786682976618
1710527558.862635,2.2849959797329373
1710527558.8627484,2.2482130262586804
1710527558.8628619,2.2093284130096436
1710527558.8629754,2.1700934569040933
1710527558.8630886,2.1273553371429443
1710527558.863202,2.0807637108696833
1710527558.8633156,2.0324206352233887
1710527558.863429,1.9777717855241563
1710527558.8635423,1.9210211435953775
1710527558.8636558,1.8600667847527397
1710527558.8637693,1.795959605111016
1710527558.8638828,1.730451186498006
1710527558.863996,1.6631910536024306
1710527558.8641095,1.5938292609320746
1710527558.864223,1.5227157539791532
1710527558.8643365,1.448799769083659
1710527558.8644497,1.372431649102105
1710527558.8645632,1.291509469350179
1710527558.8646767,1.2070841259426541
1710527558.8647902,1.1191556188795302
1710527558.8649035,1.0259724987877739
1710527558.865017,0.9292862150404189
1710527558.8651304,0.8301477962070041
1710527558.865244,0.7278564903471205
1710527558.8653572,0.6241640117433336
1710527558.8654706,0.5187198850843642
1710527558.8655841,0.41292548179626465
1710527558.8656974,0.3060801492797004
1710527558.8658109,0.1974832514921824
1710527558.8659244,0.08678447041246626
1710527558.8660378,-0.02671158355143335
1710527558.866151,-0.14264237549569872
1710527558.8662646,-0.2606746223237779
1710527558.866378,-0.38150883383221096
1710527558.8664916,-0.502693255742391
1710527558.8666048,-0.6238777107662624
1710527558.8667183,-0.745062165790134
1710527558.8668318,-0.8623939090304904
1710527558.8669453,-0.9790251652399699
1710527558.8670585,-1.0935550265842013
1710527558.867172,-1.2073842684427898
1710527558.8672855,-1.3208634323543973
1710527558.867399,-1.4350430170694988
1710527558.8675122,-1.549572812186347
1710527558.8676257,-1.6648030281066895
1710527558.8677392,-1.780383586883545
1710527558.8678527,-1.8938627507951524
1710527558.867966,-2.0034890704684787
1710527558.8680794,-2.109262810813056
1710527558.868193,-2.2090823120541043
1710527558.8683064,-2.305049101511637
1710527558.8684196,-2.396112812889947
1710527558.8685331,-2.485424942440457
1710527558.8686466,-2.5722853342692056
1710527558.86876,-2.657744884490967
1710527558.8688734,-2.742504013909234
1710527558.8689868,-2.82481140560574
1710527558.8691003,-2.904316849178738
1710527558.8692138,-2.97821839650472
1710527558.869327,-3.0468662579854326
1710527558.8694406,-3.1085091167026095
1710527558.869554,-3.1641978687710233
1710527558.8696675,-3.2142827245924206
1710527558.8697808,-3.2587636841668024
1710527558.8698943,-3.301143381330702
1710527558.8700078,-3.3400204446580672
1710527558.870121,-3.377146191067166
1710527558.8702345,-3.411470254262288
1710527558.870348,-3.4426418940226235
1710527558.8704615,-3.469610744052463
1710527558.8705747,-3.4913259082370334
1710527558.8706882,-3.5077873865763345
1710527558.8708017,-3.518294758266873
1710527558.8709152,-3.5249492857191296
1710527558.8710284,-3.526700602637397
1710527558.871142,-3.5256497065226235
1710527558.8712554,-3.5228477583991156
1710527558.871369,-3.5179445478651257
1710527558.8714821,-3.5123406516181097
1710527558.8715956,-3.5049854384528265
1710527558.871709,-3.495178487565782
1710527558.8718226,-3.483620484670003
1710527558.8719358,-3.469610744052463
1710527558.8720493,-3.4534994761149087
1710527558.8721628,-3.4345862600538464
1710527558.8722763,-3.4125208854675293
1710527558.8723896,-3.3890546692742243
1710527558.872503,-3.3652379777696395
1710527558.8726165,-3.3400204446580672
1710527558.87273,-3.315853542751736
1710527558.8728433,-3.2916866408454046
1710527558.8729568,-3.2682204246520996
1710527558.8730702,-3.2458048396640353
1710527558.8731837,-3.223389254675971
1710527558.873297,-3.2027247216966415
1710527558.8734105,-3.1796087159050836
1710527558.873524,-3.155091603597005
1710527558.8736374,-3.13022428088718
1710527558.8737507,-3.1046565373738604
1710527558.8738642,-3.078738318549262
1710527558.8739777,-3.05492189195421
1710527558.8740911,-3.0311052004496255
1710527558.8742044,-3.009390036265055
1710527558.874318,-2.990126609802246
1710527558.8744314,-2.972964710659451
1710527558.8745446,-2.9561530219184027
1710527558.874658,-2.9393413331773544
1710527558.8747716,-2.921128537919786
1710527558.874885,-2.9029157426622176
1710527558.8749983,-2.8829518953959146
1710527558.8751118,-2.8633382585313583
1710527558.8752253,-2.843374411265055
1710527558.8753388,-2.82621251212226
1710527558.875452,-2.811151875389947
1710527558.8755655,-2.7985432412889266
1710527558.875679,-2.7883860800001354
1710527558.8757925,-2.7792798148261175
1710527558.8759058,-2.770873705546061
1710527558.8760192,-2.7607168091668024
1710527558.8761327,-2.7491588062710233
1710527558.8762462,-2.736199696858724
1710527558.8763595,-2.7225401666429305
1710527558.876473,-2.7085304260253906
1710527558.8765864,-2.6955713166130915
1710527558.8767,-2.684363524119059
1710527558.8768132,-2.6749070485432944
1710527558.8769267,-2.667201624976264
1710527558.8770401,-2.659496201409234
1710527558.8771536,-2.650740146636963
1710527558.877267,-2.6398825645446777
1710527558.8773804,-2.6262230343288846
1710527558.8774939,-2.6097615559895835
1710527558.8776073,-2.590498129526774
1710527558.8777206,-2.5708844926622176
1710527558.877834,-2.5502199596828885
1710527558.8779476,-2.5292054812113443
1710527558.878061,-2.510642475552029
1710527558.8781743,-2.490678628285726
1710527558.8782878,-2.4710649914211698
1710527558.8784013,-2.4489996168348522
1710527558.8785148,-2.42378208372328
1710527558.878628,-2.3943614959716797
1710527558.8787415,-2.362489170498318
1710527558.878855,-2.3264140552944608
1710527558.8789682,-2.287186781565348
1710527558.8790817,-2.2465584013197155
1710527558.8791952,-2.204178969065348
1710527558.8793087,-2.1603984302944608
1710527558.879422,-2.115917470720079
1710527558.8795354,-2.0693349838256836
1710527558.879649,-2.01995054880778
1710527558.8797624,-1.9677641656663682
1710527558.8798757,-1.9124256239997015
1710527558.8799891,-1.8525339497460258
1710527558.8801026,-1.7877388000488281
1710527558.8802161,-1.7194411489698622
1710527558.8803294,-1.6469405757056341
1710527558.8804429,-1.5719883971744113
1710527558.8805563,-1.4945844809214275
1710527558.8806698,-1.4150790373484294
1710527558.880783,-1.3341726197136772
1710527558.8808966,-1.2504643864101834
1710527558.88101,-1.1657052569919162
1710527558.8811235,-1.0774437586466472
1710527558.8812368,-0.9846291277143691
1710527558.8813503,-0.8897129694620768
1710527558.8814638,-0.7884924279318916
1710527558.8815773,-0.6841196616490682
1710527558.8816905,-0.5755440394083658
1710527558.881804,-0.4638161924150255
1710527558.8819175,-0.34928636418448555
1710527558.882031,-0.23475655251079136
1710527558.8821442,-0.12022674911552005
1710527558.8822577,-0.004295962345268991
1710527558.8823712,0.11095604134930505
1710527558.8824847,0.22831075721316868
1710527558.882598,0.3453151716126336
1710527558.8827114,0.46827488475375706
1710527558.882825,0.5922855271233453
1710527558.8829384,0.7201496097776625
1710527558.8830516,0.849064654774136
1710527558.8831651,0.9790306621127658
1710527558.8832786,1.106894744767083
1710527558.8833919,1.2323066923353407
1710527558.8835053,1.35351472430759
1710527558.8836188,1.4705191718207464
1710527558.8837323,1.5868229336208768
1710527558.8838456,1.700324217478434
1710527558.883959,1.8134751584794786
1710527558.8840725,1.9280274709065754
1710527558.884186,2.042229308022393
1710527558.8842993,2.156431277592977
1710527558.8844128,2.268881532880995
1710527558.8845263,2.3774785465664334
1710527558.8846397,2.4794194433424206
1710527558.884753,2.576456069946289
1710527558.8848665,2.6657856835259333
1710527558.88498,2.750211026933458
1710527558.8850935,2.830082310570611
1710527558.8852067,2.906800905863444
1710527558.8853202,2.9828185505337186
1710527558.8854337,3.0556837717692056
1710527558.8855472,3.128198252783881
1710527558.8856604,3.1954582532246905
1710527558.885774,3.2588648796081543
1710527558.8858874,3.315615653991699
1710527558.8860009,3.365710311465793
1710527558.8861141,3.4080982208251953
1710527558.8862276,3.4445306989881725
1710527558.886341,3.4750077459547253
1710527558.8864546,3.502682579888238
1710527558.8865678,3.5258030891418457
1710527558.8866813,3.547172281477186
1710527558.8867948,3.5671401023864746
1710527558.8869083,3.5832542843288846
1710527558.8870215,3.595515357123481
1710527558.887135,3.603572580549452
1710527558.8872485,3.607075744205051
1710527558.887362,3.6056743727789984
1710527558.8874753,3.5993687311808267
1710527558.8875887,3.589209715525309
1710527558.8877022,3.5758977466159396
1710527558.8878155,3.5611846711900497
1710527558.887929,3.5457709100511337
1710527558.8880424,3.5282553566826715
1710527558.888156,3.5103893280029297
1710527558.8882692,3.491122192806668
1710527558.8883827,3.4697532653808594
1710527558.8884962,3.4487342834472656
1710527558.8886096,3.425613774193658
1710527558.888723,3.399690522087945
1710527558.8888364,3.373417059580485
1710527558.8889499,3.3457424905565047
1710527558.8890634,3.3166665501064725
1710527558.8891766,3.28759060965644
1710527558.88929,3.2588648796081543
1710527558.8894036,3.231190310584174
1710527558.889517,3.204216162363688
1710527558.8896303,3.1789935959710016
1710527558.8897438,3.1555228763156467
1710527558.8898573,3.1317014164394803
1710527558.8899708,3.1089311175876193
1710527558.890084,3.0847597122192383
1710527558.8901975,3.060237831539578
1710527558.890311,3.036416371663411
1710527558.8904245,3.011194070180257
1710527558.8905377,2.9870223999023438
1710527558.8906512,2.9642521010504828
1710527558.8907647,2.9428829087151422
1710527558.8908782,2.9253673553466797
1710527558.8909914,2.9089026980929904
1710527558.891105,2.8945398330688477
1710527558.8912184,2.880527443355984
1710527558.891332,2.865814103020562
1710527558.8914452,2.850050131479899
1710527558.8915586,2.8335854742262097
1710527558.8916721,2.8164201312594943
1710527558.8917856,2.7989045778910318
1710527558.8918989,2.7824399206373425
1710527558.8920124,2.768427266014947
1710527558.8921258,2.756166458129883
1710527558.892239,2.745656967163086
1710527558.8923526,2.736899322933621
1710527558.892466,2.7274407280815973
1710527558.8925796,2.7176319228278265
1710527558.8926928,2.706071800655789
1710527558.8928063,2.693110042148166
1710527558.8929198,2.6780467563205295
1710527558.8930333,2.6626329951816134
1710527558.8931465,2.647569444444444
1710527558.89326,2.6328563690185547
1710527558.8933735,2.6198948754204645
1710527558.893487,2.607984277937147
1710527558.8936002,2.596423890855577
1710527558.8937137,2.583462397257487
1710527558.8938272,2.5701504283481174
1710527558.8939407,2.5519341892666287
1710527558.894054,2.5316161579555936
1710527558.8941674,2.5084953837924533
1710527558.894281,2.4825721316867404
1710527558.8943944,2.456999354892307
1710527558.8945076,2.429674996270074
1710527558.8946211,2.4016499519348145
1710527558.8947346,2.3739753829108343
1710527558.894848,2.3448994424608016
1710527558.8949614,2.3140719201829696
1710527558.8950748,2.2811426056755915
1710527558.8951883,2.2440094417995877
1710527558.8953018,2.202672561009725
1710527558.895415,2.157131830851237
1710527558.8955286,2.1087887552049422
1710527558.895642,2.0576430691613092
1710527558.8957555,2.004045248031616
1710527558.8958688,1.9486958450741239
1710527558.8959823,1.8929962317148843
1710527558.8960958,1.834143665101793
1710527558.8962092,1.7735396491156683
1710527558.8963225,1.7097826798756917
1710527558.896436,1.6428730222913954
1710527558.8965495,1.5721098581949868
1710527558.8966627,1.4981938732994926
1710527558.8967762,1.4193736182318792
1710527558.8968897,1.3370500670539007
1710527558.8970032,1.2519241703881157
1710527558.8971164,1.163995663324992
1710527558.89723,1.0746659835179646
1710527558.8973434,0.9825337595409817
1710527558.897457,0.8900512589348687
1710527558.8975701,0.7940655946731567
1710527558.8976836,0.6973793109258016
1710527558.897797,0.5978905492358737
1710527558.8979106,0.49559927648968166
1710527558.8980238,0.38875391085942584
1710527558.8981373,0.27910606728659737
1710527558.8982508,0.16665574577119616
1710527558.8983643,0.05105258689986335
1710527558.8984776,-0.06628916081455019
1710527558.898591,-0.18362091647254095
1710527558.8987045,-0.3016531798574659
1710527558.898818,-0.4172337055206299
1710527558.8989313,-0.5324640207820468
1710527558.8990448,-0.6476943360434638
1710527558.8991582,-0.7629246181911892
1710527558.8992717,-0.8792056639989216
1710527558.899385,-0.9975881046719021
1710527558.8994985,-1.1184223492940266
1710527558.899612,-1.2392565939161513
1710527558.8997254,-1.3604410489400227
1710527558.8998387,-1.4805747403038871
1710527558.8999522,-1.5972059302859836
1710527558.9000657,-1.709984540939331
1710527558.9001791,-1.8192606502109103
1710527558.9002924,-1.9246841801537407
1710527558.900406,-2.02765597237481
1710527558.9005194,-2.1288764476776123
1710527558.9006329,-2.2290462917751737
1710527558.900746,-2.3292160034179688
1710527558.9008596,-2.428335083855523
1710527558.900973,-2.525352636973063
1710527558.9010863,-2.6181674003601074
1710527558.9011998,-2.7064288987053766
1710527558.9013133,-2.7887362904018826
1710527558.9014268,-2.8643888897365994
1710527558.90154,-2.9337374369303384
1710527558.9016535,-2.997131612565782
1710527558.901767,-3.057723840077718
1710527558.9018805,-3.1151636441548662
1710527558.9019938,-3.1708526611328125
1710527558.9021072,-3.224089675479465
1710527558.9022207,-3.2738243208991156
1710527558.9023342,-3.320757018195258
1710527558.9024475,-3.3620858192443848
1710527558.902561,-3.398861355251736
1710527558.9026744,-3.4272313117980957
1710527558.902788,-3.4527990553114147
1710527558.9029012,-3.471712271372477
1710527558.9030147,-3.4878235393100314
1710527558.9031281,-3.5004321734110513
1710527558.9032416,-3.5116399659050836
1710527558.903355,-3.5200458102756076
1710527558.9034684,-3.5277512338426376
1710527558.9035819,-3.5316038131713867
1710527558.9036953,-3.533355130089654
1710527558.9038086,-3.5309033923678927
1710527558.903922,-3.5249492857191296
1710527558.9040356,-3.5161932309468584
1710527558.904149,-3.5025337007310653
1710527558.9042623,-3.4864224327935114
1710527558.9043758,-3.467859427134196
1710527558.9044893,-3.4485960006713867
1710527558.9046028,-3.4289823638068304
1710527558.904716,-3.407967885335286
1710527558.9048295,-3.38695314195421
1710527558.904943,-3.366288873884413
1710527558.9050565,-3.3449239201015897
1710527558.9051697,-3.323558966318766
1710527558.9052832,-3.300442960527208
1710527558.9053967,-3.2759258482191296
1710527558.90551,-3.2510585255093045
1710527558.9056234,-3.2244398858812118
1710527558.905737,-3.1974710358513727
1710527558.9058504,-3.1708526611328125
1710527558.9059637,-3.145284652709961
1710527558.9060771,-3.1207675404018826
1710527558.9061906,-3.0983519554138184
1710527558.9063041,-3.0783881081475153
1710527558.9064174,-3.057723840077718
1710527558.9065309,-3.0391608344184027
1710527558.9066443,-3.0198974079555936
1710527558.9067578,-2.999232874976264
1710527558.906871,-2.977868186102973
1710527558.9069846,-2.9575538635253906
1710527558.907098,-2.9351382785373263
1710527558.9072115,-2.9151744312710233
1710527558.9073248,-2.8966114256117077
1710527558.9074383,-2.88120084338718
1710527558.9075518,-2.8678915235731335
1710527558.9076653,-2.8566837310791016
1710527558.9077785,-2.846876780192057
1710527558.907892,-2.8356689876980252
1710527558.9080055,-2.823060088687473
1710527558.908119,-2.8094005584716797
1710527558.9082322,-2.7943401866488986
1710527558.9083457,-2.7789293395148382
1710527558.9084592,-2.7635187572903104
1710527558.9085727,-2.74950901667277
1710527558.908686,-2.738651434580485
1710527558.9087994,-2.7291946940951877
1710527558.908913,-2.7207888497246637
1710527558.9090264,-2.7127332157558866
1710527558.9091396,-2.7032767401801214
1710527558.9092531,-2.6927693684895835
1710527558.9093666,-2.67910983827379
1710527558.90948,-2.6633487807379828
1710527558.9095933,-2.6461868815951877
1710527558.9097068,-2.6290249824523926
1710527558.9098203,-2.6115128729078503
1710527558.9099336,-2.595751815372043
1710527558.910047,-2.58069117863973
1710527558.9101605,-2.5666814380221896
1710527558.910274,-2.5516210661994085
1710527558.9103873,-2.5344591670566134
1710527558.9105008,-2.514144844479031
1710527558.9106143,-2.490678628285726
1710527558.9107277,-2.4644101990593805
1710527558.910841,-2.435340086619059
1710527558.9109545,-2.4034677611456976
1710527558.911068,-2.3705448044670954
1710527558.9111814,-2.3376218477884927
1710527558.9112947,-2.3039984703063965
1710527558.9114082,-2.2703750928243003
1710527558.9115217,-2.2339497672186956
1710527558.9116352,-2.196823755900065
1710527558.9117484,-2.154794534047445
1710527558.911862,-2.1089126004113092
1710527558.9119754,-2.058827612135145
1710527558.9120889,-2.004890044530233
1710527558.9122021,-1.947099765141805
1710527558.9123156,-1.8865075376298692
1710527558.912429,-1.8238139152526855
1710527558.9125426,-1.7586684226989746
1710527558.9126558,-1.6914216677347818
1710527558.9127693,-1.6231240166558158
1710527558.9128828,-1.550973786248101
1710527558.9129963,-1.4774224493238661
1710527558.9131095,-1.3993181122673881
1710527558.913223,-1.316660510169135
1710527558.9133365,-1.230500406689114
1710527558.91345,-1.138736539416843
1710527558.9135633,-1.0441705915662978
1710527558.9136767,-0.9461022747887505
1710527558.9137902,-0.8455822202894423
1710527558.9139037,-0.742960704697503
1710527558.914017,-0.6399889124764336
1710527558.9141304,-0.5356162124209933
1710527558.914244,-0.4298425051901075
1710527558.9143572,-0.3233683109283447
1710527558.9144707,-0.21374190847078958
1710527558.9145842,-0.1002628356218338
1710527558.9146976,0.015320702352457576
1710527558.914811,0.13547792202896541
1710527558.9149244,0.25913826293415493
1710527558.9150379,0.38384954134623206
1710527558.9151514,0.5092614558007982
1710527558.9152646,0.6346733702553643
1710527558.915378,0.7583336697684394
1710527558.9154916,0.879892177051968
1710527558.915605,0.9996991025076972
1710527558.9157183,1.1188054084777832
1710527558.9158318,1.2393128871917725
1710527558.9159453,1.3601707087622747
1710527558.9160588,1.4831304550170898
1710527558.916172,1.6078417830997043
1710527558.9162855,1.7322026358710394
1710527558.916399,1.8548120392693412
1710527558.9165125,1.9739184114668105
1710527558.9166257,2.087419695324368
1710527558.9167392,2.1963669194115534
1710527558.9168527,2.29935884475708
1710527558.9169662,2.3974463674757214
1710527558.9170794,2.493431833055284
1710527558.917193,2.5869652960035534
1710527558.9173064,2.680148548550076
1710527558.91742,2.772280904981825
1710527558.9175332,2.861610518561469
1710527558.9176466,2.947436968485514
1710527558.9177601,3.0280089378356934
1710527558.9178736,3.1012243694729276
1710527558.9179869,3.1674334737989636
1710527558.9181004,3.226636250813802
1710527558.9182138,3.2795333862304688
1710527558.9183273,3.3271760410732694
1710527558.9184406,3.3713152673509383
1710527558.918554,3.4126522805955672
1710527558.9186676,3.4518872367011175
1710527558.9187808,3.488669925265842
1710527558.9188943,3.5205483436584473
1710527558.9190078,3.548923863304986
1710527558.9191213,3.569942580329047
1710527558.9192345,3.58570655186971
1710527558.919348,3.596566253238254
1710527558.9194615,3.6007701026068792
1710527558.919575,3.601120313008626
1710527558.9196882,3.599719206492106
1710527558.9198017,3.595165146721734
1710527558.9199152,3.5895599259270563
1710527558.9200287,3.5829040739271374
1710527558.920142,3.573795954386393
1710527558.9202554,3.5632867283291287
1710527558.920369,3.550324969821506
1710527558.9204824,3.5338603125678167
1710527558.9205956,3.515994283888075
1710527558.9207091,3.495326042175293
1710527558.9208226,3.4715045822991266
1710527558.920936,3.446632491217719
1710527558.9210494,3.4210597144232855
1710527558.9211628,3.3944360415140786
1710527558.9212763,3.3674618932935925
1710527558.9213898,3.3415386411878796
1710527558.921503,3.314564757876926
1710527558.9216166,3.289342191484239
1710527558.92173,3.2634189393785262
1710527558.9218435,3.2378461625840926
1710527558.9219568,3.2112224896748858
1710527558.9220703,3.1835476557413735
1710527558.9221838,3.1555228763156467
1710527558.9222972,3.127497831980387
1710527558.9224105,3.0987721019321017
1710527558.922524,3.0710975329081216
1710527558.9226375,3.045874966515435
1710527558.922751,3.022754192352295
1710527558.9228642,3.00068457921346
1710527558.9229777,2.981066968705919
1710527558.9230912,2.9632012049357095
1710527558.9232044,2.944984965854221
1710527558.923318,2.9278196228875055
1710527558.9234314,2.907151116265191
1710527558.923545,2.888234191470676
1710527558.9236581,2.8682663705613876
1710527558.9237716,2.8489992353651257
1710527558.923885,2.8311332066853843
1710527558.9239986,2.8160699208577475
1710527558.9241118,2.8027579519483776
1710527558.9242253,2.79259893629286
1710527558.9243388,2.7824399206373425
1710527558.9244523,2.771580219268799
1710527558.9245656,2.7603700425889754
1710527558.924679,2.7477590243021646
1710527558.9247925,2.733746369679769
1710527558.924906,2.719033294253879
1710527558.9250193,2.702918847401937
1710527558.9251328,2.688555982377794
1710527558.9252462,2.6755944887797036
1710527558.9253597,2.6640341016981335
1710527558.925473,2.653875086042616
1710527558.9255865,2.6447669665018716
1710527558.9257,2.6342577404446073
1710527558.9258134,2.6219966676500106
1710527558.9259267,2.606232696109348
1710527558.9260402,2.5897680388556585
1710527558.9261537,2.5694497426350913
1710527558.9262671,2.548080815209283
1710527558.9263804,2.526361412472195
1710527558.926494,2.5053426954481335
1710527558.9266074,2.4843237135145397
1710527558.9267209,2.4633049964904785
1710527558.926834,2.441585593753391
1710527558.9269476,2.418465084499783
1710527558.927061,2.39254183239407
1710527558.9271746,2.3631156815422907
1710527558.9272878,2.329135470920139
1710527558.9274013,2.293403413560655
1710527558.9275148,2.253467771742079
1710527558.927628,2.212481233808729
1710527558.9277415,2.1704437997606063
1710527558.927855,2.1270049942864313
1710527558.9279685,2.0832159784105087
1710527558.9280818,2.0366243521372476
1710527558.9281952,1.988281144036187
1710527558.9283087,1.9371355904473198
1710527558.9284222,1.8810855017768011
1710527558.9285355,1.822233067618476
1710527558.928649,1.7577755451202393
1710527558.9287624,1.6912160979376898
1710527558.928876,1.6197523805830214
1710527558.9289892,1.5465370814005532
1710527558.9291027,1.4694682757059734
1710527558.9292161,1.39134857389662
1710527558.9293296,1.3118276331159804
1710527558.929443,1.2305551105075412
1710527558.9295564,1.145779424243503
1710527558.9296699,1.0578509834077623
1710527558.9297833,0.9667697217729356
1710527558.9298966,0.8725356393390231
1710527558.93001,0.7726965347925822
1710527558.9301236,0.6707555717892116
1710527558.930237,0.5653114451302422
1710527558.9303503,0.45671456389957005
1710527558.9304638,0.3474170300695631
1710527558.9305773,0.2360176377826267
1710527558.9306908,0.1260194761885537
1710527558.930804,0.01356913915110959
1710527558.9309175,-0.09886186156007978
1710527558.931031,-0.21129020386272007
1710527558.9311445,-0.32582001553641426
1710527558.9312577,-0.44245127174589366
1710527558.9313712,-0.5604835351308187
1710527558.9314847,-0.6813177135255601
1710527558.9315982,-0.8042534192403157
1710527558.9317114,-0.9254378742641872
1710527558.931825,-1.0466223292880588
1710527558.9319384,-1.1653550465901692
1710527558.9320517,-1.2812858157687717
1710527558.9321651,-1.3947648472256131
1710527558.9322786,-1.5050917201571994
1710527558.9323921,-1.614367961883545
1710527558.9325054,-1.7243446244133842
1710527558.9326189,-1.8346714973449707
1710527558.9327323,-1.945698791080051
1710527558.9328458,-2.056025664011637
1710527558.932959,-2.1649515628814697
1710527558.9330726,-2.270725303226047
1710527558.933186,-2.3712452252705893
1710527558.9332995,-2.4665117263793945
1710527558.9334128,-2.5568747520446777
1710527558.9335263,-2.6409331957499185
1710527558.9336398,-2.7204386393229165
1710527558.9337533,-2.7978425555759006
1710527558.9338665,-2.8731452094184027
1710527558.93398,-2.9463460710313583
1710527558.9340935,-3.017795880635579
1710527558.934207,-3.085042635599772
1710527558.9343202,-3.148086600833469
1710527558.9344337,-3.204826249016656
1710527558.9345472,-3.2552613152398004
1710527558.9346607,-3.299041854010688
1710527558.934774,-3.3368682861328125
1710527558.9348874,-3.3687403466966415
1710527558.935001,-3.397810724046495
1710527558.9351144,-3.4240788883633084
1710527558.9352276,-3.4478955798678927
1710527558.9353411,-3.46996095445421
1710527558.9354546,-3.4885239601135254
1710527558.935568,-3.5046352280510797
1710527558.9356813,-3.5161932309468584
1710527558.9357948,-3.5228477583991156
1710527558.9359083,-3.5256497065226235
1710527558.9360218,-3.5231979688008623
1710527558.936135,-3.5179445478651257
1710527558.9362485,-3.5088380177815752
1710527558.936362,-3.4983306460910373
1710527558.9364753,-3.486072222391764
1710527558.9365888,-3.472762902577718
1710527558.9367023,-3.458753161960178
1710527558.9368157,-3.443692790137397
1710527558.936929,-3.4279317326015897
1710527558.9370425,-3.4104196230570474
1710527558.937156,-3.3918566173977323
1710527558.9372694,-3.3711920844184027
1710527558.9373827,-3.3487764994303384
1710527558.9374962,-3.32425938712226
1710527558.9376097,-3.299041854010688
1710527558.9377232,-3.2741745313008623
1710527558.9378364,-3.24895699818929
1710527558.93795,-3.224790096282959
1710527558.9380634,-3.2009736696879068
1710527558.9381769,-3.1796087159050836
1710527558.93829,-3.159294393327501
1710527558.9384036,-3.138980335659451
1710527558.938517,-3.1186662779914007
1710527558.9386306,-3.097301324208577
1710527558.9387438,-3.07523594962226
1710527558.9388573,-3.052119943830702
1710527558.9389708,-3.0286534627278643
1710527558.9390843,-3.00483677122328
1710527558.9391975,-2.9831216070387097
1710527558.939311,-2.963507970174154
1710527558.9394245,-2.9456456502278647
1710527558.939538,-2.9302348030938044
1710527558.9396513,-2.916225062476264
1710527558.9397647,-2.901865111456977
1710527558.9398782,-2.88750516043769
1710527558.9399917,-2.8720943133036294
1710527558.940105,-2.8549324141608343
1710527558.9402184,-2.836719618903266
1710527558.940332,-2.820258140563965
1710527558.9404454,-2.804147137535943
1710527558.9405587,-2.7894367112053766
1710527558.9406722,-2.7785791291130915
1710527558.9407856,-2.769472863939073
1710527558.940899,-2.76211765077379
1710527558.9410124,-2.755112912919786
1710527558.9411259,-2.746707068549262
1710527558.9412394,-2.736199696858724
1710527558.9413526,-2.7239410082499185
1710527558.941466,-2.7102814780341253
1710527558.9415796,-2.6952211062113443
1710527558.941693,-2.681561575995551
1710527558.9418063,-2.667551835378011
1710527558.9419198,-2.656344042883979
1710527558.9420333,-2.6461868815951877
1710527558.9421468,-2.6360299852159286
1710527558.94226,-2.624821927812364
1710527558.9423735,-2.6115128729078503
1710527558.942487,-2.5947011841668024
1710527558.9426005,-2.5750872823927136
1710527558.9427137,-2.5519712766011557
1710527558.9428272,-2.527804374694824
1710527558.9429407,-2.5022366311815047
1710527558.9430542,-2.4752677811516657
1710527558.9431674,-2.4493498272365994
1710527558.943281,-2.424482504526774
1710527558.9433944,-2.3975136544969344
1710527558.943508,-2.3691439628601074
1710527558.9436212,-2.3397233751085067
1710527558.9437346,-2.305049101511637
1710527558.9438481,-2.267573144700792
1710527558.9439616,-2.2255439228481717
1710527558.9440749,-2.181413041220771
1710527558.9441884,-2.1334295802646213
1710527558.9443018,-2.084395488103231
1710527558.9444153,-2.033610079023573
1710527558.9445286,-1.9810734854804144
1710527558.944642,-1.9267855750189886
1710527558.9447556,-1.8707466125488281
1710527558.944869,-1.8122557799021402
1710527558.9449823,-1.7492119471232095
1710527558.9450958,-1.6823152701059976
1710527558.9452093,-1.6112156709035237
1710527558.9453225,-1.5359132819705539
1710527558.945436,-1.4560576279958088
1710527558.9455495,-1.3734000258975558
1710527558.945663,-1.2868897120157878
1710527558.9457762,-1.1989784240722656
1710527558.9458897,-1.1089657412634955
1710527558.9460032,-1.0172018077638414
1710527558.9461167,-0.9233364131715562
1710527558.94623,-0.827719767888387
1710527558.9463434,-0.7293011744817098
1710527558.946457,-0.6277304225497775
1710527558.9465704,-0.5212561951743232
1710527558.9466836,-0.40987859169642127
1710527558.9467971,-0.2956990400950114
1710527558.9469106,-0.17696628967920938
1710527558.947024,-0.05753306051095326
1710527558.9471374,0.06401415086454815
1710527558.9472508,0.18487200140953064
1710527558.9473643,0.30467891030841404
1710527558.9474778,0.42448580265045166
1710527558.947591,0.5442926949924892
1710527558.9477046,0.6630486912197536
1710527558.947818,0.7860083712471856
1710527558.9479315,0.9107196993298
1710527558.9480448,1.0382334391276042
1710527558.9481583,1.1657472451527913
1710527558.9482718,1.2953628434075248
1710527558.9483852,1.4218257533179388
1710527558.9484985,1.544785499572754
1710527558.948612,1.664592425028483
1710527558.9487255,1.7787942621443007
1710527558.948839,1.8894930680592854
1710527558.9489522,1.9980899492899575
1710527558.9490657,2.1045850382910833
1710527558.9491792,2.211079994837443
1710527558.9492927,2.318275769551595
1710527558.949406,2.4247707260979547
1710527558.9495194,2.5288134151034884
1710527558.949633,2.629703680674235
1710527558.9497461,2.7246382501390243
1710527558.9498596,2.8136176533169217
1710527558.949973,2.8952405187818737
1710527558.9500866,2.970207267337375
1710527558.9501998,3.0406202210320368
1710527558.9503133,3.106479114956326
1710527558.9504268,3.16953526602851
1710527558.9505403,3.230489624871148
1710527558.9506536,3.28899171617296
1710527558.950767,3.344341119130452
1710527558.9508805,3.395486937628852
1710527558.950994,3.4399766392178006
1710527558.9511073,3.477810223897298
1710527558.9512208,3.508287535773383
1710527558.9513342,3.53351010216607
1710527558.9514477,3.5524270269605847
1710527558.951561,3.5674903127882214
1710527558.9516745,3.5794009102715387
1710527558.951788,3.5895599259270563
1710527558.9519014,3.59726693895128
1710527558.9520147,3.602871894836426
1710527558.9521282,3.6053241623772516
1710527558.9522417,3.6042732662624783
1710527558.9523551,3.600069416893853
1710527558.9524684,3.591661983066135
1710527558.952582,3.5790506998697915
1710527558.9526954,3.5639871491326227
1710527558.9528089,3.5457709100511337
1710527558.952922,3.525102403428819
1710527558.9530356,3.5051345825195312
1710527558.953149,3.4830649693806963
1710527558.9532626,3.462046252356635
1710527558.9533758,3.4399766392178006
1710527558.9534893,3.4175565507676864
1710527558.9536028,3.3940855662027993
1710527558.9537163,3.370264371236165
1710527558.9538295,3.345392280154758
1710527558.953943,3.319469028049045
1710527558.9540565,3.292144669426812
1710527558.9541698,3.2637694146898055
1710527558.9542832,3.2360945807562933
1710527558.9543967,3.208420011732313
1710527558.9545102,3.180745177798801
1710527558.9546235,3.15482219060262
1710527558.954737,3.13030030992296
1710527558.9548504,3.1075300110710993
1710527558.954964,3.0858106083340116
1710527558.9550772,3.06479189130995
1710527558.9551907,3.042722013261583
1710527558.9553041,3.0206524001227484
1710527558.9554176,2.9978821012708874
1710527558.955531,2.9747613271077475
1710527558.9556444,2.952341503567166
1710527558.9557579,2.930271625518799
1710527558.9558713,2.9106542799207897
1710527558.9559846,2.8927882512410483
1710527558.956098,2.877024279700385
1710527558.9562116,2.864062786102295
1710527558.956325,2.8507508171929254
1710527558.9564383,2.8374388482835555
1710527558.9565518,2.823075983259413
1710527558.9566653,2.8087133831448026
1710527558.9567788,2.7915480401780868
1710527558.956892,2.7747329076131186
1710527558.9570055,2.758618460761176
1710527558.957119,2.744255860646566
1710527558.9572325,2.731294102138943
1710527558.9573457,2.7200841903686523
1710527558.9574592,2.710625860426161
1710527558.9575727,2.7018679512871637
1710527558.9576862,2.691358460320367
1710527558.9577994,2.6787474420335555
1710527558.957913,2.6650849978129068
1710527558.9580264,2.6486203405592175
1710527558.95814,2.6311047871907554
1710527558.9582531,2.6125383377075195
1710527558.9583666,2.595723205142551
1710527558.9584801,2.578908337487115
1710527558.9585934,2.564545472462972
1710527558.9587069,2.548781236012777
1710527558.9588203,2.53371795018514
1710527558.9589338,2.5165526072184243
1710527558.959047,2.495533890194363
1710527558.9591606,2.473464012145996
1710527558.959274,2.445789443122016
1710527558.9593875,2.4156626065572104
1710527558.9595008,2.3848350842793784
1710527558.9596143,2.351905769772
1710527558.9597278,2.317925294240316
1710527558.9598413,2.28464576933119
1710527558.9599545,2.249614397684733
1710527558.960068,2.212130890952216
1710527558.9601815,2.1732462777031794
1710527558.960295,2.129807472229004
1710527558.9604082,2.083566188812256
1710527558.9605217,2.0320702923668756
1710527558.9606352,1.9781221283806694
1710527558.9607487,1.9199702474806044
1710527558.960862,1.8590158886379666
1710527558.9609754,1.7973608440823026
1710527558.961089,1.733604007297092
1710527558.9612024,1.668445799085829
1710527558.9613156,1.6008354557885063
1710527558.961429,1.5314735306633842
1710527558.9615426,1.4586085743374295
1710527558.961656,1.3825907972123888
1710527558.9617693,1.3023691707187228
1710527558.9618828,1.2168929311964247
1710527558.9619963,1.1289644241333008
1710527558.9621098,1.0375328196419609
1710527558.962223,0.9429484605789185
1710527558.9623365,0.8459118339750502
1710527558.96245,0.7467734151416354
1710527558.9625635,0.6462336911095513
1710527558.9626768,0.5442926949924892
1710527558.9627903,0.4409504930178324
1710527558.9629037,0.3355063994725545
1710527558.963017,0.22796044747034708
1710527558.9631305,0.11621072888374329
1710527558.963244,0.001658511141108142
1710527558.9633574,-0.11602381865183511
1710527558.9634707,-0.23545703954166836
1710527558.9635842,-0.3569917215241326
1710527558.9636977,-0.47852642006344265
1710527558.9638112,-0.6000610854890611
1710527558.9639244,-0.7184435923894247
1710527558.964038,-0.8364758888880411
1710527558.9641514,-0.9520563814375136
1710527558.9642649,-1.068687703874376
1710527558.964378,-1.1849686834547255
1710527558.9644916,-1.301600005891588
1710527558.964605,-1.4192819595336914
1710527558.9647186,-1.5387152300940619
1710527558.9648318,-1.6577981577979193
1710527558.9649453,-1.774079269833035
1710527558.9650588,-1.8872080908881292
1710527558.9651723,-1.9957837793562148
1710527558.9652855,-2.100506756040785
1710527558.965399,-2.1999760468800864
1710527558.9655125,-2.2945419947306314
1710527558.965626,-2.3880571789211698
1710527558.9657393,-2.4784199396769204
1710527558.9658527,-2.5687829653422036
1710527558.9659662,-2.657044463687473
1710527558.9660797,-2.744255330827501
1710527558.966193,-2.827263143327501
1710527558.9663064,-2.904667059580485
1710527558.96642,-2.977167500389947
1710527558.9665334,-3.0419627825419107
1710527558.9666467,-3.100803693135579
1710527558.9667602,-3.152990076276991
1710527558.9668736,-3.2023745112948947
1710527558.9669871,-3.2472056812710233
1710527558.9671004,-3.2895853784349227
1710527558.9672139,-3.3302134937710233
1710527558.9673274,-3.3690908220079208
1710527558.9674406,-3.4034146202935114
1710527558.967554,-3.4338858392503524
1710527558.9676676,-3.459453582763672
1710527558.967781,-3.480118115743001
1710527558.9678943,-3.4941278563605414
1710527558.9680078,-3.5046352280510797
1710527558.9681213,-3.5098889138963485
1710527558.9682348,-3.5123406516181097
1710527558.968348,-3.5137414932250977
1710527558.9684615,-3.5123406516181097
1710527558.968575,-3.509538438585069
1710527558.9686885,-3.5049854384528265
1710527558.9688017,-3.4986811214023166
1710527558.9689152,-3.4885239601135254
1710527558.9690287,-3.4769659572177463
1710527558.9691422,-3.4619053204854326
1710527558.9692554,-3.443692790137397
1710527558.969369,-3.4240788883633084
1710527558.9694824,-3.400612672170003
1710527558.969596,-3.378197087181939
1710527558.9697092,-3.3543803956773544
1710527558.9698226,-3.3309141794840493
1710527558.9699361,-3.307797908782959
1710527558.9700496,-3.2850321133931475
1710527558.9701629,-3.2629667388068304
1710527558.9702764,-3.24125157462226
1710527558.9703898,-3.218485779232449
1710527558.9705033,-3.1964204046461315
1710527558.9706166,-3.172603713141547
1710527558.97073,-3.1477363904317217
1710527558.9708436,-3.1225188573201494
1710527558.970957,-3.097301324208577
1710527558.9710703,-3.073134422302246
1710527558.9711838,-3.050718837314182
1710527558.9712973,-3.0307549900478787
1710527558.9714108,-3.011491563585069
1710527558.971524,-2.995030085245768
1710527558.9716375,-2.978568606906467
1710527558.971751,-2.962107128567166
1710527558.9718642,-2.9442445437113443
1710527558.9719777,-2.9253315925598145
1710527558.9720912,-2.905367480383979
1710527558.9722047,-2.8857538435194225
1710527558.972318,-2.86684062745836
1710527558.9724314,-2.8482778867085776
1710527558.972545,-2.8328670395745172
1710527558.9726584,-2.819557719760471
1710527558.9727716,-2.8094005584716797
1710527558.9728851,-2.7999440828959146
1710527558.9729986,-2.7897869216071234
1710527558.973112,-2.7785791291130915
1710527558.9732254,-2.766670915815565
1710527558.9733388,-2.7526611751980252
1710527558.9734523,-2.737951013776991
1710527558.9735658,-2.7225401666429305
1710527558.973679,-2.7085304260253906
1710527558.9737926,-2.6976728439331055
1710527558.973906,-2.6882161034478083
1710527558.9740195,-2.679810259077284
1710527558.9741328,-2.6717548900180392
1710527558.9742463,-2.662648359934489
1710527558.9743598,-2.651440567440457
1710527558.9744732,-2.6370806164211698
1710527558.9745865,-2.6206191380818686
1710527558.9747,-2.6024063428243003
1710527558.9748135,-2.5824424955579968
1710527558.974927,-2.562828858693441
1710527558.9750402,-2.5432152218288846
1710527558.9751537,-2.5250024265713162
1710527558.9752672,-2.507840527428521
1710527558.9753807,-2.489627732170953
1710527558.975494,-2.4700140953063965
1710527558.9756074,-2.4472482999165854
1710527558.975721,-2.4206296602884927
1710527558.9758344,-2.3908591270446777
1710527558.9759476,-2.3582863807678223
1710527558.976061,-2.3225614759657116
1710527558.9761746,-2.285085254245334
1710527558.9762878,-2.2465584013197155
1710527558.9764013,-2.2066307067871094
1710527558.9765148,-2.166702879799737
1710527558.9766283,-2.1243233150906033
1710527558.9767416,-2.0798423555162215
1710527558.976855,-2.031158341301812
1710527558.9769685,-1.9793223010169134
1710527558.977082,-1.9229329956902397
1710527558.9771953,-1.861990425321791
1710527558.9773088,-1.796845065222846
1710527558.9774222,-1.7288977570003934
1710527558.9775357,-1.6570977369944253
1710527558.977649,-1.5831961896684434
1710527558.9777625,-1.5085942215389676
1710527558.977876,-1.4311903052859836
1710527558.9779894,-1.3513346513112385
1710527558.9781027,-1.2690272596147325
1710527558.9782162,-1.1839179197947185
1710527558.9783297,-1.0956564876768324
1710527558.9784431,-1.0021413034862943
1710527558.9785564,-0.904773473739624
1710527558.97867,-0.8032026555803087
1710527558.9787834,-0.6984796788957384
1710527558.9788969,-0.5899040566550361
1710527558.97901,-0.47957715060975814
1710527558.9791236,-0.36854979064729476
1710527558.979237,-0.2568219270971086
1710527558.9793506,-0.14439359307289124
1710527558.9794638,-0.031614998976389565
1710527558.9795773,0.08328134814898173
1710527558.9796908,0.20098638203408983
1710527558.9798043,0.3214939104186164
1710527558.9799175,0.44515424304538304
1710527558.980031,0.5723177062140571
1710527558.9801445,0.7022837135526869
1710527558.980258,0.8322496546639336
1710527558.9803712,0.960814356803894
1710527558.9804847,1.087627543343438
1710527558.9805982,1.211287842856513
1710527558.9807115,1.3310947683122423
1710527558.980825,1.4498507976531982
1710527558.9809384,1.567906141281128
1710527558.981052,1.684910456339518
1710527558.9811652,1.8040168285369873
1710527558.9812787,1.9231230682796903
1710527558.9813921,2.0418789651658797
1710527558.9815056,2.1592337555355496
1710527558.981619,2.2713338004218206
1710527558.9817324,2.3788796530829535
1710527558.9818459,2.479069232940674
1710527558.9819593,2.5736535920037165
1710527558.9820726,2.6619323094685874
1710527558.982186,2.745656967163086
1710527558.9822996,2.827279832628038
1710527558.982413,2.9064504305521646
1710527558.9825263,2.983869446648492
1710527558.9826398,3.060237831539578
1710527558.9827533,3.131351206037733
1710527558.9828668,3.1989614168802896
1710527558.98298,3.258514669206407
1710527558.9830935,3.3117622799343533
1710527558.983207,3.357653088039822
1710527558.9833205,3.3975887298583984
1710527558.9834337,3.4329703119066024
1710527558.9835472,3.4634476237826877
1710527558.9836607,3.4904215070936413
1710527558.9837742,3.5170454449123807
1710527558.9838874,3.540516164567735
1710527558.984001,3.561885356903076
1710527558.9841144,3.5779998037550182
1710527558.984228,3.5899104012383356
1710527558.9843411,3.59726693895128
1710527558.9844546,3.5986680454678006
1710527558.984568,3.596216042836507
1710527558.9846816,3.5888595051235623
1710527558.9847949,3.580101595984565
1710527558.9849083,3.5678407880995007
1710527558.9850218,3.5555797153049045
1710527558.985135,3.541567325592041
1710527558.9852486,3.5265037748548718
1710527558.985362,3.509688642289903
1710527558.9854755,3.4914724032084146
1710527558.9855888,3.471855057610406
1710527558.9857023,3.449785444471571
1710527558.9858158,3.427365356021457
1710527558.9859293,3.4021427896287704
1710527558.9860425,3.3765700128343368
1710527558.986156,3.34994633992513
1710527558.9862695,3.322621981302897
1710527558.986383,3.2949471473693848
1710527558.9864962,3.268323474460178
1710527558.9866097,3.243100908067491
1710527558.9867232,3.2178783416748047
1710527558.9868367,3.1940571467081704
1710527558.98695,3.170235951741536
1710527558.9870634,3.146064281463623
1710527558.987177,3.1215424007839627
1710527558.9872904,3.096670309702555
1710527558.9874036,3.0700463718838162
1710527558.987517,3.0444735950893826
1710527558.9876306,3.019601504007975
1710527558.987744,2.9957803090413413
1710527558.9878573,2.9737104309929743
1710527558.9879708,2.954093085394965
1710527558.9880843,2.9362270567152233
1710527558.9881978,2.9211635059780545
1710527558.988311,2.9053995344373913
1710527558.9884245,2.8899857732984753
1710527558.988538,2.873521116044786
1710527558.9886515,2.856005562676324
1710527558.9887648,2.838139533996582
1710527558.9888783,2.8206239806281195
1710527558.9889917,2.803808848063151
1710527558.9891052,2.789445983039008
1710527558.9892185,2.776484489440918
1710527558.989332,2.765624788072374
1710527558.9894454,2.756166458129883
1710527558.9895587,2.746707863277859
1710527558.9896722,2.7365488476223416
1710527558.9897857,2.723937564425998
1710527558.9898992,2.7099251747131348
1710527558.9900124,2.6945114135742188
1710527558.990126,2.6780467563205295
1710527558.9902394,2.662282519870334
1710527558.9903529,2.647569444444444
1710527558.990466,2.6342577404446073
1710527558.9905796,2.622697353363037
1710527558.990693,2.6114871766832137
1710527558.9908066,2.599576579199897
1710527558.9909198,2.5855641894870334
1710527558.9910333,2.568749056922065
1710527558.9911468,2.549481921725803
1710527558.9912603,2.527762518988715
1710527558.9913735,2.503591113620334
1710527558.991487,2.4787187576293945
1710527558.9916005,2.453145980834961
1710527558.991714,2.427923414442274
1710527558.9918272,2.403401533762614
1710527558.9919407,2.377128071255154
1710527558.9920542,2.348752816518148
1710527558.9921677,2.318275769551595
1710527558.992281,2.284295294019911
1710527558.9923944,2.2464617093404136
1710527558.992508,2.2051246960957847
1710527558.9926214,2.1599343087938094
1710527558.9927347,2.1126421292622886
1710527558.9928482,2.0632481575012207
1710527558.9929616,2.0128030247158475
1710527558.9930751,1.9606064425574408
1710527558.9931884,1.907358964284261
1710527558.9933019,1.8513090080685086
1710527558.9934154,1.7921060985989041
1710527558.9935288,1.730801396899753
1710527558.993642,1.6638917393154569
1710527558.9937556,1.5931285752190483
1710527558.993869,1.5178113513522677
1710527558.9939823,1.4396916495429144
1710527558.9940958,1.3577185736762152
1710527558.9942093,1.2736435731252034
1710527558.9943228,1.187116305033366
1710527558.994436,1.0974362823698256
1710527558.9945495,1.0074059830771551
1710527558.994663,0.9149234162436591
1710527558.9947765,0.8206893338097466
1710527558.9948897,0.721901191605462
1710527558.9950032,0.6213614675733778
1710527558.9951167,0.5159174071417915
1710527558.9952302,0.40802111228307086
1710527558.9953434,0.29662171999613446
1710527558.995457,0.18277012639575535
1710527558.9955704,0.0671669633852111
1710527558.995684,-0.049127203722794846
1710527558.9957972,-0.165408237112893
1710527558.9959106,-0.28098877933290267
1710527558.9960241,-0.3955185744497511
1710527558.9961376,-0.510748889711168
1710527558.9962509,-0.6256289614571465
1710527558.9963644,-0.742960704697503
1710527558.9964778,-0.8620436986287434
1710527558.9965913,-0.9835783640543619
1710527558.9967046,-1.1054633061091106
1710527558.996818,-1.2283990118238661
1710527558.9969316,-1.3495834668477376
1710527558.997045,-1.467965973748101
1710527558.9971583,-1.5828459792666965
1710527558.9972718,-1.6938732730017767
1710527558.9973853,-1.8020987510681152
1710527558.9974988,-1.9082227018144395
1710527558.997612,-2.0118949148390026
1710527558.9977255,-2.116617891523573
1710527558.997839,-2.2206404474046493
1710527558.9979525,-2.3239623175726996
1710527558.9980657,-2.425883346133762
1710527558.9981792,-2.5229011641608343
1710527558.9982927,-2.6160658730400934
1710527558.998406,-2.7025763193766275
1710527558.9985194,-2.7827821837531195
1710527558.998633,-2.8566837310791016
1710527558.9987464,-2.9260320133633084
1710527558.9988596,-2.9918779267205133
1710527558.9989731,-3.0542212062411838
1710527558.9990866,-3.1144632233513727
1710527558.9992,-3.172953923543294
1710527558.9993134,-3.2272418340047198
1710527558.9994268,-3.278377585940891
1710527558.9995403,-3.3232087559170194
1710527558.9996538,-3.3620858192443848
1710527558.999767,-3.395008775922987
1710527558.9998806,-3.4219776259528265
1710527558.999994,-3.4440430005391436
1710527559.0001075,-3.4626057412889266
1710527559.0002208,-3.4776663780212402
1710527559.0003343,-3.4913259082370334
1710527559.0004478,-3.5042850176493325
1710527559.0005612,-3.5137414932250977
1710527559.0006745,-3.5214469167921276
1710527559.000788,-3.5259999169243708
1710527559.0009015,-3.5270508130391436
1710527559.001015,-3.523898654513889
1710527559.0011282,-3.5175940725538464
1710527559.0012417,-3.506736490461561
1710527559.0013552,-3.4937776459587946
1710527559.0014687,-3.478717009226481
1710527559.001582,-3.461555110083686
1710527559.0016954,-3.4440430005391436
1710527559.001809,-3.426530626085069
1710527559.0019224,-3.407967885335286
1710527559.0020356,-3.3890546692742243
1710527559.002149,-3.369441032409668
1710527559.0022626,-3.3487764994303384
1710527559.002376,-3.326360914442274
1710527559.0024893,-3.303595119052463
1710527559.0026028,-3.2790780067443848
1710527559.0027163,-3.253159787919786
1710527559.0028296,-3.2272418340047198
1710527559.002943,-3.201323880089654
1710527559.0030565,-3.1761063469780817
1710527559.00317,-3.152289655473497
1710527559.0032833,-3.1298740704854326
1710527559.0033967,-3.1088593271043563
1710527559.0035102,-3.0888954798380532
1710527559.0036237,-3.06893163257175
1710527559.003737,-3.048617309994168
1710527559.0038505,-3.0265519354078503
1710527559.003964,-3.0037861400180392
1710527559.0040774,-2.980670134226481
1710527559.0041907,-2.9582542843288846
1710527559.0043042,-2.9358386993408203
1710527559.0044177,-2.91552464167277
1710527559.0045311,-2.898362742529975
1710527559.0046444,-2.8836523161994085
1710527559.004758,-2.8699927859836154
1710527559.0048714,-2.8577343622843423
1710527559.0049849,-2.844074832068549
1710527559.005098,-2.830765512254503
1710527559.0052116,-2.8150044547186956
1710527559.005325,-2.799593872494168
1710527559.0054386,-2.781731287638346
1710527559.0055518,-2.766670915815565
1710527559.0056653,-2.7526611751980252
1710527559.0057788,-2.741453382703993
1710527559.0058923,-2.7319966422186956
1710527559.0060055,-2.7242914835611978
1710527559.006119,-2.7176366911994085
1710527559.0062325,-2.7078300052218967
1710527559.006346,-2.6969724231296115
1710527559.0064592,-2.683663103315565
1710527559.0065727,-2.6682522561815047
1710527559.0066862,-2.652140988243951
1710527559.0067997,-2.6342786682976618
1710527559.006913,-2.618517610761854
1710527559.0070264,-2.6038074493408203
1710527559.00714,-2.58979770872328
1710527559.0072532,-2.576488388909234
1710527559.0073667,-2.5631790690951877
1710527559.0074801,-2.5470678011576333
1710527559.0075936,-2.5288552708095975
1710527559.0077069,-2.507140106625027
1710527559.0078204,-2.482622994316949
1710527559.0079339,-2.4556541442871094
1710527559.0080473,-2.426584031846788
1710527559.0081606,-2.396813233693441
1710527559.008274,-2.366692225138346
1710527559.0083876,-2.336571216583252
1710527559.008501,-2.3064502080281577
1710527559.0086143,-2.274928357866075
1710527559.0087278,-2.2395536634657116
1710527559.0088413,-2.2017272313435874
1710527559.0089548,-2.1596978770362005
1710527559.009068,-2.113465732998318
1710527559.0091815,-2.0637310875786676
1710527559.009295,-2.010493940777249
1710527559.0094085,-1.9544549783070881
1710527559.0095217,-1.8970149093204074
1710527559.0096352,-1.8371231026119657
1710527559.0097487,-1.775830454296536
1710527559.0098622,-1.712086068259345
1710527559.0099754,-1.6451893912421331
1710527559.010089,-1.5754908985561795
1710527559.0102024,-1.5019395616319444
1710527559.010316,-1.4241854349772136
1710527559.0104291,-1.3411776224772136
1710527559.0105426,-1.2543169657389324
1710527559.010656,-1.1632535192701552
1710527559.0107696,-1.068337427245246
1710527559.0108829,-0.9706193208694458
1710527559.0109963,-0.8715002404318916
1710527559.0111098,-0.7706299755308363
1710527559.0112233,-0.668708946969774
1710527559.0113366,-0.5646864573160807
1710527559.01145,-0.4585625065697564
1710527559.0115635,-0.35033709473080105
1710527559.0116768,-0.23685801360342237
1710527559.0117903,-0.12057699263095856
1710527559.0119038,-0.0007935216934937569
1710527559.0120173,0.12251635392506917
1710527559.0121305,0.24862888786527845
1710527559.012244,0.37404080231984455
1710527559.0123575,0.4991023739178975
1710527559.012471,0.6234633260303073
1710527559.0125842,0.745372109942966
1710527559.0126977,0.8655293782552083
1710527559.0128112,0.9856865803400675
1710527559.0129247,1.106894744767083
1710527559.013038,1.229854424794515
1710527559.0131514,1.3538650671641033
1710527559.013265,1.479627291361491
1710527559.0133784,1.6057398584153917
1710527559.0134916,1.730100843641493
1710527559.013605,1.850257979498969
1710527559.0137186,1.9655108451843262
1710527559.013832,2.075859308242798
1710527559.0139453,2.1813035011291504
1710527559.0140588,2.2825437121921115
1710527559.0141723,2.380981710222032
1710527559.0142858,2.4783685472276473
1710527559.014399,2.5747044881184897
1710527559.0145125,2.670339743296305
1710527559.014626,2.764223681555854
1710527559.0147395,2.854253980848524
1710527559.0148528,2.9393800099690757
1710527559.0149662,3.0174997117784286
1710527559.0150797,3.088262610965305
1710527559.0151932,3.1520197126600475
1710527559.0153065,3.2098211182488336
1710527559.01542,3.2630687289767795
1710527559.0155334,3.3121124903361
1710527559.015647,3.3601053555806475
1710527559.0157602,3.404595057169596
1710527559.0158737,3.4462822808159723
1710527559.0159872,3.4834154446919756
1710527559.0161004,3.515994283888075
1710527559.016214,3.5426182217068143
1710527559.0163274,3.5632867283291287
1710527559.0164409,3.576248221927219
1710527559.016554,3.585005866156684
1710527559.0166676,3.5899104012383356
1710527559.016781,3.591661983066135
1710527559.0168946,3.5906110869513617
1710527559.0170078,3.588509029812283
1710527559.0171213,3.585005866156684
1710527559.0172348,3.5794009102715387
1710527559.0173483,3.5713436868455672
1710527559.0174615,3.5604839854770236
1710527559.017575,3.54647159576416
1710527559.0176885,3.5296564631991916
1710527559.017802,3.510739803314209
1710527559.0179152,3.4890204005771213
1710527559.0180287,3.465899626413981
1710527559.0181422,3.4413777457343206
1710527559.0182557,3.416505654652913
1710527559.018369,3.3916332986619735
1710527559.0184824,3.367111417982313
1710527559.018596,3.342239326900906
1710527559.0187094,3.3166665501064725
1710527559.0188227,3.291794459025065
1710527559.0189362,3.2669221030341253
1710527559.0190496,3.2402984301249185
1710527559.0191631,3.2133242819044323
1710527559.0192764,3.185299237569173
1710527559.0193899,3.1569239828321667
1710527559.0195034,3.128198252783881
1710527559.0196168,3.1012243694729276
1710527559.01973,3.0749509069654675
1710527559.0198436,3.0511297119988336
1710527559.019957,3.0287096235487194
1710527559.0200706,3.008391327328152
1710527559.0201838,2.9891241921318903
1710527559.0202973,2.9698570569356284
1710527559.0204108,2.94988923602634
1710527559.020524,2.9292207294040256
1710527559.0206375,2.9085524876912436
1710527559.020751,2.88753350575765
1710527559.0208645,2.8668652640448675
1710527559.0209777,2.848649024963379
1710527559.0210912,2.832184102800157
1710527559.0212047,2.8174710273742676
1710527559.0213182,2.8055604298909507
1710527559.0214314,2.79435051812066
1710527559.021545,2.7834908167521157
1710527559.0216584,2.7708795335557723
1710527559.021772,2.756867143842909
1710527559.0218852,2.742153803507487
1710527559.0219986,2.726389831966824
1710527559.0221121,2.710976070827908
1710527559.0222256,2.6966132058037653
1710527559.0223389,2.683301501803928
1710527559.0224524,2.673142221238878
1710527559.0225658,2.6633336808946395
1710527559.0226793,2.654925982157389
1710527559.0227926,2.645467652214898
1710527559.022906,2.6342577404446073
1710527559.0230196,2.6198948754204645
1710527559.023133,2.6034302181667752
1710527559.0232463,2.5852139790852866
1710527559.0233598,2.565596368577745
1710527559.0234733,2.545978758070204
1710527559.0235868,2.527061833275689
1710527559.0237,2.5081451733907065
1710527559.0238135,2.4899289343092175
1710527559.023927,2.4713622199164496
1710527559.0240405,2.4503435028923883
1710527559.0241537,2.426872518327501
1710527559.0242672,2.399898370107015
1710527559.0243807,2.3694213231404624
1710527559.0244942,2.3350906372070312
1710527559.0246074,2.299008369445801
1710527559.024721,2.2615249951680503
1710527559.0248344,2.2222900390625
1710527559.0249476,2.1823543972439237
1710527559.0250611,2.1406671735975475
1710527559.0251746,2.098979949951172
1710527559.025288,2.0516877704196506
1710527559.0254014,2.004045248031616
1710527559.0255148,1.9507977697584364
1710527559.0256283,1.8947476810879178
1710527559.0257418,1.8330927689870198
1710527559.025855,1.7696861426035562
1710527559.0259686,1.7017254564497206
1710527559.026082,1.6313126352098253
1710527559.0261955,1.5598489178551567
1710527559.0263088,1.4862832758161757
1710527559.0264223,1.409915155834622
1710527559.0265357,1.3314451111687553
1710527559.0266492,1.2512234846750896
1710527559.0267625,1.1664479308658176
1710527559.026876,1.0792200432883368
1710527559.0269895,0.9877884387969971
1710527559.027103,0.8921531173917983
1710527559.0272162,0.7923140128453572
1710527559.0273297,0.6893221537272135
1710527559.0274432,0.5838780270682441
1710527559.0275567,0.4770326945516798
1710527559.02767,0.3673848509788513
1710527559.0277834,0.2577370074060228
1710527559.027897,0.1477388540903727
1710527559.0280104,0.036339457664224833
1710527559.0281236,-0.07714673048920101
1710527559.028237,-0.1920267773999108
1710527559.0283506,-0.30970878071255153
1710527559.028464,-0.42914201815923053
1710527559.0285773,-0.5510269602139791
1710527559.0286908,-0.6750133302476671
1710527559.0288043,-0.7979490359624226
1710527559.0289178,-0.9201841884189181
1710527559.029031,-1.0399676693810356
1710527559.0291445,-1.157299412621392
1710527559.029258,-1.2718292077382405
1710527559.0293713,-1.384257607989841
1710527559.0294847,-1.4952849017249212
1710527559.0295982,-1.6077133019765217
1710527559.0297117,-1.7190909385681152
1710527559.029825,-1.8315192063649495
1710527559.0299385,-1.94394760661655
1710527559.030052,-2.0535739262898765
1710527559.0301654,-2.1610988510979547
1710527559.0302787,-2.26266966925727
1710527559.0303922,-2.359337011973063
1710527559.0305057,-2.45040045844184
1710527559.0306191,-2.5379615359836154
1710527559.0307324,-2.6202689276801214
1710527559.0308459,-2.7011752128601074
1710527559.0309594,-2.7799802356296115
1710527559.0310729,-2.8566837310791016
1710527559.031186,-2.931986120012071
1710527559.0312996,-3.004136350419786
1710527559.031413,-3.072083791097005
1710527559.0315266,-3.132676018608941
1710527559.0316398,-3.1883647706773544
1710527559.0317533,-3.2373989952935114
1710527559.0318668,-3.2797784275478787
1710527559.0319803,-3.317604859670003
1710527559.0320935,-3.3522788683573403
1710527559.032207,-3.384151193830702
1710527559.0323205,-3.4135717815823026
1710527559.032434,-3.4412410524156356
1710527559.0325472,-3.466458585527208
1710527559.0326607,-3.487122853597005
1710527559.0327742,-3.5039345423380532
1710527559.0328877,-3.5165434413486056
1710527559.033001,-3.5231979688008623
1710527559.0331144,-3.5259999169243708
1710527559.033228,-3.523898654513889
1710527559.0333414,-3.5203960206773544
1710527559.0334547,-3.5137414932250977
1710527559.0335681,-3.5060360696580672
1710527559.0336816,-3.4965795940823026
1710527559.0337949,-3.4864224327935114
1710527559.0339084,-3.4741640090942383
1710527559.0340219,-3.461555110083686
1710527559.0341353,-3.4461442629496255
1710527559.0342486,-3.4282819430033364
1710527559.034362,-3.40866830613878
1710527559.0344756,-3.386252721150716
1710527559.034589,-3.3631364504496255
1710527559.0347023,-3.3379189173380532
1710527559.0348158,-3.313051594628228
1710527559.0349293,-3.287133640713162
1710527559.0350428,-3.263316949208577
1710527559.035156,-3.239850733015272
1710527559.0352695,-3.217785358428955
1710527559.035383,-3.1967706150478787
1710527559.0354965,-3.1761063469780817
1710527559.0356097,-3.1543911827935114
1710527559.0357232,-3.1319753328959146
1710527559.0358367,-3.1088593271043563
1710527559.0359502,-3.0857433213127985
1710527559.0360634,-3.0605257882012262
1710527559.036177,-3.0374095175001354
1710527559.0362904,-3.0153441429138184
1710527559.036404,-2.995030085245768
1710527559.0365171,-2.976467079586453
1710527559.0366306,-2.9610562324523926
1710527559.036744,-2.9456456502278647
1710527559.0368576,-2.9309354888068304
1710527559.0369709,-2.9144740104675293
1710527559.0370843,-2.8973118464152017
1710527559.0371978,-2.8787491056654186
1710527559.0373113,-2.859135468800863
1710527559.0374246,-2.840572463141547
1710527559.037538,-2.823060088687473
1710527559.0376515,-2.806949085659451
1710527559.037765,-2.7950406074523926
1710527559.0378783,-2.784533235761854
1710527559.0379918,-2.7754269705878363
1710527559.0381052,-2.765970495012071
1710527559.0382185,-2.75581333372328
1710527559.038332,-2.744255330827501
1710527559.0384455,-2.7312962214152017
1710527559.038559,-2.716586059994168
1710527559.0386722,-2.7018756336636014
1710527559.0387857,-2.687165472242567
1710527559.0388992,-2.673856152428521
1710527559.0390127,-2.6633487807379828
1710527559.039126,-2.653191884358724
1710527559.0392394,-2.644435829586453
1710527559.039353,-2.6342786682976618
1710527559.0394664,-2.6227206654018826
1710527559.0395796,-2.6080102390713162
1710527559.039693,-2.590147919125027
1710527559.0398066,-2.5694833861456976
1710527559.03992,-2.54776848687066
1710527559.0400333,-2.523951795366075
1710527559.0401468,-2.5008357895745172
1710527559.0402603,-2.4787704149881997
1710527559.0403738,-2.4563545650906033
1710527559.040487,-2.433238559299045
1710527559.0406005,-2.4083712365892196
1710527559.040714,-2.3810521761576333
1710527559.0408275,-2.3498805363972983
1710527559.0409408,-2.3152062628004284
1710527559.0410542,-2.2777303059895835
1710527559.0411677,-2.2357008192274304
1710527559.0412812,-2.191570202509562
1710527559.0413945,-2.1456881364186606
1710527559.041508,-2.098755439122518
1710527559.0416214,-2.0486705833011203
1710527559.041735,-1.9985857274797227
1710527559.0418482,-1.945348580678304
1710527559.0419617,-1.8893094857533772
1710527559.0420752,-1.8290676010979545
1710527559.0421886,-1.7649728722042508
1710527559.042302,-1.6966752211252847
1710527559.0424154,-1.623824569914076
1710527559.0425289,-1.547471284866333
1710527559.042642,-1.468316184149848
1710527559.0427556,-1.384958028793335
1710527559.042869,-1.300899452633328
1710527559.0429826,-1.214739481608073
1710527559.0430958,-1.1268281936645508
1710527559.0432093,-1.0361149575975206
1710527559.0433228,-0.9429500500361124
1710527559.0434363,-0.8473334047529433
1710527559.0435495,-0.747864113913642
1710527559.043663,-0.6445421112908257
1710527559.0437765,-0.5356162124209933
1710527559.04389,-0.42353812191221446
1710527559.0440032,-0.3076073196199205
1710527559.0441167,-0.1895750727918413
1710527559.0442302,-0.07084233065446217
1710527559.0443437,0.04825008412202199
1710527559.044457,0.16665574577119616
1710527559.0445704,0.28506139914194745
1710527559.044684,0.4038173622555203
1710527559.0447974,0.5239745643403795
1710527559.0449107,0.645182728767395
1710527559.0450242,0.7698939906226264
1710527559.0451376,0.8984587589899699
1710527559.0452511,1.0280744234720867
1710527559.0453644,1.157339678870307
1710527559.0454779,1.2855541706085205
1710527559.0455914,1.410265366236369
1710527559.0457048,1.5311233202616372
1710527559.045818,1.6484779781765408
1710527559.0459316,1.7602276802062988
1710527559.046045,1.8719773822360568
1710527559.0461586,1.9823258452945285
1710527559.0462718,2.0923240979512534
1710527559.0463853,2.2012711895836725
1710527559.0464988,2.311619652642144
1710527559.0466123,2.418114874098036
1710527559.0467255,2.5218073527018228
1710527559.046839,2.6202450858222113
1710527559.0469525,2.710976070827908
1710527559.0470657,2.796102099948459
1710527559.0471792,2.8742218017578125
1710527559.0472927,2.9470867580837674
1710527559.0474062,3.017849922180176
1710527559.0475194,3.0854601330227323
1710527559.047633,3.1513190269470215
1710527559.0477464,3.215426074133979
1710527559.04786,3.2760302225748696
1710527559.0479732,3.3331312073601618
1710527559.0480866,3.383576340145535
1710527559.0482001,3.427365356021457
1710527559.0483136,3.464498519897461
1710527559.0484269,3.4949755668640137
1710527559.0485404,3.5198479228549533
1710527559.0486538,3.5412168502807617
1710527559.0487673,3.5590828789605036
1710527559.0488806,3.5744966400994196
1710527559.048994,3.588158819410536
1710527559.0491076,3.59901852077908
1710527559.049221,3.6063750584920244
1710527559.0493343,3.6112793286641436
1710527559.0494478,3.6102284325493708
1710527559.0495613,3.6053241623772516
1710527559.0496747,3.5958655675252276
1710527559.049788,3.5839549700419107
1710527559.0499015,3.5678407880995007
1710527559.050015,3.5506754451327853
1710527559.0501285,3.53351010216607
1710527559.0502417,3.5135422812567816
1710527559.0503552,3.4939246707492404
1710527559.0504687,3.473956849839952
1710527559.0505822,3.452938132815891
1710527559.0506954,3.430518044365777
1710527559.050809,3.4066968493991427
1710527559.0509224,3.3821749687194824
1710527559.051036,3.3559015062120223
1710527559.0511491,3.327526251475016
1710527559.0512626,3.2988005214267306
1710527559.051376,3.269023895263672
1710527559.0514894,3.239947954813639
1710527559.0516028,3.2119231753879123
1710527559.0517163,3.1842483414544
1710527559.0518298,3.1583253542582193
1710527559.051943,3.133803473578559
1710527559.0520566,3.111033174726698
1710527559.05217,3.087562190161811
1710527559.0522835,3.0633905198838973
1710527559.0523968,3.039218849605984
1710527559.0525103,3.014696968926324
1710527559.0526237,2.990525563557943
1710527559.0527372,2.9663538932800293
1710527559.0528505,2.9432333840264215
1710527559.052964,2.92221466700236
1710527559.0530775,2.902947266896566
1710527559.053191,2.8871832953559027
1710527559.0533042,2.872470219930013
1710527559.0534177,2.858457565307617
1710527559.0535312,2.8447953859965005
1710527559.0536447,2.829732100168864
1710527559.053758,2.8136176533169217
1710527559.0538714,2.796802785661485
1710527559.0539849,2.779987653096517
1710527559.0540984,2.7631725205315485
1710527559.0542116,2.7484594451056585
1710527559.054325,2.735147741105821
1710527559.0544386,2.7246382501390243
1710527559.054552,2.71553013059828
1710527559.0546653,2.706071800655789
1710527559.0547788,2.6969636811150446
1710527559.0548923,2.6854032940334744
1710527559.0550058,2.6713906394110785
1710527559.055119,2.6556266678704157
1710527559.0552325,2.6391620106167264
1710527559.055346,2.622346878051758
1710527559.0554595,2.606232696109348
1710527559.0555727,2.591519355773926
1710527559.0556862,2.577857176462809
1710527559.0557997,2.564194997151693
1710527559.055913,2.550182607438829
1710527559.0560265,2.534768846299913
1710527559.05614,2.5165526072184243
1710527559.0562534,2.495183414883084
1710527559.0563667,2.4703113238016763
1710527559.0564802,2.4429869651794434
1710527559.0565937,2.414261235131158
1710527559.0567071,2.384484608968099
1710527559.0568204,2.354357772403293
1710527559.0569339,2.3238807254367404
1710527559.0570474,2.292702727847629
1710527559.0571609,2.2587225172254772
1710527559.057274,2.22369114557902
1710527559.0573876,2.18375563621521
1710527559.057501,2.1403168307410345
1710527559.0576146,2.092674308353
1710527559.0577278,2.04117841190762
1710527559.0578413,1.9865296946631537
1710527559.0579548,1.9294287098778617
1710527559.0580683,1.8695252471499972
1710527559.0581815,1.8092714415656195
1710527559.058295,1.7465655008951821
1710527559.0584085,1.6821079783969455
1710527559.058522,1.6151983208126492
1710527559.0586352,1.5444351567162407
1710527559.0587487,1.4701688289642334
1710527559.0588622,1.39204912715488
1710527559.0589757,1.3100760512881808
1710527559.059089,1.2228482299380832
1710527559.0592024,1.133518483903673
1710527559.059316,1.04103598329756
1710527559.0594294,0.9464515580071343
1710527559.0595427,0.8497652742597792
1710527559.0596561,0.7513274749120076
1710527559.0597696,0.652539332707723
1710527559.059883,0.5512989560763041
1710527559.0599964,0.4472561346160041
1710527559.0601099,0.34181204107072616
1710527559.0602233,0.23251450724071926
1710527559.0603366,0.12006416916847229
1710527559.06045,0.003760386672284868
1710527559.0605636,-0.1142726010746426
1710527559.060677,-0.23440630899535284
1710527559.0607903,-0.35489026043150157
1710527559.0609038,-0.47362301084730357
1710527559.0610173,-0.5906045436859131
1710527559.0611308,-0.7068855894936455
1710527559.061244,-0.8224660820431179
1710527559.0613575,-0.9383968512217203
1710527559.061471,-1.053627199596829
1710527559.0615845,-1.1709589428371854
1710527559.0616977,-1.2896916601392958
1710527559.0618112,-1.4098253515031602
1710527559.0619247,-1.5296088324652777
1710527559.0620382,-1.6472909185621474
1710527559.0621514,-1.7621709240807426
1710527559.062265,-1.8731983502705891
1710527559.0623784,-1.9793223010169134
1710527559.062492,-2.0808929867214627
1710527559.0626051,-2.1789613034990096
1710527559.0627186,-2.2752785682678223
1710527559.062832,-2.369494173261854
1710527559.0629456,-2.4630093574523926
1710527559.0630589,-2.5554736455281577
1710527559.0631723,-2.6461868815951877
1710527559.0632858,-2.732697327931722
1710527559.0633993,-2.8150044547186956
1710527559.0635126,-2.8903071085611978
1710527559.063626,-2.959305180443658
1710527559.0637395,-3.0219989352756076
1710527559.063853,-3.079438739352756
1710527559.0639663,-3.133026229010688
1710527559.0640798,-3.1827608744303384
1710527559.0641932,-3.2307442029317217
1710527559.0643067,-3.2769764794243708
1710527559.06442,-3.320056597391764
1710527559.0645335,-3.3603345023261175
1710527559.064647,-3.395358986324734
1710527559.0647602,-3.4258302052815752
1710527559.0648737,-3.450347317589654
1710527559.0649872,-3.468910323248969
1710527559.0651007,-3.483270274268256
1710527559.065214,-3.4927267498440213
1710527559.0653274,-3.5004321734110513
1710527559.065441,-3.5053356488545733
1710527559.0655544,-3.5088380177815752
1710527559.0656676,-3.5102391242980957
1710527559.065781,-3.5102391242980957
1710527559.0658946,-3.5077873865763345
1710527559.066008,-3.5018332799275713
1710527559.0661213,-3.4934274355570474
1710527559.0662348,-3.481518957349989
1710527559.0663483,-3.467509216732449
1710527559.0664618,-3.4489462110731335
1710527559.066575,-3.4300332599216037
1710527559.0666885,-3.40866830613878
1710527559.066802,-3.38695314195421
1710527559.0669155,-3.3652379777696395
1710527559.0670288,-3.3428223927815752
1710527559.0671422,-3.321107228597005
1710527559.0672557,-3.2993920644124346
1710527559.0673692,-3.2780271106296115
1710527559.0674825,-3.2549111048380532
1710527559.067596,-3.231444888644748
1710527559.0677094,-3.2062270906236434
1710527559.067823,-3.180309136708577
1710527559.0679362,-3.153340286678738
1710527559.0680497,-3.1270721223619247
1710527559.0681632,-3.1011539035373263
1710527559.0682766,-3.0769872665405273
1710527559.06839,-3.05492189195421
1710527559.0685034,-3.0346075693766275
1710527559.0686169,-3.015694353315565
1710527559.0687304,-2.9981822437710233
1710527559.0688436,-2.979969448513455
1710527559.068957,-2.9610562324523926
1710527559.0690706,-2.9410923851860895
1710527559.0691838,-2.9207783275180392
1710527559.0692973,-2.8994133737352157
1710527559.0694108,-2.8783986303541393
1710527559.0695243,-2.8608865208095975
1710527559.0696375,-2.845475938585069
1710527559.069751,-2.8328670395745172
1710527559.0698645,-2.822009457482232
1710527559.069978,-2.811852296193441
1710527559.0700912,-2.8020456102159286
1710527559.0702047,-2.7908378177218967
1710527559.0703182,-2.7782289187113443
1710527559.0704317,-2.764569388495551
1710527559.070545,-2.7491588062710233
1710527559.0706584,-2.73549927605523
1710527559.070772,-2.721839745839437
1710527559.0708854,-2.7116825845506454
1710527559.0709987,-2.7025763193766275
1710527559.0711122,-2.6948708958095975
1710527559.0712256,-2.6882161034478083
1710527559.0713391,-2.679460048675537
1710527559.0714524,-2.670003573099772
1710527559.0715659,-2.657744884490967
1710527559.0716794,-2.642334302266439
1710527559.0717928,-2.6251724031236434
1710527559.071906,-2.6073098182678223
1710527559.0720196,-2.589097287919786
1710527559.072133,-2.571935123867459
1710527559.0722466,-2.5558238559299045
1710527559.0723598,-2.5397128529018826
1710527559.0724733,-2.5232513745625815
1710527559.0725868,-2.505038579305013
1710527559.0727003,-2.4840238359239364
1710527559.0728135,-2.4595069885253906
1710527559.072927,-2.431837452782525
1710527559.0730405,-2.3999653922186956
1710527559.073154,-2.366692225138346
1710527559.0732672,-2.33166774113973
1710527559.0733807,-2.2959428363376193
1710527559.0734942,-2.259867721133762
1710527559.0736074,-2.2220414214664035
1710527559.073721,-2.182113594479031
1710527559.0738344,-2.1407847934299045
1710527559.073948,-2.095603280597263
1710527559.0740612,-2.0465690559811063
1710527559.0741746,-1.9933320416344535
1710527559.0742881,-1.9355417622460258
1710527559.0744016,-1.873898771074083
1710527559.0745149,-1.8087534109751382
1710527559.0746284,-1.7408061027526855
1710527559.0747418,-1.6707572672102187
1710527559.0748553,-1.5979064835442436
1710527559.0749686,-1.5240049362182617
1710527559.075082,-1.4469512303670247
1710527559.0751956,-1.3677961296505399
1710527559.075309,-1.2840877638922796
1710527559.0754223,-1.1975774500105116
1710527559.0755358,-1.1058135165108574
1710527559.0756493,-1.0108974244859483
1710527559.0757627,-0.9110778570175171
1710527559.075876,-0.8067050907346938
1710527559.0759895,-0.7009314166174995
1710527559.076103,-0.5920055177476671
1710527559.0762165,-0.48307958576414317
1710527559.0763297,-0.37345319986343384
1710527559.0764432,-0.26277608341640896
1710527559.0765567,-0.1510482198662228
1710527559.0766702,-0.03861988170279397
1710527559.0767834,0.07732603285047743
1710527559.076897,0.19643230570687187
1710527559.0770104,0.317990779876709
1710527559.0771239,0.4437530040740967
1710527559.0772371,0.5712668100992838
1710527559.0773506,0.6987805498970879
1710527559.077464,0.8255937364366319
1710527559.0775776,0.9499546554353502
1710527559.0776908,1.0711628198623657
1710527559.0778043,1.1906194686889648
1710527559.0779178,1.3083244694603813
1710527559.078031,1.425679127375285
1710527559.0781446,1.5437344710032144
1710527559.078258,1.6624905003441703
1710527559.0783715,1.7822974257998996
1710527559.0784848,1.9031552473704019
1710527559.0785983,2.0215609338548446
1710527559.0787117,2.1364634566836886
1710527559.0788252,2.2461112340291343
1710527559.0789385,2.3501541879442
1710527559.079052,2.4478912353515625
1710527559.0791655,2.540724277496338
1710527559.079279,2.629703680674235
1710527559.0793922,2.7162308163113065
1710527559.0795057,2.8020572662353516
1710527559.0796192,2.88578192392985
1710527559.0797327,2.967755264706082
1710527559.079846,3.0465756522284613
1710527559.0799594,3.119790818956163
1710527559.0800729,3.186350133683946
1710527559.0801864,3.245903386010064
1710527559.0802996,3.2984503110249834
1710527559.080413,3.3446915944417315
1710527559.0805266,3.3853279219733343
1710527559.08064,3.4224608209398055
1710527559.0807533,3.4574921925862627
1710527559.0808668,3.489370610978868
1710527559.0809803,3.51879702674018
1710527559.0810938,3.5450702243381076
1710527559.081207,3.5674903127882214
1710527559.0813205,3.585005866156684
1710527559.081434,3.5969167285495334
1710527559.0815475,3.6025216844346786
1710527559.0816607,3.603922790951199
1710527559.0817742,3.6007701026068792
1710527559.0818877,3.595165146721734
1710527559.0820012,3.5871079232957626
1710527559.0821145,3.5779998037550182
1710527559.082228,3.568190998501248
1710527559.0823414,3.554879029591878
1710527559.0824547,3.541567325592041
1710527559.0825682,3.5265037748548718
1710527559.0826817,3.5093384318881564
1710527559.0827951,3.4890204005771213
1710527559.0829084,3.4666003121270075
1710527559.0830219,3.442779117160373
1710527559.0831354,3.4168558650546603
1710527559.0832489,3.3902321921454535
1710527559.083362,3.3629078335232205
1710527559.0834756,3.335583474900987
1710527559.083589,3.308609326680501
1710527559.0837026,3.2826863394843206
1710527559.0838158,3.257813983493381
1710527559.0839293,3.232591417100694
1710527559.0840428,3.208069536421034
1710527559.0841563,3.1828472349378796
1710527559.0842695,3.1569239828321667
1710527559.084383,3.13030030992296
1710527559.0844965,3.102975951300727
1710527559.08461,3.0760018030802407
1710527559.0847232,3.050429026285807
1710527559.0848367,3.0252064598931208
1710527559.0849502,3.0013852649264865
1710527559.0850637,2.9817676544189453
1710527559.085177,2.96285072962443
1710527559.0852904,2.9453351762559676
1710527559.085404,2.9285203086005316
1710527559.0855174,2.911004490322537
1710527559.0856307,2.893839147355821
1710527559.0857441,2.8756229082743325
1710527559.0858576,2.8563557730780706
1710527559.085971,2.8391904301113553
1710527559.0860844,2.821324666341146
1710527559.0861979,2.806961801317003
1710527559.0863113,2.7936498324076333
1710527559.0864248,2.783841027153863
1710527559.086538,2.7736820114983454
1710527559.0866516,2.764924102359348
1710527559.086765,2.754064400990804
1710527559.0868783,2.74180359310574
1710527559.0869918,2.7277912033928766
1710527559.0871053,2.7130778630574546
1710527559.0872188,2.6973138915167914
1710527559.087332,2.6822503407796225
1710527559.0874455,2.6682379510667587
1710527559.087559,2.656677563985189
1710527559.0876725,2.645117176903619
1710527559.0877857,2.6349581612481012
1710527559.0878992,2.6237482494778104
1710527559.0880127,2.61078675587972
1710527559.0881262,2.5960734155442977
1710527559.0882394,2.5775069660610623
1710527559.088353,2.557539145151774
1710527559.0884664,2.534768846299913
1710527559.08858,2.511648337046305
1710527559.0886931,2.488877773284912
1710527559.0888066,2.4657572640313044
1710527559.08892,2.442286279466417
1710527559.0890336,2.418114874098036
1710527559.0891469,2.3928923077053494
1710527559.0892603,2.364166577657064
1710527559.0893738,2.3319379488627114
1710527559.0894873,2.296205891503228
1710527559.0896006,2.256970935397678
1710527559.089714,2.2138824727800155
1710527559.0898275,2.168341875076294
1710527559.089941,2.122100591659546
1710527559.0900543,2.0744580692715116
1710527559.0901678,2.025764650768704
1710527559.0902812,1.9746189647250705
1710527559.0903947,1.922072172164917
1710527559.090508,1.8653215302361381
1710527559.0906215,1.8061186207665336
1710527559.090735,1.7423617839813232
1710527559.0908484,1.6740507549709744
1710527559.0909617,1.6018863519032795
1710527559.0910752,1.526569260491265
1710527559.0911887,1.4470481872558594
1710527559.091302,1.3657757971021864
1710527559.0914154,1.2831019030676947
1710527559.091529,1.1976256635453966
1710527559.0916424,1.110397842195299
1710527559.0917556,1.021768781873915
1710527559.091869,0.9296365578969319
1710527559.0919826,0.8350521326065063
1710527559.092096,0.7355633709165785
1710527559.0922093,0.633622407913208
1710527559.0923228,0.5274776948822869
1710527559.0924363,0.4181801941659715
1710527559.0925498,0.3060801492797004
1710527559.092663,0.19292919172181022
1710527559.0927765,0.07837697035736507
1710527559.09289,-0.036518416470951505
1710527559.0930035,-0.14999748931990728
1710527559.0931168,-0.26382681396272445
1710527559.0932302,-0.37835660907957286
1710527559.0933437,-0.49323668082555133
1710527559.0934572,-0.6102181805504693
1710527559.0935705,-0.7286006874508327
1710527559.093684,-0.8497851424747043
1710527559.0937974,-0.9716700845294528
1710527559.093911,-1.0942555136150784
1710527559.0940242,-1.214739481608073
1710527559.0941377,-1.3324214352501762
1710527559.0942512,-1.4480019940270317
1710527559.0943646,-1.5586790773603652
1710527559.094478,-1.6672547658284504
1710527559.0945914,-1.7744294802347818
1710527559.0947049,-1.8802032205793593
1710527559.0948184,-1.9859768284691703
1710527559.0949316,-2.0924511220720077
1710527559.095045,-2.198224729961819
1710527559.0951586,-2.3018969429863825
1710527559.095272,-2.4020669195387097
1710527559.0953853,-2.498384051852756
1710527559.0954988,-2.589097287919786
1710527559.0956123,-2.673155731625027
1710527559.0957255,-2.752310964796278
1710527559.095839,-2.82621251212226
1710527559.0959525,-2.898012532128228
1710527559.096066,-2.9663099182976618
1710527559.0961792,-3.0328565173678927
1710527559.0962927,-3.097301324208577
1710527559.0964062,-3.158593972524007
1710527559.0965197,-3.215683831108941
1710527559.096633,-3.2678702142503524
1710527559.0967464,-3.313051594628228
1710527559.09686,-3.3519286579555936
1710527559.0969734,-3.384851614634196
1710527559.0970867,-3.4132215711805554
1710527559.0972002,-3.4370379977756076
1710527559.0973136,-3.458052741156684
1710527559.0974271,-3.477316167619493
1710527559.0975404,-3.4941278563605414
1710527559.0976539,-3.509538438585069
1710527559.0977674,-3.5203960206773544
1710527559.0978808,-3.5284516546461315
1710527559.097994,-3.531954288482666
1710527559.0981076,-3.5305531819661455
1710527559.098221,-3.52635039223565
1710527559.0983346,-3.5175940725538464
1710527559.0984478,-3.5056858592563205
1710527559.0985613,-3.49167611863878
1710527559.0986748,-3.4762652715047198
1710527559.0987883,-3.460504478878445
1710527559.0989015,-3.443692790137397
1710527559.099015,-3.426530626085069
1710527559.0991285,-3.407967885335286
1710527559.099242,-3.3890546692742243
1710527559.0993552,-3.3683901362948947
1710527559.0994687,-3.3456243409050836
1710527559.0995822,-3.3225083351135254
1710527559.0996957,-3.2972905370924206
1710527559.099809,-3.2706721623738604
1710527559.0999224,-3.243353101942274
1710527559.100036,-3.2170846727159286
1710527559.1001492,-3.190466297997369
1710527559.1002626,-3.1662993960910373
1710527559.1003761,-3.143183390299479
1710527559.1004896,-3.1214682261149087
1710527559.1006029,-3.1004534827338324
1710527559.1007164,-3.079438739352756
1710527559.1008298,-3.0584242608812118
1710527559.1009433,-3.0360086758931475
1710527559.1010566,-3.012191984388563
1710527559.10117,-2.9890759785970054
1710527559.1012836,-2.9652592870924206
1710527559.101397,-2.9431939125061035
1710527559.1015103,-2.9232300652398004
1710527559.1016238,-2.905717690785726
1710527559.1017373,-2.8910075293646917
1710527559.1018507,-2.876997788747152
1710527559.101964,-2.8643888897365994
1710527559.1020775,-2.8510798348320856
1710527559.102191,-2.836719618903266
1710527559.1023045,-2.820958826276991
1710527559.1024177,-2.8037966622246637
1710527559.1025312,-2.787335183885362
1710527559.1026447,-2.7712241808573403
1710527559.1027582,-2.7572144402398004
1710527559.1028714,-2.745656172434489
1710527559.102985,-2.737250328063965
1710527559.1030984,-2.7291946940951877
1710527559.1032119,-2.7221899562411838
1710527559.1033251,-2.7151849534776473
1710527559.1034386,-2.7053782675001354
1710527559.103552,-2.6924191580878363
1710527559.1036656,-2.6784094174702964
1710527559.1037788,-2.664749887254503
1710527559.1038923,-2.649339040120443
1710527559.1040058,-2.6360299852159286
1710527559.1041193,-2.6237712966071234
1710527559.1042325,-2.6129137145148382
1710527559.104346,-2.6024063428243003
1710527559.1044595,-2.590848339928521
1710527559.1045728,-2.5778892305162215
1710527559.1046863,-2.5614277521769204
1710527559.1047997,-2.541814115312364
1710527559.1049132,-2.5186981095208063
1710527559.1050265,-2.493130366007487
1710527559.10514,-2.4658113055759006
1710527559.1052535,-2.4384922451443143
1710527559.105367,-2.4097720781962075
1710527559.1054802,-2.3817525969611273
1710527559.1055937,-2.353733115726047
1710527559.1057072,-2.322211265563965
1710527559.1058207,-2.289988729688856
1710527559.105934,-2.252862983279758
1710527559.1060474,-2.2118842601776123
1710527559.1061609,-2.168454064263238
1710527559.1062744,-2.1204706033070884
1710527559.1063876,-2.0682842201656766
1710527559.106501,-2.014346652560764
1710527559.1066146,-1.959358321295844
1710527559.106728,-1.9026188055674234
1710527559.1068413,-1.8434275521172416
1710527559.1069548,-1.783185535007053
1710527559.1070683,-1.718740595711602
1710527559.1071818,-1.6525444719526503
1710527559.107295,-1.5810947948031955
1710527559.1074085,-1.5064926942189534
1710527559.107522,-1.4259366194407146
1710527559.1076355,-1.3422282536824544
1710527559.1077487,-1.2539667553371854
1710527559.1078622,-1.1636038621266682
1710527559.1079757,-1.070438888337877
1710527559.1080892,-0.9751725196838379
1710527559.1082025,-0.8785051769680446
1710527559.108316,-0.7800865835613674
1710527559.1084294,-0.6802670160929362
1710527559.108543,-0.577645500500997
1710527559.1086562,-0.4729225238164266
1710527559.1087697,-0.36364638143115574
1710527559.1088831,-0.24911656975746155
1710527559.1089964,-0.13143455816639793
1710527559.1091099,-0.010950599486629168
1710527559.1092234,0.11305791636308034
1710527559.1093369,0.23741887675391302
1710527559.10945,0.3607288996378581
1710527559.1095636,0.4836886458926731
1710527559.109677,0.6052470869488186
1710527559.1097906,0.725754631890191
1710527559.1099038,0.8455615573459201
1710527559.1100173,0.9678206178877089
1710527559.1101308,1.0907803641425238
1710527559.1102443,1.2161922454833984
1710527559.1103575,1.3437060515085857
1710527559.110471,1.4712198575337727
1710527559.1105845,1.5962813960181341
1710527559.110698,1.718190246158176
1710527559.1108112,1.8348443508148193
1710527559.1109247,1.9472946061028373
1710527559.1110382,2.0555412769317627
1710527559.1111517,2.1588834126790366
1710527559.111265,2.2608243094550238
1710527559.1113784,2.362414995829264
1710527559.111492,2.4619038899739585
1710527559.1116054,2.5631441010369196
1710527559.1117187,2.660881413353814
1710527559.1118321,2.7554657724168563
1710527559.1119456,2.8444451755947537
1710527559.112059,2.927118937174479
1710527559.1121724,3.0027863714430065
1710527559.1122859,3.071447743309869
1710527559.1123993,3.1341536839803057
1710527559.1125128,3.192305564880371
1710527559.112626,3.2473047574361162
1710527559.1127396,3.3009025785658093
1710527559.112853,3.3516979217529297
1710527559.1129665,3.399690522087945
1710527559.1130798,3.44312932756212
1710527559.1131933,3.4816638628641763
1710527559.1133068,3.5135422812567816
1710527559.11342,3.539115058051215
1710527559.1135335,3.558382193247477
1710527559.113647,3.5716941621568465
1710527559.1137605,3.581152492099338
1710527559.1138737,3.5867574479844833
1710527559.1139872,3.5906110869513617
1710527559.1141007,3.592712879180908
1710527559.1142142,3.592712879180908
1710527559.1143274,3.5902606116400824
1710527559.114441,3.58430544535319
1710527559.1145544,3.5755475362141924
1710527559.114668,3.5632867283291287
1710527559.1147811,3.5482231775919595
1710527559.1148946,3.5289560423956976
1710527559.115008,3.508988221486409
1710527559.1151216,3.4862179226345487
1710527559.1152349,3.4616960419548883
1710527559.1153483,3.438225057390001
1710527559.1154618,3.4137031767103405
1710527559.1155753,3.38918129603068
1710527559.1156886,3.36465941535102
1710527559.115802,3.3408382203843856
1710527559.1159155,3.31526517868042
1710527559.116029,3.2896924018859863
1710527559.1161423,3.2630687289767795
1710527559.1162558,3.2353938950432672
1710527559.1163692,3.207719326019287
1710527559.1164827,3.1786433855692544
1710527559.116596,3.149917655520969
1710527559.1167095,3.1215424007839627
1710527559.116823,3.0952689382765026
1710527559.1169364,3.0707470575968423
1710527559.1170497,3.048677444458008
1710527559.1171632,3.02835914823744
1710527559.1172767,3.0069902208116317
1710527559.1173902,2.9873726103040905
1710527559.1175034,2.9670545789930554
1710527559.117617,2.946035861968994
1710527559.1177304,2.9250171449449325
1710527559.1178436,2.903647952609592
1710527559.117957,2.883329921298557
1710527559.1180706,2.8644129965040417
1710527559.118184,2.8479483392503524
1710527559.1182973,2.833935684627957
1710527559.1184108,2.8216748767428927
1710527559.1185243,2.810464964972602
1710527559.1186378,2.7996052636040583
1710527559.118751,2.786993980407715
1710527559.1188645,2.7747329076131186
1710527559.118978,2.7593191464742026
1710527559.1190915,2.744255860646566
1710527559.1192048,2.72884209950765
1710527559.1193182,2.715179920196533
1710527559.1194317,2.7032693227132163
1710527559.1195452,2.6927598317464194
1710527559.1196585,2.684702608320448
1710527559.119772,2.6755944887797036
1710527559.1198854,2.6664863692389593
1710527559.119999,2.6556266678704157
1710527559.1201122,2.641964488559299
1710527559.1202257,2.6276016235351562
1710527559.1203392,2.610436280568441
1710527559.1204526,2.591869831085205
1710527559.120566,2.573303116692437
1710527559.1206794,2.556138038635254
1710527559.1207929,2.539673116472032
1710527559.1209064,2.52215756310357
1710527559.1210196,2.5053426954481335
1710527559.121133,2.4853748745388455
1710527559.1212466,2.463655471801758
1710527559.12136,2.438082695007324
1710527559.1214733,2.408656279246012
1710527559.1215868,2.376077175140381
1710527559.1217003,2.342096964518229
1710527559.1218138,2.3060146967569985
1710527559.121927,2.268531322479248
1710527559.1220405,2.230347262488471
1710527559.122154,2.191462516784668
1710527559.1222672,2.150826189253065
1710527559.1223807,2.107387516233656
1710527559.1224942,2.061146232816908
1710527559.1226077,2.010350889629788
1710527559.122721,1.9564027256435819
1710527559.1228344,1.8986011876000297
1710527559.122948,1.8358952469295926
1710527559.1230614,1.7703868283165825
1710527559.1231747,1.7041777239905462
1710527559.1232882,1.6351661417219374
1710527559.1234016,1.5637022919125028
1710527559.1235151,1.4915378888448079
1710527559.1236284,1.4158704545762804
1710527559.1237419,1.3384513060251872
1710527559.1238554,1.257178783416748
1710527559.1239688,1.172403229607476
1710527559.124082,1.083774103058709
1710527559.1241956,0.9909412595960829
1710527559.124309,0.8949555953343709
1710527559.1244226,0.795466833644443
1710527559.1245358,0.6935258706410726
1710527559.1246493,0.5905339452955458
1710527559.1247628,0.4857905043496026
1710527559.1248763,0.3803464108043247
1710527559.1249895,0.27350107828776044
1710527559.125103,0.1659551097287072
1710527559.1252165,0.05560665080944697
1710527559.12533,-0.056132082309987806
1710527559.1254432,-0.17171262039078605
1710527559.1255567,-0.2900951107343038
1710527559.1256702,-0.40987859169642127
1710527559.1257837,-0.5314132902357314
1710527559.125897,-0.6536484426922268
1710527559.1260104,-0.7744826873143513
1710527559.126124,-0.8935656150182087
1710527559.1262374,-1.0108974244859483
1710527559.1263506,-1.1264779832628038
1710527559.1264641,-1.2406575679779053
1710527559.1265776,-1.3555375734965007
1710527559.1266909,-1.469717158211602
1710527559.1268044,-1.5835464000701904
1710527559.1269178,-1.699477301703559
1710527559.1270313,-1.8154080708821614
1710527559.1271446,-1.9292373127407498
1710527559.127258,-2.0392139752705893
1710527559.1273715,-2.1463886896769204
1710527559.127485,-2.2458579805162215
1710527559.1275983,-2.342525323232015
1710527559.1277118,-2.433588769700792
1710527559.1278253,-2.5215000576443143
1710527559.1279387,-2.6059089766608343
1710527559.128052,-2.6910183164808483
1710527559.1281655,-2.7733254432678223
1710527559.128279,-2.8545822037590876
1710527559.1283925,-2.9309354888068304
1710527559.1285057,-3.0037861400180392
1710527559.1286192,-3.071032894982232
1710527559.1287327,-3.1298740704854326
1710527559.1288462,-3.1845121913486056
1710527559.1289594,-3.231795099046495
1710527559.129073,-3.2748749521043563
1710527559.1291864,-3.314452701144748
1710527559.1292999,-3.3512282371520996
1710527559.1294131,-3.386602931552463
1710527559.1295266,-3.4191756778293185
1710527559.12964,-3.449296686384413
1710527559.1297536,-3.4748644298977323
1710527559.1298668,-3.4965795940823026
1710527559.1299803,-3.5126908620198565
1710527559.1300938,-3.5231979688008623
1710527559.1302073,-3.529852761162652
1710527559.1303205,-3.5312536027696395
1710527559.130434,-3.5309033923678927
1710527559.1305475,-3.526700602637397
1710527559.130661,-3.521797127193875
1710527559.1307743,-3.5158430205451117
1710527559.1308877,-3.5074371761745877
1710527559.1310012,-3.4976302252875433
1710527559.1311145,-3.48537180158827
1710527559.131228,-3.471011850568983
1710527559.1313415,-3.4541998969184027
1710527559.131455,-3.435286945766873
1710527559.1315682,-3.4132215711805554
1710527559.1316817,-3.389755090077718
1710527559.1317952,-3.3645375569661455
1710527559.1319087,-3.3396702342563205
1710527559.132022,-3.314802911546495
1710527559.1321354,-3.289235168033176
1710527559.1322489,-3.2650682661268444
1710527559.1323624,-3.241951995425754
1710527559.1324756,-3.21953641043769
1710527559.132589,-3.1974710358513727
1710527559.1327026,-3.174705240461561
1710527559.132816,-3.150888548956977
1710527559.1329293,-3.1263714366488986
1710527559.1330428,-3.1004534827338324
1710527559.1331563,-3.075936370425754
1710527559.1332698,-3.051419258117676
1710527559.133383,-3.0276028315226235
1710527559.1334965,-3.006938298543294
1710527559.13361,-2.988725768195258
1710527559.1337235,-2.9715636041429305
1710527559.1338367,-2.95650323232015
1710527559.1339502,-2.9414425955878363
1710527559.1340637,-2.924630906846788
1710527559.1341772,-2.907118797302246
1710527559.1342905,-2.8885557916429305
1710527559.134404,-2.8696425755818686
1710527559.1345174,-2.8510798348320856
1710527559.134631,-2.8349685668945312
1710527559.1347442,-2.8199079301622176
1710527559.1348577,-2.8079997168646917
1710527559.1349711,-2.7978425555759006
1710527559.1350846,-2.7890865008036294
1710527559.1351979,-2.7803304460313583
1710527559.1353114,-2.770173284742567
1710527559.1354249,-2.758615281846788
1710527559.135538,-2.745305962032742
1710527559.1356516,-2.7312962214152017
1710527559.135765,-2.715885639190674
1710527559.1358786,-2.7022261089748807
1710527559.1359918,-2.6896172099643283
1710527559.1361053,-2.678059207068549
1710527559.1362188,-2.6689529418945312
1710527559.1363323,-2.659496201409234
1710527559.1364455,-2.649339040120443
1710527559.136559,-2.6377810372246637
1710527559.1366725,-2.6230708758036294
1710527559.136786,-2.6059089766608343
1710527559.1368992,-2.584894233279758
1710527559.1370127,-2.5638794898986816
1710527559.1371262,-2.541814115312364
1710527559.1372397,-2.520449426439073
1710527559.137353,-2.5001351038614907
1710527559.1374664,-2.4794708357916937
1710527559.13758,-2.458806302812364
1710527559.1376934,-2.4363907178243003
1710527559.1378067,-2.410122553507487
1710527559.1379201,-2.3814023865593805
1710527559.1380336,-2.348829640282525
1710527559.138147,-2.3127545250786676
1710527559.1382604,-2.2731770409478083
1710527559.1383739,-2.2318482398986816
1710527559.1384873,-2.188417911529541
1710527559.1386008,-2.1446375052134194
1710527559.138714,-2.098755439122518
1710527559.1388276,-2.0514725314246283
1710527559.138941,-2.0017378860049777
1710527559.1390545,-1.948850949605306
1710527559.1391678,-1.8924617767333984
1710527559.1392813,-1.8311689959632025
1710527559.1393948,-1.7660236358642578
1710527559.1395082,-1.6966752211252847
1710527559.1396215,-1.6231240166558158
1710527559.139735,-1.546770864062839
1710527559.1398485,-1.468316184149848
1710527559.1399617,-1.387759976916843
1710527559.1400752,-1.304401954015096
1710527559.1401887,-1.220343377855089
1710527559.1403022,-1.133132643169827
1710527559.1404154,-1.0441705915662978
1710527559.140529,-0.9517061710357666
1710527559.1406424,-0.8560895257525973
1710527559.140756,-0.7555694712532891
1710527559.1408691,-0.6511967711978488
1710527559.1409826,-0.542270839214325
1710527559.141096,-0.4305429922209846
1710527559.1412096,-0.31741417116589016
1710527559.1413229,-0.2035848299662272
1710527559.1414363,-0.0887047830555174
1710527559.1415498,0.025479766643709607
1710527559.1416633,0.1400319900777605
1710527559.1417766,0.25598545869191486
1710527559.14189,0.3733401828342014
1710527559.1420035,0.49384769466188216
1710527559.142117,0.6168074078030056
1710527559.1422303,0.7432702514860365
1710527559.1423438,0.8714846769968668
1710527559.1424572,1.0011003414789836
1710527559.1425707,1.1293147669898138
1710527559.142684,1.2557775444454617
1710527559.1427975,1.3780367374420166
1710527559.142911,1.4964422914716933
1710527559.1430244,1.6127460532718234
1710527559.1431377,1.7272983656989203
1710527559.1432512,1.8411498599582248
1710527559.1433647,1.9560523827870686
1710527559.1434782,2.0709549056159124
1710527559.1435914,2.1858575608995223
1710527559.143705,2.298307948642307
1710527559.1438184,2.407255172729492
1710527559.1439319,2.510947651333279
1710527559.144045,2.607984277937147
1710527559.1441586,2.698014577229818
1710527559.144272,2.782089445326063
1710527559.1443853,2.8619607289632163
1710527559.1444988,2.9372779528299966
1710527559.1446123,3.0125951766967773
1710527559.1447258,3.084409236907959
1710527559.144839,3.154471715291341
1710527559.1449525,3.2210312949286566
1710527559.145066,3.2826863394843206
1710527559.1451795,3.338736163245307
1710527559.1452928,3.387429714202881
1710527559.1454062,3.4280660417344833
1710527559.1455197,3.4630971484714084
1710527559.1456332,3.491822878519694
1710527559.1457465,3.5170454449123807
1710527559.14586,3.538414372338189
1710527559.1459734,3.558382193247477
1710527559.146087,3.5758977466159396
1710527559.1462002,3.5902606116400824
1710527559.1463137,3.6018209987216525
1710527559.1464272,3.608126640319824
1710527559.1465406,3.61057890786065
1710527559.146654,3.608126640319824
1710527559.1467674,3.601120313008626
1710527559.1468809,3.5902606116400824
1710527559.1469944,3.5758977466159396
1710527559.1471076,3.5601337750752764
1710527559.147221,3.542968432108561
1710527559.1473346,3.5258030891418457
1710527559.147448,3.50723663965861
1710527559.1475613,3.4865681330362954
1710527559.1476748,3.4669505225287542
1710527559.1477883,3.4445306989881725
1710527559.1479018,3.4210597144232855
1710527559.148015,3.3958371480305987
1710527559.1481285,3.370264371236165
1710527559.148242,3.341889116499159
1710527559.1483555,3.3128131760491266
1710527559.1484687,3.283737235599094
1710527559.1485822,3.2550115055508084
1710527559.1486957,3.226636250813802
1710527559.148809,3.200012312995063
1710527559.1489224,3.1737391153971353
1710527559.149036,3.148516549004449
1710527559.1491494,3.1253957748413086
1710527559.1492627,3.1015745798746743
1710527559.1493762,3.07775338490804
1710527559.1494896,3.0532315042283797
1710527559.1496031,3.02835914823744
1710527559.1497164,3.003136846754286
1710527559.1498299,2.978264490763346
1710527559.1499434,2.954093085394965
1710527559.1500568,2.933774789174398
1710527559.15017,2.9145076539781356
1710527559.1502836,2.8980429967244468
1710527559.150397,2.8822790251837835
1710527559.1505105,2.868967056274414
1710527559.1506238,2.853903505537245
1710527559.1507373,2.838840219709608
1710527559.1508508,2.8220250871446395
1710527559.1509643,2.8055604298909507
1710527559.1510775,2.788395086924235
1710527559.151191,2.772280904981825
1710527559.1513045,2.757918039957682
1710527559.151418,2.7453067567613387
1710527559.1515312,2.7354979515075684
1710527559.1516447,2.726740042368571
1710527559.1517582,2.717982398139106
1710527559.1518717,2.7078233824835882
1710527559.151985,2.6969636811150446
1710527559.1520984,2.683301501803928
1710527559.152212,2.667887740665012
1710527559.1523254,2.65177329381307
1710527559.1524386,2.6356588469611273
1710527559.1525521,2.6198948754204645
1710527559.1526656,2.6055320103963218
1710527559.152779,2.5929207271999783
1710527559.1528924,2.5792585478888617
1710527559.1530058,2.5666472646925182
1710527559.1531193,2.5515837139553494
1710527559.1532326,2.533367474873861
1710527559.153346,2.5130494435628257
1710527559.1534595,2.4899289343092175
1710527559.153573,2.4633049964904785
1710527559.1536863,2.435279952155219
1710527559.1537998,2.407255172729492
1710527559.1539133,2.3788796530829535
1710527559.1540267,2.350854608747694
1710527559.15414,2.3217786682976618
1710527559.1542535,2.2909511460198297
1710527559.154367,2.2573211457994247
1710527559.1544805,2.2205384572347007
1710527559.1545937,2.179551919301351
1710527559.1547072,2.1350622177124023
1710527559.1548207,2.0867190096113415
1710527559.1549342,2.0362740092807345
1710527559.1550474,1.9823258452945285
1710527559.155161,1.9273267851935492
1710527559.1552744,1.8709264861212835
1710527559.1553879,1.8131249480777316
1710527559.1555011,1.7528711424933539
1710527559.1556146,1.6908657550811768
1710527559.155728,1.6239560974968803
1710527559.1558416,1.5538936191134982
1710527559.1559548,1.4789267381032307
1710527559.1560683,1.399756007724338
1710527559.1561818,1.3170822461446126
1710527559.1562953,1.2309053209092882
1710527559.1564085,1.141225364473131
1710527559.156522,1.0501441028383043
1710527559.1566355,0.956960916519165
1710527559.156749,0.8627268340852525
1710527559.1568623,0.7660405503378974
1710527559.1569757,0.668303370475769
1710527559.1570892,0.5674133698145548
1710527559.1572027,0.46442144446902806
1710527559.157316,0.3572258022096422
1710527559.1574295,0.24792826837963527
1710527559.157543,0.13442698452207777
1710527559.1576562,0.01812320202589035
1710527559.1577697,-0.09921210507551828
1710527559.1578832,-0.2168941166665819
1710527559.1579967,-0.3345761034223768
1710527559.15811,-0.4498064186837938
1710527559.1582234,-0.5650367339452108
1710527559.1583369,-0.6799167394638062
1710527559.1584504,-0.7944466008080376
1710527559.1585636,-0.9110778570175171
1710527559.158677,-1.0287598768870037
1710527559.1587906,-1.147492594189114
1710527559.158904,-1.2686770492129855
1710527559.1590173,-1.3898615042368572
1710527559.1591308,-1.5092947747972276
1710527559.1592443,-1.625925964779324
1710527559.1593578,-1.7387045754326713
1710527559.159471,-1.8472802639007568
1710527559.1595845,-1.9516530301835802
1710527559.159698,-2.0539242691463895
1710527559.1598115,-2.154794534047445
1710527559.1599247,-2.2539136144849987
1710527559.1600382,-2.353733115726047
1710527559.1601517,-2.45180156495836
1710527559.1602652,-2.5488191180759006
1710527559.1603785,-2.6419840918646917
1710527559.160492,-2.7298953798082137
1710527559.1606054,-2.811852296193441
1710527559.160719,-2.887855370839437
1710527559.1608322,-2.9575538635253906
1710527559.1609457,-3.021298249562581
1710527559.1610591,-3.080839845869276
1710527559.1611726,-3.1368788083394366
1710527559.1612859,-3.1908165083991156
1710527559.1613994,-3.2423024707370334
1710527559.1615129,-3.2909862200419107
1710527559.1616263,-3.335467179616292
1710527559.1617396,-3.374694718254937
1710527559.161853,-3.4083180957370334
1710527559.1619666,-3.435987366570367
1710527559.1620798,-3.458052741156684
1710527559.1621933,-3.474514219495985
1710527559.1623068,-3.486772643195258
1710527559.1624203,-3.4965795940823026
1710527559.1625335,-3.5039345423380532
1710527559.162647,-3.5102391242980957
1710527559.1627605,-3.5140917036268444
1710527559.162874,-3.5158430205451117
1710527559.1629872,-3.515492810143365
1710527559.1631007,-3.5116399659050836
1710527559.1632142,-3.5046352280510797
1710527559.1633277,-3.4941278563605414
1710527559.163441,-3.479067219628228
1710527559.1635544,-3.462956216600206
1710527559.163668,-3.444393210940891
1710527559.1637814,-3.4247795740763345
1710527559.1638947,-3.404115041097005
1710527559.1640081,-3.383100562625461
1710527559.1641216,-3.3620858192443848
1710527559.164235,-3.3417717615763345
1710527559.1643484,-3.320757018195258
1710527559.1644619,-3.2993920644124346
1710527559.1645753,-3.2776769002278643
1710527559.1646888,-3.2545608944363065
1710527559.164802,-3.230393992529975
1710527559.1649156,-3.204826249016656
1710527559.165029,-3.1792585055033364
1710527559.1651425,-3.152990076276991
1710527559.1652558,-3.128122753567166
1710527559.1653693,-3.1046565373738604
1710527559.1654828,-3.08294137318929
1710527559.1655962,-3.0626270506117077
1710527559.1657095,-3.0437138345506454
1710527559.165823,-3.0262017250061035
1710527559.1659365,-3.007288508945041
1710527559.16605,-2.987674872080485
1710527559.1661632,-2.967360814412435
1710527559.1662767,-2.9459958606296115
1710527559.1663902,-2.9253315925598145
1710527559.1665034,-2.905017269982232
1710527559.166617,-2.887154950035943
1710527559.1667304,-2.8713938925001354
1710527559.166844,-2.8584347830878363
1710527559.1669571,-2.847577200995551
1710527559.1670706,-2.837069829305013
1710527559.167184,-2.827263143327501
1710527559.1672976,-2.815705140431722
1710527559.1674109,-2.8030962414211698
1710527559.1675243,-2.7890865008036294
1710527559.1676378,-2.773675653669569
1710527559.1677513,-2.758615281846788
1710527559.1678646,-2.746006382836236
1710527559.167978,-2.73549927605523
1710527559.1680915,-2.7263927459716797
1710527559.168205,-2.719388008117676
1710527559.1683183,-2.7113323741488986
1710527559.1684318,-2.7039771609836154
1710527559.1685452,-2.6931195788913302
1710527559.1686587,-2.680861155192057
1710527559.168772,-2.664399676852756
1710527559.1688855,-2.6475879881117077
1710527559.168999,-2.6300756136576333
1710527559.1691124,-2.6122132937113443
1710527559.1692257,-2.5954016049702964
1710527559.1693392,-2.579990757836236
1710527559.1694527,-2.5652805964152017
1710527559.1695662,-2.548468907674154
1710527559.1696794,-2.5313070085313583
1710527559.169793,-2.510642475552029
1710527559.1699064,-2.4864755736456976
1710527559.1700199,-2.4591565132141113
1710527559.170133,-2.429035504659017
1710527559.1702466,-2.3957623375786676
1710527559.17036,-2.362138960096571
1710527559.1704736,-2.3271144760979547
1710527559.1705868,-2.292790677812364
1710527559.1707003,-2.2567155626085067
1710527559.1708138,-2.2199398941463895
1710527559.170927,-2.180712620417277
1710527559.1710405,-2.1376325024498835
1710527559.171154,-2.091050148010254
1710527559.1712675,-2.0409651597340903
1710527559.1713808,-1.9870275921291776
1710527559.1714942,-1.9285368919372559
1710527559.1716077,-1.8679446644253201
1710527559.1717212,-1.8045504887898762
1710527559.1718345,-1.7387045754326713
1710527559.171948,-1.6714576880137124
1710527559.1720614,-1.6024596161312528
1710527559.172175,-1.531360149383545
1710527559.1722882,-1.4571083916558158
1710527559.1724017,-1.3793541325463188
1710527559.1725152,-1.297397083706326
1710527559.1726286,-1.2112369802263048
1710527559.172742,-1.1205237441592746
1710527559.1728554,-1.0245569547017415
1710527559.1729689,-0.9261383612950642
1710527559.1730824,-0.824217332734002
1710527559.1731956,-0.7205450534820557
1710527559.173309,-0.6151215897666084
1710527559.1734226,-0.5093479156494141
1710527559.173536,-0.4028737213876512
1710527559.1736493,-0.2939477894041273
1710527559.1737628,-0.18257018592622545
1710527559.1738763,-0.06874086956183116
1710527559.1739898,0.04860039800405502
1710527559.174103,0.17085949579874674
1710527559.1742165,0.29522044791115654
1710527559.17433,0.422033601337009
1710527559.1744435,0.5495474073621962
1710527559.1745567,0.6763605276743571
1710527559.1746702,0.8014221323861016
1710527559.1747837,0.9240315357844034
1710527559.1748972,1.044889423582289
1710527559.1750104,1.164696349038018
1710527559.175124,1.2845032744937472
1710527559.1752374,1.4046604103512235
1710527559.1753507,1.526919470893012
1710527559.1754642,1.6498792171478271
1710527559.1755776,1.772488620546129
1710527559.1756911,1.8940471278296576
1710527559.1758044,2.0121024714575872
1710527559.1759179,2.123501830630832
1710527559.1760314,2.2310479482014975
1710527559.1761448,2.3329888449774847
1710527559.176258,2.4289743105570474
1710527559.1763716,2.52215756310357
1710527559.176485,2.614289919535319
1710527559.1765985,2.705020639631483
1710527559.1767118,2.7947007285224066
1710527559.1768253,2.8829794459872775
1710527559.1769388,2.9670545789930554
1710527559.1770523,3.046225176917182
1710527559.1771655,3.119440608554416
1710527559.177279,3.184949027167426
1710527559.1773925,3.2427506976657443
1710527559.177506,3.2949471473693848
1710527559.1776192,3.341889116499159
1710527559.1777327,3.384276760949029
1710527559.1778462,3.4242124027676053
1710527559.1779597,3.462396462758382
1710527559.178073,3.4974278344048395
1710527559.1781864,3.527554670969645
1710527559.1783,3.553828133477105
1710527559.1784134,3.5751973258124456
1710527559.1785266,3.5899104012383356
1710527559.1786401,3.5993687311808267
1710527559.1787536,3.6025216844346786
1710527559.178867,3.602871894836426
1710527559.1789804,3.6004196272956
1710527559.1790938,3.5948146714104547
1710527559.1792073,3.588158819410536
1710527559.1793208,3.580101595984565
1710527559.179434,3.570292790730794
1710527559.1795475,3.5590828789605036
1710527559.179661,3.5457709100511337
1710527559.1797743,3.5289560423956976
1710527559.1798878,3.510739803314209
1710527559.1800013,3.4890204005771213
1710527559.1801147,3.4666003121270075
1710527559.180228,3.4413777457343206
1710527559.1803415,3.415104283226861
1710527559.180455,3.3895315064324274
1710527559.1805685,3.3625573582119412
1710527559.1806817,3.3369845814175076
1710527559.1807952,3.311411804623074
1710527559.1809087,3.2865397135416665
1710527559.1810222,3.2630687289767795
1710527559.1811354,3.237495952182346
1710527559.181249,3.2126235961914062
1710527559.1813624,3.186350133683946
1710527559.1814759,3.160427146487766
1710527559.1815891,3.1334529982672796
1710527559.1817026,3.1061286396450467
1710527559.181816,3.080205652448866
1710527559.1819296,3.0553332964579263
1710527559.1820428,3.031512101491292
1710527559.1821563,3.0108435948689776
1710527559.1822698,2.9915764596727157
1710527559.1823833,2.972659534878201
1710527559.1824965,2.9551439815097384
1710527559.18261,2.93692774242825
1710527559.1827235,2.917660607231988
1710527559.182837,2.8976927863226996
1710527559.1829503,2.8777249654134116
1710527559.1830637,2.858457565307617
1710527559.1831772,2.8391904301113553
1710527559.1832907,2.822725772857666
1710527559.183404,2.8094138039482965
1710527559.1835175,2.7971529960632324
1710527559.183631,2.786993980407715
1710527559.1837444,2.776484489440918
1710527559.1838577,2.764223681555854
1710527559.1839712,2.7516123983595104
1710527559.1840847,2.737950219048394
1710527559.184198,2.722536457909478
1710527559.1843114,2.7064220110575357
1710527559.1844249,2.692059146033393
1710527559.1845384,2.6790976524353027
1710527559.1846516,2.667887740665012
1710527559.184765,2.657378249698215
1710527559.1848786,2.6472192340426974
1710527559.184992,2.63706021838718
1710527559.1851053,2.6244489351908364
1710527559.1852188,2.6093853844536676
1710527559.1853323,2.5911691453721786
1710527559.1854458,2.5715515348646374
1710527559.185559,2.549131711324056
1710527559.1856725,2.527061833275689
1710527559.185786,2.504992220136854
1710527559.1858995,2.4832728173997665
1710527559.1860127,2.461203204260932
1710527559.1861262,2.4391335911220975
1710527559.1862397,2.415312131245931
1710527559.1863532,2.388338247934977
1710527559.1864665,2.3589118321736655
1710527559.18658,2.3249316215515137
1710527559.1866934,2.2881486680772567
1710527559.186807,2.2478628158569336
1710527559.1869202,2.2058253818088107
1710527559.1870337,2.1627369191911483
1710527559.1871471,2.118597428003947
1710527559.1872606,2.0734071731567383
1710527559.1873739,2.026114993625217
1710527559.1874874,1.97637054655287
1710527559.1876009,1.9241739643944633
1710527559.1877143,1.8677736653221977
1710527559.1878276,1.8075198597378201
1710527559.187941,1.7427121268378363
1710527559.1880546,1.6754519939422607
1710527559.1881678,1.6032877233293321
1710527559.1882813,1.5304226345486112
1710527559.1883948,1.453003618452284
1710527559.1885083,1.3755844699011908
1710527559.1886215,1.2939616044362385
1710527559.188735,1.2137401103973389
1710527559.1888485,1.1282637384202745
1710527559.188962,1.04103598329756
1710527559.1890752,0.9499546554353502
1710527559.1891887,0.8560709158579508
1710527559.1893022,0.7572827736536661
1710527559.1894157,0.6546411911646525
1710527559.189529,0.5488467878765529
1710527559.1896424,0.4406001832750108
1710527559.189756,0.32990141047371757
1710527559.1898694,0.21780138214429218
1710527559.1899827,0.10675229132175446
1710527559.1900961,-0.006047182509468662
1710527559.1902096,-0.11847553153832753
1710527559.190323,-0.23335557844903734
1710527559.1904364,-0.3485858771536085
1710527559.1905499,-0.4659176535076565
1710527559.1906633,-0.585701134469774
1710527559.1907768,-0.7075860765245225
1710527559.19089,-0.830871926413642
1710527559.1910036,-0.9548583295610216
1710527559.191117,-1.0774437586466472
1710527559.1912305,-1.1972272396087646
1710527559.1913438,-1.314208772447374
1710527559.1914573,-1.4283883571624756
1710527559.1915708,-1.5397659937540689
1710527559.1916842,-1.6500928666856554
1710527559.1917975,-1.7593689759572346
1710527559.191911,-1.8693456384870741
1710527559.1920245,-1.9793223010169134
1710527559.192138,-2.089999384350247
1710527559.1922512,-2.197524309158325
1710527559.1923647,-2.3022471533881292
1710527559.1924782,-2.4013662338256836
1710527559.1925914,-2.4948814180162215
1710527559.192705,-2.583493126763238
1710527559.1928184,-2.6654503080579968
1710527559.192932,-2.743905120425754
1710527559.1930451,-2.819207509358724
1710527559.1931586,-2.8917079501681857
1710527559.193272,-2.9624573389689126
1710527559.1933856,-3.0311052004496255
1710527559.1934988,-3.0969511138068304
1710527559.1936123,-3.1578935517205133
1710527559.1937258,-3.21323209338718
1710527559.1938393,-3.2626165284050836
1710527559.1939526,-3.3053461710611978
1710527559.194066,-3.3424721823798285
1710527559.1941795,-3.3739940325419107
1710527559.194293,-3.401313092973497
1710527559.1944063,-3.426530626085069
1710527559.1945198,-3.44964689678616
1710527559.1946332,-3.470311164855957
1710527559.1947467,-3.488874170515272
1710527559.19486,-3.5042850176493325
1710527559.1949735,-3.5151425997416177
1710527559.195087,-3.521797127193875
1710527559.1952004,-3.523898654513889
1710527559.1953137,-3.521797127193875
1710527559.1954272,-3.515492810143365
1710527559.1955407,-3.5056858592563205
1710527559.1956542,-3.494478066762288
1710527559.1957674,-3.480818536546495
1710527559.195881,-3.466808795928955
1710527559.1959944,-3.451748424106174
1710527559.1961079,-3.435286945766873
1710527559.196221,-3.418474992116292
1710527559.1963346,-3.400612672170003
1710527559.196448,-3.381349245707194
1710527559.1965616,-3.3603345023261175
1710527559.1966748,-3.3372184965345593
1710527559.1967883,-3.312000963422987
1710527559.1969018,-3.286433219909668
1710527559.197015,-3.260515001085069
1710527559.1971285,-3.23494725757175
1710527559.197242,-3.209729724460178
1710527559.1973555,-3.1859130329555936
1710527559.1974688,-3.1634974479675293
1710527559.1975822,-3.142482704586453
1710527559.1976957,-3.121818436516656
1710527559.1978092,-3.1011539035373263
1710527559.1979225,-3.080139425065782
1710527559.198036,-3.057723840077718
1710527559.1981494,-3.0349577797783747
1710527559.198263,-3.0111413531833224
1710527559.1983762,-2.988375292883979
1710527559.1984897,-2.967010604010688
1710527559.1986032,-2.9477471775478787
1710527559.1987166,-2.9302348030938044
1710527559.19883,-2.9151744312710233
1710527559.1989434,-2.90151490105523
1710527559.1990569,-2.8889060020446777
1710527559.1991704,-2.8748962614271374
1710527559.1992836,-2.8601861000061035
1710527559.199397,-2.843374411265055
1710527559.1995106,-2.8265627225240073
1710527559.199624,-2.8087001376681857
1710527559.1997373,-2.7925888697306314
1710527559.1998508,-2.7778787083095975
1710527559.1999643,-2.7656202846103244
1710527559.2000778,-2.756163544125027
1710527559.200191,-2.7484581205579968
1710527559.2003045,-2.739702065785726
1710527559.200418,-2.7305958006117077
1710527559.2005315,-2.719388008117676
1710527559.2006447,-2.7064288987053766
1710527559.2007582,-2.6913685268825955
1710527559.2008717,-2.675607469346788
1710527559.2009852,-2.661247518327501
1710527559.2010984,-2.647237777709961
1710527559.201212,-2.6346288786994085
1710527559.2013254,-2.6237712966071234
1710527559.2014387,-2.6139646106296115
1710527559.2015522,-2.6031070285373263
1710527559.2016656,-2.58979770872328
1710527559.2017791,-2.5743868615892196
1710527559.2018924,-2.5561743312411838
1710527559.2020059,-2.5344591670566134
1710527559.2021194,-2.510642475552029
1710527559.2022328,-2.485424942440457
1710527559.202346,-2.4609078301323786
1710527559.2024596,-2.435340086619059
1710527559.202573,-2.4097720781962075
1710527559.2026865,-2.3852552307976618
1710527559.2027998,-2.357936170366075
1710527559.2029133,-2.3285155826144748
1710527559.2030268,-2.2952424155341253
1710527559.2031403,-2.258466879526774
1710527559.2032535,-2.2171379460228815
1710527559.203367,-2.173007196850247
1710527559.2034805,-2.1253740787506104
1710527559.203594,-2.074588669670953
1710527559.2037072,-2.023102707333035
1710527559.2038207,-1.9691651397281222
1710527559.2039342,-1.9141768084632025
1710527559.2040477,-1.856736871931288
1710527559.204161,-1.797195275624593
1710527559.2042744,-1.7338010999891493
1710527559.204388,-1.6655035813649495
1710527559.2045014,-1.5937035613589816
1710527559.2046146,-1.5170000659094915
1710527559.2047281,-1.4367942015329997
1710527559.2048416,-1.3534360461764865
1710527559.204955,-1.2658751010894775
1710527559.2050683,-1.1772633923424614
1710527559.2051818,-1.0851491159862943
1710527559.2052953,-0.9933851824866401
1710527559.2054088,-0.899169577492608
1710527559.205522,-0.8025021685494317
1710527559.2056355,-0.7037333647410074
1710527559.205749,-0.6014621257781982
1710527559.2058623,-0.4946376548873054
1710527559.2059758,-0.383610294924842
1710527559.2060893,-0.2690804832511478
1710527559.2062027,-0.1503477328353458
1710527559.206316,-0.029513535814152822
1710527559.2064295,0.09238946768972608
1710527559.206543,0.21464856134520635
1710527559.2066565,0.3355063994725545
1710527559.2067697,0.45601394441392684
1710527559.2068832,0.5761711464987861
1710527559.2069967,0.6973793109258016
1710527559.2071102,0.8192880948384602
1710527559.2072234,0.9443496995502048
1710527559.207337,1.0725641250610352
1710527559.2074504,1.2018293804592557
1710527559.2075639,1.3310947683122423
1710527559.2076771,1.4593091275956895
1710527559.2077906,1.584020455678304
1710527559.207904,1.7041777239905462
1710527559.2080176,1.8201311429341633
1710527559.2081308,1.9311802917056613
1710527559.2082443,2.0387262768215604
1710527559.2083578,2.14522123336792
1710527559.2084713,2.250665293799506
1710527559.2085845,2.3557591438293457
1710527559.208698,2.460502518547906
1710527559.2088115,2.5631441010369196
1710527559.208925,2.6619323094685874
1710527559.2090383,2.7544148763020835
1710527559.2091517,2.841642697652181
1710527559.2092652,2.919762399461534
1710527559.2093787,2.9933280415005155
1710527559.209492,3.0595371458265515
1710527559.2096055,3.122243086496989
1710527559.209719,3.181796073913574
1710527559.2098324,3.2395977444118924
1710527559.2099457,3.2949471473693848
1710527559.2100592,3.348544968499078
1710527559.2101727,3.396537833743625
1710527559.210286,3.4389257431030273
1710527559.2103994,3.4760586420694985
1710527559.2105129,3.5051345825195312
1710527559.2106264,3.5289560423956976
1710527559.2107396,3.54647159576416
1710527559.210853,3.5597835646735296
1710527559.2109666,3.5709934764438205
1710527559.21108,3.5794009102715387
1710527559.2111933,3.5853563414679632
1710527559.2113068,3.5902606116400824
1710527559.2114203,3.5920121934678817
1710527559.2115338,3.5909612973531084
1710527559.211647,3.58570655186971
1710527559.2117605,3.5765984323289657
1710527559.211874,3.564337624443902
1710527559.2119875,3.5485733879937067
1710527559.2121007,3.530707624223497
1710527559.2122142,3.509688642289903
1710527559.2123277,3.487969504462348
1710527559.2124412,3.465899626413981
1710527559.2125545,3.4441802236768932
1710527559.212668,3.4210597144232855
1710527559.2127814,3.3982894155714245
1710527559.212895,3.3748184310065374
1710527559.2130082,3.350296550326877
1710527559.2131217,3.3254244592454696
1710527559.2132351,3.29915099673801
1710527559.2133486,3.2714761628044977
1710527559.2134619,3.2441518041822643
1710527559.2135754,3.215776549445258
1710527559.2136889,3.1877515051099987
1710527559.2138023,3.1600769360860186
1710527559.2139156,3.134503894382053
1710527559.214029,3.110332489013672
1710527559.2141426,3.088613086276584
1710527559.214256,3.0679445796542697
1710527559.2143693,3.046925862630208
1710527559.2144828,3.0262573560078936
1710527559.2145963,3.0048884285820856
1710527559.2147095,2.983169025844998
1710527559.214823,2.96144962310791
1710527559.2149365,2.93832884894477
1710527559.21505,2.9169599215189614
1710527559.2151632,2.8973423110114203
1710527559.2152767,2.8798267576429577
1710527559.2153902,2.865463892618815
1710527559.2155037,2.8518017133076987
1710527559.215617,2.838840219709608
1710527559.2157304,2.826228936513265
1710527559.215844,2.812916967603895
1710527559.2159574,2.7978536817762585
1710527559.2160707,2.7827901310390897
1710527559.2161841,2.765274577670627
1710527559.2162976,2.749510341220432
1710527559.216411,2.735147741105821
1710527559.2165244,2.722536457909478
1710527559.2166378,2.711326281229655
1710527559.2167513,2.70256863700019
1710527559.2168648,2.693110042148166
1710527559.216978,2.6829510264926486
1710527559.2170916,2.6717411147223578
1710527559.217205,2.6584291458129883
1710527559.2173185,2.642665174272325
1710527559.2174318,2.625850041707357
1710527559.2175453,2.607283592224121
1710527559.2176588,2.5901182492574057
1710527559.2177722,2.573303116692437
1710527559.2178855,2.556838459438748
1710527559.217999,2.5410744878980847
1710527559.2181125,2.525310516357422
1710527559.218226,2.5081451733907065
1710527559.2183392,2.487826877170139
1710527559.2184527,2.464355892605252
1710527559.2185662,2.4370315339830184
1710527559.2186797,2.406904697418213
1710527559.218793,2.3750262790256076
1710527559.2189064,2.3427976502312555
1710527559.21902,2.3084669642978244
1710527559.2191331,2.2741362783643932
1710527559.2192466,2.238404485914442
1710527559.21936,2.2016215324401855
1710527559.2194736,2.1627369191911483
1710527559.2195868,2.1196484565734863
1710527559.2197003,2.0730568303002253
1710527559.2198138,2.0229621728261313
1710527559.2199273,1.968663665983412
1710527559.2200406,1.9098112318250868
1710527559.220154,1.849557426240709
1710527559.2202675,1.7868514855702717
1710527559.220381,1.7213430669572618
1710527559.2204943,1.6547836197747123
1710527559.2206078,1.5861223803626165
1710527559.2207212,1.5139579772949219
1710527559.2208347,1.4396916495429144
1710527559.220948,1.3619222905900743
1710527559.2210615,1.2799490822686088
1710527559.221175,1.1937722894880507
1710527559.2212884,1.103391581111484
1710527559.2214017,1.0105587376488578
1710527559.2215152,0.9131718344158596
1710527559.2216287,0.8140334155824449
1710527559.2217422,0.7131433486938477
1710527559.2218554,0.6108521090613471
1710527559.221969,0.5071595642301772
1710527559.2220824,0.40206581354141235
1710527559.2221959,0.29697202973895603
1710527559.222309,0.18872544169425964
1710527559.2224226,0.07697571482923296
1710527559.222536,-0.037218903501828514
1710527559.2226496,-0.15420042806201512
1710527559.2227628,-0.2746843794981639
1710527559.2228763,-0.3944678439034356
1710527559.2229898,-0.5153020554118686
1710527559.2231033,-0.6357859902911716
1710527559.2232165,-0.7545187738206651
1710527559.22333,-0.8715002404318916
1710527559.2234435,-0.988131562868754
1710527559.2235568,-1.1030115683873494
1710527559.2236702,-1.217891640133328
1710527559.2237837,-1.3338224093119304
1710527559.2238972,-1.4518547058105469
1710527559.2240105,-1.5698868698543973
1710527559.224124,-1.6889699300130208
1710527559.2242374,-1.8052509095933702
1710527559.224351,-1.9187300735049777
1710527559.2244642,-2.028706603580051
1710527559.2245777,-2.1327291594611273
1710527559.2246912,-2.2328988711039224
1710527559.2248046,-2.327815161810981
1710527559.224918,-2.420980135599772
1710527559.2250314,-2.510992685953776
1710527559.2251449,-2.599604394700792
1710527559.2252584,-2.6875156826443143
1710527559.2253716,-2.7726250224643283
1710527559.225485,-2.8549324141608343
1710527559.2255986,-2.931986120012071
1710527559.225712,-3.0030857192145453
1710527559.2258253,-3.06753052605523
1710527559.2259388,-3.125320805443658
1710527559.2260523,-3.1771569781833224
1710527559.2261658,-3.223739465077718
1710527559.226279,-3.2671697934468584
1710527559.2263925,-3.3081481191847057
1710527559.226506,-3.3470254474216037
1710527559.2266195,-3.383450773027208
1710527559.2267327,-3.4163737297058105
1710527559.2268462,-3.444393210940891
1710527559.2269597,-3.469260533650716
1710527559.2270732,-3.487473063998752
1710527559.2271864,-3.5011325942145453
1710527559.2273,-3.5088380177815752
1710527559.2274134,-3.5137414932250977
1710527559.227527,-3.515492810143365
1710527559.2276402,-3.5151425997416177
1710527559.2277536,-3.5130410724216037
1710527559.2278671,-3.5102391242980957
1710527559.2279804,-3.5056858592563205
1710527559.2280939,-3.4990313318040633
1710527559.2282073,-3.4899248017205133
1710527559.2283208,-3.478717009226481
1710527559.228434,-3.465057479010688
1710527559.2285476,-3.449296686384413
1710527559.228661,-3.4300332599216037
1710527559.2287745,-3.4090185165405273
1710527559.2288878,-3.385902510748969
1710527559.2290013,-3.3631364504496255
1710527559.2291148,-3.3403706550598145
1710527559.2292283,-3.317604859670003
1710527559.2293415,-3.294839064280192
1710527559.229455,-3.273474110497369
1710527559.2295685,-3.2510585255093045
1710527559.229682,-3.230043782128228
1710527559.2297952,-3.2062270906236434
1710527559.2299087,-3.1820604536268444
1710527559.2300222,-3.156492445203993
1710527559.2301357,-3.130924701690674
1710527559.230249,-3.1053569581773544
1710527559.2303624,-3.0797892146640353
1710527559.230476,-3.0563227335611978
1710527559.2305894,-3.0342573589748807
1710527559.2307026,-3.014993932512071
1710527559.2308161,-2.995730506049262
1710527559.2309296,-2.979269027709961
1710527559.231043,-2.9610562324523926
1710527559.2311563,-2.9431939125061035
1710527559.2312698,-2.923580275641547
1710527559.2313833,-2.903616428375244
1710527559.2314968,-2.8833021057976618
1710527559.23161,-2.8640386793348522
1710527559.2317235,-2.845475938585069
1710527559.231837,-2.8293646706475153
1710527559.2319505,-2.816755771636963
1710527559.2320638,-2.806949085659451
1710527559.2321773,-2.79679192437066
1710527559.2322907,-2.787335183885362
1710527559.232404,-2.7761273913913302
1710527559.2325175,-2.7642191780938044
1710527559.232631,-2.750909858279758
1710527559.2327445,-2.73549927605523
1710527559.2328577,-2.7204386393229165
1710527559.2329712,-2.7067791091071234
1710527559.2330847,-2.6941704750061035
1710527559.2331982,-2.683663103315565
1710527559.2333114,-2.6749070485432944
1710527559.233425,-2.66650120417277
1710527559.2335384,-2.656344042883979
1710527559.2336519,-2.6454864607916937
1710527559.2337651,-2.6311265097724066
1710527559.2338786,-2.6143148210313583
1710527559.233992,-2.595051394568549
1710527559.2341056,-2.5750872823927136
1710527559.2342188,-2.5544230143229165
1710527559.2343323,-2.5341089566548667
1710527559.2344458,-2.514845530192057
1710527559.2345593,-2.496632734934489
1710527559.2346725,-2.4784199396769204
1710527559.234786,-2.4574054612053766
1710527559.2348995,-2.433588769700792
1710527559.235013,-2.4069701300726996
1710527559.2351263,-2.3779000176323786
1710527559.2352397,-2.344626850552029
1710527559.2353532,-2.3089019457499185
1710527559.2354667,-2.271075513627794
1710527559.23558,-2.2318482398986816
1710527559.2356935,-2.192270623313056
1710527559.235807,-2.1512920326656766
1710527559.2359204,-2.1089126004113092
1710527559.2360337,-2.0644315083821616
1710527559.2361472,-2.016097837024265
1710527559.2362607,-1.9642617967393663
1710527559.2363741,-1.9085729122161865
1710527559.2364874,-1.8479806847042508
1710527559.2366009,-1.782835324605306
1710527559.2367144,-1.715588437186347
1710527559.2368276,-1.6434382067786322
1710527559.236941,-1.5698868698543973
1710527559.2370546,-1.4942342705196805
1710527559.237168,-1.4157795906066895
1710527559.2372813,-1.3355735937754314
1710527559.2373948,-1.2525657812754314
1710527559.2375083,-1.1671062310536702
1710527559.2376218,-1.0774437586466472
1710527559.237735,-0.983228153652615
1710527559.2378485,-0.8848095602459377
1710527559.237962,-0.7821880446539985
1710527559.2380755,-0.6757138172785441
1710527559.2381887,-0.5653869443469577
1710527559.2383022,-0.4536590973536173
1710527559.2384157,-0.34053027629852295
1710527559.2385292,-0.22670095165570575
1710527559.2386425,-0.11252137521902719
1710527559.238756,0.0020088237296375963
1710527559.2388694,0.11796229415469699
1710527559.238983,0.2360176377826267
1710527559.2390962,0.3568754924668206
1710527559.2392097,0.4812364445792304
1710527559.2393231,0.6080496311187744
1710527559.2394366,0.7369646098878648
1710527559.2395499,0.8672808938556247
1710527559.2396634,0.9947946998808119
1710527559.2397768,1.1205568578508165
1710527559.2398903,1.2442172898186576
1710527559.2400036,1.3633235295613606
1710527559.240117,1.480327977074517
1710527559.2402306,1.5962813960181341
1710527559.240344,1.7118846045600042
1710527559.2404573,1.8281883663601346
1710527559.2405708,1.945893367131551
1710527559.2406843,2.0628978146447077
1710527559.2407978,2.1785008907318115
1710527559.240911,2.2895500395033093
1710527559.2410245,2.396044996049669
1710527559.241138,2.4965847863091364
1710527559.2412512,2.590818934970432
1710527559.2413647,2.6787474420335555
1710527559.2414782,2.7621216244167752
1710527559.2415917,2.843043804168701
1710527559.241705,2.9218641916910806
1710527559.2418184,2.999283207787408
1710527559.241932,3.0742502212524414
1710527559.2420454,3.146064281463623
1710527559.2421587,3.212273385789659
1710527559.2422721,3.27287753423055
1710527559.2423856,3.325774669647217
1710527559.242499,3.372015953063965
1710527559.2426124,3.4112509091695147
1710527559.2427258,3.4445306989881725
1710527559.2428393,3.4736066394382052
1710527559.2429528,3.500930998060438
1710527559.243066,3.5247521930270724
1710527559.2431796,3.547172281477186
1710527559.243293,3.566439416673448
1710527559.2434065,3.5822033882141113
1710527559.2435198,3.592712879180908
1710527559.2436333,3.5986680454678006
1710527559.2437468,3.600069416893853
1710527559.2438602,3.596216042836507
1710527559.2439735,3.588158819410536
1710527559.244087,3.578700224558512
1710527559.2442005,3.566439416673448
1710527559.244314,3.5524270269605847
1710527559.2444272,3.537363476223416
1710527559.2445407,3.522650400797526
1710527559.2446542,3.5051345825195312
1710527559.2447677,3.4869183434380426
1710527559.244881,3.4669505225287542
1710527559.2449944,3.445231384701199
1710527559.245108,3.4217604001363116
1710527559.2452214,3.396537833743625
1710527559.2453346,3.369563685523139
1710527559.245448,3.341889116499159
1710527559.2455616,3.31351359685262
1710527559.2456748,3.284788131713867
1710527559.2457883,3.257463773091634
1710527559.2459018,3.230489624871148
1710527559.2460153,3.2052670584784613
1710527559.2461286,3.1803949673970537
1710527559.246242,3.1562232971191406
1710527559.2463555,3.1324021021525064
1710527559.246469,3.1075300110710993
1710527559.2465823,3.082657655080159
1710527559.2466958,3.056734667883979
1710527559.2468092,3.03011073006524
1710527559.2469227,3.0052386389838324
1710527559.247036,2.9803665479024253
1710527559.2471495,2.9575962490505643
1710527559.247263,2.9372779528299966
1710527559.2473764,2.918711503346761
1710527559.2474897,2.902947266896566
1710527559.2476032,2.886833084954156
1710527559.2477167,2.8710688485039606
1710527559.2478302,2.854253980848524
1710527559.2479434,2.8367381625705295
1710527559.248057,2.818521923489041
1710527559.2481704,2.8006561597188315
1710527559.2482839,2.783841027153863
1710527559.248397,2.7687777413262262
1710527559.2485106,2.7565166685316296
1710527559.248624,2.746357652876112
1710527559.2487376,2.7365488476223416
1710527559.2488508,2.7284916241963706
1710527559.2489643,2.718332608540853
1710527559.2490778,2.706772221459283
1710527559.2491913,2.6938107278611922
1710527559.2493045,2.6794478628370495
1710527559.249418,2.66298320558336
1710527559.2495315,2.6479199197557235
1710527559.249645,2.6328563690185547
1710527559.2497582,2.6205952962239585
1710527559.2498717,2.607984277937147
1710527559.2499852,2.5974747869703503
1710527559.2500985,2.5852139790852866
1710527559.250212,2.5719020101759167
1710527559.2503254,2.556138038635254
1710527559.250439,2.5379215346442328
1710527559.2505522,2.5158519215053983
1710527559.2506657,2.492030726538764
1710527559.2507792,2.4664579497443304
1710527559.2508926,2.440885172949897
1710527559.251006,2.415312131245931
1710527559.2511194,2.3886884583367243
1710527559.2512329,2.362414995829264
1710527559.2513463,2.3343899514940047
1710527559.2514596,2.303212218814426
1710527559.251573,2.268881532880995
1710527559.2516866,2.2306974728902182
1710527559.2518,2.1886600388420954
1710527559.2519133,2.1434696515401206
1710527559.2520268,2.095126575893826
1710527559.2521403,2.0446815755632186
1710527559.2522538,1.9938862323760986
1710527559.252367,1.9409889645046658
1710527559.2524805,1.8863402472601996
1710527559.252594,1.830290158589681
1710527559.2527075,1.7707370387183294
1710527559.2528207,1.707680755191379
1710527559.2529342,1.6407710976070828
1710527559.2530477,1.5700079335106742
1710527559.2531612,1.4946907096438937
1710527559.2532744,1.4155201117197673
1710527559.253388,1.3331966929965549
1710527559.2535014,1.2484210067325168
1710527559.253615,1.1604924996693928
1710527559.2537282,1.0715131627188788
1710527559.2538416,0.9804319010840522
1710527559.2539551,0.8872487147649128
1710527559.2540686,0.7909127738740709
1710527559.2541819,0.6924749082989162
1710527559.2542953,0.591234564781189
1710527559.2544088,0.485440194606781
1710527559.254522,0.3754420412911309
1710527559.2546356,0.26299170321888393
1710527559.254749,0.1477388540903727
1710527559.2548625,0.030033830553293228
1710527559.2549758,-0.08835453954007891
1710527559.2550893,-0.20673703816201952
1710527559.2552028,-0.3233683109283447
1710527559.2553163,-0.4392990801069471
1710527559.2554295,-0.5555801259146796
1710527559.255543,-0.6722113821241591
1710527559.2556565,-0.7888426383336384
1710527559.25577,-0.907925632264879
1710527559.2558832,-1.0294603639178805
1710527559.2559967,-1.151695516374376
1710527559.2561102,-1.2735803922017415
1710527559.2562237,-1.3947648472256131
1710527559.256337,-1.5117463800642226
1710527559.2564504,-1.6248752011193168
1710527559.256564,-1.7348518636491563
1710527559.2566774,-1.8409758143954806
1710527559.2567906,-1.944297817018297
1710527559.2569041,-2.045518424775865
1710527559.2570176,-2.1470891104804144
1710527559.257131,-2.247959507836236
1710527559.2572443,-2.348129219479031
1710527559.2573578,-2.4465478791130915
1710527559.2574713,-2.5421645906236434
1710527559.2575848,-2.6325273513793945
1710527559.257698,-2.716586059994168
1710527559.2578115,-2.7950406074523926
1710527559.257925,-2.8678915235731335
1710527559.2580385,-2.9344378577338324
1710527559.2581518,-2.9988826645745172
1710527559.2582653,-3.0591246816847057
1710527559.2583787,-3.1186662779914007
1710527559.2584922,-3.174705240461561
1710527559.2586055,-3.228993150922987
1710527559.258719,-3.2797784275478787
1710527559.2588325,-3.324960072835286
1710527559.2589457,-3.3641873465643988
1710527559.2590592,-3.397810724046495
1710527559.2591727,-3.4251297844780817
1710527559.2592862,-3.4478955798678927
1710527559.2593994,-3.466458585527208
1710527559.259513,-3.481869167751736
1710527559.2596264,-3.4948282771640353
1710527559.2597399,-3.506736490461561
1710527559.2598531,-3.515492810143365
1710527559.2599666,-3.5221473375956216
1710527559.26008,-3.525299496120877
1710527559.2601936,-3.5256497065226235
1710527559.2603068,-3.5214469167921276
1710527559.2604203,-3.5130410724216037
1710527559.2605338,-3.5011325942145453
1710527559.2606473,-3.487473063998752
1710527559.2607605,-3.4713620609707303
1710527559.260874,-3.4534994761149087
1710527559.2609875,-3.435286945766873
1710527559.261101,-3.4170741505093045
1710527559.2612143,-3.397810724046495
1710527559.2613277,-3.3795979287889266
1710527559.2614412,-3.3596340815226235
1710527559.2615547,-3.3396702342563205
1710527559.261668,-3.31795507007175
1710527559.2617815,-3.295189274681939
1710527559.261895,-3.2713725831773544
1710527559.2620084,-3.246155050065782
1710527559.2621217,-3.220587306552463
1710527559.2622352,-3.1943188773261175
1710527559.2623487,-3.1691013442145453
1710527559.2624621,-3.145284652709961
1710527559.2625754,-3.1228690677218967
1710527559.2626889,-3.1032554308573403
1710527559.2628024,-3.0825911627875433
1710527559.2629158,-3.063327736324734
1710527559.263029,-3.0440643098619247
1710527559.2631426,-3.0233997768825955
1710527559.263256,-3.0009841918945312
1710527559.2633693,-2.978568606906467
1710527559.2634828,-2.955802811516656
1710527559.2635963,-2.9337374369303384
1710527559.2637098,-2.91412353515625
1710527559.263823,-2.8966114256117077
1710527559.2639365,-2.881901264190674
1710527559.26405,-2.8689421547783747
1710527559.2641635,-2.8570339414808483
1710527559.2642767,-2.844074832068549
1710527559.2643902,-2.830415301852756
1710527559.2645037,-2.815705140431722
1710527559.2646172,-2.799593872494168
1710527559.2647305,-2.7831323941548667
1710527559.264844,-2.766670915815565
1710527559.2649574,-2.7519607543945312
1710527559.265071,-2.740052276187473
1710527559.2651842,-2.7298953798082137
1710527559.2652977,-2.7221899562411838
1710527559.2654111,-2.71378411187066
1710527559.2655246,-2.7060786883036294
1710527559.2656379,-2.6952211062113443
1710527559.2657514,-2.682612207200792
1710527559.2658648,-2.6689529418945312
1710527559.2659783,-2.652140988243951
1710527559.2660916,-2.6360299852159286
1710527559.266205,-2.6206191380818686
1710527559.2663186,-2.6066093974643283
1710527559.266432,-2.593300077650282
1710527559.2665453,-2.58069117863973
1710527559.2666588,-2.567732334136963
1710527559.2667723,-2.5526716974046493
1710527559.2668858,-2.5344591670566134
1710527559.266999,-2.513444423675537
1710527559.2671125,-2.488927311367459
1710527559.267226,-2.4609078301323786
1710527559.2673395,-2.431487242380778
1710527559.2674527,-2.400315602620443
1710527559.2675662,-2.369494173261854
1710527559.2676797,-2.3376218477884927
1710527559.267793,-2.3053995768229165
1710527559.2679064,-2.271425724029541
1710527559.26802,-2.2350003984239364
1710527559.2681334,-2.195422781838311
1710527559.2682467,-2.1512920326656766
1710527559.2683601,-2.104009124967787
1710527559.2684736,-2.0528735054863825
1710527559.268587,-1.9971847534179688
1710527559.2687004,-1.939744684431288
1710527559.2688138,-1.879152456919352
1710527559.2689273,-1.8168090449439154
1710527559.2690408,-1.7523641056484647
1710527559.269154,-1.6868684026930068
1710527559.2692676,-1.61822067366706
1710527559.269381,-1.546770864062839
1710527559.2694945,-1.4721688959333632
1710527559.2696078,-1.3930136627621121
1710527559.2697213,-1.308955086602105
1710527559.2698348,-1.221043798658583
1710527559.2699482,-1.1289297209845648
1710527559.2700615,-1.0340134965048895
1710527559.270175,-0.9355949030982124
1710527559.2702885,-0.8368260992897881
1710527559.270402,-0.7352553473578559
1710527559.2705152,-0.6336845291985406
1710527559.2706287,-0.5282610985967848
1710527559.2707422,-0.42283763488133747
1710527559.2708557,-0.31426194641325206
1710527559.270969,-0.2018336123890347
1710527559.2710824,-0.08590282665358649
1710527559.271196,0.03493820627530416
1710527559.2713094,0.15859855545891655
1710527559.2714226,0.28401046991348267
1710527559.271536,0.4108236233393351
1710527559.2716496,0.5379870865080092
1710527559.271763,0.6623480717341105
1710527559.2718763,0.7846071322758992
1710527559.2719898,0.9065159161885579
1710527559.2721033,1.0270234611299303
1710527559.2722166,1.1478813489278157
1710527559.27233,1.2697900666130912
1710527559.2724435,1.3938007089826796
1710527559.272557,1.5181616942087808
1710527559.2726703,1.6435735755496554
1710527559.2727838,1.7665333218044705
1710527559.2728972,1.8859899044036865
1710527559.2730107,2.000542084376017
1710527559.273124,2.1098396513197155
1710527559.2732375,2.2135321299235025
1710527559.273351,2.3123203383551703
1710527559.2734644,2.4093569649590387
1710527559.2735777,2.5046420097351074
1710527559.2736912,2.5985256830851235
1710527559.2738047,2.692059146033393
1710527559.2739182,2.783841027153863
1710527559.2740314,2.8717695342169867
1710527559.274145,2.9551439815097384
1710527559.2742584,3.0318623118930392
1710527559.2743719,3.1012243694729276
1710527559.274485,3.1635798348320856
1710527559.2745986,3.2203306092156305
1710527559.274712,3.2721768485175238
1710527559.2748256,3.3212206098768444
1710527559.2749388,3.366410997178819
1710527559.2750523,3.4098498026529946
1710527559.2751658,3.4511865509880915
1710527559.2752793,3.488669925265842
1710527559.2753925,3.5212490293714733
1710527559.275506,3.5482231775919595
1710527559.2756195,3.568891684214274
1710527559.275733,3.583604759640164
1710527559.2758462,3.593063089582655
1710527559.2759597,3.5986680454678006
1710527559.2760732,3.6004196272956
1710527559.2761867,3.601120313008626
1710527559.2763,3.5983178350660534
1710527559.2764134,3.595165146721734
1710527559.276527,3.5888595051235623
1710527559.2766402,3.581152492099338
1710527559.2767537,3.569942580329047
1710527559.2768672,3.5566306114196777
1710527559.2769806,3.539465268452962
1710527559.277094,3.519497447543674
1710527559.2772074,3.4977780448065863
1710527559.2773209,3.4729059537251787
1710527559.2774343,3.4480338626437717
1710527559.2775476,3.4217604001363116
1710527559.277661,3.3958371480305987
1710527559.2777746,3.3699141608344183
1710527559.277888,3.3446915944417315
1710527559.2780013,3.319118817647298
1710527559.2781148,3.2928453551398382
1710527559.2782283,3.2679729991488986
1710527559.2783418,3.240999115837945
1710527559.278455,3.2136747572157116
1710527559.2785685,3.185299237569173
1710527559.278682,3.157274193233914
1710527559.2787955,3.1292494138081866
1710527559.2789087,3.102275265587701
1710527559.2790222,3.075651592678494
1710527559.2791357,3.051830132802327
1710527559.2792492,3.0311618910895453
1710527559.2793624,3.0097926987542047
1710527559.279476,2.990525563557943
1710527559.2795894,2.9719588491651745
1710527559.279703,2.9516408178541393
1710527559.2798162,2.931322786543104
1710527559.2799296,2.9106542799207897
1710527559.2800431,2.8896355628967285
1710527559.2801566,2.868967056274414
1710527559.2802699,2.849699921078152
1710527559.2803833,2.832184102800157
1710527559.2804968,2.817821502685547
1710527559.2806103,2.80415932337443
1710527559.2807236,2.79259893629286
1710527559.280837,2.78103854921129
1710527559.2809505,2.769127951727973
1710527559.2810638,2.7558159828186035
1710527559.2811773,2.7404022216796875
1710527559.2812908,2.7249884605407715
1710527559.2814043,2.7088742785983615
1710527559.2815175,2.6938107278611922
1710527559.281631,2.680849234263102
1710527559.2817445,2.6699895328945584
1710527559.281858,2.6601807276407876
1710527559.2819712,2.6510726081000433
1710527559.2820847,2.6423146989610458
1710527559.2821982,2.630053891075982
1710527559.2823117,2.6163917117648654
1710527559.282425,2.60062747531467
1710527559.2825384,2.5817108154296875
1710527559.282652,2.5620932049221463
1710527559.2827654,2.541775173611111
1710527559.2828786,2.522858248816596
1710527559.2829921,2.503591113620334
1710527559.2831056,2.4843237135145397
1710527559.283219,2.465056578318278
1710527559.2833323,2.4436876508924694
1710527559.2834458,2.4205668767293296
1710527559.2835593,2.393242518107096
1710527559.2836728,2.3627654711405435
1710527559.283786,2.328434785207113
1710527559.2838995,2.291651831732856
1710527559.284013,2.253467771742079
1710527559.2841265,2.212481233808729
1710527559.2842398,2.171845038731893
1710527559.2843533,2.129807472229004
1710527559.2844667,2.0860184563530817
1710527559.2845802,2.0401275157928467
1710527559.2846935,1.9903830687204995
1710527559.284807,1.9371355904473198
1710527559.2849205,1.8793339199490018
1710527559.285034,1.8183795611063638
1710527559.2851472,1.7521704567803276
1710527559.2852607,1.6835092173682318
1710527559.2853742,1.6116951571570501
1710527559.2854874,1.5381295151180692
1710527559.285601,1.4624619483947754
1710527559.2857144,1.3846925894419353
1710527559.2858279,1.3051716486612956
1710527559.2859411,1.2228482299380832
1710527559.2860546,1.1370216475592718
1710527559.286168,1.048742863867018
1710527559.2862816,0.9562602970335219
1710527559.2863948,0.8588733938005235
1710527559.2865083,0.7590343554814656
1710527559.2866218,0.6556920872794257
1710527559.2867353,0.5498977171050178
1710527559.2868485,0.4427020748456319
1710527559.286962,0.33480577998691136
1710527559.2870755,0.22515793641408283
1710527559.287189,0.11551010111967722
1710527559.2873023,0.004461011849343777
1710527559.2874157,-0.10726771420902675
1710527559.2875292,-0.22109703885184392
1710527559.2876427,-0.3373780846595764
1710527559.287756,-0.45541031493080986
1710527559.2878695,-0.5758942498101128
1710527559.287983,-0.6991801659266154
1710527559.2880964,-0.8224660820431179
1710527559.2882097,-0.9436505370669894
1710527559.2883232,-1.0637842284308539
1710527559.2884367,-1.1804155508677165
1710527559.2885501,-1.2952955563863118
1710527559.2886634,-1.4077239566379123
1710527559.2887769,-1.5191015932295058
1710527559.2888904,-1.630829440222846
1710527559.2890038,-1.7422070768144395
1710527559.289117,-1.8549855550130208
1710527559.2892306,-1.9670637448628743
1710527559.289344,-2.0770402749379477
1710527559.2894576,-2.184915542602539
1710527559.2895708,-2.286486360761854
1710527559.2896843,-2.3835039138793945
1710527559.2897978,-2.4745673603481717
1710527559.289911,-2.5610775417751737
1710527559.2900245,-2.6426845126681857
1710527559.290138,-2.721839745839437
1710527559.2902515,-2.7981927659776473
1710527559.2903647,-2.8741958406236434
1710527559.2904782,-2.9477471775478787
1710527559.2905917,-3.0167452494303384
1710527559.2907052,-3.083641793992784
1710527559.2908185,-3.1428329149881997
1710527559.290932,-3.1971208254496255
1710527559.2910454,-3.243353101942274
1710527559.291159,-3.2857325341966415
1710527559.2912722,-3.321107228597005
1710527559.2913857,-3.3540301852756076
1710527559.2914991,-3.384151193830702
1710527559.2916126,-3.412170675065782
1710527559.2917259,-3.4377384185791016
1710527559.2918394,-3.461204899681939
1710527559.2919528,-3.481869167751736
1710527559.2920663,-3.4976302252875433
1710527559.2921796,-3.5084878073798285
1710527559.292293,-3.5151425997416177
1710527559.2924066,-3.5175940725538464
1710527559.29252,-3.515492810143365
1710527559.2926333,-3.5109395451015897
1710527559.2927468,-3.5032341215345593
1710527559.2928603,-3.494478066762288
1710527559.2929738,-3.484320905473497
1710527559.293087,-3.473113112979465
1710527559.2932005,-3.460504478878445
1710527559.293314,-3.446844948662652
1710527559.2934275,-3.4317843119303384
1710527559.2935407,-3.4135717815823026
1710527559.2936542,-3.3939581447177463
1710527559.2937677,-3.3718927701314287
1710527559.2938812,-3.3480760786268444
1710527559.2939944,-3.322858545515272
1710527559.294108,-3.296940326690674
1710527559.2942214,-3.2710223727756076
1710527559.2943347,-3.245454629262288
1710527559.2944481,-3.22093751695421
1710527559.2945616,-3.1978212462531195
1710527559.294675,-3.1750554508633084
1710527559.2947884,-3.152990076276991
1710527559.2949018,-3.13022428088718
1710527559.2950153,-3.1071080101860895
1710527559.2951288,-3.08294137318929
1710527559.295242,-3.058074050479465
1710527559.2953556,-3.0325060420566134
1710527559.295469,-3.008689615461561
1710527559.2955825,-2.985223134358724
1710527559.2956958,-2.96420865588718
1710527559.2958093,-2.9456456502278647
1710527559.2959228,-2.9295343822903104
1710527559.2960362,-2.9151744312710233
1710527559.2961495,-2.900814480251736
1710527559.296263,-2.8864542643229165
1710527559.2963765,-2.8706934716966415
1710527559.29649,-2.8538817829555936
1710527559.2966032,-2.836369408501519
1710527559.2967167,-2.818857298956977
1710527559.2968302,-2.8027460310194225
1710527559.2969437,-2.7894367112053766
1710527559.297057,-2.7782289187113443
1710527559.2971704,-2.7691226535373263
1710527559.297284,-2.7614172299702964
1710527559.2973974,-2.7547627025180392
1710527559.2975106,-2.7470572789510093
1710527559.297624,-2.735849486456977
1710527559.2977376,-2.724641693962945
1710527559.297851,-2.710982163747152
1710527559.2979643,-2.6969724231296115
1710527559.2980778,-2.682612207200792
1710527559.2981913,-2.6689529418945312
1710527559.2983048,-2.657744884490967
1710527559.298418,-2.647938198513455
1710527559.2985315,-2.638831933339437
1710527559.298645,-2.6286747720506454
1710527559.2987583,-2.6167665587531195
1710527559.2988718,-2.602056132422553
1710527559.2989852,-2.583493126763238
1710527559.2990987,-2.5635292794969344
1710527559.299212,-2.5407634841071234
1710527559.2993255,-2.517297003004286
1710527559.299439,-2.493480576409234
1710527559.2995524,-2.4703643057081432
1710527559.2996657,-2.448298931121826
1710527559.2997792,-2.424832714928521
1710527559.2998927,-2.3999653922186956
1710527559.3000062,-2.3726463317871094
1710527559.3001194,-2.341824902428521
1710527559.300233,-2.3075008392333984
1710527559.3003464,-2.26897398630778
1710527559.3004599,-2.227645185258653
1710527559.300573,-2.182814015282525
1710527559.3006866,-2.1362315283881292
1710527559.3008,-2.088248199886746
1710527559.3009136,-2.037112580405341
1710527559.3010268,-1.9866773817274306
1710527559.3011403,-1.9327398141225178
1710527559.3012538,-1.875649955537584
1710527559.3013673,-1.8150577280256484
1710527559.3014805,-1.7499123679267035
1710527559.301594,-1.6802138752407498
1710527559.3017075,-1.6059621175130208
1710527559.301821,-1.5275074376000297
1710527559.3019342,-1.4455502563052707
1710527559.3020477,-1.3611414697435167
1710527559.3021612,-1.2742809454600017
1710527559.3022747,-1.1849686834547255
1710527559.302388,-1.0942555136150784
1710527559.3025014,-1.0024915801154242
1710527559.302615,-0.906874934832255
1710527559.3027284,-0.8091568284564548
1710527559.3028417,-0.7089870505862765
1710527559.3029552,-0.6039137972725762
1710527559.3030686,-0.4946376548873054
1710527559.303182,-0.38185907734764946
1710527559.3032954,-0.265578031539917
1710527559.3034089,-0.14754578471183777
1710527559.3035223,-0.02846280319823159
1710527559.3036356,0.09063791069719526
1710527559.303749,0.20939388208919102
1710527559.3038626,0.3267485896746318
1710527559.303976,0.44445362355973983
1710527559.3040893,0.564260549015469
1710527559.3042028,0.6844177511003282
1710527559.3043163,0.8084283934699165
1710527559.3044298,0.9345409605238173
1710527559.304543,1.0631056626637776
1710527559.3046565,1.1916703648037381
1710527559.30477,1.3191841708289251
1710527559.3048835,1.4438954989115398
1710527559.3049967,1.5644029776255288
1710527559.3051102,1.6807067394256592
1710527559.3052237,1.7931571271684434
1710527559.3053372,1.9028049045138888
1710527559.3054504,2.011752128601074
1710527559.305564,2.1203490098317466
1710527559.3056774,2.2292963663736978
1710527559.305791,2.338243590460883
1710527559.3059042,2.44508875740899
1710527559.3060176,2.5473801294962564
1710527559.3061311,2.645467652214898
1710527559.3062446,2.7372495333353677
1710527559.3063579,2.8209741910298667
1710527559.3064713,2.899794578552246
1710527559.3065848,2.972659534878201
1710527559.3066983,3.041320906745063
1710527559.3068116,3.1068293253580728
1710527559.306925,3.17093637254503
1710527559.3070385,3.2332921028137207
1710527559.307152,3.291794459025065
1710527559.3072653,3.3457424905565047
1710527559.3073788,3.3944360415140786
1710527559.3074923,3.4357727898491754
1710527559.3076055,3.4708041614956326
1710527559.307719,3.4988292058308916
1710527559.3078325,3.5215995046827526
1710527559.307946,3.5398157437642412
1710527559.3080592,3.554879029591878
1710527559.3081727,3.5685412089029946
1710527559.3082862,3.580802281697591
1710527559.3083997,3.5899104012383356
1710527559.308513,3.596566253238254
1710527559.3086264,3.59901852077908
1710527559.30874,3.59901852077908
1710527559.3088534,3.5944644610087075
1710527559.3089666,3.585005866156684
1710527559.3090801,3.572394847869873
1710527559.3091936,3.556981086730957
1710527559.309307,3.539465268452962
1710527559.3094203,3.5205483436584473
1710527559.3095338,3.5016316837734647
1710527559.3096473,3.481313387552897
1710527559.3097608,3.4599444601270886
1710527559.309874,3.4378745820787215
1710527559.3099875,3.415104283226861
1710527559.310101,3.3912830882602267
1710527559.3102145,3.36606052186754
1710527559.3103278,3.339436848958333
1710527559.3104413,3.3107111189100475
1710527559.3105547,3.2823358641730414
1710527559.3106682,3.253610399034288
1710527559.3107815,3.224534193674723
1710527559.310895,3.1954582532246905
1710527559.3110085,3.1691850556267633
1710527559.311122,3.1429115931193032
1710527559.3112352,3.119090133243137
1710527559.3113487,3.096319834391276
1710527559.3114622,3.0749509069654675
1710527559.3115757,3.0511297119988336
1710527559.311689,3.029410309261746
1710527559.3118024,3.005588849385579
1710527559.3119159,2.9817676544189453
1710527559.3120291,2.9582966698540583
1710527559.3121426,2.9358768463134766
1710527559.312256,2.914858129289415
1710527559.3123696,2.896291414896647
1710527559.3124828,2.881227864159478
1710527559.3125963,2.8675656848483615
1710527559.3127098,2.853903505537245
1710527559.3128233,2.8409420119391546
1710527559.3129365,2.826929622226291
1710527559.31305,2.812216281890869
1710527559.3131635,2.796102099948459
1710527559.313277,2.7792869673834906
1710527559.3133903,2.7638732062445746
1710527559.3135037,2.749860816531711
1710527559.3136172,2.737950219048394
1710527559.3137307,2.72709051767985
1710527559.313844,2.718332608540853
1710527559.3139575,2.7102753851148815
1710527559.314071,2.7022181616889105
1710527559.3141844,2.691358460320367
1710527559.3142977,2.6783969667222762
1710527559.3144112,2.6636838912963867
1710527559.3145247,2.6472192340426974
1710527559.3146381,2.630404101477729
1710527559.3147514,2.6139394442240396
1710527559.3148649,2.5985256830851235
1710527559.3149784,2.584162818060981
1710527559.3150918,2.5701504283481174
1710527559.315205,2.555086877610948
1710527559.3153186,2.5386222203572593
1710527559.315432,2.51900487475925
1710527559.3155456,2.4965847863091364
1710527559.3156588,2.471012009514703
1710527559.3157723,2.442286279466417
1710527559.3158858,2.411809232499864
1710527559.3159993,2.380281024509006
1710527559.3161125,2.3484026061164007
1710527559.316226,2.3158235020107694
1710527559.3163395,2.282894187503391
1710527559.3164527,2.2482130262586804
1710527559.3165662,2.211079994837443
1710527559.3166797,2.1707940101623535
1710527559.3167932,2.126654651429918
1710527559.3169065,2.0783115757836237
1710527559.31702,2.026815546883477
1710527559.3171334,1.9714661439259846
1710527559.317247,1.914715501997206
1710527559.3173602,1.8548120392693412
1710527559.3174736,1.7938576804267035
1710527559.3175871,1.7311517397562661
1710527559.3177006,1.6666942172580295
1710527559.3178139,1.599083873960707
1710527559.3179274,1.5286710527208116
1710527559.3180408,1.4537041717105441
1710527559.3181543,1.3748839166429307
1710527559.3182676,1.2918598122066922
1710527559.318381,1.2042816480000813
1710527559.3184946,1.1135506629943848
1710527559.318608,1.0196669234169853
1710527559.3187213,0.9236812591552734
1710527559.3188348,0.8255937364366319
1710527559.3189483,0.7250540124045478
1710527559.3190618,0.6241640117433336
1710527559.319175,0.5218727058834499
1710527559.3192885,0.41677892208099365
1710527559.319402,0.30958327982160777
1710527559.3195155,0.1999354362487793
1710527559.3196287,0.08678447041246626
1710527559.3197422,-0.029513535814152822
1710527559.3198557,-0.14789602822727627
1710527559.3199692,-0.26767949263254803
1710527559.3200824,-0.387813217110104
1710527559.320196,-0.506545967525906
1710527559.3203094,-0.6242279873953925
1710527559.320423,-0.7412094540066189
1710527559.3205361,-0.8557393153508503
1710527559.3206496,-0.9702691104676988
1710527559.320763,-1.0851491159862943
1710527559.3208764,-1.2014301617940266
1710527559.3209898,-1.3191122478908963
1710527559.3211033,-1.4371444119347465
1710527559.3212168,-1.5562274720933702
1710527559.32133,-1.6728586620754666
1710527559.3214436,-1.7866880363888211
1710527559.321557,-1.8963143560621474
1710527559.3216705,-2.001387675603231
1710527559.3217838,-2.10295836130778
1710527559.3218973,-2.200326257281833
1710527559.3220108,-2.2952424155341253
1710527559.3221242,-2.3887575997246637
1710527559.3222375,-2.4822727839152017
1710527559.322351,-2.5743868615892196
1710527559.3224645,-2.664749887254503
1710527559.322578,-2.751610279083252
1710527559.3226912,-2.834618356492784
1710527559.3228047,-2.911321587032742
1710527559.3229182,-2.981370555029975
1710527559.3230317,-3.045114941067166
1710527559.323145,-3.1032554308573403
1710527559.3232584,-3.156492445203993
1710527559.323372,-3.20692777633667
1710527559.3234854,-3.2545608944363065
1710527559.3235986,-3.300793170928955
1710527559.323712,-3.3428223927815752
1710527559.3238256,-3.3823998769124346
1710527559.323939,-3.4174243609110513
1710527559.3240523,-3.446844948662652
1710527559.3241658,-3.470661375257704
1710527559.3242793,-3.4878235393100314
1710527559.3243928,-3.5018332799275713
1710527559.324506,-3.5098889138963485
1710527559.3246195,-3.515492810143365
1710527559.324733,-3.5186449686686196
1710527559.3248465,-3.5196955998738604
1710527559.3249598,-3.5200458102756076
1710527559.3250732,-3.5175940725538464
1710527559.3251867,-3.5123406516181097
1710527559.3253,-3.5053356488545733
1710527559.3254135,-3.4948282771640353
1710527559.325527,-3.481518957349989
1710527559.3256404,-3.4654076894124346
1710527559.3257537,-3.4461442629496255
1710527559.3258672,-3.4247795740763345
1710527559.3259807,-3.403064409891764
1710527559.3260942,-3.379948139190674
1710527559.3262074,-3.3568321333991156
1710527559.326321,-3.3340663380093045
1710527559.3264344,-3.311300542619493
1710527559.3265479,-3.2895853784349227
1710527559.326661,-3.2671697934468584
1710527559.3267746,-3.245454629262288
1710527559.326888,-3.221988148159451
1710527559.3270016,-3.1974710358513727
1710527559.3271148,-3.1715530819363065
1710527559.3272283,-3.1456348631117077
1710527559.3273418,-3.1193666987948947
1710527559.3274553,-3.0934487448798285
1710527559.3275685,-3.069632053375244
1710527559.327682,-3.04721646838718
1710527559.3277955,-3.0265519354078503
1710527559.327909,-3.007638719346788
1710527559.3280222,-2.989776399400499
1710527559.3281357,-2.9712133937411838
1710527559.3282492,-2.9519499672783747
1710527559.3283627,-2.931986120012071
1710527559.328476,-2.910971376630995
1710527559.3285894,-2.889606687757704
1710527559.328703,-2.8689421547783747
1710527559.3288164,-2.850379149119059
1710527559.3289297,-2.833567460378011
1710527559.3290431,-2.820608615875244
1710527559.3291566,-2.8094005584716797
1710527559.3292701,-2.7992436620924206
1710527559.3293834,-2.7894367112053766
1710527559.3294969,-2.7789293395148382
1710527559.3296103,-2.7663207054138184
1710527559.3297236,-2.753011385599772
1710527559.329837,-2.739351855383979
1710527559.3299506,-2.7242914835611978
1710527559.330064,-2.7116825845506454
1710527559.3301773,-2.70082500245836
1710527559.3302908,-2.6917187372843423
1710527559.3304043,-2.6847137345208063
1710527559.3305178,-2.6777089966668024
1710527559.330631,-2.671054204305013
1710527559.3307445,-2.661247518327501
1710527559.330858,-2.648638619316949
1710527559.3309715,-2.6339284578959146
1710527559.3310847,-2.6171167691548667
1710527559.3311982,-2.5982035530938044
1710527559.3313117,-2.5810416539510093
1710527559.3314252,-2.562128437889947
1710527559.3315384,-2.5463673803541393
1710527559.331652,-2.5288552708095975
1710527559.3317654,-2.513444423675537
1710527559.331879,-2.4945312076144748
1710527559.3319921,-2.4735167291429305
1710527559.3321056,-2.447948720720079
1710527559.3322191,-2.419579029083252
1710527559.3323326,-2.3884073893229165
1710527559.3324459,-2.3533829053243003
1710527559.3325593,-2.3169575797186956
1710527559.3326728,-2.279481357998318
1710527559.3327863,-2.242005401187473
1710527559.3328996,-2.202427652147081
1710527559.333013,-2.1617994043562145
1710527559.3331265,-2.119419839647081
1710527559.33324,-2.0728373527526855
1710527559.3333533,-2.023102707333035
1710527559.3334668,-1.9691651397281222
1710527559.3335803,-1.9110246499379475
1710527559.3336937,-1.8486812379625108
1710527559.333807,-1.782835324605306
1710527559.3339205,-1.714888016382853
1710527559.334034,-1.6441386275821261
1710527559.3341472,-1.5719883971744113
1710527559.3342607,-1.4973864290449355
1710527559.3343742,-1.4217336972554524
1710527559.3344877,-1.3422282536824544
1710527559.334601,-1.2595706515842013
1710527559.3347144,-1.1741111013624403
1710527559.334828,-1.0837481419245403
1710527559.3349414,-0.989532536930508
1710527559.3350546,-0.8897129694620768
1710527559.3351681,-0.7867411772410074
1710527559.3352816,-0.6809675031238132
1710527559.335395,-0.5723918146557277
1710527559.3355083,-0.4631156722704569
1710527559.3356218,-0.3531390428543091
1710527559.3357353,-0.24141119586096868
1710527559.3358488,-0.1300335841046439
1710527559.335962,-0.015854016981191106
1710527559.3360755,0.10009634825918409
1710527559.336189,0.21920262111557853
1710527559.3363025,0.3421623508135478
1710527559.3364158,0.4693258139822218
1710527559.3365293,0.5961389674080743
1710527559.3366427,0.7254042890336778
1710527559.3367562,0.8543193340301514
1710527559.3368695,0.9800815582275391
1710527559.336983,1.1023406849967108
1710527559.3370965,1.2231985727945964
1710527559.33721,1.3405532307094998
1710527559.3373232,1.4575576782226562
1710527559.3374367,1.5752626789940727
1710527559.3375502,1.6940185758802626
1710527559.3376637,1.8131249480777316
1710527559.337777,1.9329318735334609
1710527559.3378904,2.0506368743048773
1710527559.3380039,2.164838711420695
1710527559.3381174,2.2744864887661405
1710527559.3382306,2.377128071255154
1710527559.338344,2.4738144874572754
1710527559.3384576,2.565596368577745
1710527559.3385708,2.65317440032959
1710527559.3386843,2.7390011151631675
1710527559.3387978,2.822375562455919
1710527559.3389113,2.9053995344373913
1710527559.3390245,2.9866721895005965
1710527559.339138,3.064091205596924
1710527559.3392515,3.1366059515211315
1710527559.339365,3.202815055847168
1710527559.3394783,3.262017832862006
1710527559.3395917,3.3138640721638994
1710527559.3397052,3.3590544594658747
1710527559.3398187,3.3993403116861978
1710527559.339932,3.4354225794474282
1710527559.3400455,3.4680016835530596
1710527559.340159,3.4988292058308916
1710527559.3402724,3.526853985256619
1710527559.3403857,3.5513758659362793
1710527559.3404992,3.5720443725585938
1710527559.3406126,3.588158819410536
1710527559.3407261,3.5976171493530273
1710527559.3408394,3.6021712091233993
1710527559.3409529,3.6014707883199053
1710527559.3410664,3.59726693895128
1710527559.3411798,3.5895599259270563
1710527559.341293,3.5790506998697915
1710527559.3414066,3.5674903127882214
1710527559.34152,3.554528819190131
1710527559.3416336,3.5401659541659884
1710527559.3417468,3.524051507314046
1710527559.3418603,3.50723663965861
1710527559.3419738,3.4883197148640948
1710527559.3420873,3.465899626413981
1710527559.3422005,3.442779117160373
1710527559.342314,3.4172063403659396
1710527559.3424275,3.3905824025472002
1710527559.342541,3.3625573582119412
1710527559.3426542,3.3341821034749346
1710527559.3427677,3.3061570591396756
1710527559.3428812,3.2788327005174422
1710527559.3429945,3.252909713321262
1710527559.343108,3.226636250813802
1710527559.3432214,3.201763894822862
1710527559.343335,3.1779426998562283
1710527559.3434482,3.1527201334635415
1710527559.3435616,3.1278480423821344
1710527559.3436751,3.102275265587701
1710527559.3437886,3.0760018030802407
1710527559.3439019,3.049728340572781
1710527559.3440154,3.023805088467068
1710527559.3441288,2.999283207787408
1710527559.3442423,2.976512908935547
1710527559.3443556,2.9565450880262585
1710527559.344469,2.938679324256049
1710527559.3445826,2.9218641916910806
1710527559.344696,2.906100220150418
1710527559.3448093,2.8903362486097546
1710527559.3449228,2.873871326446533
1710527559.3450363,2.8563557730780706
1710527559.3451498,2.838139533996582
1710527559.345263,2.819573084513346
1710527559.3453765,2.803108162350125
1710527559.34549,2.788044876522488
1710527559.3456035,2.7754335933261447
1710527559.3457167,2.764573891957601
1710527559.3458302,2.7547650867038302
1710527559.3459437,2.745656967163086
1710527559.3460572,2.735147741105821
1710527559.3461704,2.723937564425998
1710527559.346284,2.711326281229655
1710527559.3463974,2.6966132058037653
1710527559.346511,2.6811994446648493
1710527559.3466241,2.6668365796407065
1710527559.3467376,2.65317440032959
1710527559.346851,2.6416142781575522
1710527559.3469646,2.6311047871907554
1710527559.3470778,2.620945771535238
1710527559.3471913,2.610436280568441
1710527559.3473048,2.598175472683377
1710527559.347418,2.5831119219462075
1710527559.3475316,2.565596368577745
1710527559.347645,2.5445776515536838
1710527559.3477585,2.5225077735053167
1710527559.3478718,2.4986865785386825
1710527559.3479853,2.4745151731703015
1710527559.3480988,2.4510441886054144
1710527559.3482122,2.426522307925754
1710527559.3483255,2.4016499519348145
1710527559.348439,2.3750262790256076
1710527559.3485525,2.345950338575575
1710527559.348666,2.3140719201829696
1710527559.3487792,2.2769387563069663
1710527559.3488927,2.2363024287753634
1710527559.3490062,2.1935644414689803
1710527559.3491197,2.1466224723392062
1710527559.349233,2.098979949951172
1710527559.3493464,2.0499361885918512
1710527559.34946,1.9987906350029838
1710527559.3495734,1.9469442632463243
1710527559.3496866,1.8929962317148843
1710527559.3498,1.8362455897861056
1710527559.3499136,1.7759917842017279
1710527559.350027,1.710833575990465
1710527559.3501403,1.6425226794348822
1710527559.3502538,1.5700079335106742
1710527559.3503673,1.4932894706726074
1710527559.3504808,1.414469215604994
1710527559.350594,1.3328463501400418
1710527559.3507075,1.24877134958903
1710527559.350821,1.1636453204684787
1710527559.3509345,1.076067222489251
1710527559.3510478,0.9867375426822238
1710527559.3511612,0.8942549758487277
1710527559.3512747,0.799320273929172
1710527559.3513882,0.7015830940670437
1710527559.3515015,0.5999924076928033
1710527559.351615,0.49384769466188216
1710527559.3517284,0.3841998510890537
1710527559.3518417,0.273851388030582
1710527559.3519552,0.15964948468738133
1710527559.3520687,0.0461482091082467
1710527559.3521821,-0.06874086956183116
1710527559.3522954,-0.18257018592622545
1710527559.352409,-0.2971000141567654
1710527559.3525224,-0.4102288352118598
1710527559.3526359,-0.5258093608750237
1710527559.352749,-0.6424406501981947
1710527559.3528626,-0.7608231570985582
1710527559.352976,-0.8813071250915527
1710527559.3530896,-1.0042427645789251
1710527559.3532028,-1.1282291677263048
1710527559.3533163,-1.2490634123484294
1710527559.3534298,-1.3688468933105469
1710527559.3535433,-1.4851278728908963
1710527559.3536565,-1.5972059302859836
1710527559.35377,-1.707182592815823
1710527559.3538835,-1.8143573072221544
1710527559.353997,-1.9204812579684787
1710527559.3541102,-2.025904655456543
1710527559.3542237,-2.1323789490593805
1710527559.3543372,-2.2374521361456976
1710527559.3544507,-2.341124481625027
1710527559.354564,-2.440943982866075
1710527559.3546774,-2.536210219065348
1710527559.354791,-2.6255226135253906
1710527559.3549044,-2.7081802156236434
1710527559.3550177,-2.7852339214748807
1710527559.3551311,-2.8577343622843423
1710527559.3552446,-2.9267324341668024
1710527559.3553581,-2.9925783475240073
1710527559.3554714,-3.0563227335611978
1710527559.3555849,-3.1186662779914007
1710527559.3556983,-3.178207609388563
1710527559.3558118,-3.232845730251736
1710527559.355925,-3.28363127178616
1710527559.3560386,-3.3274115456475153
1710527559.356152,-3.3655881881713867
1710527559.3562653,-3.397810724046495
1710527559.3563788,-3.4251297844780817
1710527559.3564923,-3.4478955798678927
1710527559.3566058,-3.467509216732449
1710527559.356719,-3.4857220119900174
1710527559.3568325,-3.5011325942145453
1710527559.356946,-3.515492810143365
1710527559.3570595,-3.5259999169243708
1710527559.3571727,-3.53265470928616
1710527559.3572862,-3.536157078213162
1710527559.3573997,-3.5351064470079208
1710527559.3575132,-3.529152340359158
1710527559.3576264,-3.5207464959886337
1710527559.35774,-3.5084878073798285
1710527559.3578534,-3.4937776459587946
1710527559.357967,-3.478016588422987
1710527559.3580801,-3.460854689280192
1710527559.3581936,-3.4433423148261175
1710527559.3583071,-3.4251297844780817
1710527559.3584206,-3.4055161476135254
1710527559.3585339,-3.386602931552463
1710527559.3586473,-3.3655881881713867
1710527559.3587608,-3.3442234992980957
1710527559.3588743,-3.320056597391764
1710527559.3589876,-3.295189274681939
1710527559.359101,-3.2685706350538464
1710527559.3592145,-3.241951995425754
1710527559.359328,-3.215333620707194
1710527559.3594413,-3.1887149810791016
1710527559.3595548,-3.1641978687710233
1710527559.3596683,-3.140731652577718
1710527559.3597817,-3.1190164883931475
1710527559.359895,-3.0994028515285916
1710527559.3600085,-3.078037897745768
1710527559.360122,-3.0573733647664385
1710527559.3602355,-3.0356584654914007
1710527559.3603487,-3.0132426155938044
1710527559.3604622,-2.990476820203993
1710527559.3605757,-2.967360814412435
1710527559.360689,-2.9456456502278647
1710527559.3608024,-2.9260320133633084
1710527559.360916,-2.90922032462226
1710527559.3610294,-2.894860108693441
1710527559.3611426,-2.8822514745924206
1710527559.3612561,-2.8699927859836154
1710527559.3613696,-2.8580845726860895
1710527559.361483,-2.844074832068549
1710527559.3615963,-2.829714881049262
1710527559.3617098,-2.813953823513455
1710527559.3618233,-2.797492345174154
1710527559.3619368,-2.781731287638346
1710527559.36205,-2.767371336619059
1710527559.3621635,-2.75581333372328
1710527559.362277,-2.7463568581475153
1710527559.3623905,-2.737951013776991
1710527559.3625038,-2.7305958006117077
1710527559.3626173,-2.7221899562411838
1710527559.3627307,-2.710982163747152
1710527559.3628442,-2.698723475138346
1710527559.3629575,-2.683663103315565
1710527559.363071,-2.667551835378011
1710527559.3631845,-2.6510903570387097
1710527559.363298,-2.6353292995029025
1710527559.3634112,-2.6209693484836154
1710527559.3635247,-2.6087109247843423
1710527559.3636382,-2.59610202577379
1710527559.3637516,-2.583493126763238
1710527559.363865,-2.569133175743951
1710527559.3639784,-2.5512708557976618
1710527559.3640919,-2.530956533220079
1710527559.3642054,-2.507840527428521
1710527559.3643186,-2.481922573513455
1710527559.364432,-2.453902827368842
1710527559.3645456,-2.425182925330268
1710527559.364659,-2.3964630232916937
1710527559.3647723,-2.3677428563435874
1710527559.3648858,-2.338672743903266
1710527559.3649993,-2.3082015249464245
1710527559.3651125,-2.274928357866075
1710527559.365226,-2.2385027673509383
1710527559.3653395,-2.197874519560072
1710527559.365453,-2.1533935599856906
1710527559.3655663,-2.104359335369534
1710527559.3656797,-2.0528735054863825
1710527559.3657932,-1.9975349638197157
1710527559.3659067,-1.941495868894789
1710527559.36602,-1.882654825846354
1710527559.3661335,-1.8227631515926785
1710527559.366247,-1.7611201604207356
1710527559.3663604,-1.695624589920044
1710527559.3664737,-1.627677149242825
1710527559.3665872,-1.5551767084333632
1710527559.3667006,-1.4795239766438801
1710527559.3668141,-1.398967769410875
1710527559.3669274,-1.3138585620456271
1710527559.3670409,-1.224546300040351
1710527559.3671544,-1.1324320899115667
1710527559.3672678,-1.0382164186901517
1710527559.367381,-0.9418993526034884
1710527559.3674946,-0.8448817332585652
1710527559.367608,-0.7461128632227579
1710527559.3677216,-0.6466435723834567
1710527559.3678348,-0.5436718132760789
1710527559.3679483,-0.43859859307607013
1710527559.3680618,-0.3307234247525533
1710527559.3681753,-0.2179448472128974
1710527559.3682885,-0.10166380968358782
1710527559.368402,0.017422578401035733
1710527559.3685155,0.13933135403527153
1710527559.368629,0.2622910837332408
1710527559.3687422,0.38490047057469684
1710527559.3688557,0.5064589447445339
1710527559.3689692,0.6269664896859063
1710527559.3690827,0.7467734151416354
1710527559.369196,0.8662299977408515
1710527559.3693094,0.9870878193113539
1710527559.369423,1.110748185051812
1710527559.3695362,1.2358097235361736
1710527559.3696496,1.3633235295613606
1710527559.3697631,1.4911876784430609
1710527559.3698766,1.6176504558987088
1710527559.3699899,1.740960545010037
1710527559.3701034,1.8590158886379666
1710527559.3702168,1.9732177257537842
1710527559.3703303,2.0818146069844565
1710527559.3704436,2.1865581141577826
1710527559.370557,2.2891998291015625
1710527559.3706706,2.3904400401645236
1710527559.370784,2.4909798304239907
1710527559.3708973,2.590818934970432
1710527559.3710108,2.688205771976047
1710527559.3711243,2.7827901310390897
1710527559.3712378,2.8717695342169867
1710527559.371351,2.954093085394965
1710527559.3714645,3.029410309261746
1710527559.371578,3.096670309702555
1710527559.3716915,3.1583253542582193
1710527559.3718047,3.215426074133979
1710527559.3719182,3.269724580976698
1710527559.3720317,3.3212206098768444
1710527559.3721452,3.369563685523139
1710527559.3722584,3.4154547585381403
1710527559.372372,3.4567915068732367
1710527559.3724854,3.4946253564622665
1710527559.372599,3.5247521930270724
1710527559.3727121,3.548923863304986
1710527559.3728256,3.5660892062717013
1710527559.372939,3.5794009102715387
1710527559.3730526,3.5867574479844833
1710527559.3731658,3.5913115077548556
1710527559.3732793,3.5944644610087075
1710527559.3733928,3.5958655675252276
1710527559.3735063,3.5941139856974282
1710527559.3736196,3.5906110869513617
1710527559.373733,3.5864072375827365
1710527559.3738465,3.5783500141567655
1710527559.3739598,3.566439416673448
1710527559.3740733,3.551025655534532
1710527559.3741868,3.53351010216607
1710527559.3743002,3.512140909830729
1710527559.3744135,3.489370610978868
1710527559.374527,3.4662501017252603
1710527559.3746405,3.4406773249308267
1710527559.374754,3.4154547585381403
1710527559.3748672,3.3902321921454535
1710527559.3749807,3.3650096257527666
1710527559.3750942,3.339436848958333
1710527559.3752077,3.3131633864508734
1710527559.375321,3.287240399254693
1710527559.3754344,3.260266251034207
1710527559.375548,3.231540520985921
1710527559.3756614,3.2024645805358887
1710527559.3757746,3.1737391153971353
1710527559.375888,3.1443126996358233
1710527559.3760016,3.1166381306118436
1710527559.376115,3.090014192793104
1710527559.3762283,3.065142101711697
1710527559.3763418,3.042722013261583
1710527559.3764553,3.0217032962375217
1710527559.3765688,3.0013852649264865
1710527559.376682,2.9821181297302246
1710527559.3767955,2.962150308820936
1710527559.376909,2.9414818021986218
1710527559.3770225,2.9201126098632812
1710527559.3771358,2.898743682437473
1710527559.3772492,2.8780751758151584
1710527559.3773627,2.8588080406188965
1710527559.3774762,2.841992908053928
1710527559.3775895,2.827630043029785
1710527559.377703,2.8150190247429743
1710527559.3778164,2.8045095337761774
1710527559.37793,2.79259893629286
1710527559.3780432,2.779987653096517
1710527559.3781567,2.766675684187147
1710527559.3782701,2.7519626087612576
1710527559.3783834,2.7361986372205944
1710527559.378497,2.7211350864834256
1710527559.3786104,2.706071800655789
1710527559.3787239,2.693110042148166
1710527559.378837,2.6829510264926486
1710527559.3789506,2.673142221238878
1710527559.379064,2.66473478741116
1710527559.3791776,2.654925982157389
1710527559.3792908,2.6433658599853516
1710527559.3794043,2.630053891075982
1710527559.3795178,2.6132387585110135
1710527559.3796313,2.5960734155442977
1710527559.3797445,2.576806280348036
1710527559.379858,2.557889355553521
1710527559.3799715,2.5389726956685386
1710527559.380085,2.5218073527018228
1710527559.3801982,2.503941324022081
1710527559.3803117,2.4853748745388455
1710527559.3804252,2.4657572640313044
1710527559.3805387,2.4436876508924694
1710527559.380652,2.4174141883850098
1710527559.3807654,2.3879877726236978
1710527559.380879,2.3561093542310925
1710527559.3809924,2.321078247494168
1710527559.3811057,2.2849959797329373
1710527559.3812191,2.2468119197421603
1710527559.3813326,2.2093284130096436
1710527559.3814461,2.1697431140475802
1710527559.3815594,2.129457129372491
1710527559.3816729,2.0863686667548285
1710527559.3817863,2.0404777261945934
1710527559.3818998,1.9903830687204995
1710527559.382013,1.9364349047342935
1710527559.3821266,1.8782830238342285
1710527559.38224,1.8166279792785645
1710527559.3823535,1.7521704567803276
1710527559.3824668,1.6852607991960313
1710527559.3825803,1.6165995597839355
1710527559.3826938,1.545486052831014
1710527559.382807,1.471920410792033
1710527559.3829205,1.3966031869252522
1710527559.383034,1.3184834851158989
1710527559.3831475,1.2372109625074599
1710527559.3832607,1.1513843801286485
1710527559.3833742,1.0617044236924913
1710527559.3834877,0.9681709607442219
1710527559.3836012,0.8714846769968668
1710527559.3837144,0.7709449529647827
1710527559.383828,0.6679530276192559
1710527559.3839414,0.5628593100441827
1710527559.384055,0.45671456389957005
1710527559.3841681,0.3498692313830058
1710527559.3842816,0.24232326282395256
1710527559.3843951,0.1337263567580117
1710527559.3845086,0.023027579817507002
1710527559.3846219,-0.08975551360183291
1710527559.3847353,-0.20428531699710423
1710527559.3848488,-0.32266782389746773
1710527559.3849623,-0.44175078471501666
1710527559.3850756,-0.5632854832543267
1710527559.385189,-0.6851704253090752
1710527559.3853025,-0.8056543933020698
1710527559.385416,-0.9240369002024332
1710527559.3855293,-1.0410183668136597
1710527559.3856428,-1.1565989918178983
1710527559.3857563,-1.2693774700164795
1710527559.3858697,-1.38250642352634
1710527559.385983,-1.4959854549831815
1710527559.3860965,-1.6091142760382757
1710527559.38621,-1.7253952556186252
1710527559.3863235,-1.8406256039937336
1710527559.3864367,-1.9537544250488281
1710527559.3865502,-2.0651320616404214
1710527559.3866637,-2.171256012386746
1710527559.3867772,-2.272126409742567
1710527559.3868904,-2.3677428563435874
1710527559.387004,-2.4591565132141113
1710527559.3871174,-2.5463673803541393
1710527559.3872306,-2.631476720174154
1710527559.3873441,-2.714484532674154
1710527559.3874576,-2.7957412931654186
1710527559.387571,-2.8759471575419107
1710527559.3876843,-2.9519499672783747
1710527559.3877978,-3.0241001976860895
1710527559.3879113,-3.0892456902398004
1710527559.3880248,-3.148787286546495
1710527559.388138,-3.201323880089654
1710527559.3882515,-3.2479063669840493
1710527559.388365,-3.289235168033176
1710527559.3884785,-3.327061335245768
1710527559.3885918,-3.361385398440891
1710527559.3887053,-3.3939581447177463
1710527559.3888187,-3.423728677961561
1710527559.3889322,-3.4506975279914007
1710527559.3890455,-3.473813798692491
1710527559.389159,-3.4927267498440213
1710527559.3892725,-3.506736490461561
1710527559.389386,-3.515492810143365
1710527559.3894992,-3.518995179070367
1710527559.3896127,-3.5179445478651257
1710527559.3897262,-3.5144419140285916
1710527559.3898396,-3.5088380177815752
1710527559.389953,-3.5011325942145453
1710527559.3900664,-3.4927267498440213
1710527559.3901799,-3.4829200638665094
1710527559.3902934,-3.471712271372477
1710527559.3904066,-3.4591033723619247
1710527559.39052,-3.4450936317443848
1710527559.3906336,-3.4282819430033364
1710527559.390747,-3.409368726942274
1710527559.3908603,-3.388704458872477
1710527559.3909738,-3.3655881881713867
1710527559.3910873,-3.3421219719780817
1710527559.3912008,-3.317604859670003
1710527559.391314,-3.2937881681654186
1710527559.3914275,-3.2703219519721136
1710527559.391541,-3.24755589167277
1710527559.3916543,-3.225490517086453
1710527559.3917677,-3.2044760386149087
1710527559.3918812,-3.183811505635579
1710527559.3919947,-3.1627970271640353
1710527559.392108,-3.140381442175971
1710527559.3922215,-3.1165647506713867
1710527559.392335,-3.091697427961561
1710527559.3924484,-3.067180315653483
1710527559.3925617,-3.0430134137471514
1710527559.3926752,-3.0195471975538464
1710527559.3927886,-2.999232874976264
1710527559.3929021,-2.9789188173082137
1710527559.3930154,-2.9631577597724066
1710527559.3931289,-2.9463460710313583
1710527559.3932424,-2.9316359096103244
1710527559.3933558,-2.914824220869276
1710527559.393469,-2.897662056816949
1710527559.3935826,-2.8801499472724066
1710527559.393696,-2.8608865208095975
1710527559.3938096,-2.842673990461561
1710527559.3939228,-2.82621251212226
1710527559.3940363,-2.811852296193441
1710527559.3941498,-2.798893451690674
1710527559.3942633,-2.7897869216071234
1710527559.3943765,-2.7820817629496255
1710527559.39449,-2.7740261289808483
1710527559.3946035,-2.7649195988972983
1710527559.394717,-2.7544124921162925
1710527559.3948302,-2.74180359310574
1710527559.3949437,-2.728144062889947
1710527559.3950572,-2.71378411187066
1710527559.3951707,-2.6997743712531195
1710527559.395284,-2.6875156826443143
1710527559.3953974,-2.676658100552029
1710527559.395511,-2.667551835378011
1710527559.3956244,-2.658445570203993
1710527559.3957376,-2.648638619316949
1710527559.3958511,-2.6370806164211698
1710527559.3959646,-2.6230708758036294
1710527559.3960779,-2.6052082909478083
1710527559.3961914,-2.5852444436815047
1710527559.3963048,-2.5638794898986816
1710527559.3964183,-2.5404132737053766
1710527559.3965316,-2.517647478315565
1710527559.396645,-2.4952316284179688
1710527559.3967586,-2.4731662538316512
1710527559.396872,-2.4514513545566134
1710527559.3969853,-2.427984873453776
1710527559.3970988,-2.4010160234239364
1710527559.3972123,-2.3719459109836154
1710527559.3973258,-2.338672743903266
1710527559.397439,-2.3015467325846353
1710527559.3975525,-2.261268827650282
1710527559.397666,-2.2185389200846353
1710527559.3977795,-2.175108724170261
1710527559.3978927,-2.1299272113376193
1710527559.3980062,-2.0833447244432235
1710527559.3981197,-2.0357116063435874
1710527559.3982332,-1.9859768284691703
1710527559.3983464,-1.9327398141225178
1710527559.39846,-1.876350508795844
1710527559.3985734,-1.8164587020874023
1710527559.398687,-1.7509631315867105
1710527559.3988001,-1.6819650597042508
1710527559.3989136,-1.6087640656365287
1710527559.399027,-1.5324107805887857
1710527559.3991406,-1.4529054694705539
1710527559.3992538,-1.3716488414340549
1710527559.3993673,-1.2889912393358018
1710527559.3994808,-1.2042321099175346
1710527559.3995943,-1.1170213752322726
1710527559.3997076,-1.0266584157943726
1710527559.399821,-0.9334934420055813
1710527559.3999345,-0.8368260992897881
1710527559.400048,-0.7356055577596029
1710527559.4001613,-0.6294816070132785
1710527559.4002748,-0.5198552211125692
1710527559.4003882,-0.4070766435729133
1710527559.4005015,-0.2911458412806193
1710527559.400615,-0.17451458507113987
1710527559.4007285,-0.057182816995514765
1710527559.400842,0.05981040083699756
1710527559.4009552,0.1778657403257158
1710527559.4010687,0.29416951868269176
1710527559.4011822,0.4132757915390862
1710527559.4012957,0.5344839559661018
1710527559.401409,0.6588449080785116
1710527559.4015224,0.7860083712471856
1710527559.401636,0.9142227967580159
1710527559.4017494,1.0438384612401326
1710527559.4018626,1.172052886750963
1710527559.401976,1.2974647680918376
1710527559.4020896,1.41832258966234
1710527559.402203,1.5363779332902696
1710527559.4023163,1.6512804561191134
1710527559.4024298,1.7637308438618977
1710527559.4025433,1.875830888748169
1710527559.4026568,1.98793093363444
1710527559.40277,2.100731531778971
1710527559.4028835,2.2135321299235025
1710527559.402997,2.3245814111497665
1710527559.4031105,2.4321272638108993
1710527559.4032238,2.53511905670166
1710527559.4033372,2.631454997592502
1710527559.4034507,2.721485561794705
1710527559.4035642,2.8052102194892035
1710527559.4036775,2.8836801317003036
1710527559.403791,2.957946459452311
1710527559.4039044,3.030811415778266
1710527559.404018,3.1012243694729276
1710527559.4041312,3.16953526602851
1710527559.4042447,3.234342998928494
1710527559.4043581,3.2949471473693848
1710527559.4044716,3.3495958646138506
1710527559.404585,3.396537833743625
1710527559.4046984,3.4375243716769748
1710527559.4048119,3.4711543718973794
1710527559.404925,3.4988292058308916
1710527559.4050386,3.5222999254862466
1710527559.405152,3.542267746395535
1710527559.4052656,3.5604839854770236
1710527559.4053788,3.576248221927219
1710527559.4054923,3.5895599259270563
1710527559.4056058,3.59901852077908
1710527559.4057193,3.6049736870659723
1710527559.4058325,3.6063750584920244
1710527559.405946,3.6032221052381725
1710527559.4060595,3.5958655675252276
1710527559.406173,3.58430544535319
1710527559.4062862,3.570292790730794
1710527559.4063997,3.554879029591878
1710527559.4065132,3.5370132658216686
1710527559.4066267,3.51879702674018
1710527559.40674,3.500580522749159
1710527559.4068534,3.4809631771511502
1710527559.406967,3.461345566643609
1710527559.4070804,3.4399766392178006
1710527559.4071937,3.4168558650546603
1710527559.4073071,3.393034670088026
1710527559.4074206,3.3678121036953397
1710527559.4075341,3.3404877450731063
1710527559.4076474,3.3128131760491266
1710527559.4077609,3.2840874460008407
1710527559.4078743,3.256412876976861
1710527559.4079878,3.2283878326416016
1710527559.408101,3.201763894822862
1710527559.4082146,3.1761911180284286
1710527559.408328,3.1527201334635415
1710527559.4084415,3.1295996242099338
1710527559.4085548,3.106479114956326
1710527559.4086683,3.0840590265062118
1710527559.4087818,3.0598873562282987
1710527559.4088953,3.0360661612616644
1710527559.4090085,3.011544280582004
1710527559.409122,2.9873726103040905
1710527559.4092355,2.9642521010504828
1710527559.4093487,2.942532698313395
1710527559.4094622,2.924666669633653
1710527559.4095757,2.907151116265191
1710527559.4096892,2.892087565528022
1710527559.4098024,2.8777249654134116
1710527559.409916,2.863011625077989
1710527559.4100294,2.8479483392503524
1710527559.410143,2.8311332066853843
1710527559.4102561,2.8139678637186685
1710527559.4103696,2.796452310350206
1710527559.4104831,2.7792869673834906
1710527559.4105966,2.7638732062445746
1710527559.4107099,2.750561502244737
1710527559.4108233,2.7400520112779403
1710527559.4109368,2.7295425203111434
1710527559.4110503,2.720434400770399
1710527559.4111636,2.710625860426161
1710527559.411277,2.6990654733445907
1710527559.4113905,2.6854032940334744
1710527559.411504,2.670339743296305
1710527559.4116173,2.653875086042616
1710527559.4117308,2.63706021838718
1710527559.4118443,2.6219966676500106
1710527559.4119577,2.606933116912842
1710527559.412071,2.5936214129130044
1710527559.4121845,2.581360340118408
1710527559.412298,2.5676981608072915
1710527559.4124115,2.5522843996683755
1710527559.4125247,2.534418635898166
1710527559.4126382,2.514450814988878
1710527559.4127517,2.4906293551127114
1710527559.4128652,2.4633049964904785
1710527559.4129784,2.434579531351725
1710527559.413092,2.4065544870164657
1710527559.4132054,2.376077175140381
1710527559.4133189,2.3466510242886014
1710527559.4134321,2.316173712412516
1710527559.4135456,2.283945083618164
1710527559.413659,2.249264187282986
1710527559.4137723,2.2117806805504694
1710527559.4138858,2.1697431140475802
1710527559.4139993,2.1242025163438583
1710527559.4141128,2.0744580692715116
1710527559.414226,2.024013068940904
1710527559.4143395,1.9693643516964383
1710527559.414453,1.9129640526241727
1710527559.4145665,1.8558630678388808
1710527559.4146798,1.7970105012257893
1710527559.4147933,1.7360561423831515
1710527559.4149067,1.672649515999688
1710527559.4150202,1.6060902012719047
1710527559.4151335,1.5356773800320096
1710527559.415247,1.461060709423489
1710527559.4153605,1.3822404543558757
1710527559.415474,1.2999169031778972
1710527559.4155872,1.2137401103973389
1710527559.4157007,1.1251109176211886
1710527559.4158142,1.0336793793572319
1710527559.4159276,0.9401459164089626
1710527559.416041,0.8455615573459201
1710527559.4161544,0.748875273598565
1710527559.4162679,0.6507877508799235
1710527559.4163814,0.5498977171050178
1710527559.4164946,0.4455045527882046
1710527559.416608,0.3383089105288188
1710527559.4167216,0.22796044747034708
1710527559.416835,0.11340822610590193
1710527559.4169483,-0.003945718312429057
1710527559.4170618,-0.12232821020815107
1710527559.4171753,-0.2424619264072842
1710527559.4172888,-0.3611946768230862
1710527559.417402,-0.47957715060975814
1710527559.4175155,-0.5962084399329292
1710527559.417629,-0.7121392091115316
1710527559.4177425,-0.828770465321011
1710527559.4178557,-0.9454017877578735
1710527559.4179692,-1.064134505059984
1710527559.4180827,-1.1839179197947185
1710527559.418196,-1.305452717675103
1710527559.4183095,-1.4276878039042156
1710527559.418423,-1.546770864062839
1710527559.4185364,-1.6641026073031955
1710527559.4186497,-1.777581638760037
1710527559.4187632,-1.8861573272281222
1710527559.4188766,-1.9908803039126926
1710527559.4189901,-2.091050148010254
1710527559.4191034,-2.191219859653049
1710527559.4192169,-2.2889380984836154
1710527559.4193304,-2.3859556516011557
1710527559.4194438,-2.4822727839152017
1710527559.419557,-2.576838599310981
1710527559.4196706,-2.667551835378011
1710527559.419784,-2.753711806403266
1710527559.4198976,-2.833567460378011
1710527559.4200108,-2.906768586900499
1710527559.4201243,-2.9740153418646917
1710527559.4202378,-3.0356584654914007
1710527559.4203513,-3.0920476383633084
1710527559.4204645,-3.145985338422987
1710527559.420578,-3.1971208254496255
1710527559.4206915,-3.2472056812710233
1710527559.420805,-3.293437957763672
1710527559.4209182,-3.3368682861328125
1710527559.4210317,-3.375745349460178
1710527559.4211452,-3.4090185165405273
1710527559.4212587,-3.4363375769721136
1710527559.421372,-3.458753161960178
1710527559.4214854,-3.4755648507012262
1710527559.421599,-3.4878235393100314
1710527559.4217124,-3.4972800148857965
1710527559.4218256,-3.5042850176493325
1710527559.4219391,-3.5098889138963485
1710527559.4220526,-3.5137414932250977
1710527559.422166,-3.5140917036268444
1710527559.4222794,-3.5130410724216037
1710527559.4223928,-3.5084878073798285
1710527559.4225063,-3.5004321734110513
1710527559.4226196,-3.4885239601135254
1710527559.422733,-3.473813798692491
1710527559.4228466,-3.4563014242384167
1710527559.42296,-3.4366877873738604
1710527559.4230733,-3.415673043992784
1710527559.4231868,-3.394308355119493
1710527559.4233003,-3.3725931909349227
1710527559.4234138,-3.3508780267503524
1710527559.423527,-3.3295130729675293
1710527559.4236405,-3.3074476983812118
1710527559.423754,-3.2860827445983887
1710527559.4238675,-3.2643678453233504
1710527559.4239807,-3.24125157462226
1710527559.4240942,-3.216734462314182
1710527559.4242077,-3.1918671396043563
1710527559.4243212,-3.1655989752875433
1710527559.4244344,-3.1400309668646917
1710527559.424548,-3.1144632233513727
1710527559.4246614,-3.0920476383633084
1710527559.424775,-3.069982263776991
1710527559.4248881,-3.0503686269124346
1710527559.4250016,-3.0318056212531195
1710527559.425115,-3.014293511708577
1710527559.4252286,-2.995730506049262
1710527559.4253418,-2.977167500389947
1710527559.4254553,-2.9572036531236434
1710527559.4255688,-2.9358386993408203
1710527559.4256823,-2.914824220869276
1710527559.4257956,-2.8945098982916937
1710527559.425909,-2.8755966822306314
1710527559.4260225,-2.859135468800863
1710527559.426136,-2.845475938585069
1710527559.4262493,-2.833217249976264
1710527559.4263628,-2.822709878285726
1710527559.4264762,-2.811852296193441
1710527559.4265897,-2.7999440828959146
1710527559.426703,-2.7866347630818686
1710527559.4268165,-2.7722748120625815
1710527559.42693,-2.756163544125027
1710527559.4270432,-2.741453382703993
1710527559.4271567,-2.7277938524881997
1710527559.4272702,-2.715885639190674
1710527559.4273837,-2.7060786883036294
1710527559.427497,-2.6983732647365994
1710527559.4276104,-2.6910183164808483
1710527559.427724,-2.682612207200792
1710527559.4278374,-2.672455310821533
1710527559.4279506,-2.659496201409234
1710527559.428064,-2.6447860399881997
1710527559.4281776,-2.6276241408454046
1710527559.428291,-2.6101117663913302
1710527559.4284043,-2.592249446445041
1710527559.4285178,-2.5750872823927136
1710527559.4286313,-2.5600269105699325
1710527559.4287448,-2.5453167491488986
1710527559.428858,-2.530606322818332
1710527559.4289715,-2.513794634077284
1710527559.429085,-2.493830786810981
1710527559.4291985,-2.4714152018229165
1710527559.4293118,-2.4458474583095975
1710527559.4294252,-2.41607666015625
1710527559.4295387,-2.3845545450846353
1710527559.4296522,-2.35198179880778
1710527559.4297655,-2.3176580005221896
1710527559.429879,-2.282633516523573
1710527559.4299924,-2.247959507836236
1710527559.430106,-2.2111838393741183
1710527559.4302192,-2.172306776046753
1710527559.4303327,-2.1295770009358725
1710527559.4304461,-2.0833447244432235
1710527559.4305596,-2.032209104961819
1710527559.430673,-1.9772207736968994
1710527559.4307864,-1.9180295202467177
1710527559.4308999,-1.8563865290747747
1710527559.4310133,-1.79194172223409
1710527559.4311266,-1.7243446244133842
1710527559.43124,-1.6556967629326713
1710527559.4313536,-1.5856479273902044
1710527559.4314668,-1.5124469333224826
1710527559.4315803,-1.4367942015329997
1710527559.4316938,-1.3583395216200087
1710527559.4318073,-1.2749813662634955
1710527559.4319205,-1.1881208419799805
1710527559.432034,-1.0967071851094563
1710527559.4321475,-1.001090539826287
1710527559.432261,-0.9016212489869859
1710527559.4323742,-0.7993500100241767
1710527559.4324877,-0.6953275203704834
1710527559.4326012,-0.588853292995029
1710527559.4327147,-0.4820288552178277
1710527559.432828,-0.3752044174406263
1710527559.4329414,-0.265578031539917
1710527559.433055,-0.15420042806201512
1710527559.4331684,-0.04002085576454798
1710527559.4332817,0.0780266523361206
1710527559.4333951,0.19923481676313612
1710527559.4335086,0.3253473507033454
1710527559.4336221,0.45216050412919784
1710527559.4337354,0.5814258257548014
1710527559.4338489,0.7089396317799886
1710527559.4339623,0.8357527520921495
1710527559.4340758,0.9590628412034776
1710527559.434189,1.0816722446017795
1710527559.4343026,1.2018293804592557
1710527559.434416,1.3212860955132377
1710527559.4345295,1.441793574227227
1710527559.4346428,1.5644029776255288
1710527559.4347563,1.6870123810238309
1710527559.4348698,1.810322470135159
1710527559.4349833,1.9329318735334609
1710527559.4350965,2.0502865314483643
1710527559.43521,2.1637878153059216
1710527559.4353235,2.2706331147087946
1710527559.435437,2.371873590681288
1710527559.4355502,2.467158635457357
1710527559.4356637,2.5592907269795737
1710527559.4357772,2.6486203405592175
1710527559.4358904,2.736899322933621
1710527559.436004,2.8237766689724393
1710527559.4361174,2.9085524876912436
1710527559.436231,2.9901750882466636
1710527559.4363441,3.065842787424723
1710527559.4364576,3.1359052658081055
1710527559.4365711,3.199311892191569
1710527559.4366846,3.254310819837782
1710527559.4367979,3.303004370795356
1710527559.4369113,3.346793386671278
1710527559.4370248,3.3860283427768283
1710527559.4371383,3.423862192365858
1710527559.4372516,3.4592437744140625
1710527559.437365,3.491122192806668
1710527559.4374785,3.5208988189697266
1710527559.437592,3.5457709100511337
1710527559.4377053,3.565738730960422
1710527559.4378188,3.580101595984565
1710527559.4379323,3.588509029812283
1710527559.4380457,3.592712879180908
1710527559.438159,3.5913115077548556
1710527559.4382725,3.588509029812283
1710527559.438386,3.5825538635253906
1710527559.4384995,3.5751973258124456
1710527559.4386127,3.5667896270751953
1710527559.4387262,3.5559299257066512
1710527559.4388397,3.5440193282233343
1710527559.4389532,3.5303571489122176
1710527559.4390664,3.5128415955437555
1710527559.43918,3.4939246707492404
1710527559.4392934,3.472555743323432
1710527559.4394069,3.4494349691602917
1710527559.4395201,3.4242124027676053
1710527559.4396336,3.3986396259731717
1710527559.439747,3.3713152673509383
1710527559.4398606,3.3450418048434787
1710527559.4399738,3.318418131934272
1710527559.4400873,3.2928453551398382
1710527559.4402008,3.2676227887471514
1710527559.440314,3.243100908067491
1710527559.4404275,3.218228816986084
1710527559.440541,3.1933564609951444
1710527559.4406545,3.1670829984876843
1710527559.4407678,3.141160011291504
1710527559.4408813,3.1138356526692705
1710527559.4409947,3.0872117148505316
1710527559.4411082,3.0605880419413247
1710527559.4412215,3.036416371663411
1710527559.441335,3.0125951766967773
1710527559.4414485,2.992277145385742
1710527559.441562,2.973360220591227
1710527559.4416752,2.9558446672227645
1710527559.4417887,2.938679324256049
1710527559.4419022,2.921513981289334
1710527559.4420156,2.903297742207845
1710527559.442129,2.88438081741333
1710527559.4422424,2.865113682217068
1710527559.4423559,2.8465469678243003
1710527559.4424694,2.8290314144558377
1710527559.4425826,2.812916967603895
1710527559.442696,2.7996052636040583
1710527559.4428096,2.788395086924235
1710527559.442923,2.7785862816704645
1710527559.4430363,2.7680770556131997
1710527559.4431498,2.757217354244656
1710527559.4432633,2.7449562814500594
1710527559.4433768,2.73024320602417
1710527559.44349,2.71553013059828
1710527559.4436035,2.699415683746338
1710527559.443717,2.683301501803928
1710527559.4438305,2.669639057583279
1710527559.4439437,2.6577284600999618
1710527559.4440572,2.646868758731418
1710527559.4441707,2.6360090573628745
1710527559.4442842,2.6254998313056097
1710527559.4443974,2.6132387585110135
1710527559.444511,2.598175472683377
1710527559.4446244,2.581010129716661
1710527559.4447377,2.56139251920912
1710527559.4448512,2.5400235917833114
1710527559.4449646,2.518654399447971
1710527559.4450781,2.496234575907389
1710527559.4451914,2.4748653835720487
1710527559.4453049,2.453846666547987
1710527559.4454184,2.4317770534091525
1710527559.4455318,2.408656279246012
1710527559.445645,2.382733292049832
1710527559.4457586,2.35330687628852
1710527559.445872,2.319326665666368
1710527559.4459856,2.2818430264790854
1710527559.4460988,2.2419073846605087
1710527559.4462123,2.199169397354126
1710527559.4463258,2.1553802490234375
1710527559.4464393,2.110189994176229
1710527559.4465525,2.063948710759481
1710527559.446666,2.0152552922566733
1710527559.4467795,1.9655108451843262
1710527559.446893,1.9122633669111464
1710527559.4470062,1.8555127249823675
1710527559.4471197,1.794908708996243
1710527559.4472332,1.730451186498006
1710527559.4473467,1.6614396042293973
1710527559.44746,1.5885745154486761
1710527559.4475734,1.5132572915818956
1710527559.447687,1.4347872469160292
1710527559.4478004,1.3549160957336426
1710527559.4479136,1.2736435731252034
1710527559.4480271,1.1888678868611653
1710527559.4481406,1.103041304482354
1710527559.448254,1.0130109389623005
1710527559.4483674,0.9205284383561876
1710527559.4484808,0.8241924974653456
1710527559.4485943,0.7243533929189047
1710527559.4487078,0.6206608480877346
1710527559.448821,0.5138155155711703
1710527559.4489346,0.4038173622555203
1710527559.449048,0.2924179699685838
1710527559.4491613,0.17926699585384792
1710527559.4492748,0.06611602587832345
1710527559.4493883,-0.04667549497551388
1710527559.4495018,-0.15980432430903116
1710527559.449615,-0.27328340543640983
1710527559.4497285,-0.387813217110104
1710527559.449842,-0.5044444733195834
1710527559.4499555,-0.6235275003645155
1710527559.4500687,-0.745062165790134
1710527559.4501822,-0.8679978052775065
1710527559.4502957,-0.9916339980231391
1710527559.4504092,-1.1135188738505046
1710527559.4505224,-1.233652565214369
1710527559.450636,-1.3513346513112385
1710527559.4507494,-1.464463472366333
1710527559.450863,-1.5758411089579263
1710527559.4509761,-1.6854674286312528
1710527559.4510896,-1.794743670357598
1710527559.451203,-1.9040197796291776
1710527559.4513166,-2.0129456784990096
1710527559.4514298,-2.1222217877705893
1710527559.4515433,-2.2290462917751737
1710527559.4516568,-2.332718637254503
1710527559.4517703,-2.4328883488972983
1710527559.4518836,-2.5260533226860895
1710527559.451997,-2.613614135318332
1710527559.4521105,-2.6955713166130915
1710527559.452224,-2.772975232866075
1710527559.4523373,-2.8465265697903104
1710527559.4524508,-2.9179763793945312
1710527559.4525642,-2.986974451276991
1710527559.4526777,-3.0542212062411838
1710527559.452791,-3.1176153818766275
1710527559.4529045,-3.1768067677815752
1710527559.453018,-3.231094413333469
1710527559.4531314,-3.2790780067443848
1710527559.4532447,-3.320757018195258
1710527559.4533582,-3.356481922997369
1710527559.4534717,-3.385902510748969
1710527559.453585,-3.4111200438605414
1710527559.4536984,-3.435286945766873
1710527559.453812,-3.457702530754937
1710527559.4539254,-3.4755648507012262
1710527559.4540386,-3.4930772251553006
1710527559.454152,-3.506736490461561
1710527559.4542656,-3.518294758266873
1710527559.454379,-3.524599075317383
1710527559.4544923,-3.526700602637397
1710527559.4546058,-3.523898654513889
1710527559.4547193,-3.5186449686686196
1710527559.4548328,-3.5098889138963485
1710527559.454946,-3.49798043568929
1710527559.4550595,-3.4850215911865234
1710527559.455173,-3.4713620609707303
1710527559.4552865,-3.45735232035319
1710527559.4553998,-3.4412410524156356
1710527559.4555132,-3.4251297844780817
1710527559.4556267,-3.4076176749335394
1710527559.4557402,-3.388704458872477
1710527559.4558535,-3.3680399258931475
1710527559.455967,-3.3459745513068304
1710527559.4560804,-3.321457438998752
1710527559.456194,-3.296940326690674
1710527559.4563072,-3.2706721623738604
1710527559.4564207,-3.2451044188605414
1710527559.4565341,-3.21953641043769
1710527559.4566476,-3.1957199838426376
1710527559.456761,-3.172603713141547
1710527559.4568744,-3.150888548956977
1710527559.4569879,-3.129523860083686
1710527559.4571013,-3.1088593271043563
1710527559.4572146,-3.086443742116292
1710527559.457328,-3.063677946726481
1710527559.4574416,-3.0395110448201494
1710527559.457555,-3.014993932512071
1710527559.4576683,-2.990476820203993
1710527559.4577818,-2.967360814412435
1710527559.4578953,-2.9463460710313583
1710527559.4580085,-2.927783065372043
1710527559.458122,-2.911321587032742
1710527559.4582355,-2.896261215209961
1710527559.458349,-2.882601684994168
1710527559.4584622,-2.8692923651801214
1710527559.4585757,-2.8538817829555936
1710527559.4586892,-2.8374203046162925
1710527559.4588027,-2.820258140563965
1710527559.458916,-2.8034464518229165
1710527559.4590294,-2.7866347630818686
1710527559.459143,-2.7722748120625815
1710527559.4592564,-2.760366598765055
1710527559.4593697,-2.750209437476264
1710527559.4594831,-2.742854224310981
1710527559.4595966,-2.7347985903422036
1710527559.4597101,-2.7263927459716797
1710527559.4598234,-2.715885639190674
1710527559.4599369,-2.7032767401801214
1710527559.4600503,-2.6882161034478083
1710527559.4601638,-2.67280552122328
1710527559.460277,-2.657044463687473
1710527559.4603906,-2.642334302266439
1710527559.460504,-2.6283245616488986
1710527559.4606175,-2.6171167691548667
1710527559.4607308,-2.6055587662590876
1710527559.4608443,-2.594350708855523
1710527559.4609578,-2.58069117863973
1710527559.4610713,-2.564930386013455
1710527559.4611845,-2.5456669595506454
1710527559.461298,-2.5243020057678223
1710527559.4614115,-2.5001351038614907
1710527559.461525,-2.4742171499464245
1710527559.4616382,-2.448298931121826
1710527559.4617517,-2.42238097720676
1710527559.4618652,-2.396112812889947
1710527559.4619787,-2.3698443836636014
1710527559.462092,-2.342525323232015
1710527559.4622054,-2.3124043146769204
1710527559.462319,-2.279131147596571
1710527559.4624321,-2.2423556115892196
1710527559.4625456,-2.20137702094184
1710527559.4626591,-2.1568959289126926
1710527559.4627726,-2.109262810813056
1710527559.4628859,-2.059878375795152
1710527559.4629993,-2.007691992653741
1710527559.4631128,-1.9544549783070881
1710527559.4632263,-1.8998168574439154
1710527559.4633396,-1.8430773417154946
1710527559.463453,-1.782835324605306
1710527559.4635665,-1.7201417022281222
1710527559.46368,-1.6525444719526503
1710527559.4637933,-1.5803942415449355
1710527559.4639068,-1.5036907460954454
1710527559.4640203,-1.4227844609154594
1710527559.4641337,-1.3373249106936984
1710527559.464247,-1.2487130694919162
1710527559.4643605,-1.1583501762813992
1710527559.464474,-1.065535479121738
1710527559.4645875,-0.9702691104676988
1710527559.4647007,-0.8743021885553995
1710527559.4648142,-0.7758836613761054
1710527559.4649277,-0.6750133302476671
1710527559.4650412,-0.5709908405939738
1710527559.4651544,-0.46346591578589547
1710527559.465268,-0.35103758176167804
1710527559.4653814,-0.23510679602622986
1710527559.4654949,-0.11602381865183511
1710527559.4656081,0.005511949873632855
1710527559.4657216,0.1277710414595074
1710527559.465835,0.25073076287905377
1710527559.4659486,0.3722892204920451
1710527559.4660618,0.49209614594777423
1710527559.4661753,0.6122533480326334
1710527559.4662888,0.7324105501174927
1710527559.4664023,0.8539690574010212
1710527559.4665155,0.9776293569140964
1710527559.466629,1.1044425434536405
1710527559.4667425,1.2323066923353407
1710527559.4668558,1.360521051618788
1710527559.4669693,1.488034857643975
1710527559.4670827,1.6116951571570501
1710527559.4671962,1.730801396899753
1710527559.4673095,1.84535370932685
1710527559.467423,1.9553518295288086
1710527559.4675364,2.062547471788194
1710527559.46765,2.1672909789615207
1710527559.4677632,2.2706331147087946
1710527559.4678767,2.3750262790256076
1710527559.4679902,2.4783685472276473
1710527559.4681036,2.580309444003635
1710527559.468217,2.6783969667222762
1710527559.4683304,2.771580219268799
1710527559.4684439,2.858457565307617
1710527559.4685574,2.937978638543023
1710527559.4686706,3.011194070180257
1710527559.468784,3.0781035953097873
1710527559.4688976,3.1404593255784774
1710527559.469011,3.200012312995063
1710527559.4691243,3.256412876976861
1710527559.4692378,3.311061594221327
1710527559.4693513,3.3625573582119412
1710527559.4694648,3.410200013054742
1710527559.469578,3.4511865509880915
1710527559.4696915,3.4862179226345487
1710527559.469805,3.515644073486328
1710527559.4699185,3.5366627905103893
1710527559.4700317,3.5531274477640786
1710527559.4701452,3.5646878348456488
1710527559.4702587,3.5734457439846463
1710527559.4703722,3.580101595984565
1710527559.4704854,3.58430544535319
1710527559.470599,3.587808609008789
1710527559.4707124,3.588158819410536
1710527559.470826,3.5853563414679632
1710527559.4709392,3.579751385582818
1710527559.4710526,3.570292790730794
1710527559.4711661,3.557331297132704
1710527559.4712794,3.5408666398790145
1710527559.4713929,3.522650400797526
1710527559.4715064,3.5019818941752114
1710527559.4716198,3.479912281036377
1710527559.471733,3.45784240298801
1710527559.4718466,3.434721893734402
1710527559.47196,3.411601119571262
1710527559.4720736,3.388830820719401
1710527559.4721868,3.365360101064046
1710527559.4723003,3.3404877450731063
1710527559.4724138,3.314564757876926
1710527559.4725273,3.288641505771213
1710527559.4726405,3.26131714714898
1710527559.472754,3.2329418924119735
1710527559.4728675,3.2038659519619412
1710527559.472981,3.1747900115119085
1710527559.4730942,3.146064281463623
1710527559.4732077,3.119440608554416
1710527559.4733212,3.094918727874756
1710527559.4734347,3.0710975329081216
1710527559.473548,3.0490276548597546
1710527559.4736614,3.027658727433946
1710527559.473775,3.0059393246968584
1710527559.4738884,2.9852708180745444
1710527559.4740016,2.9632012049357095
1710527559.4741151,2.9404309060838485
1710527559.4742286,2.9169599215189614
1710527559.474342,2.895590729183621
1710527559.4744554,2.8745720121595593
1710527559.4745688,2.857406669192844
1710527559.4746823,2.841642697652181
1710527559.4747958,2.8293816248575845
1710527559.474909,2.8160699208577475
1710527559.4750226,2.80415932337443
1710527559.475136,2.790497144063314
1710527559.4752495,2.7757838037278915
1710527559.4753628,2.761070728302002
1710527559.4754763,2.7449562814500594
1710527559.4755898,2.72884209950765
1710527559.475703,2.7141287591722274
1710527559.4758165,2.7018679512871637
1710527559.47593,2.6910082499186196
1710527559.4760435,2.6819001303778753
1710527559.4761567,2.674193117353651
1710527559.4762702,2.6650849978129068
1710527559.4763837,2.6545757717556424
1710527559.4764972,2.641964488559299
1710527559.4766104,2.627251413133409
1710527559.476724,2.61078675587972
1710527559.4768374,2.5929207271999783
1710527559.476951,2.575405173831516
1710527559.4770641,2.558590041266547
1710527559.4771776,2.5428260697258844
1710527559.477291,2.527762518988715
1710527559.4774046,2.511297861735026
1710527559.4775178,2.4941325187683105
1710527559.4776313,2.474164697859022
1710527559.4777448,2.4503435028923883
1710527559.4778583,2.4237198299831815
1710527559.4779716,2.393242518107096
1710527559.478085,2.361013889312744
1710527559.4781985,2.32703341378106
1710527559.478312,2.292702727847629
1710527559.4784253,2.257671621110704
1710527559.4785388,2.2215893533494735
1710527559.4786522,2.18375563621521
1710527559.4787657,2.1441703372531467
1710527559.478879,2.100731531778971
1710527559.4789925,2.05343935224745
1710527559.479106,2.002293666203817
1710527559.4792194,1.9476449489593506
1710527559.4793327,1.8884421719445121
1710527559.4794462,1.8274876806471083
1710527559.4795597,1.7633805010053847
1710527559.4796731,1.6978720823923745
1710527559.4797864,1.6309624248080783
1710527559.4799,1.5616004996829562
1710527559.4800134,1.4894360966152616
1710527559.4801266,1.414469215604994
1710527559.48024,1.3366997241973877
1710527559.4803536,1.2536757522159152
1710527559.480467,1.1678491698371039
1710527559.4805803,1.0771181848314073
1710527559.4806938,0.9832343790266249
1710527559.4808073,0.8858474757936265
1710527559.4809208,0.7853077517615424
1710527559.481034,0.6830165121290419
1710527559.4811475,0.579323967297872
1710527559.481261,0.47528114583757186
1710527559.4813745,0.3684357802073161
1710527559.4814878,0.26088982820510864
1710527559.4816012,0.15089167488945854
1710527559.4817147,0.03844133267800013
1710527559.4818282,-0.076446243458324
1710527559.4819415,-0.19447848200798035
1710527559.482055,-0.3160131639904446
1710527559.4821684,-0.43789810604519314
1710527559.482282,-0.5597830480999416
1710527559.4823952,-0.6816679901546902
1710527559.4825087,-0.8014514711168077
1710527559.4826221,-0.9191334909862942
1710527559.4827356,-1.0354144705666435
1710527559.482849,-1.149594121509128
1710527559.4829624,-1.2641239166259766
1710527559.4830759,-1.3793541325463188
1710527559.4831893,-1.4945844809214275
1710527559.4833026,-1.6108654605017767
1710527559.483416,-1.7271465725368924
1710527559.4835296,-1.8416763676537407
1710527559.483643,-1.9530540042453342
1710527559.4837563,-2.059878375795152
1710527559.4838698,-2.1632003784179688
1710527559.4839833,-2.2602179315355087
1710527559.4840968,-2.353032694922553
1710527559.48421,-2.4433957205878363
1710527559.4843235,-2.5302561124165854
1710527559.484437,-2.6171167691548667
1710527559.4845502,-2.701525423261854
1710527559.4846637,-2.7852339214748807
1710527559.4847772,-2.8647393650478787
1710527559.4848907,-2.9403919643825955
1710527559.485004,-3.010440667470296
1710527559.4851174,-3.07383484310574
1710527559.485231,-3.1312749120924206
1710527559.4853444,-3.1817102432250977
1710527559.4854577,-3.2279422548082137
1710527559.4855711,-3.2706721623738604
1710527559.4856846,-3.3109500673082137
1710527559.4857981,-3.3494769202338324
1710527559.4859114,-3.385201825035943
1710527559.4860249,-3.4177745713127985
1710527559.4861383,-3.4471951590643988
1710527559.4862518,-3.4713620609707303
1710527559.486365,-3.4906254874335394
1710527559.4864786,-3.5046352280510797
1710527559.486592,-3.5137414932250977
1710527559.4867055,-3.5179445478651257
1710527559.4868188,-3.5196955998738604
1710527559.4869323,-3.5186449686686196
1710527559.4870458,-3.515492810143365
1710527559.4871593,-3.5123406516181097
1710527559.4872725,-3.5053356488545733
1710527559.487386,-3.49798043568929
1710527559.4874995,-3.4878235393100314
1710527559.487613,-3.475915061102973
1710527559.4877262,-3.460854689280192
1710527559.4878397,-3.443692790137397
1710527559.4879532,-3.4233784675598145
1710527559.4880667,-3.400262461768256
1710527559.48818,-3.377846876780192
1710527559.4882934,-3.3540301852756076
1710527559.488407,-3.329863283369276
1710527559.4885204,-3.306397067175971
1710527559.4886336,-3.2846819029914007
1710527559.4887471,-3.2626165284050836
1710527559.4888606,-3.241601785024007
1710527559.4889739,-3.219186200035943
1710527559.4890873,-3.1978212462531195
1710527559.4892008,-3.174705240461561
1710527559.4893143,-3.15053833855523
1710527559.4894276,-3.1249705950419107
1710527559.489541,-3.0997530619303384
1710527559.4896545,-3.075586160024007
1710527559.489768,-3.052119943830702
1710527559.4898813,-3.0304047796461315
1710527559.4899948,-3.010440667470296
1710527559.4901083,-2.9925783475240073
1710527559.4902217,-2.975766658782959
1710527559.490335,-2.959305180443658
1710527559.4904485,-2.9417928059895835
1710527559.490562,-2.9225296444363065
1710527559.4906754,-2.9029157426622176
1710527559.4907887,-2.8833021057976618
1710527559.4909022,-2.8626378377278647
1710527559.4910157,-2.8444250424702964
1710527559.4911292,-2.827963564130995
1710527559.4912424,-2.814654244316949
1710527559.491356,-2.804147137535943
1710527559.4914694,-2.793289555443658
1710527559.4915829,-2.784533235761854
1710527559.4916961,-2.773675653669569
1710527559.4918096,-2.761767440372043
1710527559.491923,-2.748808330959744
1710527559.4920366,-2.7340981695387097
1710527559.4921498,-2.7190377977159286
1710527559.4922633,-2.7046775817871094
1710527559.4923768,-2.6927693684895835
1710527559.4924903,-2.682261996799045
1710527559.4926035,-2.673505942026774
1710527559.492717,-2.665800518459744
1710527559.4928305,-2.657044463687473
1710527559.492944,-2.6461868815951877
1710527559.4930573,-2.6328775617811413
1710527559.4931707,-2.6171167691548667
1710527559.4932842,-2.5982035530938044
1710527559.4933975,-2.578239705827501
1710527559.493511,-2.5582755936516657
1710527559.4936244,-2.5379615359836154
1710527559.493738,-2.5179976887173123
1710527559.4938512,-2.499784893459744
1710527559.4939647,-2.4805214669969344
1710527559.4940782,-2.4602074093288846
1710527559.4941916,-2.437091138627794
1710527559.494305,-2.4097720781962075
1710527559.4944184,-2.3796513345506454
1710527559.4945319,-2.345327271355523
1710527559.4946454,-2.3089019457499185
1710527559.4947586,-2.2696746720208063
1710527559.494872,-2.2290462917751737
1710527559.4949856,-2.186316516664293
1710527559.495099,-2.1439369519551597
1710527559.4952123,-2.099455992380778
1710527559.4953258,-2.0525232950846353
1710527559.4954393,-2.0020880964067245
1710527559.4955528,-1.947800318400065
1710527559.495666,-1.8907104598151312
1710527559.4957795,-1.8269660737779405
1710527559.495893,-1.7604197396172416
1710527559.4960065,-1.6893201404147677
1710527559.4961197,-1.617169910007053
1710527559.4962332,-1.5404664145575628
1710527559.4963467,-1.463062498304579
1710527559.4964602,-1.383206844329834
1710527559.4965734,-1.301600005891588
1710527559.496687,-1.217541429731581
1710527559.4968004,-1.131731669108073
1710527559.496914,-1.0413686434427898
1710527559.4970272,-0.9478534592522515
1710527559.4971406,-0.8490846554438273
1710527559.4972541,-0.7461128632227579
1710527559.4973676,-0.6399889124764336
1710527559.4974809,-0.5289615856276618
1710527559.4975944,-0.41618297497431433
1710527559.4977078,-0.302353666888343
1710527559.497821,-0.18782385521464878
1710527559.4979346,-0.07294380002551608
1710527559.498048,0.042294772962729134
1710527559.4981616,0.15964948468738133
1710527559.4982748,0.27665389908684623
1710527559.4983883,0.3978620635138618
1710527559.4985018,0.5225733253690932
1710527559.4986153,0.6497367885377672
1710527559.4987285,0.7793524530198839
1710527559.498842,0.9093184603585137
1710527559.4989555,1.0385837819841173
1710527559.499069,1.164696349038018
1710527559.4991822,1.2887069914076064
1710527559.4992957,1.4078132311503093
1710527559.4994092,1.5237666500939262
1710527559.4995227,1.6390195157792833
1710527559.499636,1.7535718282063801
1710527559.4997494,1.8677736653221977
1710527559.499863,1.9837270842658148
1710527559.4999764,2.099330292807685
1710527559.5000896,2.2117806805504694
1710527559.5002031,2.322129143608941
1710527559.5003166,2.426872518327501
1710527559.50043,2.5249600410461426
1710527559.5005434,2.6174426078796387
1710527559.5006568,2.7032693227132163
1710527559.5007703,2.784891923268636
1710527559.5008838,2.8637123107910156
1710527559.500997,2.9404309060838485
1710527559.5011106,3.01539765463935
1710527559.501224,3.088963296678331
1710527559.5013375,3.1590257750617132
1710527559.5014508,3.224534193674723
1710527559.5015643,3.284437656402588
1710527559.5016778,3.337335056728787
1710527559.5017912,3.383576340145535
1710527559.5019045,3.4224608209398055
1710527559.502018,3.4560908211602106
1710527559.5021315,3.485517236921522
1710527559.5022447,3.5117906994289823
1710527559.5023582,3.5363125801086426
1710527559.5024717,3.557681507534451
1710527559.5025852,3.576248221927219
1710527559.5026984,3.592362668779161
1710527559.502812,3.602871894836426
1710527559.5029254,3.6088273260328503
1710527559.503039,3.610929118262397
1710527559.5031521,3.607075744205051
1710527559.5032656,3.5993687311808267
1710527559.503379,3.5888595051235623
1710527559.5034926,3.576248221927219
1710527559.5036058,3.561885356903076
1710527559.5037193,3.547172281477186
1710527559.5038328,3.5296564631991916
1710527559.5039463,3.512140909830729
1710527559.5040596,3.493223985036214
1710527559.504173,3.472555743323432
1710527559.5042865,3.450485865275065
1710527559.5044,3.4259639845954046
1710527559.5045133,3.4000409973992243
1710527559.5046268,3.372716638776991
1710527559.5047402,3.3439909087287054
1710527559.5048537,3.314564757876926
1710527559.504967,3.286189238230387
1710527559.5050805,3.257463773091634
1710527559.505194,3.230139414469401
1710527559.5053074,3.204216162363688
1710527559.5054207,3.1786433855692544
1710527559.5055342,3.1537712944878473
1710527559.5056477,3.1295996242099338
1710527559.5057611,3.1047275331285262
1710527559.5058744,3.07950496673584
1710527559.505988,3.053581714630127
1710527559.5061014,3.027308252122667
1710527559.5062146,3.0013852649264865
1710527559.506328,2.976863384246826
1710527559.5064416,2.9544432957967124
1710527559.506555,2.933774789174398
1710527559.5066683,2.915558550092909
1710527559.5067818,2.900144788953993
1710527559.5068953,2.88438081741333
1710527559.5070088,2.86966774198744
1710527559.507122,2.8528526094224715
1710527559.5072355,2.835687266455756
1710527559.507349,2.81887239880032
1710527559.5074625,2.8003056844075522
1710527559.5075758,2.783841027153863
1710527559.5076892,2.768427266014947
1710527559.5078027,2.7551155620151095
1710527559.5079162,2.7439053853352866
1710527559.5080295,2.734797265794542
1710527559.508143,2.7256891462537975
1710527559.5082564,2.71553013059828
1710527559.50837,2.70396974351671
1710527559.5084832,2.6910082499186196
1710527559.5085967,2.6755944887797036
1710527559.5087101,2.6594800419277616
1710527559.5088236,2.6437160703870983
1710527559.508937,2.6286525196499295
1710527559.5090504,2.614990340338813
1710527559.5091639,2.6027295324537487
1710527559.5092773,2.591869831085205
1710527559.5093906,2.579608758290609
1710527559.509504,2.565946578979492
1710527559.5096176,2.550532817840576
1710527559.509731,2.5319663683573403
1710527559.5098443,2.5102469656202526
1710527559.5099578,2.486425770653619
1710527559.5100713,2.461203204260932
1710527559.5101848,2.435279952155219
1710527559.510298,2.4090064896477594
1710527559.5104115,2.382733292049832
1710527559.510525,2.3557591438293457
1710527559.5106382,2.32703341378106
1710527559.5107517,2.296205891503228
1710527559.5108652,2.261174784766303
1710527559.5109787,2.222990724775526
1710527559.511092,2.179902129703098
1710527559.5112054,2.133660978741116
1710527559.511319,2.084266874525282
1710527559.5114324,2.033121188481649
1710527559.5115457,1.980224053064982
1710527559.5116591,1.9259255462222629
1710527559.5117726,1.868824561436971
1710527559.5118861,1.8117237091064453
1710527559.5119994,1.7504190074072943
1710527559.5121129,1.6866620381673176
1710527559.5122263,1.6187014844682481
1710527559.5123398,1.5461867385440402
1710527559.512453,1.4694682757059734
1710527559.5125666,1.3892466492123074
1710527559.51268,1.3058723343743217
1710527559.5127935,1.2193450662824843
1710527559.5129068,1.1310663488176134
1710527559.5130203,1.0403353638119168
1710527559.5131338,0.9475025203492906
1710527559.5132473,0.8539690574010212
1710527559.5133605,0.7572827736536661
1710527559.513474,0.6591952509350246
1710527559.5135875,0.5572542879316542
1710527559.513701,0.45216050412919784
1710527559.5138142,0.34251266055636936
1710527559.5139277,0.23041263222694397
1710527559.5140412,0.11621072888374329
1710527559.5141547,-0.0007935216934937569
1710527559.514268,-0.11777503622902764
1710527559.5143814,-0.23475655251079136
1710527559.514495,-0.35138782527711654
1710527559.5146084,-0.466968384053972
1710527559.5147216,-0.5807977252536349
1710527559.5148351,-0.6960280074013604
1710527559.5149486,-0.8126592636108398
1710527559.5150619,-0.9317422575420803
1710527559.5151753,-1.0508252514733207
1710527559.5152888,-1.1730604701571994
1710527559.5154023,-1.2949453459845648
1710527559.5155156,-1.4168302218119304
1710527559.515629,-1.534162097507053
1710527559.5157425,-1.6483415497673881
1710527559.515856,-1.7583182122972276
1710527559.5159693,-1.865142716301812
1710527559.5160828,-1.9695153501298692
1710527559.5161963,-2.0707359578874374
1710527559.5163097,-2.1716062227884927
1710527559.516423,-2.271775934431288
1710527559.5165365,-2.372296121385362
1710527559.51665,-2.4696638849046493
1710527559.5167634,-2.5638794898986816
1710527559.5168767,-2.653191884358724
1710527559.5169902,-2.7369001176622176
1710527559.5171037,-2.814654244316949
1710527559.5172172,-2.8857538435194225
1710527559.5173304,-2.9508993360731335
1710527559.517444,-3.0135930909050836
1710527559.5175574,-3.072083791097005
1710527559.5176709,-3.1291733847724066
1710527559.517784,-3.1831110848320856
1710527559.5178976,-3.235647678375244
1710527559.518011,-3.2832807964748807
1710527559.5181246,-3.327061335245768
1710527559.5182378,-3.3659383985731335
1710527559.5183513,-3.397110303243001
1710527559.5184648,-3.4230282571580672
1710527559.5185783,-3.444393210940891
1710527559.5186915,-3.461555110083686
1710527559.518805,-3.475214640299479
1710527559.5189185,-3.487473063998752
1710527559.519032,-3.4969298044840493
1710527559.5191453,-3.5056858592563205
1710527559.5192587,-3.5116399659050836
1710527559.5193722,-3.5144419140285916
1710527559.5194855,-3.5144419140285916
1710527559.519599,-3.5098889138963485
1710527559.5197124,-3.5028839111328125
1710527559.519826,-3.4913259082370334
1710527559.5199392,-3.478016588422987
1710527559.5200527,-3.461204899681939
1710527559.5201662,-3.4433423148261175
1710527559.5202796,-3.4244293636745877
1710527559.520393,-3.4055161476135254
1710527559.5205064,-3.384501404232449
1710527559.5206199,-3.3652379777696395
1710527559.5207334,-3.3438730239868164
1710527559.5208466,-3.322157859802246
1710527559.52096,-3.300793170928955
1710527559.5210736,-3.2759258482191296
1710527559.521187,-3.2507083151075573
1710527559.5213003,-3.2244398858812118
1710527559.5214138,-3.1971208254496255
1710527559.5215273,-3.170151975419786
1710527559.5216408,-3.143883811102973
1710527559.521754,-3.1190164883931475
1710527559.5218675,-3.0962506930033364
1710527559.521981,-3.0748857392205133
1710527559.5220945,-3.055272102355957
1710527559.5222077,-3.0356584654914007
1710527559.5223212,-3.0163950390285916
1710527559.5224347,-2.9960807164510093
1710527559.5225482,-2.974365552266439
1710527559.5226614,-2.953000863393148
1710527559.522775,-2.9302348030938044
1710527559.5228884,-2.90922032462226
1710527559.523002,-2.889956898159451
1710527559.5231152,-2.8727947341071234
1710527559.5232286,-2.8587849934895835
1710527559.5233421,-2.8458261489868164
1710527559.5234556,-2.8349685668945312
1710527559.5235689,-2.824110984802246
1710527559.5236824,-2.811852296193441
1710527559.5237958,-2.7985432412889266
1710527559.523909,-2.78383281495836
1710527559.5240226,-2.7687724431355796
1710527559.524136,-2.753711806403266
1710527559.5242496,-2.7404024865892196
1710527559.5243628,-2.7295449044969344
1710527559.5244763,-2.7211390601264105
1710527559.5245898,-2.71378411187066
1710527559.5247033,-2.7078300052218967
1710527559.5248165,-2.6997743712531195
1710527559.52493,-2.690667841169569
1710527559.5250435,-2.67910983827379
1710527559.525157,-2.664749887254503
1710527559.5252702,-2.649339040120443
1710527559.5253837,-2.6325273513793945
1710527559.5254972,-2.6167665587531195
1710527559.5256107,-2.601355711619059
1710527559.525724,-2.586995760599772
1710527559.5258374,-2.574737071990967
1710527559.525951,-2.5610775417751737
1710527559.5260644,-2.5456669595506454
1710527559.5261776,-2.5285050604078503
1710527559.5262911,-2.506439685821533
1710527559.5264046,-2.482622994316949
1710527559.526518,-2.4549537234836154
1710527559.5266314,-2.424832714928521
1710527559.5267448,-2.3943614959716797
1710527559.5268583,-2.362839380900065
1710527559.5269718,-2.330617109934489
1710527559.527085,-2.2983945740593805
1710527559.5271986,-2.264771196577284
1710527559.527312,-2.2283458709716797
1710527559.5274255,-2.189468675189548
1710527559.5275388,-2.1456881364186606
1710527559.5276523,-2.097004254659017
1710527559.5277658,-2.045168081919352
1710527559.5278792,-1.9891291194491916
1710527559.5279925,-1.9306382868025038
1710527559.528106,-1.8689954280853271
1710527559.5282195,-1.8052509095933702
1710527559.5283327,-1.7394049962361653
1710527559.5284462,-1.6721582412719727
1710527559.5285597,-1.6021094057295058
1710527559.5286732,-1.5289084116617837
1710527559.5287864,-1.4518547058105469
1710527559.5289,-1.3716488414340549
1710527559.5290134,-1.2861892912122939
1710527559.529127,-1.1961764759487576
1710527559.5292401,-1.1026613579856024
1710527559.5293536,-1.0049432516098022
1710527559.529467,-0.9044231971104939
1710527559.5295806,-0.8028524451785617
1710527559.5296938,-0.6991801659266154
1710527559.5298073,-0.594457189242045
1710527559.5299208,-0.4893840021557278
1710527559.5300343,-0.38220932086308795
1710527559.5301476,-0.2739838924672868
1710527559.530261,-0.16085505485534668
1710527559.5303745,-0.04562476028998693
1710527559.530488,0.07417322032981448
1710527559.5306013,0.197833561235004
1710527559.5307148,0.32254483964708114
1710527559.5308282,0.44830706384446883
1710527559.5309417,0.5744195646709865
1710527559.531055,0.6977296537823147
1710527559.5311685,0.8196384376949734
1710527559.531282,0.9394452969233195
1710527559.5313954,1.0585516028934054
1710527559.5315087,1.1769572893778484
1710527559.5316222,1.2981654538048637
1710527559.5317357,1.4200741714901395
1710527559.5318491,1.5440848138597276
1710527559.5319624,1.6677452458275688
1710527559.532076,1.7907048596276176
1710527559.5321894,1.9105117850833468
1710527559.5323029,2.0250639650556774
1710527559.532416,2.134361531999376
1710527559.5325296,2.238054010603163
1710527559.532643,2.337893115149604
1710527559.5327563,2.434229056040446
1710527559.5328698,2.5288134151034884
1710527559.5329833,2.622697353363037
1710527559.5330968,2.71553013059828
1710527559.53321,2.8062611156039767
1710527559.5333235,2.8934889369540744
1710527559.533437,2.9761626985337997
1710527559.5335505,3.0521806081136065
1710527559.5336637,3.1211921903822155
1710527559.5337772,3.1828472349378796
1710527559.5338907,3.238196637895372
1710527559.5340042,3.288291295369466
1710527559.5341175,3.334882789187961
1710527559.534231,3.3790222803751626
1710527559.5343444,3.4203590287102594
1710527559.534458,3.4595939848158093
1710527559.5345712,3.4946253564622665
1710527559.5346847,3.5254528787400985
1710527559.5347981,3.549974759419759
1710527559.5349116,3.568891684214274
1710527559.535025,3.581853177812364
1710527559.5351384,3.5902606116400824
1710527559.5352519,3.5941139856974282
1710527559.5353653,3.5937637752956815
1710527559.5354786,3.5913115077548556
1710527559.535592,3.588509029812283
1710527559.5357056,3.5829040739271374
1710527559.535819,3.5765984323289657
1710527559.5359323,3.5674903127882214
1710527559.5360458,3.5566306114196777
1710527559.5361593,3.541567325592041
1710527559.5362728,3.5258030891418457
1710527559.536386,3.5051345825195312
1710527559.5364995,3.4827147589789496
1710527559.536613,3.4588935640123153
1710527559.5367265,3.434371683332655
1710527559.5368397,3.408448431226942
1710527559.5369532,3.3821749687194824
1710527559.5370667,3.3569524023267956
1710527559.53718,3.331379625532362
1710527559.5372934,3.3054566383361816
1710527559.537407,3.280584282345242
1710527559.5375204,3.2557121912638345
1710527559.5376337,3.2290885183546276
1710527559.5377471,3.202815055847168
1710527559.5378606,3.1751402219136553
1710527559.537974,3.1471151775783963
1710527559.5380874,3.119440608554416
1710527559.5382009,3.09246646033393
1710527559.5383143,3.065842787424723
1710527559.5384278,3.041320906745063
1710527559.538541,3.019601504007975
1710527559.5386546,2.9989329973856607
1710527559.538768,2.980016072591146
1710527559.5388815,2.96144962310791
1710527559.5389948,2.9421824879116483
1710527559.5391083,2.923265563117133
1710527559.5392218,2.902947266896566
1710527559.5393353,2.8829794459872775
1710527559.5394485,2.863011625077989
1710527559.539562,2.8447953859965005
1710527559.5396755,2.8290314144558377
1710527559.539789,2.8157194455464682
1710527559.5399022,2.803458637661404
1710527559.5400157,2.7932996220058866
1710527559.5401292,2.7827901310390897
1710527559.5402427,2.7719304296705456
1710527559.540356,2.759669621785482
1710527559.5404694,2.745656967163086
1710527559.540583,2.73024320602417
1710527559.5406964,2.71553013059828
1710527559.5408096,2.7008170551723905
1710527559.540923,2.687505086263021
1710527559.5410366,2.67629517449273
1710527559.54115,2.6664863692389593
1710527559.5412633,2.6570280392964682
1710527559.5413768,2.6472192340426974
1710527559.5414903,2.6360090573628745
1710527559.5416036,2.622346878051758
1710527559.541717,2.606232696109348
1710527559.5418305,2.58766598171658
1710527559.541944,2.5673479504055448
1710527559.5420573,2.5473801294962564
1710527559.5421708,2.5256607267591686
1710527559.5422843,2.506743801964654
1710527559.5423977,2.486425770653619
1710527559.542511,2.4664579497443304
1710527559.5426245,2.4443880716959634
1710527559.542738,2.4195159806145563
1710527559.5428514,2.392191621992323
1710527559.5429647,2.3596125178866916
1710527559.5430782,2.3249316215515137
1710527559.5431917,2.287097771962484
1710527559.5433052,2.2468119197421603
1710527559.5434184,2.2054750389522977
1710527559.543532,2.1634374724494085
1710527559.5436454,2.1203490098317466
1710527559.5437589,2.0751587549845376
1710527559.543872,2.0282167858547635
1710527559.5439856,1.9781221283806694
1710527559.544099,1.9238236215379503
1710527559.5442126,1.865671740637885
1710527559.5443258,1.8029657999674478
1710527559.5444393,1.7367568280961778
1710527559.5445528,1.6673949029710557
1710527559.5446663,1.5948801570468478
1710527559.5447795,1.5195629331800673
1710527559.544893,1.4435451560550265
1710527559.5450065,1.364724768532647
1710527559.54512,1.283452245924208
1710527559.5452332,1.1997275882297092
1710527559.5453467,1.114251348707411
1710527559.5454602,1.0242209831873577
1710527559.5455737,0.9317384163538615
1710527559.545687,0.8336508936352199
1710527559.5458004,0.7331111696031358
1710527559.545914,0.6283677286571926
1710527559.5460272,0.5215223961406283
1710527559.5461407,0.41292548179626465
1710527559.5462542,0.3032776382234361
1710527559.5463676,0.19292919172181022
1710527559.546481,0.08152978287802802
1710527559.5465944,-0.029513535814152822
1710527559.5467079,-0.14229213198026022
1710527559.5468214,-0.2564716835816701
1710527559.5469346,-0.37345319986343384
1710527559.547048,-0.49148546324835884
1710527559.5471616,-0.6123196416431003
1710527559.547275,-0.7356055577596029
1710527559.5473883,-0.8574904998143513
1710527559.5475018,-0.9790251652399699
1710527559.5476153,-1.0988086462020874
1710527559.5477288,-1.2154399024115667
1710527559.547842,-1.3289190663231742
1710527559.5479555,-1.4409971237182617
1710527559.548069,-1.550623575846354
1710527559.5481825,-1.6606001059214273
1710527559.5482957,-1.7705767684512668
1710527559.5484092,-1.8819544050428603
1710527559.5485227,-1.9915807247161865
1710527559.5486362,-2.101207176844279
1710527559.5487494,-2.2073311275906033
1710527559.548863,-2.3092521561516657
1710527559.5489764,-2.405919498867459
1710527559.54909,-2.496632734934489
1710527559.5492032,-2.5831429163614907
1710527559.5493166,-2.6640494664510093
1710527559.5494301,-2.7435549100240073
1710527559.5495436,-2.820608615875244
1710527559.5496569,-2.895560794406467
1710527559.5497704,-2.969812552134196
1710527559.5498838,-3.0398612552218967
1710527559.5499973,-3.1060573789808483
1710527559.5501106,-3.1662993960910373
1710527559.550224,-3.220587306552463
1710527559.5503376,-3.2689208454555936
1710527559.5504508,-3.309899436102973
1710527559.5505643,-3.3456243409050836
1710527559.5506778,-3.378547297583686
1710527559.5507913,-3.40726719962226
1710527559.5509045,-3.4338858392503524
1710527559.551018,-3.458753161960178
1710527559.5511315,-3.480818536546495
1710527559.551245,-3.4990313318040633
1710527559.5513582,-3.5137414932250977
1710527559.5514717,-3.5228477583991156
1710527559.5515852,-3.5277512338426376
1710527559.5516987,-3.5288018650478787
1710527559.551812,-3.524599075317383
1710527559.5519254,-3.5168936517503524
1710527559.552039,-3.5077873865763345
1710527559.5521524,-3.4962293836805554
1710527559.5522656,-3.484671115875244
1710527559.5523791,-3.471712271372477
1710527559.5524926,-3.457702530754937
1710527559.552606,-3.4426418940226235
1710527559.5527194,-3.4254799948798285
1710527559.5528328,-3.406566778818766
1710527559.5529463,-3.386252721150716
1710527559.5530598,-3.3631364504496255
1710527559.553173,-3.338619338141547
1710527559.5532866,-3.313401805029975
1710527559.5534,-3.2867834303114147
1710527559.5535135,-3.260515001085069
1710527559.5536268,-3.234597047170003
1710527559.5537403,-3.2100799348619247
1710527559.5538538,-3.1876643498738604
1710527559.5539672,-3.16454807917277
1710527559.5540805,-3.143183390299479
1710527559.554194,-3.1207675404018826
1710527559.5543075,-3.0990526411268444
1710527559.554421,-3.0748857392205133
1710527559.5545342,-3.050018416510688
1710527559.5546477,-3.0258515146043563
1710527559.5547612,-3.0002837710910373
1710527559.5548744,-2.9775177107916937
1710527559.554988,-2.955802811516656
1710527559.5551014,-2.9368895954555936
1710527559.555215,-2.9200779067145453
1710527559.5553281,-2.905717690785726
1710527559.5554416,-2.891357739766439
1710527559.555555,-2.8759471575419107
1710527559.5556686,-2.8601861000061035
1710527559.5557818,-2.842673990461561
1710527559.5558953,-2.825862036810981
1710527559.5560088,-2.8072992960611978
1710527559.5561223,-2.7915382385253906
1710527559.5562356,-2.7761273913913302
1710527559.556349,-2.764569388495551
1710527559.5564625,-2.755112912919786
1710527559.556576,-2.747407489352756
1710527559.5566893,-2.7404024865892196
1710527559.5568027,-2.732697327931722
1710527559.5569162,-2.7225401666429305
1710527559.5570297,-2.710982163747152
1710527559.557143,-2.6973226335313583
1710527559.5572565,-2.683663103315565
1710527559.55737,-2.670353783501519
1710527559.5574834,-2.656694253285726
1710527559.5575967,-2.6454864607916937
1710527559.5577102,-2.636380195617676
1710527559.5578237,-2.6276241408454046
1710527559.5579371,-2.6181674003601074
1710527559.5580504,-2.6066093974643283
1710527559.558164,-2.592599656846788
1710527559.5582774,-2.574737071990967
1710527559.5583909,-2.5547732247246637
1710527559.558504,-2.5316572189331055
1710527559.5586176,-2.507840527428521
1710527559.558731,-2.4829732047186956
1710527559.5588446,-2.4595069885253906
1710527559.5589578,-2.4349898762173123
1710527559.5590713,-2.410122553507487
1710527559.5591848,-2.3838541242811413
1710527559.559298,-2.3554844326443143
1710527559.5594115,-2.323612107170953
1710527559.559525,-2.2882374127705893
1710527559.5596385,-2.2490101390414767
1710527559.5597517,-2.205229732725355
1710527559.5598652,-2.1593476666344538
1710527559.5599787,-2.112064758936564
1710527559.5600922,-2.061629560258653
1710527559.5602055,-2.0111944940355087
1710527559.560319,-1.959708531697591
1710527559.5604324,-1.9047202004326713
1710527559.560546,-1.8472802639007568
1710527559.5606592,-1.7863378259870741
1710527559.5607727,-1.7222430970933702
1710527559.5608861,-1.6518440511491563
1710527559.5609996,-1.5793434778849282
1710527559.5611129,-1.5012391408284504
1710527559.5612264,-1.4196321699354384
1710527559.5613399,-1.3352233833736844
1710527559.5614533,-1.2494136227501762
1710527559.5615666,-1.1601013607449002
1710527559.56168,-1.07008867793613
1710527559.5617936,-0.9786749548382229
1710527559.561907,-0.8841090732150607
1710527559.5620203,-0.7874416642718844
1710527559.5621338,-0.6872718864017062
1710527559.5622473,-0.5832493967480129
1710527559.5623608,-0.47397325436274207
1710527559.562474,-0.3615449203385247
1710527559.5625875,-0.2445633874999152
1710527559.562701,-0.1254804101255205
1710527559.5628145,-0.005696938476628727
1710527559.5629277,0.11480947335561116
1710527559.5630412,0.23426607251167297
1710527559.5631547,0.3537226716677348
1710527559.5632682,0.47212832503848606
1710527559.5633814,0.5922855271233453
1710527559.563495,0.714194311036004
1710527559.5636084,0.8375043339199489
1710527559.5637217,0.9643175204594929
1710527559.5638351,1.0928822225994534
1710527559.5639486,1.2217972013685439
1710527559.564062,1.3489606645372179
1710527559.5641754,1.4736719926198323
1710527559.5642889,1.5945298141903348
1710527559.5644023,1.710133022732205
1710527559.5645158,1.8225834104749892
1710527559.564629,1.9315305021074083
1710527559.5647426,2.0387262768215604
1710527559.564856,2.146272129482693
1710527559.5649695,2.253467771742079
1710527559.5650828,2.361013889312744
1710527559.5651963,2.466107474433051
1710527559.5653098,2.568398846520318
1710527559.5654233,2.6661361588372126
1710527559.5655365,2.757217354244656
1710527559.56565,2.8409420119391546
1710527559.5657635,2.9180108176337347
1710527559.565877,2.990525563557943
1710527559.5659902,3.058135774400499
1710527559.5661037,3.122593296898736
1710527559.5662172,3.186350133683946
1710527559.5663307,3.246954282124837
1710527559.566444,3.304755952623155
1710527559.5665574,3.358353773752848
1710527559.566671,3.4070470598008895
1710527559.5667844,3.4476833873324924
1710527559.5668976,3.4827147589789496
1710527559.567011,3.509688642289903
1710527559.5671246,3.5321087307400174
1710527559.567238,3.5496242841084795
1710527559.5673513,3.5632867283291287
1710527559.5674648,3.5744966400994196
1710527559.5675783,3.583604759640164
1710527559.5676918,3.5906110869513617
1710527559.567805,3.5937637752956815
1710527559.5679185,3.5948146714104547
1710527559.568032,3.5913115077548556
1710527559.5681453,3.583604759640164
1710527559.5682588,3.572394847869873
1710527559.5683722,3.5562804010179305
1710527559.5684857,3.5398157437642412
1710527559.568599,3.5205483436584473
1710527559.5687125,3.4995296266343856
1710527559.568826,3.478160699208577
1710527559.5689394,3.45644129647149
1710527559.5690527,3.434371683332655
1710527559.5691662,3.411951594882541
1710527559.5692797,3.388480610317654
1710527559.5693932,3.36465941535102
1710527559.5695064,3.3390866385565863
1710527559.56962,3.3124627007378473
1710527559.5697334,3.284788131713867
1710527559.5698469,3.256412876976861
1710527559.56996,3.226986461215549
1710527559.5700736,3.1982609960767956
1710527559.570187,3.16953526602851
1710527559.5703006,3.142210907406277
1710527559.5704138,3.1162876553005643
1710527559.5705273,3.093167146046956
1710527559.5706408,3.0703968471950955
1710527559.5707543,3.048677444458008
1710527559.5708675,3.027308252122667
1710527559.570981,3.0045379532708063
1710527559.5710945,2.9821181297302246
1710527559.571208,2.9593475659688315
1710527559.5713212,2.9362270567152233
1710527559.5714347,2.9145076539781356
1710527559.5715482,2.8941896226671004
1710527559.5716617,2.876323593987359
1710527559.571775,2.860559622446696
1710527559.5718884,2.8472476535373263
1710527559.572002,2.834986845652262
1710527559.5721154,2.822375562455919
1710527559.5722287,2.8094138039482965
1710527559.5723422,2.795051203833686
1710527559.5724556,2.7792869673834906
1710527559.572569,2.763522995842828
1710527559.5726824,2.7481092347039118
1710527559.5727959,2.734096580081516
1710527559.5729094,2.722185982598199
1710527559.5730226,2.7127276526557074
1710527559.573136,2.703619533114963
1710527559.5732496,2.695912520090739
1710527559.573363,2.6868044005499945
1710527559.5734763,2.676645384894477
1710527559.5735898,2.664384577009413
1710527559.5737033,2.65002171198527
1710527559.5738168,2.633907265133328
1710527559.57393,2.6170923974778915
1710527559.5740435,2.60062747531467
1710527559.574157,2.5852139790852866
1710527559.5742705,2.5712013244628906
1710527559.5743837,2.556138038635254
1710527559.5744972,2.541424698299832
1710527559.5746107,2.525310516357422
1710527559.5747242,2.506743801964654
1710527559.5748374,2.4843237135145397
1710527559.574951,2.4584007263183594
1710527559.5750644,2.430025471581353
1710527559.575178,2.399548159705268
1710527559.5752912,2.36801995171441
1710527559.5754046,2.3357913229200573
1710527559.5755181,2.302862008412679
1710527559.5756316,2.268881532880995
1710527559.5757449,2.2327992651197643
1710527559.5758584,2.1946153375837536
1710527559.5759718,2.153979010052151
1710527559.5760853,2.110189994176229
1710527559.5761986,2.060445547103882
1710527559.576312,2.006847725974189
1710527559.5764256,1.9518486658732095
1710527559.576539,1.891594860288832
1710527559.5766523,1.8306405014461942
1710527559.5767658,1.7682849036322699
1710527559.5768793,1.7038273811340332
1710527559.5769925,1.6365673806932237
1710527559.577106,1.568606694539388
1710527559.5772195,1.4964422914716933
1710527559.577333,1.4211250676049125
1710527559.5774462,1.3419544696807861
1710527559.5775597,1.2596310509575737
1710527559.5776732,1.172403229607476
1710527559.5777867,1.0813219017452664
1710527559.5779,0.9884890582826402
1710527559.5780134,0.8925033940209283
1710527559.578127,0.7940655946731567
1710527559.5782404,0.6952774524688721
1710527559.5783536,0.595088005065918
1710527559.5784671,0.493147075176239
1710527559.5785806,0.38875391085942584
1710527559.578694,0.2829595075713264
1710527559.5788074,0.1736619902981652
1710527559.5789208,0.06156196196873982
1710527559.5790343,-0.054731108248233795
1710527559.5791478,-0.17276335093710157
1710527559.579261,-0.2932473023732503
1710527559.5793746,-0.41338102685080635
1710527559.579488,-0.5335147513283623
1710527559.5796015,-0.6518972582287258
1710527559.5797148,-0.7695792118708292
1710527559.5798283,-0.8851597706476847
1710527559.5799417,-1.0003900527954102
1710527559.5800552,-1.1159706115722656
1710527559.5801685,-1.231901380750868
1710527559.580282,-1.3499336772494845
1710527559.5803955,-1.468666394551595
1710527559.580509,-1.5873991118537054
1710527559.5806222,-1.7047308550940619
1710527559.5807357,-1.8196109930674234
1710527559.5808492,-1.9295875231424966
1710527559.5809627,-2.035011053085327
1710527559.581076,-2.1369320816463895
1710527559.5811894,-2.234299977620443
1710527559.581303,-2.3285155826144748
1710527559.5814161,-2.420980135599772
1710527559.5815296,-2.513444423675537
1710527559.581643,-2.604157659742567
1710527559.5817566,-2.6927693684895835
1710527559.5818698,-2.7792798148261175
1710527559.5819833,-2.8608865208095975
1710527559.5820968,-2.9358386993408203
1710527559.5822103,-3.005186981625027
1710527559.5823236,-3.067180315653483
1710527559.582437,-3.1235694885253906
1710527559.5825505,-3.1761063469780817
1710527559.582664,-3.224089675479465
1710527559.5827773,-3.2696212662590876
1710527559.5828907,-3.314102490743001
1710527559.5830042,-3.3547306060791016
1710527559.5831177,-3.3925570382012262
1710527559.583231,-3.4261804156833224
1710527559.5833445,-3.454550372229682
1710527559.583458,-3.478717009226481
1710527559.5835714,-3.4955286979675293
1710527559.5836847,-3.5088380177815752
1710527559.5837982,-3.5168936517503524
1710527559.5839117,-3.5214469167921276
1710527559.5840251,-3.524599075317383
1710527559.5841384,-3.525299496120877
1710527559.5842519,-3.525299496120877
1710527559.5843654,-3.522497547997369
1710527559.5844789,-3.5175940725538464
1710527559.584592,-3.5102391242980957
1710527559.5847056,-3.4997317526075573
1710527559.584819,-3.4864224327935114
1710527559.5849326,-3.46996095445421
1710527559.5850458,-3.4506975279914007
1710527559.5851593,-3.4296830495198565
1710527559.5852728,-3.4062165684170194
1710527559.5853863,-3.383100562625461
1710527559.5854995,-3.359283871120877
1710527559.585613,-3.335467179616292
1710527559.5857265,-3.312000963422987
1710527559.5858397,-3.2888846927218967
1710527559.5859532,-3.2664691077338324
1710527559.5860667,-3.244053522745768
1710527559.5861802,-3.220587306552463
1710527559.5862935,-3.1964204046461315
1710527559.586407,-3.170151975419786
1710527559.5865204,-3.144584231906467
1710527559.586634,-3.118316067589654
1710527559.5867472,-3.0934487448798285
1710527559.5868607,-3.069281842973497
1710527559.5869741,-3.04721646838718
1710527559.5870876,-3.0276028315226235
1710527559.5872009,-3.010090457068549
1710527559.5873144,-2.99222813712226
1710527559.5874279,-2.9754164483812118
1710527559.5875413,-2.9575538635253906
1710527559.5876546,-2.9386406474643283
1710527559.587768,-2.919377221001519
1710527559.5878816,-2.898712952931722
1710527559.587995,-2.8787491056654186
1710527559.5881083,-2.8608865208095975
1710527559.5882218,-2.84512546327379
1710527559.5883353,-2.8314659330579968
1710527559.5884488,-2.8199079301622176
1710527559.588562,-2.811151875389947
1710527559.5886755,-2.8009947141011557
1710527559.588789,-2.79048760732015
1710527559.5889025,-2.7775284979078503
1710527559.5890157,-2.763868967692057
1710527559.5891292,-2.74950901667277
1710527559.5892427,-2.7347985903422036
1710527559.5893562,-2.7200884289211698
1710527559.5894694,-2.7081802156236434
1710527559.589583,-2.6973226335313583
1710527559.5896964,-2.6885665787590876
1710527559.58981,-2.680861155192057
1710527559.5899231,-2.67140441470676
1710527559.5900366,-2.660897307925754
1710527559.59015,-2.6482884089152017
1710527559.5902634,-2.6321771409776473
1710527559.5903769,-2.6143148210313583
1710527559.5904903,-2.595751815372043
1710527559.5906038,-2.576138178507487
1710527559.590717,-2.5572249624464245
1710527559.5908306,-2.5400630633036294
1710527559.590944,-2.522550688849555
1710527559.5910575,-2.504338158501519
1710527559.5911708,-2.4857751528422036
1710527559.5912843,-2.4640599886576333
1710527559.5913978,-2.4384922451443143
1710527559.5915112,-2.4090716573927136
1710527559.5916245,-2.3768493864271374
1710527559.591738,-2.341824902428521
1710527559.5918515,-2.3046988911098905
1710527559.591965,-2.266522248586019
1710527559.5920782,-2.2265945540534124
1710527559.5921917,-2.186316516664293
1710527559.5923052,-2.1456881364186606
1710527559.5924187,-2.101207176844279
1710527559.592532,-2.0539242691463895
1710527559.5926454,-2.0034890704684787
1710527559.592759,-1.9492012924618192
1710527559.5928724,-1.8893094857533772
1710527559.5929856,-1.8262656529744465
1710527559.593099,-1.7600693967607286
1710527559.5932126,-1.6896703508165147
1710527559.593326,-1.61822067366706
1710527559.5934393,-1.544669336742825
1710527559.5935528,-1.4693669478098552
1710527559.5936663,-1.3912624782986112
1710527559.5937798,-1.3114068243238661
1710527559.593893,-1.2280486689673529
1710527559.5940065,-1.141888697942098
1710527559.59412,-1.0508252514733207
1710527559.5942335,-0.9559090932210286
1710527559.5943468,-0.8571402894126045
1710527559.5944602,-0.7541684971915351
1710527559.5945737,-0.6480445464452108
1710527559.594687,-0.540169378121694
1710527559.5948005,-0.4298425051901075
1710527559.594914,-0.3209166063202752
1710527559.5950274,-0.21023947331640455
1710527559.5951407,-0.09921210507551828
1710527559.5952542,0.012868514491452111
1710527559.5953677,0.12882197896639505
1710527559.5954812,0.24687732259432474
1710527559.5955944,0.3684357802073161
1710527559.595708,0.49384769466188216
1710527559.5958214,0.6213614675733778
1710527559.5959349,0.7499261697133383
1710527559.596048,0.8781405952241685
1710527559.5961616,1.003202199935913
1710527559.596275,1.1265122890472412
1710527559.5963886,1.2484210067325168
1710527559.5965018,1.3668266932169597
1710527559.5966153,1.4838310082753499
1710527559.5967288,1.6022366947597928
1710527559.5968423,1.7220436202155218
1710527559.5969555,1.8407996495564778
1710527559.597069,1.960956785413954
1710527559.5971825,2.0786617861853705
1710527559.597296,2.1942649947272406
1710527559.5974092,2.303912904527452
1710527559.5975227,2.4083060688442655
1710527559.5976362,2.5053426954481335
1710527559.5977497,2.5978249973720975
1710527559.597863,2.6854032940334744
1710527559.5979764,2.7705293231540256
1710527559.59809,2.853903505537245
1710527559.5982034,2.934475474887424
1710527559.5983167,3.01539765463935
1710527559.5984302,3.09106535381741
1710527559.5985436,3.1632296244303384
1710527559.5986571,3.2287380430433483
1710527559.5987704,3.287240399254693
1710527559.5988839,3.3376852671305337
1710527559.5989974,3.381474283006456
1710527559.5991106,3.420008818308512
1710527559.599224,3.453989028930664
1710527559.5993376,3.484466340806749
1710527559.599451,3.5128415955437555
1710527559.5995643,3.5387648476494684
1710527559.5996778,3.561885356903076
1710527559.5997913,3.580802281697591
1710527559.5999048,3.5941139856974282
1710527559.600018,3.602871894836426
1710527559.6001315,3.6074259546067977
1710527559.600245,3.6056743727789984
1710527559.6003585,3.6004196272956
1710527559.6004717,3.5913115077548556
1710527559.6005852,3.5804518063863116
1710527559.6006987,3.5685412089029946
1710527559.6008122,3.554528819190131
1710527559.6009254,3.5398157437642412
1710527559.601039,3.5244019826253252
1710527559.6011524,3.5068861643473306
1710527559.601266,3.487969504462348
1710527559.6013792,3.4669505225287542
1710527559.6014926,3.4434798028733993
1710527559.6016061,3.4175565507676864
1710527559.6017196,3.3909328778584795
1710527559.6018329,3.362207147810194
1710527559.6019464,3.3334814177619085
1710527559.6020598,3.304405477311876
1710527559.6021733,3.276380697886149
1710527559.6022866,3.2483556535508895
1710527559.6024,3.2213815053304033
1710527559.6025136,3.1965094142489963
1710527559.602627,3.1716370582580566
1710527559.6027403,3.146064281463623
1710527559.6028538,3.1211921903822155
1710527559.6029673,3.094918727874756
1710527559.6030807,3.068995475769043
1710527559.603194,3.042371802859836
1710527559.6033075,3.0167990260654025
1710527559.603421,2.9915764596727157
1710527559.6035342,2.969156371222602
1710527559.6036477,2.94848812950982
1710527559.6037612,2.930271625518799
1710527559.6038747,2.914157443576389
1710527559.603988,2.898743682437473
1710527559.6041014,2.8826292355855307
1710527559.604215,2.865814103020562
1710527559.6043284,2.847597863939073
1710527559.6044416,2.829732100168864
1710527559.6045551,2.811866071489122
1710527559.6046686,2.7947007285224066
1710527559.604782,2.778936756981744
1710527559.6048954,2.765975263383653
1710527559.6050088,2.7551155620151095
1710527559.6051223,2.7453067567613387
1710527559.6052358,2.7365488476223416
1710527559.605349,2.726389831966824
1710527559.6054626,2.71553013059828
1710527559.605576,2.70256863700019
1710527559.6056895,2.6871548758612738
1710527559.6058028,2.672091325124105
1710527559.6059163,2.656677563985189
1710527559.6060297,2.6423146989610458
1710527559.6061432,2.629002994961209
1710527559.6062565,2.6174426078796387
1710527559.60637,2.6065829065110946
1710527559.6064835,2.595022519429525
1710527559.606597,2.581360340118408
1710527559.6067102,2.5662970542907715
1710527559.6068237,2.548080815209283
1710527559.6069372,2.526711622873942
1710527559.6070507,2.503240638309055
1710527559.607164,2.4794194433424206
1710527559.6072774,2.453846666547987
1710527559.6073909,2.429674996270074
1710527559.6075044,2.4051531155904136
1710527559.6076176,2.380281024509006
1710527559.607731,2.353657351599799
1710527559.6078446,2.3249316215515137
1710527559.6079578,2.2923525174458823
1710527559.6080713,2.256270249684652
1710527559.6081848,2.2159843974643283
1710527559.6082983,2.172895934846666
1710527559.6084116,2.1273553371429443
1710527559.608525,2.0790121290418835
1710527559.6086385,2.030318710539076
1710527559.608752,1.979873710208469
1710527559.6088653,1.9273267851935492
1710527559.6089787,1.872678067949083
1710527559.6090922,1.8162777688768175
1710527559.6092057,1.756374306148953
1710527559.609319,1.691566440794203
1710527559.6094325,1.6236057546403673
1710527559.609546,1.5503904554578993
1710527559.6096594,1.4736719926198323
1710527559.6097727,1.3934503661261664
1710527559.6098862,1.3107766045464408
1710527559.6099997,1.225650707880656
1710527559.6101131,1.138072543674045
1710527559.6102264,1.0494434833526611
1710527559.6103399,0.9590628412034776
1710527559.6104534,0.8665802743699815
1710527559.6105669,0.7705946101082696
1710527559.61068,0.672156810760498
1710527559.6107936,0.5702158477571275
1710527559.610907,0.46442144446902806
1710527559.6110206,0.35442329115337795
1710527559.6111338,0.24302388230959573
1710527559.6112473,0.12917229698763952
1710527559.6113608,0.01356913915110959
1710527559.6114743,-0.10096332265271081
1710527559.6115875,-0.2154931260479821
1710527559.611701,-0.3293224506907993
1710527559.6118145,-0.4431517918904622
1710527559.611928,-0.5573313103781806
1710527559.6120412,-0.6743128432167901
1710527559.6121547,-0.7916446526845295
1710527559.6122682,-0.9121285544501411
1710527559.6123815,-1.0340134965048895
1710527559.612495,-1.157299412621392
1710527559.6126084,-1.2781336572435167
1710527559.612722,-1.3979171382056341
1710527559.6128352,-1.5131473541259766
1710527559.6129487,-1.62522554397583
1710527559.6130621,-1.7345016532474093
1710527559.6131756,-1.8409758143954806
1710527559.6132889,-1.945698791080051
1710527559.6134024,-2.050771978166368
1710527559.6135159,-2.1561955081091986
1710527559.6136293,-2.2602179315355087
1710527559.6137426,-2.3631898562113443
1710527559.613856,-2.4640599886576333
1710527559.6139696,-2.5589762793646917
1710527559.614083,-2.648638619316949
1710527559.6141963,-2.7312962214152017
1710527559.6143098,-2.8090503480699325
1710527559.6144233,-2.88120084338718
1710527559.6145368,-2.9487978087531195
1710527559.61465,-3.0132426155938044
1710527559.6147635,-3.075936370425754
1710527559.614877,-3.1368788083394366
1710527559.6149905,-3.1936184565226235
1710527559.6151037,-3.24755589167277
1710527559.6152172,-3.295539485083686
1710527559.6153307,-3.3372184965345593
1710527559.6154442,-3.373643822140164
1710527559.6155574,-3.4027141994900174
1710527559.615671,-3.4275815221998425
1710527559.6157844,-3.4478955798678927
1710527559.615898,-3.464357058207194
1710527559.6160111,-3.4797679053412542
1710527559.6161246,-3.4920263290405273
1710527559.616238,-3.5035843319363065
1710527559.6163516,-3.5123406516181097
1710527559.6164649,-3.5175940725538464
1710527559.6165783,-3.5196955998738604
1710527559.6166918,-3.518294758266873
1710527559.616805,-3.5109395451015897
1710527559.6169186,-3.5007823838127985
1710527559.617032,-3.4885239601135254
1710527559.6171455,-3.473813798692491
1710527559.6172588,-3.4563014242384167
1710527559.6173723,-3.439489735497369
1710527559.6174858,-3.4202263090345593
1710527559.6175992,-3.402013513776991
1710527559.6177125,-3.382750087314182
1710527559.617826,-3.363837136162652
1710527559.6179395,-3.3428223927815752
1710527559.618053,-3.321107228597005
1710527559.6181662,-3.299041854010688
1710527559.6182797,-3.2741745313008623
1710527559.6183932,-3.2479063669840493
1710527559.6185067,-3.2223383585611978
1710527559.61862,-3.1971208254496255
1710527559.6187334,-3.1712028715345593
1710527559.618847,-3.146685759226481
1710527559.6189604,-3.1249705950419107
1710527559.6190736,-3.1036056412590876
1710527559.619187,-3.084342214796278
1710527559.6193006,-3.0654289987352157
1710527559.619414,-3.0454651514689126
1710527559.6195273,-3.0244504080878363
1710527559.6196408,-3.002385033501519
1710527559.6197543,-2.980670134226481
1710527559.6198678,-2.9582542843288846
1710527559.619981,-2.9368895954555936
1710527559.6200945,-2.917626168992784
1710527559.620208,-2.9001137945387097
1710527559.6203215,-2.885403633117676
1710527559.6204348,-2.8731452094184027
1710527559.6205482,-2.8612367312113443
1710527559.6206617,-2.8493285179138184
1710527559.6207752,-2.8377705150180392
1710527559.6208885,-2.823410563998752
1710527559.621002,-2.808349927266439
1710527559.6211154,-2.7929390801323786
1710527559.6212287,-2.7771782875061035
1710527559.6213422,-2.7635187572903104
1710527559.6214557,-2.7519607543945312
1710527559.6215692,-2.743204434712728
1710527559.6216824,-2.73549927605523
1710527559.621796,-2.728144062889947
1710527559.6219094,-2.7211390601264105
1710527559.6220229,-2.7106319533454046
1710527559.622136,-2.698723475138346
1710527559.6222496,-2.6840133137173123
1710527559.622363,-2.6682522561815047
1710527559.6224766,-2.652140988243951
1710527559.6225898,-2.6356795099046493
1710527559.6227033,-2.6209693484836154
1710527559.6228168,-2.6073098182678223
1710527559.6229303,-2.5954016049702964
1710527559.6230435,-2.581742074754503
1710527559.623157,-2.567732334136963
1710527559.6232705,-2.550570434994168
1710527559.623384,-2.5295556916130915
1710527559.6234972,-2.505038579305013
1710527559.6236107,-2.4777195188734265
1710527559.6237242,-2.4489996168348522
1710527559.6238377,-2.418878608279758
1710527559.623951,-2.3887575997246637
1710527559.6240644,-2.357936170366075
1710527559.624178,-2.3271144760979547
1710527559.6242914,-2.2955926259358725
1710527559.6244047,-2.2609183523390026
1710527559.6245182,-2.2227419747246637
1710527559.6246316,-2.181763251622518
1710527559.6247451,-2.1369320816463895
1710527559.6248584,-2.0875476466284857
1710527559.6249719,-2.035361263487074
1710527559.6250854,-1.9810734854804144
1710527559.6251988,-1.9239836268954806
1710527559.625312,-1.865142716301812
1710527559.6254256,-1.8052509095933702
1710527559.625539,-1.7432577080196805
1710527559.6256523,-1.6788129011789956
1710527559.6257658,-1.6112156709035237
1710527559.6258793,-1.5394156508975558
1710527559.6259928,-1.464113261964586
1710527559.626106,-1.383557054731581
1710527559.6262195,-1.29879805776808
1710527559.626333,-1.2098360061645508
1710527559.6264465,-1.1173715856340196
1710527559.6265597,-1.0217549403508503
1710527559.6266732,-0.9240369002024332
1710527559.6267867,-0.824917819764879
1710527559.6269002,-0.7250982522964478
1710527559.6270134,-0.6228270133336385
1710527559.627127,-0.5191547340816921
1710527559.6272404,-0.4123302963044908
1710527559.627354,-0.3013029363420274
1710527559.6274672,-0.18747361169921026
1710527559.6275806,-0.06944135659270816
1710527559.6276941,0.052804148031605616
1710527559.6278076,0.1775154305828942
1710527559.6279209,0.30187639925214976
1710527559.6280344,0.42658769422107273
1710527559.6281478,0.5512989560763041
1710527559.6282613,0.672507087389628
1710527559.6283746,0.7937152518166436
1710527559.628488,0.9135221772723727
1710527559.6286016,1.0343799988428752
1710527559.628715,1.156639125612047
1710527559.6288283,1.2817006640964084
1710527559.6289418,1.406762335035536
1710527559.6290553,1.5335754553476968
1710527559.6291687,1.6586369938320584
1710527559.629282,1.7805458439721
1710527559.6293955,1.8979005018870034
1710527559.629509,2.010000546773275
1710527559.6296225,2.1164956357744003
1710527559.6297357,2.219837771521674
1710527559.6298492,2.3207277721828885
1710527559.6299627,2.4195159806145563
1710527559.630076,2.517953713734945
1710527559.6301894,2.6156910260518393
1710527559.630303,2.7120269669426813
1710527559.6304164,2.8052102194892035
1710527559.6305296,2.8934889369540744
1710527559.6306431,2.9754620128207736
1710527559.6307566,3.050078550974528
1710527559.63087,3.1173385514153376
1710527559.6309834,3.1786433855692544
1710527559.6310968,3.233642578125
1710527559.6312103,3.286189238230387
1710527559.6313238,3.3362841606140137
1710527559.631437,3.383576340145535
1710527559.6315506,3.427014880710178
1710527559.631664,3.4673009978400335
1710527559.6317775,3.502682579888238
1710527559.6318908,3.5321087307400174
1710527559.6320043,3.5555797153049045
1710527559.6321177,3.5713436868455672
1710527559.6322312,3.5825538635253906
1710527559.6323445,3.5902606116400824
1710527559.632458,3.5934135648939343
1710527559.6325715,3.5944644610087075
1710527559.632685,3.5944644610087075
1710527559.6327982,3.5920121934678817
1710527559.6329117,3.587808609008789
1710527559.6330252,3.581152492099338
1710527559.6331387,3.5716941621568465
1710527559.633252,3.5594330893622503
1710527559.6333654,3.5440193282233343
1710527559.6334789,3.5254528787400985
1710527559.6335924,3.5051345825195312
1710527559.6337056,3.4816638628641763
1710527559.633819,3.4574921925862627
1710527559.6339326,3.4333205223083496
1710527559.634046,3.4091491169399686
1710527559.6341593,3.3846272362603083
1710527559.6342728,3.3601053555806475
1710527559.6343863,3.3359336853027344
1710527559.6344995,3.311411804623074
1710527559.634613,3.2868899239434137
1710527559.6347265,3.2606164614359536
1710527559.63484,3.2339927885267468
1710527559.6349533,3.2070186403062606
1710527559.6350667,3.1786433855692544
1710527559.6351802,3.150968551635742
1710527559.6352937,3.123293982611762
1710527559.635407,3.0970205201043024
1710527559.6355205,3.0717979537116156
1710527559.635634,3.0490276548597546
1710527559.6357474,3.02835914823744
1710527559.6358607,3.008041116926405
1710527559.6359742,2.9891241921318903
1710527559.6360877,2.969506846533881
1710527559.6362011,2.947436968485514
1710527559.6363144,2.9274691475762262
1710527559.6364279,2.9053995344373913
1710527559.6365414,2.885081503126356
1710527559.6366549,2.8661645783318415
1710527559.636768,2.848649024963379
1710527559.6368816,2.833935684627957
1710527559.636995,2.8209741910298667
1710527559.6371086,2.8094138039482965
1710527559.6372218,2.7982038921780057
1710527559.6373353,2.7866435050964355
1710527559.6374488,2.772631115383572
1710527559.6375623,2.756867143842909
1710527559.6376755,2.74180359310574
1710527559.637789,2.725338935852051
1710527559.6379025,2.710625860426161
1710527559.638016,2.6966132058037653
1710527559.6381292,2.6854032940334744
1710527559.6382427,2.675944699181451
1710527559.6383562,2.6664863692389593
1710527559.6384697,2.6570280392964682
1710527559.638583,2.645817862616645
1710527559.6386964,2.632155683305528
1710527559.63881,2.616041236453586
1710527559.6389232,2.598876158396403
1710527559.6390367,2.5782076517740884
1710527559.6391501,2.5592907269795737
1710527559.6392636,2.539673116472032
1710527559.6393769,2.5211066669887967
1710527559.6394904,2.502890427907308
1710527559.6396039,2.4836232927110458
1710527559.6397173,2.4633049964904785
1710527559.6398306,2.4405346976386175
1710527559.639944,2.414611710442437
1710527559.6400576,2.384134398566352
1710527559.640171,2.3512050840589733
1710527559.6402843,2.31547302669949
1710527559.6403978,2.2786903381347656
1710527559.6405113,2.240156067742242
1710527559.6406248,2.2005706363254123
1710527559.640738,2.160985337363349
1710527559.6408515,2.1199987994299994
1710527559.640965,2.075859308242798
1710527559.6410785,2.02961802482605
1710527559.6411917,1.979873710208469
1710527559.6413052,1.9241739643944633
1710527559.6414187,1.865671740637885
1710527559.6415322,1.803316142823961
1710527559.6416454,1.737807724210951
1710527559.641759,1.6708979341718886
1710527559.6418724,1.5997845596737332
1710527559.641986,1.5286710527208116
1710527559.6420991,1.4544048574235704
1710527559.6422126,1.3783869478437636
1710527559.642326,1.2999169031778972
1710527559.6424396,1.217943827311198
1710527559.6425529,1.1328177981906467
1710527559.6426663,1.0427874988979764
1710527559.6427798,0.9503049982918633
1710527559.6428933,0.8532684379153781
1710527559.6430066,0.7523783710267808
1710527559.64312,0.649036169052124
1710527559.6432335,0.5435920755068461
1710527559.6433468,0.4370970527331034
1710527559.6434603,0.3292007909880744
1710527559.6435738,0.22130449612935382
1710527559.6436872,0.11165666083494821
1710527559.6438005,-0.00044327766065382294
1710527559.643914,-0.1139223575592041
1710527559.6440275,-0.22985314329465228
1710527559.644141,-0.3485858771536085
1710527559.6442542,-0.46942008866204155
1710527559.6443677,-0.5923557281494141
1710527559.6444812,-0.7156416442659166
1710527559.6445947,-0.8382270733515421
1710527559.644708,-0.9583607647154067
1710527559.6448214,-1.0770935482449002
1710527559.644935,-1.1933745278252494
1710527559.6450484,-1.307904322942098
1710527559.6451616,-1.4213834868537054
1710527559.645275,-1.534162097507053
1710527559.6453886,-1.6483415497673881
1710527559.645502,-1.7632216877407498
1710527559.6456153,-1.877401272455851
1710527559.6457288,-1.9908803039126926
1710527559.6458423,-2.100156413184272
1710527559.6459558,-2.205930153528849
1710527559.646069,-2.3057497872246637
1710527559.6461825,-2.4006658130221896
1710527559.646296,-2.489978207482232
1710527559.6464095,-2.576138178507487
1710527559.6465228,-2.658445570203993
1710527559.6466362,-2.739351855383979
1710527559.6467497,-2.819207509358724
1710527559.6468632,-2.8959110048082137
1710527559.6469765,-2.970863183339437
1710527559.64709,-3.0398612552218967
1710527559.6472034,-3.1046565373738604
1710527559.647317,-3.161746131049262
1710527559.6474302,-3.2128818829854326
1710527559.6475437,-3.257713052961561
1710527559.6476572,-3.2972905370924206
1710527559.6477704,-3.3333659172058105
1710527559.647884,-3.3659383985731335
1710527559.6479974,-3.397110303243001
1710527559.6481109,-3.4261804156833224
1710527559.648224,-3.4520986345079208
1710527559.6483376,-3.474514219495985
1710527559.648451,-3.4927267498440213
1710527559.6485646,-3.5063862800598145
1710527559.6486778,-3.5140917036268444
1710527559.6487913,-3.5175940725538464
1710527559.6489048,-3.5165434413486056
1710527559.6490183,-3.5126908620198565
1710527559.6491315,-3.506736490461561
1710527559.649245,-3.4986811214023166
1710527559.6493585,-3.488874170515272
1710527559.649472,-3.478016588422987
1710527559.6495852,-3.466108375125461
1710527559.6496987,-3.4527990553114147
1710527559.6498122,-3.4377384185791016
1710527559.6499257,-3.4198760986328125
1710527559.650039,-3.400262461768256
1710527559.6501524,-3.37924771838718
1710527559.650266,-3.3561317125956216
1710527559.6503794,-3.3312643898857965
1710527559.6504927,-3.3060468567742243
1710527559.6506062,-3.2815297444661455
1710527559.6507196,-3.2573628425598145
1710527559.6508331,-3.234246836768256
1710527559.6509464,-3.21183098687066
1710527559.6510599,-3.1901160875956216
1710527559.6511734,-3.1687511338127985
1710527559.6512868,-3.147386180029975
1710527559.6514,-3.1249705950419107
1710527559.6515136,-3.1011539035373263
1710527559.651627,-3.076636791229248
1710527559.6517406,-3.052119943830702
1710527559.6518538,-3.0279530419243708
1710527559.6519673,-3.0037861400180392
1710527559.6520808,-2.982771396636963
1710527559.652194,-2.963858445485433
1710527559.6523075,-2.9473969671461315
1710527559.652421,-2.931986120012071
1710527559.6525345,-2.9172759585910373
1710527559.6526477,-2.902215321858724
1710527559.6527612,-2.8857538435194225
1710527559.6528747,-2.8685919443766275
1710527559.6529882,-2.8500289387173123
1710527559.6531014,-2.8321666187710233
1710527559.653215,-2.815354930029975
1710527559.6533284,-2.799593872494168
1710527559.653442,-2.7876856591966415
1710527559.6535552,-2.7768280771043563
1710527559.6536686,-2.7677215470208063
1710527559.6537821,-2.758965492248535
1710527559.6538956,-2.74950901667277
1710527559.6540089,-2.738301224178738
1710527559.6541224,-2.724641693962945
1710527559.6542358,-2.710982163747152
1710527559.6543493,-2.6952211062113443
1710527559.6544626,-2.6805109447903104
1710527559.654576,-2.6668514145745172
1710527559.6546896,-2.655643622080485
1710527559.654803,-2.6454864607916937
1710527559.6549163,-2.6370806164211698
1710527559.6550298,-2.627974351247152
1710527559.6551433,-2.6167665587531195
1710527559.6552567,-2.6038074493408203
1710527559.65537,-2.587345971001519
1710527559.6554835,-2.5680825445387097
1710527559.655597,-2.5470678011576333
1710527559.6557105,-2.525352636973063
1710527559.6558237,-2.503287262386746
1710527559.6559372,-2.4822727839152017
1710527559.6560507,-2.4609078301323786
1710527559.6561642,-2.439542876349555
1710527559.6562774,-2.41607666015625
1710527559.656391,-2.3915595478481717
1710527559.6565044,-2.362839380900065
1710527559.6566176,-2.3299164242214627
1710527559.6567311,-2.293491098615858
1710527559.6568446,-2.253563404083252
1710527559.656958,-2.2108336289723716
1710527559.6570714,-2.166702879799737
1710527559.6571848,-2.1204706033070884
1710527559.6572983,-2.0731876956091986
1710527559.6574118,-2.0245036813947888
1710527559.657525,-1.9744188255733914
1710527559.6576385,-1.9197807047102187
1710527559.657752,-1.861990425321791
1710527559.6578655,-1.8006977770063612
1710527559.6579788,-1.7355524169074164
1710527559.6580923,-1.6644528177049425
1710527559.6582057,-1.5912518236372206
1710527559.6583192,-1.5131473541259766
1710527559.6584325,-1.4325912793477376
1710527559.658546,-1.3506340980529785
1710527559.6586595,-1.2658751010894775
1710527559.658773,-1.1797149976094563
1710527559.6588862,-1.0918037758933172
1710527559.6589997,-1.0017910930845473
1710527559.6591132,-0.907225145234002
1710527559.6592267,-0.8105578025182087
1710527559.65934,-0.7096875376171535
1710527559.6594534,-0.6042640739017062
1710527559.6595669,-0.49288643731011283
1710527559.6596804,-0.3797576162550184
1710527559.6597936,-0.26277608341640896
1710527559.659907,-0.14579456713464525
1710527559.6600206,-0.028112559682793088
1710527559.660134,0.0899372829331292
1710527559.6602473,0.20834293630388048
1710527559.6603608,0.32604797018898857
1710527559.6604743,0.4455045527882046
1710527559.6605878,0.5670630269580417
1710527559.660701,0.6921246316697862
1710527559.6608145,0.8196384376949734
1710527559.660928,0.9503049982918633
1710527559.6610413,1.0806212822596233
1710527559.6611547,1.21023694674174
1710527559.6612682,1.3381010956234403
1710527559.6613817,1.461060709423489
1710527559.661495,1.580867634879218
1710527559.6616085,1.695770157708062
1710527559.661722,1.8082205454508462
1710527559.6618354,1.9199702474806044
1710527559.6619487,2.031369606653849
1710527559.6620622,2.1427690982818604
1710527559.6621757,2.2541684574551053
1710527559.6622891,2.3638163672553167
1710527559.6624024,2.4703113238016763
1710527559.6625159,2.570500638749864
1710527559.6626294,2.665435473124186
1710527559.6627429,2.75336398018731
1710527559.662856,2.833935684627957
1710527559.6629696,2.909252908494737
1710527559.663083,2.981066968705919
1710527559.6631966,3.0507792366875544
1710527559.6633098,3.117689026726617
1710527559.6634233,3.1821465492248535
1710527559.6635368,3.244852489895291
1710527559.6636503,3.3023036850823297
1710527559.6637635,3.3552008204989963
1710527559.663877,3.4000409973992243
1710527559.6639905,3.438225057390001
1710527559.664104,3.4704536861843533
1710527559.6642172,3.495326042175293
1710527559.6643307,3.5177458657158747
1710527559.6644442,3.5366627905103893
1710527559.6645577,3.5520765516493054
1710527559.664671,3.5674903127882214
1710527559.6647844,3.578700224558512
1710527559.664898,3.5874581336975098
1710527559.6650114,3.593063089582655
1710527559.6651247,3.5941139856974282
1710527559.6652381,3.5909612973531084
1710527559.6653516,3.5829040739271374
1710527559.6654649,3.5720443725585938
1710527559.6655784,3.557331297132704
1710527559.6656919,3.5408666398790145
1710527559.6658053,3.522650400797526
1710527559.6659186,3.5030327902899847
1710527559.666032,3.4830649693806963
1710527559.6661456,3.462746938069661
1710527559.666259,3.441027535332574
1710527559.6663723,3.418257236480713
1710527559.6664858,3.3951364623175726
1710527559.6665993,3.3706145816379123
1710527559.6667128,3.3439909087287054
1710527559.666826,3.3173672358194985
1710527559.6669395,3.2896924018859863
1710527559.667053,3.261667357550727
1710527559.6671665,3.2332921028137207
1710527559.6672797,3.2063179545932345
1710527559.6673932,3.180044756995307
1710527559.6675067,3.1551724010043674
1710527559.6676202,3.1320518917507596
1710527559.6677334,3.110332489013672
1710527559.667847,3.0879124005635576
1710527559.6679604,3.0665434731377497
1710527559.668074,3.043772909376356
1710527559.6681871,3.0199517144097223
1710527559.6683006,2.996480729844835
1710527559.668414,2.972659534878201
1710527559.6685276,2.9495390256245932
1710527559.6686409,2.9285203086005316
1710527559.6687543,2.909252908494737
1710527559.6688678,2.8927882512410483
1710527559.6689813,2.8777249654134116
1710527559.6690946,2.8633621003892684
1710527559.669208,2.849349445766873
1710527559.6693215,2.834986845652262
1710527559.669435,2.81887239880032
1710527559.6695483,2.8020572662353516
1710527559.6696618,2.7852423985799155
1710527559.6697752,2.7680770556131997
1710527559.6698885,2.753013504876031
1710527559.670002,2.7393513255649142
1710527559.6701155,2.7291923099093967
1710527559.670229,2.720434400770399
1710527559.6703422,2.711326281229655
1710527559.6704557,2.7018679512871637
1710527559.6705692,2.6910082499186196
1710527559.6706827,2.6780467563205295
1710527559.670796,2.66298320558336
1710527559.6709094,2.6472192340426974
1710527559.671023,2.630754576789008
1710527559.6711364,2.6139394442240396
1710527559.6712496,2.599576579199897
1710527559.671363,2.5862648752000594
1710527559.6714766,2.57295290629069
1710527559.67159,2.5592907269795737
1710527559.6717033,2.5438769658406577
1710527559.6718168,2.526711622873942
1710527559.6719303,2.5060431162516275
1710527559.6720438,2.4829226069980197
1710527559.672157,2.456298934088813
1710527559.6722705,2.4282738897535534
1710527559.672384,2.399197949303521
1710527559.6724975,2.3701220088534884
1710527559.6726108,2.3403453826904297
1710527559.6727242,2.310568756527371
1710527559.6728377,2.2783401277330184
1710527559.6729512,2.2443596522013345
1710527559.6730645,2.2061755922105575
1710527559.673178,2.165189054277208
1710527559.6732914,2.1203490098317466
1710527559.673405,2.0706046952141657
1710527559.6735182,2.017707427342733
1710527559.6736317,1.9630587100982666
1710527559.6737452,1.9063080681694877
1710527559.6738586,1.8467549482981362
1710527559.673972,1.7868514855702717
1710527559.6740854,1.7248460981580946
1710527559.6741989,1.6596880224015977
1710527559.674312,1.591376993391249
1710527559.6744256,1.5195629331800673
1710527559.674539,1.4438954989115398
1710527559.6746526,1.3633235295613606
1710527559.6747658,1.279598871866862
1710527559.6748793,1.1916703648037381
1710527559.6749928,1.1009394460254245
1710527559.6751063,1.0067052973641288
1710527559.6752195,0.9128215577867296
1710527559.675333,0.8154346545537312
1710527559.6754465,0.7173471318350898
1710527559.67556,0.6171577506595187
1710527559.6756732,0.5148664447996352
1710527559.6757867,0.4097726609971788
1710527559.6759002,0.3022267089949714
1710527559.6760137,0.19047699040836757
1710527559.676127,0.0759247773223453
1710527559.6762404,-0.04142183396551344
1710527559.676354,-0.16015456782446966
1710527559.6764674,-0.2799380487865872
1710527559.6765807,-0.39937125311957467
1710527559.6766942,-0.5163527859581841
1710527559.6768076,-0.6333343187967936
1710527559.6769211,-0.748564600944519
1710527559.6770344,-0.8644953701231215
1710527559.6771479,-0.981126692559984
1710527559.6772614,-1.0988086462020874
1710527559.6773748,-1.218942403793335
1710527559.677488,-1.3394263055589464
1710527559.6776016,-1.4609609709845648
1710527559.677715,-1.5807444519466824
1710527559.6778286,-1.698776748445299
1710527559.6779418,-1.8129563331604004
1710527559.6780553,-1.9208314683702257
1710527559.6781688,-2.0255544450547958
1710527559.6782823,-2.126775052812364
1710527559.6783955,-2.2262443436516657
1710527559.678509,-2.322911686367459
1710527559.6786225,-2.4192288186815047
1710527559.6787357,-2.514144844479031
1710527559.6788492,-2.6080102390713162
1710527559.6789627,-2.6973226335313583
1710527559.6790762,-2.7827821837531195
1710527559.6791894,-2.8608865208095975
1710527559.679303,-2.9340876473320856
1710527559.6794164,-3.0002837710910373
1710527559.67953,-3.060175312889947
1710527559.6796432,-3.1155141194661455
1710527559.6797566,-3.1677002376980252
1710527559.6798701,-3.217785358428955
1710527559.6799836,-3.2643678453233504
1710527559.6800969,-3.309199015299479
1710527559.6802104,-3.3512282371520996
1710527559.6803238,-3.388003773159451
1710527559.6804373,-3.4195258882310653
1710527559.6805506,-3.4457940525478787
1710527559.680664,-3.466108375125461
1710527559.6807775,-3.481518957349989
1710527559.680891,-3.4920263290405273
1710527559.6810043,-3.5004321734110513
1710527559.6811178,-3.5060360696580672
1710527559.6812313,-3.5109395451015897
1710527559.6813447,-3.5130410724216037
1710527559.681458,-3.5137414932250977
1710527559.6815715,-3.5119901763068304
1710527559.681685,-3.5074371761745877
1710527559.6817985,-3.5011325942145453
1710527559.6819117,-3.49027501212226
1710527559.6820252,-3.476615746815999
1710527559.6821387,-3.460154268476698
1710527559.6822522,-3.441591262817383
1710527559.6823654,-3.4216274155510797
1710527559.682479,-3.40096288257175
1710527559.6825924,-3.379948139190674
1710527559.6827059,-3.3582332399156356
1710527559.6828191,-3.3372184965345593
1710527559.6829326,-3.316203753153483
1710527559.683046,-3.295189274681939
1710527559.6831594,-3.2731239000956216
1710527559.6832728,-3.2493072085910373
1710527559.6833863,-3.224790096282959
1710527559.6834998,-3.1992223527696395
1710527559.683613,-3.172603713141547
1710527559.6837265,-3.146335548824734
1710527559.68384,-3.1197169091966415
1710527559.6839535,-3.0948495864868164
1710527559.6840668,-3.072083791097005
1710527559.6841803,-3.0510690477159286
1710527559.6842937,-3.0318056212531195
1710527559.6844072,-3.0132426155938044
1710527559.6845205,-2.993628978729248
1710527559.684634,-2.974365552266439
1710527559.6847475,-2.9540514945983887
1710527559.684861,-2.9323363304138184
1710527559.6849742,-2.910971376630995
1710527559.6850877,-2.889956898159451
1710527559.6852012,-2.8710436820983887
1710527559.6853147,-2.8538817829555936
1710527559.685428,-2.8402222527398004
1710527559.6855414,-2.827963564130995
1710527559.6856549,-2.817456192440457
1710527559.6857684,-2.8062483999464245
1710527559.6858816,-2.7953908178541393
1710527559.685995,-2.7820817629496255
1710527559.6861086,-2.7670211262173123
1710527559.686222,-2.751610279083252
1710527559.6863353,-2.7369001176622176
1710527559.6864488,-2.721839745839437
1710527559.6865623,-2.7102814780341253
1710527559.6866758,-2.6997743712531195
1710527559.686789,-2.6913685268825955
1710527559.6869025,-2.683663103315565
1710527559.687016,-2.675257258945041
1710527559.6871295,-2.6640494664510093
1710527559.6872427,-2.652140988243951
1710527559.6873562,-2.6367304060194225
1710527559.6874697,-2.619218031565348
1710527559.687583,-2.6010055012173123
1710527559.6876965,-2.582792705959744
1710527559.68781,-2.5652805964152017
1710527559.6879234,-2.5491693284776473
1710527559.6880367,-2.5330580605400934
1710527559.6881502,-2.517647478315565
1710527559.6882637,-2.5001351038614907
1710527559.6883771,-2.4808716773986816
1710527559.6884904,-2.4581058820088706
1710527559.6886039,-2.431837452782525
1710527559.6887174,-2.402417129940457
1710527559.6888309,-2.370194594065348
1710527559.688944,-2.336571216583252
1710527559.6890576,-2.3029478391011557
1710527559.689171,-2.268273565504286
1710527559.6892846,-2.2325486607021756
1710527559.6893978,-2.196473545498318
1710527559.6895113,-2.1572462717692056
1710527559.6896248,-2.115216917461819
1710527559.6897383,-2.0689847734239364
1710527559.6898515,-2.018549574746026
1710527559.689965,-1.963911453882853
1710527559.6900785,-1.9047202004326713
1710527559.690192,-1.8430773417154946
1710527559.6903052,-1.7779318491617837
1710527559.6904187,-1.711035304599338
1710527559.6905322,-1.6416870223151312
1710527559.6906457,-1.5705874231126573
1710527559.690759,-1.4973864290449355
1710527559.6908724,-1.4210331439971924
1710527559.690986,-1.3404770692189534
1710527559.6910994,-1.2571190463172064
1710527559.6912127,-1.1692077583736844
1710527559.6913261,-1.07674327161577
1710527559.6914396,-0.9793754418690999
1710527559.691553,-0.8785051769680446
1710527559.6916664,-0.7741324106852213
1710527559.6917799,-0.66765824953715
1710527559.6918933,-0.5604835351308187
1710527559.6920066,-0.4519078797764248
1710527559.69212,-0.342631737391154
1710527559.6922336,-0.2309038738409678
1710527559.692347,-0.11847553153832753
1710527559.6924603,-0.003595474279589123
1710527559.6925738,0.11515979137685564
1710527559.6926873,0.23706856701109144
1710527559.6928008,0.36213017172283596
1710527559.692914,0.4896439446343316
1710527559.6930275,0.618208646774292
1710527559.693141,0.7467734151416354
1710527559.6932545,0.8725356393390231
1710527559.6933677,0.9954953193664551
1710527559.6934812,1.1160027980804443
1710527559.6935947,1.2354595131344266
1710527559.6937082,1.35351472430759
1710527559.6938214,1.472270753648546
1710527559.693935,1.5927782323625352
1710527559.6940484,1.7143367396460638
1710527559.694162,1.8362455897861056
1710527559.6942751,1.9564027256435819
1710527559.6943886,2.0744580692715116
1710527559.694502,2.1865581141577826
1710527559.6946156,2.292702727847629
1710527559.6947289,2.3946438895331488
1710527559.6948423,2.489578458997938
1710527559.6949558,2.581010129716661
1710527559.6950693,2.6699895328945584
1710527559.6951826,2.756867143842909
1710527559.695296,2.843043804168701
1710527559.6954095,2.9274691475762262
1710527559.695523,3.008391327328152
1710527559.6956363,3.0840590265062118
1710527559.6957498,3.154121504889594
1710527559.6958632,3.2168274455600314
1710527559.6959767,3.2711259524027505
1710527559.69609,3.319469028049045
1710527559.6962035,3.362207147810194
1710527559.696317,3.4007416831122503
1710527559.6964302,3.436123000250922
1710527559.6965437,3.4697532653808594
1710527559.6966572,3.500230312347412
1710527559.6967707,3.5279051462809243
1710527559.696884,3.5520765516493054
1710527559.6969974,3.570292790730794
1710527559.697111,3.5839549700419107
1710527559.6972244,3.591661983066135
1710527559.6973376,3.5934135648939343
1710527559.697451,3.5920121934678817
1710527559.6975646,3.5871079232957626
1710527559.697678,3.579751385582818
1710527559.6977913,3.5716941621568465
1710527559.6979048,3.560834460788303
1710527559.6980183,3.5496242841084795
1710527559.6981318,3.5359621047973633
1710527559.698245,3.5208988189697266
1710527559.6983585,3.503383265601264
1710527559.698472,3.484466340806749
1710527559.6985855,3.4630971484714084
1710527559.6986988,3.438575267791748
1710527559.6988122,3.4130024909973145
1710527559.6989257,3.3870792388916016
1710527559.6990392,3.3587039841545954
1710527559.6991525,3.3317301008436413
1710527559.699266,3.303705056508382
1710527559.6993794,3.2781322797139483
1710527559.699493,3.2522090276082354
1710527559.6996062,3.2280373573303223
1710527559.6997197,3.2031652662489147
1710527559.6998332,3.176891803741455
1710527559.6999466,3.1516692373487682
1710527559.70006,3.1250455644395614
1710527559.7001734,3.0977212058173285
1710527559.7002869,3.0693459510803223
1710527559.7004004,3.0434226989746094
1710527559.7005136,3.0171492364671493
1710527559.700627,2.9933280415005155
1710527559.7007406,2.9716086387634277
1710527559.7008538,2.9519910282558866
1710527559.7009673,2.9334245787726507
1710527559.7010808,2.915909025404188
1710527559.7011943,2.8980429967244468
1710527559.7013075,2.880176968044705
1710527559.701421,2.86126004325019
1710527559.7015345,2.841992908053928
1710527559.701648,2.822725772857666
1710527559.7017612,2.8045095337761774
1710527559.7018747,2.789445983039008
1710527559.7019882,2.7757838037278915
1710527559.7021017,2.764573891957601
1710527559.702215,2.7544148763020835
1710527559.7023284,2.7449562814500594
1710527559.702442,2.735147741105821
1710527559.7025554,2.7232371436225042
1710527559.7026687,2.710625860426161
1710527559.7027822,2.695912520090739
1710527559.7028956,2.6804987589518228
1710527559.7030091,2.6657856835259333
1710527559.7031224,2.6521235042148166
1710527559.7032359,2.6405631171332464
1710527559.7033494,2.630053891075982
1710527559.7034628,2.6202450858222113
1710527559.703576,2.609735859764947
1710527559.7036896,2.598876158396403
1710527559.703803,2.58451329337226
1710527559.7039165,2.568398846520318
1710527559.7040298,2.548080815209283
1710527559.7041433,2.527061833275689
1710527559.7042568,2.5046420097351074
1710527559.7043703,2.4818717108832464
1710527559.7044835,2.4594516224331326
1710527559.704597,2.437732219696045
1710527559.7047105,2.414261235131158
1710527559.704824,2.390089829762777
1710527559.7049372,2.3631156815422907
1710527559.7050507,2.333689530690511
1710527559.7051642,2.300059530470106
1710527559.7052774,2.2629263665941024
1710527559.705391,2.221939696205987
1710527559.7055044,2.179902129703098
1710527559.705618,2.135412428114149
1710527559.7057312,2.0898718304104276
1710527559.7058446,2.0429299937354193
1710527559.7059581,1.994937128490872
1710527559.7060716,1.9448424710167778
1710527559.7061849,1.891244649887085
1710527559.7062984,1.834494007958306
1710527559.7064118,1.7735396491156683
1710527559.7065253,1.708031098047892
1710527559.7066386,1.6390195157792833
1710527559.706752,1.5658042165968153
1710527559.7068655,1.4897864394717746
1710527559.706979,1.410966051949395
1710527559.7070923,1.329693529340956
1710527559.7072058,1.2463190820482042
1710527559.7073193,1.1611931853824191
1710527559.7074327,1.0746659835179646
1710527559.707546,0.9839349985122681
1710527559.7076595,0.8904015355639987
1710527559.707773,0.7937152518166436
1710527559.7078865,0.6924749082989162
1710527559.7079997,0.5884320868386163
1710527559.7081132,0.47983520560794407
1710527559.7082267,0.3687860899501377
1710527559.7083402,0.25598545869191486
1710527559.7084534,0.14143322904904684
1710527559.708567,0.026530704150597252
1710527559.7086804,-0.0876540525092019
1710527559.7087939,-0.2014833688735962
1710527559.7089071,-0.31671368413501316
1710527559.7090206,-0.43194396628273857
1710527559.709134,-0.5485752556059096
1710527559.7092476,-0.66765824953715
1710527559.7093608,-0.7888426383336384
1710527559.7094743,-0.9110778570175171
1710527559.7095878,-1.0343637731340196
1710527559.709701,-1.1565989918178983
1710527559.7098145,-1.2756819195217557
1710527559.709928,-1.3916126887003581
1710527559.7100415,-1.5047415097554524
1710527559.7101548,-1.614367961883545
1710527559.7102683,-1.7222430970933702
1710527559.7103817,-1.8287172582414415
1710527559.7104952,-1.9355417622460258
1710527559.7106085,-2.0420159233940973
1710527559.710722,-2.1488404273986816
1710527559.7108355,-2.253563404083252
1710527559.710949,-2.3554844326443143
1710527559.7110622,-2.4528521961636014
1710527559.7111757,-2.544966538747152
1710527559.7112892,-2.63077629937066
1710527559.7114027,-2.710982163747152
1710527559.711516,-2.7869849734836154
1710527559.7116294,-2.8584347830878363
1710527559.7117429,-2.9281335406833224
1710527559.7118564,-2.9953802956475153
1710527559.7119696,-3.060875998602973
1710527559.712083,-3.12391996383667
1710527559.7121966,-3.1827608744303384
1710527559.71231,-3.236698309580485
1710527559.7124233,-3.2846819029914007
1710527559.7125368,-3.3260107040405273
1710527559.7126503,-3.3617356088426376
1710527559.7127638,-3.3918566173977323
1710527559.712877,-3.4177745713127985
1710527559.7129905,-3.4405403667026095
1710527559.713104,-3.461555110083686
1710527559.7132175,-3.4794176949395075
1710527559.7133307,-3.4955286979675293
1710527559.7134442,-3.5098889138963485
1710527559.7135577,-3.5186449686686196
1710527559.7136712,-3.524599075317383
1710527559.7137845,-3.5256497065226235
1710527559.713898,-3.522497547997369
1710527559.7140114,-3.5151425997416177
1710527559.7141247,-3.5053356488545733
1710527559.7142382,-3.4934274355570474
1710527559.7143517,-3.4794176949395075
1710527559.7144651,-3.4654076894124346
1710527559.7145784,-3.4499971071879068
1710527559.7146919,-3.4338858392503524
1710527559.7148054,-3.4177745713127985
1710527559.7149189,-3.399562040964762
1710527559.715032,-3.380999035305447
1710527559.7151456,-3.3596340815226235
1710527559.715259,-3.3382691277398004
1710527559.7153726,-3.314802911546495
1710527559.7154858,-3.28993558883667
1710527559.7155993,-3.264017370012071
1710527559.7157128,-3.238449626498752
1710527559.7158263,-3.21323209338718
1710527559.7159395,-3.1894154018825955
1710527559.716053,-3.1669998168945312
1710527559.7161665,-3.144584231906467
1710527559.71628,-3.1242701742384167
1710527559.7163932,-3.1036056412590876
1710527559.7165067,-3.0825911627875433
1710527559.7166202,-3.0598251024881997
1710527559.7167337,-3.0370593070983887
1710527559.716847,-3.012892405192057
1710527559.7169604,-2.988725768195258
1710527559.717074,-2.9663099182976618
1710527559.7171874,-2.9449452294243708
1710527559.7173007,-2.9267324341668024
1710527559.7174141,-2.910971376630995
1710527559.7175276,-2.8959110048082137
1710527559.717641,-2.8829518953959146
1710527559.7177544,-2.8692923651801214
1710527559.7178679,-2.8545822037590876
1710527559.7179813,-2.838470935821533
1710527559.7180948,-2.821309036678738
1710527559.718208,-2.804147137535943
1710527559.7183216,-2.787335183885362
1710527559.718435,-2.7726250224643283
1710527559.7185483,-2.7600163883633084
1710527559.7186618,-2.750209437476264
1710527559.7187753,-2.74180359310574
1710527559.7188888,-2.7340981695387097
1710527559.719002,-2.725342114766439
1710527559.7191155,-2.7151849534776473
1710527559.719229,-2.7036269505818686
1710527559.7193425,-2.6892669995625815
1710527559.7194557,-2.674556838141547
1710527559.7195692,-2.65879578060574
1710527559.7196827,-2.6447860399881997
1710527559.7197962,-2.631476720174154
1710527559.7199094,-2.6202689276801214
1710527559.720023,-2.6097615559895835
1710527559.7201364,-2.5982035530938044
1710527559.72025,-2.586295339796278
1710527559.7203631,-2.5708844926622176
1710527559.7204766,-2.5523214870029025
1710527559.72059,-2.530956533220079
1710527559.7207036,-2.50678989622328
1710527559.7208169,-2.4805214669969344
1710527559.7209303,-2.4535526169670954
1710527559.7210438,-2.426584031846788
1710527559.7211573,-2.3992649714152017
1710527559.7212706,-2.3719459109836154
1710527559.721384,-2.342875533633762
1710527559.7214975,-2.3113536834716797
1710527559.721611,-2.277029620276557
1710527559.7217243,-2.2374521361456976
1710527559.7218378,-2.195422781838311
1710527559.7219512,-2.1488404273986816
1710527559.7220647,-2.099455992380778
1710527559.722178,-2.0469193988376193
1710527559.7222915,-1.9922812779744465
1710527559.722405,-1.9369427363077798
1710527559.7225184,-1.879152456919352
1710527559.7226317,-1.8192606502109103
1710527559.7227452,-1.7569172382354736
1710527559.7228587,-1.6917718781365287
1710527559.722972,-1.6217230425940619
1710527559.7230854,-1.549222469329834
1710527559.723199,-1.47181855307685
1710527559.7233124,-1.3895112938351102
1710527559.7234256,-1.304051743613349
1710527559.723539,-1.2150896920098198
1710527559.7236526,-1.1236760351392958
1710527559.723766,-1.0308613379796345
1710527559.7238793,-0.9359451797273424
1710527559.7239928,-0.8392778370115492
1710527559.7241063,-0.7412094540066189
1710527559.7242198,-0.6410396761364406
1710527559.724333,-0.5370171864827474
1710527559.7244465,-0.42949226167466903
1710527559.72456,-0.31776441468132866
1710527559.7246735,-0.20078288184271917
1710527559.7247868,-0.08064916564358605
1710527559.7249002,0.04159414519866308
1710527559.7250137,0.1659551097287072
1710527559.7251272,0.289265149169498
1710527559.7252405,0.41187455256779987
1710527559.725354,0.5341336462232802
1710527559.7254674,0.6546411911646525
1710527559.725581,0.7754990127351549
1710527559.7256942,0.8974077966478136
1710527559.7258077,1.0210681623882718
1710527559.7259212,1.1471806632147894
1710527559.7260346,1.2746944692399766
1710527559.726148,1.402208275265164
1710527559.7262614,1.5286710527208116
1710527559.7263749,1.6519811418321397
1710527559.7264884,1.7707370387183294
1710527559.7266016,1.88388811217414
1710527559.726715,1.9935358895195854
1710527559.7268286,2.0979290538363986
1710527559.726942,2.2009209791819253
1710527559.7270553,2.303212218814426
1710527559.7271688,2.4041022194756403
1710527559.7272823,2.504992220136854
1710527559.7273955,2.6048313246832953
1710527559.727509,2.700466579861111
1710527559.7276225,2.791898250579834
1710527559.727736,2.876673804389106
1710527559.7278492,2.954093085394965
1710527559.7279627,3.026607831319173
1710527559.7280762,3.09106535381741
1710527559.7281897,3.1520197126600475
1710527559.728303,3.2098211182488336
1710527559.7284164,3.265871206919352
1710527559.72853,3.319469028049045
1710527559.7286434,3.3709650569491916
1710527559.7287567,3.4172063403659396
1710527559.7288702,3.4599444601270886
1710527559.7289836,3.4956762525770397
1710527559.7290971,3.525102403428819
1710527559.7292104,3.5478729671902127
1710527559.7293239,3.5646878348456488
1710527559.7294374,3.577649328443739
1710527559.7295508,3.5860570271809893
1710527559.729664,3.592712879180908
1710527559.7297776,3.5976171493530273
1710527559.729891,3.600069416893853
1710527559.7300045,3.599719206492106
1710527559.7301178,3.5969167285495334
1710527559.7302313,3.5902606116400824
1710527559.7303448,3.580802281697591
1710527559.7304583,3.5674903127882214
1710527559.7305715,3.550324969821506
1710527559.730685,3.531057834625244
1710527559.7307985,3.5093384318881564
1710527559.730912,3.4876190291510687
1710527559.7310252,3.4634476237826877
1710527559.7311387,3.4403268496195474
1710527559.7312522,3.416155179341634
1710527559.7313657,3.391983773973253
1710527559.731479,3.3678121036953397
1710527559.7315924,3.342940012613932
1710527559.731706,3.3173672358194985
1710527559.7318192,3.2907432980007596
1710527559.7319326,3.262368043263753
1710527559.7320461,3.2329418924119735
1710527559.7321596,3.2045666376749673
1710527559.7322729,3.1754904323154025
1710527559.7323864,3.146764967176649
1710527559.7324998,3.119440608554416
1710527559.7326133,3.0942180421617294
1710527559.7327266,3.0707470575968423
1710527559.73284,3.0490276548597546
1710527559.7329535,3.02695804172092
1710527559.733067,3.006640010409885
1710527559.7331803,2.985621028476291
1710527559.7332938,2.9632012049357095
1710527559.7334073,2.9407811164855957
1710527559.7335207,2.917660607231988
1710527559.733634,2.895590729183621
1710527559.7337475,2.8752726978725858
1710527559.733861,2.856705983479818
1710527559.7339745,2.8402413262261286
1710527559.7340877,2.826579146915012
1710527559.7342012,2.8136176533169217
1710527559.7343147,2.8010063701205783
1710527559.7344282,2.787694401211209
1710527559.7345414,2.773331801096598
1710527559.734655,2.757918039957682
1710527559.7347684,2.742153803507487
1710527559.7348819,2.726039621565077
1710527559.7349951,2.711326281229655
1710527559.7351086,2.698014577229818
1710527559.735222,2.6871548758612738
1710527559.7353356,2.6783969667222762
1710527559.7354488,2.670339743296305
1710527559.7355623,2.661231623755561
1710527559.7356758,2.65177329381307
1710527559.7357893,2.638811800214979
1710527559.7359025,2.624098459879557
1710527559.736016,2.607633802625868
1710527559.7361295,2.5894175635443792
1710527559.7362428,2.5712013244628906
1710527559.7363563,2.553685771094428
1710527559.7364697,2.538272009955512
1710527559.7365832,2.5218073527018228
1710527559.7366965,2.5053426954481335
1710527559.73681,2.487826877170139
1710527559.7369235,2.467158635457357
1710527559.737037,2.4436876508924694
1710527559.7371502,2.4163632922702365
1710527559.7372637,2.387287351820204
1710527559.7373772,2.3547082477145724
1710527559.7374907,2.3196768760681152
1710527559.737604,2.28464576933119
1710527559.7377174,2.248913711971707
1710527559.7378309,2.212130890952216
1710527559.7379444,2.173946830961439
1710527559.7380576,2.133660978741116
1710527559.738171,2.0895214875539145
1710527559.7382846,2.0418789651658797
1710527559.738398,1.9900327258639865
1710527559.7385113,1.933982769648234
1710527559.7386248,1.8737289640638564
1710527559.7387383,1.8106726805369058
1710527559.7388518,1.745514604780409
1710527559.738965,1.6779042614830864
1710527559.7390785,1.6085423363579643
1710527559.739192,1.537078619003296
1710527559.7393055,1.4635129769643147
1710527559.7394187,1.387845410241021
1710527559.7395322,1.3076237837473552
1710527559.7396457,1.2242494689093695
1710527559.7397592,1.137722200817532
1710527559.7398725,1.0459403196970622
1710527559.739986,0.9513559606340196
1710527559.7400994,0.852918095058865
1710527559.740213,0.7523783710267808
1710527559.7403262,0.6497367885377672
1710527559.7404397,0.5470952060487535
1710527559.7405531,0.4416511125034756
1710527559.7406664,0.3358567092153761
1710527559.7407799,0.22866106695599026
1710527559.7408934,0.12006416916847229
1710527559.7410069,0.00831445058186849
1710527559.74112,-0.10691747069358826
1710527559.7412336,-0.22319849994447497
1710527559.741347,-0.3429819809065925
1710527559.7414606,-0.46451667944590247
1710527559.7415738,-0.586051344871521
1710527559.7416873,-0.7072357998953925
1710527559.7418008,-0.82701928085751
1710527559.7419143,-0.9443510240978664
1710527559.7420275,-1.060281793276469
1710527559.742141,-1.1755120754241943
1710527559.7422545,-1.2886408964792888
1710527559.742368,-1.4035210344526503
1710527559.7424812,-1.5187512503729925
1710527559.7425947,-1.634682019551595
1710527559.7427082,-1.7513133419884575
1710527559.7428217,-1.865843137105306
1710527559.742935,-1.9779213269551594
1710527559.7430484,-2.086146672566732
1710527559.743162,-2.188417911529541
1710527559.7432754,-2.285785675048828
1710527559.7433887,-2.3786004384358725
1710527559.7435021,-2.4679128328959146
1710527559.7436156,-2.553372383117676
1710527559.743729,-2.6381312476264105
1710527559.7438424,-2.721839745839437
1710527559.7439559,-2.8034464518229165
1710527559.7440693,-2.8822514745924206
1710527559.7441828,-2.955802811516656
1710527559.744296,-3.0244504080878363
1710527559.7444096,-3.0853931109110513
1710527559.744523,-3.141081862979465
1710527559.7446365,-3.1897656122843423
1710527559.7447498,-3.234597047170003
1710527559.7448633,-3.275575637817383
1710527559.7449768,-3.314102490743001
1710527559.74509,-3.3501776059468584
1710527559.7452035,-3.384501404232449
1710527559.745317,-3.4160235193040633
1710527559.7454305,-3.444393210940891
1710527559.7455437,-3.467859427134196
1710527559.7456572,-3.486072222391764
1710527559.7457707,-3.4993815422058105
1710527559.7458842,-3.5081375969780817
1710527559.7459974,-3.5116399659050836
1710527559.746111,-3.5123406516181097
1710527559.7462244,-3.5105893346998425
1710527559.746338,-3.5070869657728405
1710527559.7464511,-3.5014830695258246
1710527559.7465646,-3.4948282771640353
1710527559.746678,-3.486772643195258
1710527559.7467916,-3.4755648507012262
1710527559.7469049,-3.4636566374037
1710527559.7470183,-3.4482457902696395
1710527559.7471318,-3.4296830495198565
1710527559.7472453,-3.409368726942274
1710527559.7473586,-3.387303352355957
1710527559.747472,-3.3631364504496255
1710527559.7475855,-3.3382691277398004
1710527559.747699,-3.313401805029975
1710527559.7478123,-3.2888846927218967
1710527559.7479258,-3.2650682661268444
1710527559.7480392,-3.241951995425754
1710527559.7481527,-3.21953641043769
1710527559.748266,-3.1971208254496255
1710527559.7483795,-3.1736546092563205
1710527559.748493,-3.149487707349989
1710527559.7486064,-3.1249705950419107
1710527559.7487197,-3.0997530619303384
1710527559.7488332,-3.07383484310574
1710527559.7489467,-3.04721646838718
1710527559.7490602,-3.0237499872843423
1710527559.7491734,-3.0016846126980252
1710527559.749287,-2.981720765431722
1710527559.7494004,-2.96420865588718
1710527559.7495136,-2.9484475983513727
1710527559.749627,-2.931986120012071
1710527559.7497406,-2.916225062476264
1710527559.749854,-2.898712952931722
1710527559.7499673,-2.880500157674154
1710527559.7500808,-2.8612367312113443
1710527559.7501943,-2.842673990461561
1710527559.7503078,-2.82621251212226
1710527559.750421,-2.8108016649881997
1710527559.7505345,-2.798893451690674
1710527559.750648,-2.7890865008036294
1710527559.7507615,-2.7810308668348522
1710527559.7508748,-2.7722748120625815
1710527559.7509882,-2.7642191780938044
1710527559.7511017,-2.753361596001519
1710527559.7512152,-2.74180359310574
1710527559.7513285,-2.7277938524881997
1710527559.751442,-2.71378411187066
1710527559.7515554,-2.7004747920566134
1710527559.751669,-2.687165472242567
1710527559.7517822,-2.677358786265055
1710527559.7518957,-2.668602466583252
1710527559.7520092,-2.660196622212728
1710527559.7521226,-2.6517907778422036
1710527559.752236,-2.6409331957499185
1710527559.7523494,-2.627974351247152
1710527559.7524629,-2.6118630833095975
1710527559.7525764,-2.593650288052029
1710527559.7526896,-2.573686440785726
1710527559.752803,-2.5526716974046493
1710527559.7529166,-2.5320074293348522
1710527559.75303,-2.512043582068549
1710527559.7531433,-2.493130366007487
1710527559.7532568,-2.4738669395446777
1710527559.7533703,-2.4528521961636014
1710527559.7534838,-2.4293859799702964
1710527559.753597,-2.4027673403422036
1710527559.7537105,-2.3726463317871094
1710527559.753824,-2.33937316470676
1710527559.7539372,-2.3018969429863825
1710527559.7540507,-2.26266966925727
1710527559.7541642,-2.2213408682081432
1710527559.7542777,-2.178611093097263
1710527559.754391,-2.1351808971828885
1710527559.7545044,-2.0896491739484997
1710527559.754618,-2.0413155025906033
1710527559.7547314,-1.9919310675726996
1710527559.7548447,-1.9369427363077798
1710527559.7549582,-1.877401272455851
1710527559.7550716,-1.8143573072221544
1710527559.7551851,-1.7464099989997015
1710527559.7552984,-1.6742596361372206
1710527559.7554119,-1.5986069043477376
1710527559.7555254,-1.5212029880947537
1710527559.7556388,-1.4409971237182617
1710527559.755752,-1.3590399424235027
1710527559.7558656,-1.2742809454600017
1710527559.755979,-1.1884711848364935
1710527559.7560925,-1.1005598968929715
1710527559.7562058,-1.0087959633933172
1710527559.7563193,-0.9135295285118951
1710527559.7564328,-0.8140602376725938
1710527559.7565463,-0.7100377480189005
1710527559.7566595,-0.6021626128090752
1710527559.756773,-0.49183570676379734
1710527559.7568865,-0.37870685259501136
1710527559.757,-0.26382681396272445
1710527559.7571132,-0.1489467587735918
1710527559.7572267,-0.034066707723670535
1710527559.7573402,0.08047884537114038
1710527559.7574537,0.19643230570687187
1710527559.757567,0.3137870298491584
1710527559.7576804,0.4332436124483744
1710527559.757794,0.5562033255894979
1710527559.7579074,0.6826661692725288
1710527559.7580206,0.8105302519268459
1710527559.7581341,0.9387446774376763
1710527559.7582476,1.0673093795776367
1710527559.7583609,1.1930716037750244
1710527559.7584743,1.3160313500298393
1710527559.7585878,1.4347872469160292
1710527559.7587013,1.5510911411709256
1710527559.7588146,1.66494263543023
1710527559.758928,1.7784439192877874
1710527559.7590415,1.8926458888583713
1710527559.759155,2.007198068830702
1710527559.7592683,2.122100591659546
1710527559.7593818,2.23525153266059
1710527559.7594953,2.345600128173828
1710527559.7596087,2.4503435028923883
1710527559.759722,2.550532817840576
1710527559.7598355,2.642665174272325
1710527559.759949,2.7291923099093967
1710527559.7600625,2.8101144896613226
1710527559.7601757,2.8885846667819552
1710527559.7602892,2.96285072962443
1710527559.7604027,3.037467532687717
1710527559.7605162,3.108580907185872
1710527559.7606294,3.176891803741455
1710527559.760743,3.2402984301249185
1710527559.7608564,3.2981001006232367
1710527559.7609699,3.3488951789008246
1710527559.7610831,3.392333984375
1710527559.7611966,3.4291169378492565
1710527559.76131,3.4606448809305825
1710527559.7614236,3.4869183434380426
1710527559.7615368,3.510739803314209
1710527559.7616503,3.5331596268547907
1710527559.7617638,3.552777237362332
1710527559.7618773,3.570292790730794
1710527559.7619905,3.584655655754937
1710527559.762104,3.5948146714104547
1710527559.7622175,3.599719206492106
1710527559.762331,3.6021712091233993
1710527559.7624443,3.5979676246643066
1710527559.7625577,3.5899104012383356
1710527559.7626712,3.5790506998697915
1710527559.7627845,3.5660892062717013
1710527559.762898,3.5517263412475586
1710527559.7630115,3.534560998280843
1710527559.763125,3.5173956553141275
1710527559.7632382,3.4995296266343856
1710527559.7633517,3.4802624914381237
1710527559.7634652,3.4588935640123153
1710527559.7635787,3.4368236859639483
1710527559.763692,3.4126522805955672
1710527559.7638054,3.3863788180881076
1710527559.7639189,3.3590544594658747
1710527559.7640324,3.3303287294175887
1710527559.7641456,3.3016029993693032
1710527559.764259,3.2725270589192705
1710527559.7643726,3.2441518041822643
1710527559.764486,3.217177655961778
1710527559.7645993,3.1916048791673446
1710527559.7647128,3.166032102372911
1710527559.7648263,3.142210907406277
1710527559.7649398,3.1187399228413897
1710527559.765053,3.0945682525634766
1710527559.7651665,3.0703968471950955
1710527559.76528,3.045524491204156
1710527559.7653935,3.0203021897210016
1710527559.7655067,2.9947291480170355
1710527559.7656202,2.9709079530504012
1710527559.7657337,2.94848812950982
1710527559.7658472,2.9292207294040256
1710527559.7659605,2.9113549656338162
1710527559.766074,2.8959412044949002
1710527559.7661874,2.881227864159478
1710527559.766301,2.8661645783318415
1710527559.7664142,2.851101027594672
1710527559.7665277,2.834986845652262
1710527559.7666411,2.8181717130872936
1710527559.7667546,2.8010063701205783
1710527559.7668679,2.7841915024651422
1710527559.7669814,2.7698286374409995
1710527559.7670949,2.757567564646403
1710527559.767208,2.7470583385891385
1710527559.7673216,2.738300429450141
1710527559.767435,2.7291923099093967
1710527559.7675486,2.719733979966905
1710527559.7676618,2.7099251747131348
1710527559.7677753,2.6973138915167914
1710527559.7678888,2.6822503407796225
1710527559.7680023,2.6668365796407065
1710527559.7681155,2.6514228185017905
1710527559.768229,2.6349581612481012
1710527559.7683425,2.621646457248264
1710527559.768456,2.6093853844536676
1710527559.7685692,2.596774101257324
1710527559.7686827,2.58451329337226
1710527559.7687962,2.570500638749864
1710527559.7689097,2.5543864568074546
1710527559.769023,2.534768846299913
1710527559.7691364,2.512348757849799
1710527559.76925,2.487826877170139
1710527559.7693634,2.461553414662679
1710527559.7694767,2.434229056040446
1710527559.7695901,2.406904697418213
1710527559.7697036,2.3785294426812067
1710527559.769817,2.350854608747694
1710527559.7699304,2.321078247494168
1710527559.7700438,2.288499143388536
1710527559.7701573,2.253117561340332
1710527559.7702708,2.2131819195217557
1710527559.770384,2.169392771191067
1710527559.7704976,2.122801277372572
1710527559.770611,2.0734071731567383
1710527559.7707245,2.0212105909983316
1710527559.7708378,1.9676127698686388
1710527559.7709513,1.9122633669111464
1710527559.7710648,1.8551623821258545
1710527559.7711782,1.7970105012257893
1710527559.7712915,1.7353554566701253
1710527559.771405,1.6715986198849149
1710527559.7715185,1.6025870376163058
1710527559.7716317,1.530072291692098
1710527559.7717452,1.4526532755957708
1710527559.7718587,1.3713807529873319
1710527559.7719722,1.2869554095798068
1710527559.7720854,1.1990269025166829
1710527559.772199,1.1089966032240126
1710527559.7723124,1.0172147221035428
1710527559.772426,0.9233309162987603
1710527559.7725391,0.8273452520370483
1710527559.7726526,0.7299584150314331
1710527559.772766,0.629768967628479
1710527559.7728796,0.5278280046251085
1710527559.7729928,0.42098267210854423
1710527559.7731063,0.31168513827853733
1710527559.7732198,0.19888449046346876
1710527559.7733333,0.0839819676346249
1710527559.7734466,-0.03371646420823203
1710527559.77356,-0.1513984633816613
1710527559.7736735,-0.26767949263254803
1710527559.773787,-0.384310781955719
1710527559.7739003,-0.4995410641034444
1710527559.7740138,-0.6144211027357314
1710527559.7741272,-0.7289509640799628
1710527559.7742407,-0.8448817332585652
1710527559.774354,-0.9618632660971748
1710527559.7744675,-1.080946193801032
1710527559.774581,-1.2014301617940266
1710527559.7746944,-1.321563853157891
1710527559.7748077,-1.4416975445217557
1710527559.7749212,-1.5586790773603652
1710527559.7750347,-1.6718078984154594
1710527559.7751482,-1.781434350543552
1710527559.7752614,-1.8875583012898762
1710527559.775375,-1.9908803039126926
1710527559.7754884,-2.091750568813748
1710527559.7756019,-2.191219859653049
1710527559.775715,-2.2913898362053766
1710527559.7758286,-2.3905086517333984
1710527559.775942,-2.488226890563965
1710527559.7760553,-2.582792705959744
1710527559.7761688,-2.672455310821533
1710527559.7762823,-2.757564650641547
1710527559.7763958,-2.8356689876980252
1710527559.776509,-2.908169428507487
1710527559.7766225,-2.975066237979465
1710527559.776736,-3.0370593070983887
1710527559.7768495,-3.095900217692057
1710527559.7769628,-3.153340286678738
1710527559.7770762,-3.20692777633667
1710527559.7771897,-3.2587636841668024
1710527559.7773032,-3.307797908782959
1710527559.7774165,-3.3508780267503524
1710527559.77753,-3.3883542484707303
1710527559.7776434,-3.4198760986328125
1710527559.777757,-3.4450936317443848
1710527559.7778702,-3.466108375125461
1710527559.7779837,-3.481518957349989
1710527559.7780972,-3.4934274355570474
1710527559.7782106,-3.5039345423380532
1710527559.778324,-3.5116399659050836
1710527559.7784374,-3.5175940725538464
1710527559.7785509,-3.5214469167921276
1710527559.7786644,-3.5221473375956216
1710527559.7787776,-3.5200458102756076
1710527559.778891,-3.5133912828233504
1710527559.7790046,-3.5046352280510797
1710527559.779118,-3.4913259082370334
1710527559.7792313,-3.475214640299479
1710527559.7793448,-3.458052741156684
1710527559.7794583,-3.4384391042921276
1710527559.7795718,-3.4181247817145453
1710527559.779685,-3.397460513644748
1710527559.7797985,-3.376445770263672
1710527559.779912,-3.356481922997369
1710527559.7800255,-3.335467179616292
1710527559.7801387,-3.313401805029975
1710527559.7802522,-3.2909862200419107
1710527559.7803657,-3.2678702142503524
1710527559.780479,-3.244053522745768
1710527559.7805924,-3.2170846727159286
1710527559.780706,-3.190466297997369
1710527559.7808194,-3.1634974479675293
1710527559.7809327,-3.13792970445421
1710527559.7810462,-3.1130623817443848
1710527559.7811596,-3.0906467967563205
1710527559.7812731,-3.067180315653483
1710527559.7813864,-3.0475666787889266
1710527559.7814999,-3.0286534627278643
1710527559.7816133,-3.0079891946580672
1710527559.7817268,-2.987674872080485
1710527559.78184,-2.9663099182976618
1710527559.7819536,-2.9438943333095975
1710527559.782067,-2.9204281171162925
1710527559.7821805,-2.898712952931722
1710527559.7822938,-2.8787491056654186
1710527559.7824073,-2.8608865208095975
1710527559.7825208,-2.845475938585069
1710527559.7826343,-2.833567460378011
1710527559.7827475,-2.822009457482232
1710527559.782861,-2.811151875389947
1710527559.7829745,-2.7992436620924206
1710527559.783088,-2.7862845526801214
1710527559.7832012,-2.7719246016608343
1710527559.7833147,-2.756863964928521
1710527559.7834282,-2.742854224310981
1710527559.7835417,-2.730245590209961
1710527559.783655,-2.718687587314182
1710527559.7837684,-2.7102814780341253
1710527559.783882,-2.7032767401801214
1710527559.7839954,-2.6969724231296115
1710527559.7841086,-2.689967420366075
1710527559.7842221,-2.680861155192057
1710527559.7843356,-2.670003573099772
1710527559.784449,-2.655993832482232
1710527559.7845623,-2.6402327749464245
1710527559.7846758,-2.6241215070088706
1710527559.7847893,-2.6073098182678223
1710527559.7849026,-2.5918992360432944
1710527559.785016,-2.576838599310981
1710527559.7851295,-2.5635292794969344
1710527559.785243,-2.5488191180759006
1710527559.7853563,-2.5341089566548667
1710527559.7854698,-2.515545950995551
1710527559.7855833,-2.493130366007487
1710527559.7856967,-2.4686132536994085
1710527559.78581,-2.4405937724643283
1710527559.7859235,-2.4097720781962075
1710527559.786037,-2.3775498072306314
1710527559.7861505,-2.344977060953776
1710527559.7862637,-2.3120541042751737
1710527559.7863772,-2.278430726793077
1710527559.7864907,-2.2430560323927136
1710527559.7866042,-2.205930153528849
1710527559.7867174,-2.1653019057379828
1710527559.786831,-2.120820813708835
1710527559.7869444,-2.0721369319491916
1710527559.7870579,-2.019250128004286
1710527559.7871711,-1.9628608226776123
1710527559.7872846,-1.9033192263709173
1710527559.787398,-1.8406256039937336
1710527559.7875116,-1.776881217956543
1710527559.7876248,-1.710685094197591
1710527559.7877383,-1.6434382067786322
1710527559.7878518,-1.5744401348961723
1710527559.7879653,-1.5012391408284504
1710527559.7880785,-1.4255864090389676
1710527559.788192,-1.3460809654659696
1710527559.7883055,-1.2616721789042156
1710527559.788419,-1.1727101273006864
1710527559.7885323,-1.079545219739278
1710527559.7886457,-0.9835783640543619
1710527559.7887592,-0.8830583095550537
1710527559.7888727,-0.7811372809939914
1710527559.788986,-0.6781655550003052
1710527559.7890995,-0.5734425783157349
1710527559.789213,-0.4666181405385335
1710527559.7893262,-0.35944345924589366
1710527559.7894397,-0.24911656975746155
1710527559.7895532,-0.13668821917639837
1710527559.7896667,-0.020407189925511677
1710527559.78978,0.10009634825918409
1710527559.7898934,0.22410700718561807
1710527559.7900069,0.3498692313830058
1710527559.7901204,0.4773830042945014
1710527559.7902336,0.6038458479775323
1710527559.790347,0.7285571098327637
1710527559.7904606,0.8511665132310655
1710527559.790574,0.9720244010289509
1710527559.7906873,1.0907803641425238
1710527559.7908008,1.2098866038852267
1710527559.7909143,1.3303942150539823
1710527559.7910278,1.4519525898827446
1710527559.791141,1.5749123361375597
1710527559.7912545,1.6985726356506348
1710527559.791368,1.8208318286471896
1710527559.7914815,1.9402884112464056
1710527559.7915947,2.05413990550571
1710527559.7917082,2.1627369191911483
1710527559.7918217,2.2671299510531955
1710527559.7919352,2.3652174737718368
1710527559.7920485,2.460502518547906
1710527559.792162,2.5543864568074546
1710527559.7922754,2.646168337927924
1710527559.792389,2.7372495333353677
1710527559.7925022,2.827279832628038
1710527559.7926157,2.913456757863363
1710527559.7927291,2.996480729844835
1710527559.7928426,3.0717979537116156
1710527559.7929559,3.1401091151767306
1710527559.7930694,3.2014136844211154
1710527559.7931828,3.256412876976861
1710527559.7932963,3.3051061630249023
1710527559.7934096,3.350646760728624
1710527559.793523,3.3926844596862793
1710527559.7936366,3.4329703119066024
1710527559.7937498,3.4704536861843533
1710527559.7938633,3.504083686404758
1710527559.7939768,3.5331596268547907
1710527559.7940903,3.5566306114196777
1710527559.7942035,3.5751973258124456
1710527559.794317,3.5864072375827365
1710527559.7944305,3.5920121934678817
1710527559.794544,3.5944644610087075
1710527559.7946572,3.592362668779161
1710527559.7947707,3.587808609008789
1710527559.7948842,3.5825538635253906
1710527559.7949977,3.5748468505011664
1710527559.795111,3.565738730960422
1710527559.7952244,3.554528819190131
1710527559.795338,3.5408666398790145
1710527559.7954514,3.525102403428819
1710527559.7955647,3.5061857435438366
1710527559.7956781,3.484816551208496
1710527559.7957916,3.461345566643609
1710527559.795905,3.436123000250922
1710527559.7960184,3.410200013054742
1710527559.7961318,3.3821749687194824
1710527559.7962453,3.3552008204989963
1710527559.7963588,3.3282269371880426
1710527559.796472,3.3023036850823297
1710527559.7965856,3.276380697886149
1710527559.796699,3.2518588172064886
1710527559.7968125,3.2262857755025225
1710527559.7969258,3.201063474019368
1710527559.7970393,3.1744395362006292
1710527559.7971528,3.1478158632914224
1710527559.7972662,3.1204915046691895
1710527559.7973795,3.093167146046956
1710527559.797493,3.0661929978264704
1710527559.7976065,3.0406202210320368
1710527559.79772,3.0174997117784286
1710527559.7978332,2.995429833730062
1710527559.7979467,2.975812488132053
1710527559.7980602,2.9575962490505643
1710527559.7981734,2.9397302203708224
1710527559.798287,2.92221466700236
1710527559.7984004,2.903647952609592
1710527559.798514,2.88438081741333
1710527559.7986271,2.865113682217068
1710527559.7987406,2.845496071709527
1710527559.798854,2.826228936513265
1710527559.7989676,2.810464964972602
1710527559.7990808,2.796802785661485
1710527559.7991943,2.7841915024651422
1710527559.7993078,2.7736820114983454
1710527559.7994213,2.763522995842828
1710527559.7995346,2.753013504876031
1710527559.799648,2.741453382703993
1710527559.7997615,2.7277912033928766
1710527559.799875,2.7130778630574546
1710527559.7999883,2.6987149980333114
1710527559.8001018,2.684001922607422
1710527559.8002152,2.672091325124105
1710527559.8003287,2.659830517239041
1710527559.800442,2.6496712366739907
1710527559.8005555,2.641964488559299
1710527559.800669,2.632155683305528
1710527559.8007824,2.621646457248264
1710527559.8008957,2.607984277937147
1710527559.8010092,2.5929207271999783
1710527559.8011227,2.5736535920037165
1710527559.8012362,2.5543864568074546
1710527559.8013494,2.5330172644721136
1710527559.801463,2.5130494435628257
1710527559.8015764,2.492030726538764
1710527559.8016899,2.472062905629476
1710527559.801803,2.4520950847201877
1710527559.8019166,2.4282738897535534
1710527559.80203,2.4041022194756403
1710527559.8021436,2.37642765045166
1710527559.8022568,2.344549232059055
1710527559.8023703,2.308116488986545
1710527559.8024838,2.269932428995768
1710527559.802597,2.2289458910624185
1710527559.8027105,2.1865581141577826
1710527559.802824,2.1427690982818604
1710527559.8029375,2.0979290538363986
1710527559.8030508,2.0513374275631375
1710527559.8031642,2.003694905175103
1710527559.8032777,1.9518486658732095
1710527559.8033912,1.8971999486287434
1710527559.8035045,1.8383473820156522
1710527559.803618,1.7745905452304416
1710527559.8037314,1.7083814409044054
1710527559.803845,1.63866917292277
1710527559.8039582,1.565453873740302
1710527559.8040717,1.4901366498735216
1710527559.8041852,1.4123672909206815
1710527559.8042986,1.333547035853068
1710527559.804412,1.252624723646376
1710527559.8045254,1.1699509620666504
1710527559.8046389,1.0834237602021959
1710527559.8047523,0.9937437375386555
1710527559.8048656,0.9009108940760294
1710527559.804979,0.8038743336995442
1710527559.8050926,0.7033346096674601
1710527559.805206,0.5996421310636733
1710527559.8053193,0.4924464556905958
1710527559.8054328,0.3834992316034105
1710527559.8055463,0.27350107828776044
1710527559.8056598,0.16315261522928873
1710527559.805773,0.05210352440675099
1710527559.8058865,-0.05963452574279573
1710527559.806,-0.17171262039078605
1710527559.8061135,-0.28589218854904175
1710527559.8062267,-0.4021732343567742
1710527559.8063402,-0.5195049775971307
1710527559.8064537,-0.6403391891055636
1710527559.8065672,-0.7632748285929362
1710527559.8066804,-0.8865607447094387
1710527559.806794,-1.0094964504241943
1710527559.8069074,-1.1292799313863118
1710527559.8070207,-1.2469618850284152
1710527559.8071342,-1.3628926542070177
1710527559.8072476,-1.4746205012003581
1710527559.8073611,-1.5859981377919514
1710527559.8074744,-1.696325010723538
1710527559.8075879,-1.8066518836551242
1710527559.8077013,-1.9173290994432237
1710527559.8078148,-2.028006182776557
1710527559.807928,-2.1376325024498835
1710527559.8080416,-2.2434062427944608
1710527559.808155,-2.344977060953776
1710527559.8082685,-2.4412941932678223
1710527559.8083818,-2.530956533220079
1710527559.8084953,-2.6160658730400934
1710527559.8086088,-2.6955713166130915
1710527559.8087223,-2.7719246016608343
1710527559.8088355,-2.847577200995551
1710527559.808949,-2.9204281171162925
1710527559.8090625,-2.991527716318766
1710527559.809176,-3.0598251024881997
1710527559.8092892,-3.1242701742384167
1710527559.8094027,-3.1827608744303384
1710527559.8095162,-3.236348099178738
1710527559.8096297,-3.2832807964748807
1710527559.809743,-3.3232087559170194
1710527559.8098564,-3.3578827646043563
1710527559.80997,-3.3890546692742243
1710527559.8100834,-3.4177745713127985
1710527559.8101966,-3.443692790137397
1710527559.8103101,-3.467509216732449
1710527559.8104236,-3.4885239601135254
1710527559.810537,-3.506736490461561
1710527559.8106503,-3.5203960206773544
1710527559.8107638,-3.529852761162652
1710527559.8108773,-3.5351064470079208
1710527559.8109908,-3.534406026204427
1710527559.811104,-3.5316038131713867
1710527559.8112175,-3.523898654513889
1710527559.811331,-3.5137414932250977
1710527559.8114443,-3.5014830695258246
1710527559.8115578,-3.488874170515272
1710527559.8116713,-3.474514219495985
1710527559.8117847,-3.459453582763672
1710527559.811898,-3.443692790137397
1710527559.8120115,-3.4258302052815752
1710527559.812125,-3.4069169892205133
1710527559.8122385,-3.38555203543769
1710527559.8123517,-3.3624360296461315
1710527559.8124652,-3.3379189173380532
1710527559.8125787,-3.312000963422987
1710527559.8126922,-3.2857325341966415
1710527559.8128054,-3.2587636841668024
1710527559.812919,-3.232845730251736
1710527559.8130324,-3.207628197140164
1710527559.8131459,-3.1845121913486056
1710527559.8132591,-3.161746131049262
1710527559.8133726,-3.140381442175971
1710527559.813486,-3.1190164883931475
1710527559.8135996,-3.0966009034050836
1710527559.8137128,-3.07383484310574
1710527559.8138263,-3.050018416510688
1710527559.8139398,-3.0262017250061035
1710527559.8140533,-3.0016846126980252
1710527559.8141665,-2.979969448513455
1710527559.81428,-2.9589549700419107
1710527559.8143935,-2.9407421747843423
1710527559.814507,-2.924981117248535
1710527559.8146203,-2.910971376630995
1710527559.8147337,-2.897662056816949
1710527559.8148472,-2.884353001912435
1710527559.8149607,-2.8692923651801214
1710527559.815074,-2.8528308868408203
1710527559.8151875,-2.836019198099772
1710527559.815301,-2.818857298956977
1710527559.8154144,-2.8020456102159286
1710527559.8155277,-2.787335183885362
1710527559.8156412,-2.7747265497843423
1710527559.8157547,-2.7649195988972983
1710527559.815868,-2.7572144402398004
1710527559.8159814,-2.7484581205579968
1710527559.8160949,-2.739351855383979
1710527559.8162084,-2.7291946940951877
1710527559.8163216,-2.7162358495924206
1710527559.816435,-2.7025763193766275
1710527559.8165486,-2.687165472242567
1710527559.816662,-2.67140441470676
1710527559.8167753,-2.657744884490967
1710527559.8168888,-2.644435829586453
1710527559.8170023,-2.6325273513793945
1710527559.8171158,-2.6227206654018826
1710527559.817229,-2.6118630833095975
1710527559.8173425,-2.5989039738972983
1710527559.817456,-2.584193812476264
1710527559.8175695,-2.5659810172186956
1710527559.8176827,-2.5453167491488986
1710527559.8177962,-2.521850268046061
1710527559.8179097,-2.4973331557379828
1710527559.8180232,-2.4728160434299045
1710527559.8181365,-2.447598510318332
1710527559.81825,-2.42378208372328
1710527559.8183634,-2.3992649714152017
1710527559.818477,-2.3733467525906033
1710527559.8185902,-2.343926429748535
1710527559.8187037,-2.3124043146769204
1710527559.8188171,-2.276329199473063
1710527559.8189306,-2.2367517153422036
1710527559.8190439,-2.19437215063307
1710527559.8191574,-2.1477896637386746
1710527559.8192708,-2.098405228720771
1710527559.8193843,-2.04797003004286
1710527559.8194976,-1.9957837793562148
1710527559.819611,-1.941846079296536
1710527559.8197246,-1.8865075376298692
1710527559.819838,-1.8283670478396945
1710527559.8199513,-1.7660236358642578
1710527559.8200648,-1.7005279329087999
1710527559.8201783,-1.629428466161092
1710527559.8202915,-1.5555269188351102
1710527559.820405,-1.4767220285203722
1710527559.8205185,-1.3944146368238661
1710527559.820632,-1.308955086602105
1710527559.8207452,-1.221744351916843
1710527559.8208587,-1.1324320899115667
1710527559.8209722,-1.0410183668136597
1710527559.8210857,-0.9478534592522515
1710527559.821199,-0.8532875776290894
1710527559.8213124,-0.7573207219441731
1710527559.821426,-0.6571508778466119
1710527559.8215394,-0.5538289083374871
1710527559.8216527,-0.44560349649853176
1710527559.8217661,-0.3335253728760613
1710527559.8218796,-0.2179448472128974
1710527559.821993,-0.09991259210639529
1710527559.8221064,0.019174141602383718
1710527559.8222198,0.13898104429244995
1710527559.8223333,0.2577370074060228
1710527559.8224468,0.37684328026241726
1710527559.82256,0.4952489336331685
1710527559.8226736,0.614355206489563
1710527559.822787,0.7345124748018053
1710527559.8229005,0.8588733938005235
1710527559.8230138,0.9853362374835544
1710527559.8231273,1.114251348707411
1710527559.8232408,1.2435166041056316
1710527559.8233542,1.3727819919586182
1710527559.8234675,1.4981938732994926
1710527559.823581,1.6204529338412814
1710527559.8236945,1.737807724210951
1710527559.823808,1.8513090080685086
1710527559.8239212,1.960956785413954
1710527559.8240347,2.069904009501139
1710527559.8241482,2.176749308904012
1710527559.8242617,2.28464576933119
1710527559.824375,2.391490936279297
1710527559.8244884,2.4972854720221624
1710527559.824602,2.599576579199897
1710527559.8247151,2.6969636811150446
1710527559.8248286,2.787694401211209
1710527559.824942,2.8710688485039606
1710527559.8250556,2.9477874437967935
1710527559.8251688,3.019251028696696
1710527559.8252823,3.0854601330227323
1710527559.8253958,3.1488667594061956
1710527559.8255093,3.2105218039618597
1710527559.8256226,3.269023895263672
1710527559.825736,3.3250739839341903
1710527559.8258495,3.3772706985473633
1710527559.825963,3.4235119819641113
1710527559.8260763,3.4637978341844344
1710527559.8261898,3.496026462978787
1710527559.8263032,3.5219497150845
1710527559.8264167,3.5426182217068143
1710527559.82653,3.5587324036492243
1710527559.8266435,3.570292790730794
1710527559.826757,3.580101595984565
1710527559.8268704,3.588158819410536
1710527559.8269837,3.5941139856974282
1710527559.8270972,3.5976171493530273
1710527559.8272107,3.5979676246643066
1710527559.8273242,3.5948146714104547
1710527559.8274374,3.5871079232957626
1710527559.827551,3.5755475362141924
1710527559.8276644,3.561885356903076
1710527559.8277779,3.5440193282233343
1710527559.827891,3.5247521930270724
1710527559.8280046,3.5030327902899847
1710527559.828118,3.481313387552897
1710527559.8282316,3.4588935640123153
1710527559.8283448,3.4357727898491754
1710527559.8284583,3.411951594882541
1710527559.8285718,3.3877799246046276
1710527559.828685,3.3625573582119412
1710527559.8287985,3.3366343710157604
1710527559.828912,3.308609326680501
1710527559.8290255,3.280234071943495
1710527559.8291388,3.2511581314934626
1710527559.8292522,3.2213815053304033
1710527559.8293657,3.1916048791673446
1710527559.8294792,3.1625289387173123
1710527559.8295925,3.1359052658081055
1710527559.829706,3.1106826994154186
1710527559.8298194,3.0861608187357583
1710527559.829933,3.0637407302856445
1710527559.8300462,3.042021592458089
1710527559.8301597,3.0206524001227484
1710527559.8302732,2.9989329973856607
1710527559.8303866,2.976863384246826
1710527559.8305,2.954093085394965
1710527559.8306134,2.930622100830078
1710527559.8307269,2.9089026980929904
1710527559.8308403,2.888934877183702
1710527559.8309536,2.8700179523891873
1710527559.831067,2.854253980848524
1710527559.8311806,2.840591801537408
1710527559.831294,2.827630043029785
1710527559.8314073,2.814668549431695
1710527559.8315208,2.8017070558336044
1710527559.8316343,2.787694401211209
1710527559.8317478,2.771580219268799
1710527559.831861,2.7554657724168563
1710527559.8319745,2.7393513255649142
1710527559.832088,2.7249884605407715
1710527559.8322015,2.7123774422539606
1710527559.8323147,2.701167265574137
1710527559.8324282,2.692059146033393
1710527559.8325417,2.684001922607422
1710527559.8326552,2.6748938030666776
1710527559.8327684,2.6640341016981335
1710527559.832882,2.65177329381307
1710527559.8329954,2.6367097430759006
1710527559.8331087,2.619544400109185
1710527559.8332222,2.6020288467407227
1710527559.8333356,2.58451329337226
1710527559.8334491,2.5676981608072915
1710527559.8335624,2.5519341892666287
1710527559.8336759,2.5365204281277127
1710527559.8337893,2.52040598127577
1710527559.8339028,2.503941324022081
1710527559.834016,2.4850243992275662
1710527559.8341296,2.4622541003757052
1710527559.834243,2.4373820092942977
1710527559.8343565,2.407955593532986
1710527559.8344698,2.37782875696818
1710527559.8345833,2.345950338575575
1710527559.8346968,2.3133712344699435
1710527559.8348103,2.280441919962565
1710527559.8349235,2.2468119197421603
1710527559.835037,2.2117806805504694
1710527559.8351505,2.1742971738179526
1710527559.835264,2.133660978741116
1710527559.8353772,2.0895214875539145
1710527559.8354907,2.04117841190762
1710527559.8356042,1.988281144036187
1710527559.8357177,1.9315305021074083
1710527559.835831,1.8719773822360568
1710527559.8359444,1.8117237091064453
1710527559.836058,1.748667425579495
1710527559.8361714,1.684209903081258
1710527559.8362846,1.6176504558987088
1710527559.8363981,1.5486388736300998
1710527559.8365116,1.476474470562405
1710527559.836625,1.4008070362938774
1710527559.8367383,1.3216363059149847
1710527559.8368518,1.237561305363973
1710527559.8369653,1.148932245042589
1710527559.8370788,1.0589018795225356
1710527559.837192,0.9636169009738498
1710527559.8373055,0.8662299977408515
1710527559.837419,0.7670915126800537
1710527559.8375323,0.6662015120188395
1710527559.8376458,0.5646108256445991
1710527559.8377593,0.4616189334127638
1710527559.8378727,0.35652514961030746
1710527559.837986,0.2496798170937432
1710527559.8380995,0.1400319900777605
1710527559.838213,0.027581643727090623
1710527559.8383265,-0.0880042960246404
1710527559.8384397,-0.206386794646581
1710527559.8385532,-0.32617025905185276
1710527559.8386667,-0.44665422704484725
1710527559.8387802,-0.5660874313778347
1710527559.8388934,-0.6851704253090752
1710527559.839007,-0.8021519581476847
1710527559.8391204,-0.9173822402954102
1710527559.8392339,-1.0319120354122586
1710527559.8393471,-1.147142383787367
1710527559.8394606,-1.2627229425642226
1710527559.839574,-1.380054685804579
1710527559.8396876,-1.4977366394466824
1710527559.8398008,-1.616819699605306
1710527559.8399143,-1.7345016532474093
1710527559.8400278,-1.8490314483642578
1710527559.8401413,-1.9600588745541043
1710527559.8402545,-2.0668832461039224
1710527559.840368,-2.1681038538614907
1710527559.8404815,-2.265471617380778
1710527559.840595,-2.360037432776557
1710527559.8407083,-2.4521517753601074
1710527559.8408217,-2.5435654322306314
1710527559.8409352,-2.6328775617811413
1710527559.8410487,-2.7207888497246637
1710527559.841162,-2.8062483999464245
1710527559.8412755,-2.88750516043769
1710527559.841389,-2.9603558116488986
1710527559.8415024,-3.0290036731296115
1710527559.8416157,-3.089595900641547
1710527559.8417292,-3.145284652709961
1710527559.8418427,-3.1943188773261175
1710527559.841956,-3.24125157462226
1710527559.8420694,-3.28363127178616
1710527559.8421829,-3.3260107040405273
1710527559.8422964,-3.363837136162652
1710527559.8424096,-3.398861355251736
1710527559.842523,-3.4296830495198565
1710527559.8426366,-3.4556010034349227
1710527559.84275,-3.477316167619493
1710527559.8428633,-3.492376539442274
1710527559.8429768,-3.5025337007310653
1710527559.8430903,-3.5088380177815752
1710527559.8432038,-3.5112897555033364
1710527559.843317,-3.5109395451015897
1710527559.8434305,-3.509538438585069
1710527559.843544,-3.5063862800598145
1710527559.8436575,-3.5021834903293185
1710527559.8437707,-3.4962293836805554
1710527559.8438842,-3.487122853597005
1710527559.8439977,-3.4762652715047198
1710527559.8441112,-3.4626057412889266
1710527559.8442245,-3.446494738260905
1710527559.844338,-3.4275815221998425
1710527559.8444514,-3.406566778818766
1710527559.844565,-3.384151193830702
1710527559.8446782,-3.361385398440891
1710527559.8447917,-3.338619338141547
1710527559.8449051,-3.315503332349989
1710527559.8450186,-3.2930877473619247
1710527559.8451319,-3.2713725831773544
1710527559.8452454,-3.250357839796278
1710527559.8453588,-3.2286429405212402
1710527559.8454723,-3.2062270906236434
1710527559.8455856,-3.1824106640285916
1710527559.845699,-3.15824376212226
1710527559.8458126,-3.133726649814182
1710527559.845926,-3.1078086958991156
1710527559.8460393,-3.08294137318929
1710527559.8461528,-3.058774471282959
1710527559.8462663,-3.0363588862948947
1710527559.8463795,-3.0160445637173123
1710527559.846493,-2.9988826645745172
1710527559.8466065,-2.981370555029975
1710527559.84672,-2.964909076690674
1710527559.8468332,-2.9463460710313583
1710527559.8469467,-2.927783065372043
1710527559.8470602,-2.908169428507487
1710527559.8471737,-2.8885557916429305
1710527559.847287,-2.8685919443766275
1710527559.8474004,-2.8510798348320856
1710527559.847514,-2.8349685668945312
1710527559.8476274,-2.821659247080485
1710527559.8477407,-2.8108016649881997
1710527559.8478541,-2.8020456102159286
1710527559.8479676,-2.793989976247152
1710527559.848081,-2.78383281495836
1710527559.8481944,-2.7726250224643283
1710527559.8483078,-2.7600163883633084
1710527559.8484213,-2.7463568581475153
1710527559.8485348,-2.7319966422186956
1710527559.848648,-2.7179869016011557
1710527559.8487616,-2.7060786883036294
1710527559.848875,-2.6962717374165854
1710527559.8489885,-2.6882161034478083
1710527559.8491018,-2.6805109447903104
1710527559.8492153,-2.6717548900180392
1710527559.8493288,-2.661247518327501
1710527559.8494422,-2.648638619316949
1710527559.8495555,-2.6325273513793945
1710527559.849669,-2.6146650314331055
1710527559.8497825,-2.594350708855523
1710527559.849896,-2.574036651187473
1710527559.8500092,-2.5540728039211698
1710527559.8501227,-2.5351595878601074
1710527559.8502362,-2.516246371799045
1710527559.8503497,-2.4973331557379828
1710527559.850463,-2.4777195188734265
1710527559.8505764,-2.4549537234836154
1710527559.85069,-2.4293859799702964
1710527559.8508031,-2.3992649714152017
1710527559.8509166,-2.366692225138346
1710527559.85103,-2.33166774113973
1710527559.8511436,-2.293491098615858
1710527559.8512568,-2.254263824886746
1710527559.8513703,-2.2157369719611273
1710527559.8514838,-2.174758381313748
1710527559.8515973,-2.1323789490593805
1710527559.8517106,-2.088248199886746
1710527559.851824,-2.040614949332343
1710527559.8519375,-1.9901797506544325
1710527559.852051,-1.9358919726477728
1710527559.8521643,-1.876350508795844
1710527559.8522778,-1.8133065435621474
1710527559.8523912,-1.7460596561431885
1710527559.8525047,-1.6763611634572346
1710527559.852618,-1.6035103797912598
1710527559.8527315,-1.5285580688052707
1710527559.852845,-1.4525551266140408
1710527559.8529584,-1.3741004467010498
1710527559.8530717,-1.2931941615210638
1710527559.8531852,-1.2094857957628038
1710527559.8532987,-1.1222750610775418
1710527559.8534122,-1.0319120354122586
1710527559.8535254,-0.9355949030982124
1710527559.853639,-0.8357754018571641
1710527559.8537524,-0.7321031226052178
1710527559.8538659,-0.6235275003645155
1710527559.853979,-0.5135508378346761
1710527559.8540926,-0.4025234778722127
1710527559.854206,-0.2897448672188653
1710527559.8543196,-0.17696628967920938
1710527559.8544328,-0.0627867215209537
1710527559.8545463,0.05245383828878403
1710527559.8546598,0.16875762078497145
1710527559.8547733,0.28821421994103325
1710527559.8548865,0.4115242428249783
1710527559.855,0.5379870865080092
1710527559.8551135,0.6665517886479696
1710527559.8552268,0.795466833644443
1710527559.8553402,0.9240315357844034
1710527559.8554537,1.0501441028383043
1710527559.8555672,1.1734541257222493
1710527559.8556805,1.2932610511779785
1710527559.855794,1.410265366236369
1710527559.8559074,1.526569260491265
1710527559.856021,1.6421723365783691
1710527559.8561342,1.7588264412350125
1710527559.8562477,1.875830888748169
1710527559.8563612,1.9945867856343586
1710527559.8564746,2.110890547434489
1710527559.856588,2.2240416208902993
1710527559.8567014,2.333689530690511
1710527559.8568149,2.4366813235812717
1710527559.8569283,2.533367474873861
1710527559.8570416,2.6244489351908364
1710527559.857155,2.711326281229655
1710527559.8572686,2.7940000428093805
1710527559.857382,2.8756229082743325
1710527559.8574953,2.9558446672227645
1710527559.8576088,3.034314579433865
1710527559.8577223,3.1089311175876193
1710527559.8578358,3.179344071282281
1710527559.857949,3.2434511184692383
1710527559.8580625,3.299851417541504
1710527559.858176,3.350296550326877
1710527559.8582895,3.392333984375
1710527559.8584027,3.4291169378492565
1710527559.8585162,3.4616960419548883
1710527559.8586297,3.4907719824049206
1710527559.8587432,3.5170454449123807
1710527559.8588564,3.5408666398790145
1710527559.85897,3.562235567304823
1710527559.8590834,3.5790506998697915
1710527559.859197,3.592712879180908
1710527559.8593102,3.6007701026068792
1710527559.8594236,3.603922790951199
1710527559.8595371,3.6021712091233993
1710527559.8596504,3.5958655675252276
1710527559.8597639,3.5871079232957626
1710527559.8598773,3.5758977466159396
1710527559.8599908,3.5632867283291287
1710527559.860104,3.5496242841084795
1710527559.8602176,3.5352616839938693
1710527559.860331,3.5184465514289007
1710527559.8604445,3.5019818941752114
1710527559.8605578,3.4830649693806963
1710527559.8606713,3.4616960419548883
1710527559.8607848,3.4389257431030273
1710527559.8608983,3.414403862423367
1710527559.8610115,3.388130399915907
1710527559.861125,3.360806041293674
1710527559.8612385,3.3320803112453885
1710527559.861352,3.304405477311876
1710527559.8614652,3.277431594000922
1710527559.8615787,3.249406549665663
1710527559.8616922,3.223833772871229
1710527559.8618057,3.199662102593316
1710527559.861919,3.175840907626682
1710527559.8620324,3.1516692373487682
1710527559.862146,3.126797146267361
1710527559.8622594,3.102275265587701
1710527559.8623726,3.076352013481988
1710527559.8624861,3.0514799224005804
1710527559.8625996,3.0252064598931208
1710527559.862713,3.0003343688117132
1710527559.8628263,2.9779142803615994
1710527559.8629398,2.957946459452311
1710527559.8630533,2.9390295346577964
1710527559.8631668,2.92221466700236
1710527559.86328,2.9053995344373913
1710527559.8633935,2.8903362486097546
1710527559.863507,2.8731709056430392
1710527559.8636205,2.854253980848524
1710527559.8637338,2.8363879521687827
1710527559.8638473,2.817821502685547
1710527559.8639607,2.799955474005805
1710527559.864074,2.783841027153863
1710527559.8641875,2.7705293231540256
1710527559.864301,2.7582682503594294
1710527559.8644145,2.7477590243021646
1710527559.8645277,2.737950219048394
1710527559.8646412,2.7281414137946234
1710527559.8647547,2.7162308163113065
1710527559.8648682,2.7032693227132163
1710527559.8649814,2.688555982377794
1710527559.865095,2.6724418004353843
1710527559.8652084,2.6570280392964682
1710527559.8653219,2.641964488559299
1710527559.8654351,2.6286525196499295
1710527559.8655486,2.6174426078796387
1710527559.865662,2.6058822207980685
1710527559.8657756,2.5946723090277777
1710527559.8658888,2.5820610258314343
1710527559.8660023,2.5669974750942655
1710527559.8661158,2.5484310256110296
1710527559.8662293,2.5281129942999945
1710527559.8663425,2.5046420097351074
1710527559.866456,2.4794194433424206
1710527559.8665695,2.4545473522610135
1710527559.866683,2.4289743105570474
1710527559.8667963,2.403051323360867
1710527559.8669097,2.3774785465664334
1710527559.8670232,2.3498037126329208
1710527559.8671367,2.3203775617811413
1710527559.86725,2.2867475615607367
1710527559.8673635,2.249264187282986
1710527559.867477,2.2082775168948703
1710527559.8675904,2.164838711420695
1710527559.8677037,2.1175465318891735
1710527559.8678172,2.068502770529853
1710527559.8679307,2.018408113055759
1710527559.8680441,1.9672624270121255
1710527559.8681574,1.914365291595459
1710527559.8682709,1.8593662314944797
1710527559.8683844,1.8022652467091878
1710527559.8684976,1.74201144112481
1710527559.868611,1.6765030225118
1710527559.8687246,1.6081919935014513
1710527559.868838,1.5356773800320096
1710527559.8689513,1.4596594704522026
1710527559.8690648,1.3790876335567899
1710527559.8691783,1.295713186264038
1710527559.8692918,1.211287842856513
1710527559.869405,1.1240600215064154
1710527559.8695185,1.0350806183285184
1710527559.869632,0.9446999761793349
1710527559.8697455,0.8511665132310655
1710527559.8698587,0.7548305723402235
1710527559.8699722,0.6563927067650689
1710527559.8700857,0.5534008476469252
1710527559.8701992,0.44620517227384776
1710527559.8703125,0.3362070189581977
1710527559.870426,0.22305606140030754
1710527559.8705394,0.1078032288286421
1710527559.870653,-0.00849889125674963
1710527559.8707662,-0.12477992309464349
1710527559.8708797,-0.24071070883009169
1710527559.8709931,-0.3566414780086941
1710527559.8711066,-0.4711713062392341
1710527559.8712199,-0.586751831902398
1710527559.8713334,-0.7040835751427544
1710527559.8714468,-0.822816358672248
1710527559.8715603,-0.9447013007269965
1710527559.8716736,-1.067987216843499
1710527559.871787,-1.1909227901034884
1710527559.8719006,-1.3138585620456271
1710527559.872014,-1.4336420430077446
1710527559.8721273,-1.549572812186347
1710527559.8722408,-1.6627016332414415
1710527559.8723543,-1.7716275321112738
1710527559.8724678,-1.877751482857598
1710527559.872581,-1.9817739062839084
1710527559.8726945,-2.085446251763238
1710527559.872808,-2.188417911529541
1710527559.8729212,-2.2910393608940973
1710527559.8730347,-2.3926101790534124
1710527559.8731482,-2.489978207482232
1710527559.8732617,-2.583493126763238
1710527559.873375,-2.671054204305013
1710527559.8734884,-2.751610279083252
1710527559.873602,-2.826912932925754
1710527559.8737154,-2.8966114256117077
1710527559.8738286,-2.9617569181654186
1710527559.8739421,-3.0248008833991156
1710527559.8740556,-3.084342214796278
1710527559.874169,-3.1428329149881997
1710527559.8742824,-3.1992223527696395
1710527559.8743958,-3.2517589463127985
1710527559.8745093,-3.2993920644124346
1710527559.8746228,-3.3410710758633084
1710527559.874736,-3.3767959806654186
1710527559.8748496,-3.40726719962226
1710527559.874963,-3.4317843119303384
1710527559.8750765,-3.4510477383931475
1710527559.8751898,-3.468209637535943
1710527559.8753033,-3.482569853464762
1710527559.8754168,-3.494478066762288
1710527559.8755302,-3.5053356488545733
1710527559.8756435,-3.5119901763068304
1710527559.875757,-3.5165434413486056
1710527559.8758705,-3.5172438621520996
1710527559.875984,-3.5137414932250977
1710527559.8760972,-3.5070869657728405
1710527559.8762107,-3.4965795940823026
1710527559.8763242,-3.481518957349989
1710527559.8764377,-3.465057479010688
1710527559.876551,-3.4478955798678927
1710527559.8766644,-3.4296830495198565
1710527559.876778,-3.410069147745768
1710527559.8768914,-3.390805721282959
1710527559.8770046,-3.370841874016656
1710527559.877118,-3.3512282371520996
1710527559.8772316,-3.3302134937710233
1710527559.8773448,-3.309199015299479
1710527559.8774583,-3.2860827445983887
1710527559.8775718,-3.2615658971998425
1710527559.8776853,-3.236348099178738
1710527559.8777986,-3.2100799348619247
1710527559.877912,-3.183811505635579
1710527559.8780255,-3.158593972524007
1710527559.878139,-3.134777545928955
1710527559.8782523,-3.1120114856296115
1710527559.8783658,-3.091697427961561
1710527559.8784792,-3.071733580695258
1710527559.8785927,-3.052470154232449
1710527559.878706,-3.0332067277696395
1710527559.8788195,-3.0135930909050836
1710527559.878933,-2.991527716318766
1710527559.8790464,-2.9691118664211698
1710527559.8791597,-2.9470464918348522
1710527559.8792732,-2.9253315925598145
1710527559.8793867,-2.905717690785726
1710527559.8795002,-2.887855370839437
1710527559.8796134,-2.8731452094184027
1710527559.879727,-2.8594856792026095
1710527559.8798404,-2.8479274113972983
1710527559.8799539,-2.836019198099772
1710527559.880067,-2.823060088687473
1710527559.8801806,-2.8087001376681857
1710527559.880294,-2.7936397658454046
1710527559.8804076,-2.7771782875061035
1710527559.8805208,-2.7614172299702964
1710527559.8806343,-2.7470572789510093
1710527559.8807478,-2.735149065653483
1710527559.8808613,-2.725342114766439
1710527559.8809745,-2.7179869016011557
1710527559.881088,-2.7102814780341253
1710527559.8812015,-2.7022261089748807
1710527559.881315,-2.6917187372843423
1710527559.8814282,-2.680160734388563
1710527559.8815417,-2.6654503080579968
1710527559.8816552,-2.6503899362352157
1710527559.8817685,-2.6332280370924206
1710527559.881882,-2.61641608344184
1710527559.8819954,-2.6024063428243003
1710527559.882109,-2.590147919125027
1710527559.8822222,-2.576488388909234
1710527559.8823357,-2.5645801756117077
1710527559.8824492,-2.5509206453959146
1710527559.8825626,-2.53480937745836
1710527559.882676,-2.514845530192057
1710527559.8827894,-2.49278015560574
1710527559.8829029,-2.4672121471828885
1710527559.8830163,-2.4391926659478083
1710527559.8831296,-2.410472763909234
1710527559.883243,-2.3803517553541393
1710527559.8833566,-2.350580957200792
1710527559.88347,-2.3211603694491916
1710527559.8835833,-2.289288308885362
1710527559.8836968,-2.255664931403266
1710527559.8838103,-2.2174881564246283
1710527559.8839238,-2.1772101190355087
1710527559.884037,-2.132028606202867
1710527559.8841505,-2.0815935399797225
1710527559.884264,-2.028006182776557
1710527559.8843775,-1.9719670878516302
1710527559.8844907,-1.9138265980614555
1710527559.8846042,-1.8528841601477728
1710527559.8847177,-1.79124116897583
1710527559.8848312,-1.7271465725368924
1710527559.8849444,-1.6606001059214273
1710527559.885058,-1.5916020340389676
1710527559.8851714,-1.5180508295694985
1710527559.885285,-1.4420478873782687
1710527559.8853981,-1.3611414697435167
1710527559.8855116,-1.2756819195217557
1710527559.8856251,-1.1860194471147325
1710527559.8857386,-1.0925042629241943
1710527559.8858519,-0.9975881046719021
1710527559.8859653,-0.8988193008634779
1710527559.8860788,-0.7993500100241767
1710527559.886192,-0.6991801659266154
1710527559.8863056,-0.595858163303799
1710527559.886419,-0.49183570676379734
1710527559.8865325,-0.3846610254711575
1710527559.8866458,-0.2746843794981639
1710527559.8867593,-0.15980432430903116
1710527559.8868728,-0.04142183396551344
1710527559.8869863,0.08082915511396196
1710527559.8870995,0.20554044180446202
1710527559.887213,0.3316529591878255
1710527559.8873265,0.458466112613678
1710527559.88744,0.583527750439114
1710527559.8875532,0.7068377733230591
1710527559.8876667,0.8290968338648478
1710527559.8877802,0.9503049982918633
1710527559.8878937,1.0715131627188788
1710527559.888007,1.1944728427463107
1710527559.8881204,1.3198847240871854
1710527559.888234,1.445997291141086
1710527559.8883474,1.572810411453247
1710527559.8884606,1.6982224252488878
1710527559.8885741,1.8204814857906766
1710527559.8886876,1.9385368294186063
1710527559.888801,2.0506368743048773
1710527559.8889143,2.157131830851237
1710527559.8890278,2.2590727276272244
1710527559.8891413,2.3582114113701715
1710527559.8892548,2.4545473522610135
1710527559.889368,2.5512335035536022
1710527559.8894815,2.6465185483296714
1710527559.889595,2.7393513255649142
1710527559.8897085,2.829732100168864
1710527559.8898218,2.914858129289415
1710527559.8899353,2.9940287272135415
1710527559.8900487,3.065142101711697
1710527559.8901622,3.130650520324707
1710527559.8902755,3.188101715511746
1710527559.890389,3.240999115837945
1710527559.8905025,3.2903930875990124
1710527559.8906157,3.3376852671305337
1710527559.8907292,3.381824758317735
1710527559.8908427,3.4235119819641113
1710527559.8909562,3.462746938069661
1710527559.8910694,3.4963769382900662
1710527559.891183,3.5247521930270724
1710527559.8912964,3.546821806165907
1710527559.8914099,3.5636369387308755
1710527559.8915231,3.5744966400994196
1710527559.8916366,3.5804518063863116
1710527559.89175,3.5825538635253906
1710527559.8918636,3.5832542843288846
1710527559.8919768,3.5822033882141113
1710527559.8920903,3.5790506998697915
1710527559.8922038,3.573795954386393
1710527559.8923173,3.5678407880995007
1710527559.8924305,3.5580319828457303
1710527559.892544,3.5450702243381076
1710527559.8926575,3.5293062527974444
1710527559.892771,3.5103893280029297
1710527559.8928843,3.4890204005771213
1710527559.8929977,3.4662501017252603
1710527559.8931112,3.442428641849094
1710527559.8932247,3.418257236480713
1710527559.893338,3.392333984375
1710527559.8934515,3.367111417982313
1710527559.893565,3.3415386411878796
1710527559.8936784,3.3166665501064725
1710527559.8937917,3.292144669426812
1710527559.8939052,3.2669221030341253
1710527559.8940187,3.2406486405266657
1710527559.8941321,3.214024967617459
1710527559.8942454,3.186350133683946
1710527559.8943589,3.1586755646599665
1710527559.8944724,3.130650520324707
1710527559.8945858,3.1033261617024737
1710527559.894699,3.0774029095967608
1710527559.8948126,3.0528810289171004
1710527559.894926,3.030811415778266
1710527559.8950393,3.011194070180257
1710527559.8951528,2.992277145385742
1710527559.8952663,2.973360220591227
1710527559.8953798,2.954093085394965
1710527559.895493,2.9355263710021973
1710527559.8956065,2.915208339691162
1710527559.89572,2.8945398330688477
1710527559.8958335,2.8742218017578125
1710527559.8959467,2.8553048769632974
1710527559.8960602,2.838139533996582
1710527559.8961737,2.8237766689724393
1710527559.8962872,2.811515861087375
1710527559.8964005,2.7996052636040583
1710527559.896514,2.788395086924235
1710527559.8966274,2.7775353855556912
1710527559.896741,2.764573891957601
1710527559.8968542,2.749860816531711
1710527559.8969676,2.734096580081516
1710527559.8970811,2.717982398139106
1710527559.8971946,2.702918847401937
1710527559.8973079,2.6903075642055936
1710527559.8974214,2.6780467563205295
1710527559.8975348,2.667887740665012
1710527559.8976483,2.6587796211242676
1710527559.8977616,2.6496712366739907
1710527559.897875,2.637760639190674
1710527559.8979886,2.6247991455925836
1710527559.898102,2.6090351740519204
1710527559.8982153,2.590818934970432
1710527559.8983288,2.5712013244628906
1710527559.8984423,2.5522843996683755
1710527559.8985558,2.532667054070367
1710527559.898669,2.514450814988878
1710527559.8987825,2.495533890194363
1710527559.898896,2.476967175801595
1710527559.8990095,2.45664914449056
1710527559.8991227,2.434229056040446
1710527559.8992362,2.4090064896477594
1710527559.8993497,2.37958033879598
1710527559.899463,2.3473517100016275
1710527559.8995764,2.3119701279534235
1710527559.89969,2.2741362783643932
1710527559.8998034,2.2356020079718695
1710527559.8999166,2.1963669194115534
1710527559.9000301,2.1553802490234375
1710527559.9001436,2.1136931578318277
1710527559.900257,2.069904009501139
1710527559.9003704,2.021911144256592
1710527559.9004838,1.9714661439259846
1710527559.9005973,1.9164670838250053
1710527559.9007108,1.8565636210971408
1710527559.900824,1.7935073375701904
1710527559.9009376,1.7272983656989203
1710527559.901051,1.6582867834303114
1710527559.9011645,1.5861223803626165
1710527559.9012778,1.5122063954671223
1710527559.9013913,1.4368891716003418
1710527559.9015048,1.3587694697909884
1710527559.9016182,1.2785478432973225
1710527559.9017315,1.195173528459337
1710527559.901845,1.1075953642527263
1710527559.9019585,1.0172147221035428
1710527559.902072,0.9219296773274739
1710527559.9021852,0.8231415351231892
1710527559.9022987,0.7215508487489488
1710527559.9024122,0.6168074078030056
1710527559.9025257,0.5089111460579766
1710527559.902639,0.40241612328423393
1710527559.9027524,0.29311858945422703
1710527559.902866,0.18312043613857693
1710527559.9029794,0.07277196480168237
1710527559.9030926,-0.03861988170279397
1710527559.903206,-0.15209895041253832
1710527559.9033196,-0.2687302397357093
1710527559.903433,-0.38711273007922703
1710527559.9035463,-0.5072464545567831
1710527559.9036598,-0.6305323706732856
1710527559.9037733,-0.7524173127280341
1710527559.9038866,-0.8750026755862765
1710527559.904,-0.9961871306101481
1710527559.9041135,-1.1149198479122586
1710527559.904227,-1.230150196287367
1710527559.9043403,-1.3446799914042156
1710527559.9044538,-1.4578088124593098
1710527559.9045672,-1.5698868698543973
1710527559.9046807,-1.6833660337660048
1710527559.904794,-1.796845065222846
1710527559.9049075,-1.9106744395362005
1710527559.905021,-2.023102707333035
1710527559.9051344,-2.1334295802646213
1710527559.9052477,-2.2388529777526855
1710527559.9053612,-2.338322533501519
1710527559.9054747,-2.432538138495551
1710527559.9055882,-2.5215000576443143
1710527559.9057014,-2.6066093974643283
1710527559.905815,-2.687865893046061
1710527559.9059284,-2.7670211262173123
1710527559.9060419,-2.845475938585069
1710527559.906155,-2.921128537919786
1710527559.9062686,-2.9925783475240073
1710527559.906382,-3.0612262090047198
1710527559.9064956,-3.12391996383667
1710527559.9066088,-3.1799589263068304
1710527559.9067223,-3.229343361324734
1710527559.9068358,-3.272773689693875
1710527559.9069493,-3.3109500673082137
1710527559.9070625,-3.3449239201015897
1710527559.907176,-3.3767959806654186
1710527559.9072895,-3.405866358015272
1710527559.907403,-3.4331854184468584
1710527559.9075162,-3.458052741156684
1710527559.9076297,-3.4797679053412542
1710527559.9077432,-3.4976302252875433
1710527559.9078567,-3.5102391242980957
1710527559.90797,-3.5186449686686196
1710527559.9080834,-3.5221473375956216
1710527559.908197,-3.5214469167921276
1710527559.9083102,-3.5175940725538464
1710527559.9084237,-3.5109395451015897
1710527559.9085371,-3.5028839111328125
1710527559.9086506,-3.4930772251553006
1710527559.908764,-3.4822196430630155
1710527559.9088774,-3.471011850568983
1710527559.9089909,-3.457702530754937
1710527559.9091043,-3.4433423148261175
1710527559.9092176,-3.4254799948798285
1710527559.909331,-3.406566778818766
1710527559.9094446,-3.385902510748969
1710527559.909558,-3.3624360296461315
1710527559.9096713,-3.3389698134528265
1710527559.9097848,-3.313401805029975
1710527559.9098983,-3.2888846927218967
1710527559.9100118,-3.2650682661268444
1710527559.910125,-3.24125157462226
1710527559.9102385,-3.218485779232449
1710527559.910352,-3.1964204046461315
1710527559.9104655,-3.1743550300598145
1710527559.9105787,-3.152990076276991
1710527559.9106922,-3.1298740704854326
1710527559.9108057,-3.1053569581773544
1710527559.9109192,-3.080839845869276
1710527559.9110324,-3.0542212062411838
1710527559.911146,-3.0293538835313583
1710527559.9112594,-3.00483677122328
1710527559.911373,-2.981720765431722
1710527559.9114861,-2.9617569181654186
1710527559.9115996,-2.9428437021043563
1710527559.9117131,-2.9267324341668024
1710527559.9118266,-2.910971376630995
1710527559.9119399,-2.894860108693441
1710527559.9120533,-2.8783986303541393
1710527559.9121668,-2.8608865208095975
1710527559.9122803,-2.8430242008633084
1710527559.9123936,-2.824461195203993
1710527559.912507,-2.8079997168646917
1710527559.9126205,-2.7929390801323786
1710527559.9127338,-2.7799802356296115
1710527559.9128473,-2.769472863939073
1710527559.9129608,-2.76211765077379
1710527559.9130743,-2.753361596001519
1710527559.9131875,-2.745305962032742
1710527559.913301,-2.7340981695387097
1710527559.9134145,-2.72148953543769
1710527559.913528,-2.7071293195088706
1710527559.9136412,-2.6920689476860895
1710527559.9137547,-2.676658100552029
1710527559.9138682,-2.662298149532742
1710527559.9139817,-2.6503899362352157
1710527559.914095,-2.6395323541429305
1710527559.9142084,-2.6297254032558866
1710527559.914322,-2.6195685068766275
1710527559.9144354,-2.6087109247843423
1710527559.9145486,-2.594350708855523
1710527559.9146621,-2.5778892305162215
1710527559.9147756,-2.5579253832499185
1710527559.914889,-2.5365604294670954
1710527559.9150023,-2.513794634077284
1710527559.9151158,-2.4913790490892196
1710527559.9152293,-2.4686132536994085
1710527559.9153428,-2.4468980895148382
1710527559.915456,-2.424482504526774
1710527559.9155695,-2.4010160234239364
1710527559.915683,-2.375798490312364
1710527559.9157965,-2.346728377872043
1710527559.9159098,-2.313805421193441
1710527559.9160233,-2.2780805163913302
1710527559.9161367,-2.2385027673509383
1710527559.9162502,-2.196123335096571
1710527559.9163635,-2.1512920326656766
1710527559.916477,-2.105760309431288
1710527559.9165905,-2.0581271913316512
1710527559.916704,-2.009793519973755
1710527559.9168172,-1.959708531697591
1710527559.9169307,-1.9054207536909316
1710527559.9170442,-1.8490314483642578
1710527559.9171574,-1.7877388000488281
1710527559.917271,-1.7218928866916232
1710527559.9173844,-1.6507932874891493
1710527559.9174979,-1.5765415297614203
1710527559.9176111,-1.4977366394466824
1710527559.9177246,-1.4164800114101834
1710527559.917838,-1.3320712248484294
1710527559.9179516,-1.2455609109666612
1710527559.9180648,-1.157649623023139
1710527559.9181783,-1.067636940214369
1710527559.9182918,-0.9751725196838379
1710527559.9184053,-0.8799061510297987
1710527559.9185185,-0.7811372809939914
1710527559.918632,-0.6785157654020522
1710527559.9187455,-0.5709908405939738
1710527559.918859,-0.4596132371160719
1710527559.9189723,-0.34543368551466197
1710527559.9190857,-0.22705119517114428
1710527559.9191992,-0.10866869654920366
1710527559.9193127,0.010066013783216476
1710527559.919426,0.1277710414595074
1710527559.9195395,0.24687732259432474
1710527559.919653,0.36423203017976546
1710527559.9197664,0.48403895563549465
1710527559.9198797,0.6041961908340454
1710527559.9199932,0.7282068332036337
1710527559.9201066,0.8557205730014377
1710527559.9202201,0.983584721883138
1710527559.9203334,1.1132003201378715
1710527559.9204469,1.241414811876085
1710527559.9205604,1.3675272464752197
1710527559.9206738,1.4894360966152616
1710527559.920787,1.6074914402431912
1710527559.9209006,1.722744305928548
1710527559.921014,1.8330927689870198
1710527559.9211276,1.9434412320454915
1710527559.9212408,2.05343935224745
1710527559.9213543,2.1634374724494085
1710527559.9214678,2.2741362783643932
1710527559.921581,2.382733292049832
1710527559.9216945,2.489578458997938
1710527559.921808,2.5894175635443792
1710527559.9219215,2.684352397918701
1710527559.9220347,2.772631115383572
1710527559.9221482,2.854253980848524
1710527559.9222617,2.9299214151170516
1710527559.9223752,3.0017354753282333
1710527559.9224885,3.0703968471950955
1710527559.922602,3.1373063723246255
1710527559.9227154,3.200712998708089
1710527559.922829,3.261667357550727
1710527559.9229422,3.3180676566229925
1710527559.9230556,3.370264371236165
1710527559.9231691,3.415104283226861
1710527559.9232826,3.4522374471028643
1710527559.9233959,3.4823642836676703
1710527559.9235094,3.507586850060357
1710527559.9236228,3.526153564453125
1710527559.9237363,3.5433189074198403
1710527559.9238496,3.5566306114196777
1710527559.923963,3.568891684214274
1710527559.9240766,3.578700224558512
1710527559.92419,3.58570655186971
1710527559.9243033,3.5899104012383356
1710527559.9244168,3.588509029812283
1710527559.9245303,3.58430544535319
1710527559.9246438,3.576248221927219
1710527559.924757,3.5639871491326227
1710527559.9248705,3.5492740737067328
1710527559.924984,3.5324592060512967
1710527559.9250975,3.5135422812567816
1710527559.9252107,3.4946253564622665
1710527559.9253242,3.4746575355529785
1710527559.9254377,3.4543395042419434
1710527559.9255512,3.4333205223083496
1710527559.9256644,3.4112509091695147
1710527559.925778,3.388130399915907
1710527559.9258914,3.3629078335232205
1710527559.9260046,3.337335056728787
1710527559.9261181,3.3096602227952743
1710527559.9262316,3.2809347576565213
1710527559.926345,3.2518588172064886
1710527559.9264584,3.222782876756456
1710527559.9265718,3.1940571467081704
1710527559.9266853,3.166382312774658
1710527559.9267988,3.139057954152425
1710527559.926912,3.1145360734727645
1710527559.9270256,3.091765774620904
1710527559.927139,3.0686452653672958
1710527559.9272525,3.045874966515435
1710527559.9273658,3.022754192352295
1710527559.9274793,2.999283207787408
1710527559.9275928,2.9747613271077475
1710527559.9277062,2.950589921739366
1710527559.9278195,2.9278196228875055
1710527559.927933,2.906100220150418
1710527559.9280465,2.8871832953559027
1710527559.92816,2.8703684277004666
1710527559.9282732,2.8549546665615506
1710527559.9283867,2.841642697652181
1710527559.9285002,2.827279832628038
1710527559.9286137,2.812916967603895
1710527559.928727,2.7982038921780057
1710527559.9288404,2.780688338809543
1710527559.928954,2.763522995842828
1710527559.9290674,2.7474085489908853
1710527559.9291806,2.7316445774502225
1710527559.929294,2.719033294253879
1710527559.9294076,2.708523803287082
1710527559.929521,2.699415683746338
1710527559.9296343,2.6910082499186196
1710527559.9297478,2.6822503407796225
1710527559.9298613,2.672792010837131
1710527559.9299748,2.660530938042535
1710527559.930088,2.646868758731418
1710527559.9302015,2.6318054729037814
1710527559.930315,2.615340815650092
1710527559.9304283,2.599576579199897
1710527559.9305418,2.5848635037740073
1710527559.9306552,2.5715515348646374
1710527559.9307687,2.5582398308648004
1710527559.930882,2.5445776515536838
1710527559.9309955,2.529864576127794
1710527559.931109,2.512348757849799
1710527559.9312224,2.492030726538764
1710527559.9313357,2.4689099523756237
1710527559.9314492,2.441585593753391
1710527559.9315627,2.413560814327664
1710527559.9316761,2.384134398566352
1710527559.9317894,2.352956665886773
1710527559.931903,2.3231800397237143
1710527559.9320164,2.292002307044135
1710527559.9321299,2.2590727276272244
1710527559.932243,2.224742306603326
1710527559.9323566,2.1865581141577826
1710527559.93247,2.1445206801096597
1710527559.9325836,2.098979949951172
1710527559.9326968,2.0495858457353378
1710527559.9328103,1.9966887103186712
1710527559.9329238,1.9413393073611789
1710527559.9330373,1.883537769317627
1710527559.9331505,1.8243348598480225
1710527559.933264,1.7637308438618977
1710527559.9333775,1.7006745603349473
1710527559.933491,1.6355164845784504
1710527559.9336042,1.5668551127115884
1710527559.9337177,1.4943404992421467
1710527559.9338312,1.417972246805827
1710527559.9339447,1.337400409910414
1710527559.934058,1.2533254093594022
1710527559.9341714,1.164696349038018
1710527559.934285,1.0732647445466783
1710527559.9343984,0.9790306621127658
1710527559.9345117,0.8826946549945407
1710527559.9346251,0.783906512790256
1710527559.9347386,0.6844177511003282
1710527559.934852,0.583527750439114
1710527559.9349654,0.4805358250935872
1710527559.9350789,0.37474142180548775
1710527559.9351923,0.2650935782326592
1710527559.9353056,0.15264324016041225
1710527559.935419,0.037390395171112485
1710527559.9355326,-0.08099940915902455
1710527559.935646,-0.2014833688735962
1710527559.9357593,-0.32231758038202923
1710527559.9358728,-0.44210102823045516
1710527559.9359863,-0.5611840221616957
1710527559.9360998,-0.6788660420311822
1710527559.936213,-0.7944466008080376
1710527559.9363265,-0.91002709335751
1710527559.93644,-1.0263081391652424
1710527559.9365535,-1.142238908343845
1710527559.9366667,-1.2606214152442083
1710527559.9367802,-1.3797043429480658
1710527559.9368937,-1.4994878239101834
1710527559.9370072,-1.6175201204087999
1710527559.9371204,-1.7331006791856554
1710527559.937234,-1.8448285261789956
1710527559.9373474,-1.9520032405853271
1710527559.937461,-2.0546246899498835
1710527559.9375741,-2.1537437703874374
1710527559.9376876,-2.2493603494432235
1710527559.9378011,-2.343926429748535
1710527559.9379146,-2.4377918243408203
1710527559.9380279,-2.5302561124165854
1710527559.9381413,-2.6209693484836154
1710527559.9382548,-2.7095810572306314
1710527559.9383683,-2.7929390801323786
1710527559.9384816,-2.8706934716966415
1710527559.938595,-2.9428437021043563
1710527559.9387085,-3.008689615461561
1710527559.938822,-3.068581157260471
1710527559.9389353,-3.1235694885253906
1710527559.9390488,-3.1743550300598145
1710527559.9391623,-3.223739465077718
1710527559.9392755,-3.2703219519721136
1710527559.939389,-3.315153121948242
1710527559.9395025,-3.356481922997369
1710527559.939616,-3.3932574590047198
1710527559.9397292,-3.4258302052815752
1710527559.9398427,-3.452448844909668
1710527559.9399562,-3.473113112979465
1710527559.9400697,-3.4885239601135254
1710527559.940183,-3.4993815422058105
1710527559.9402964,-3.5074371761745877
1710527559.94041,-3.5126908620198565
1710527559.9405234,-3.5165434413486056
1710527559.9406366,-3.5175940725538464
1710527559.9407501,-3.5179445478651257
1710527559.9408636,-3.5151425997416177
1710527559.940977,-3.5098889138963485
1710527559.9410903,-3.5011325942145453
1710527559.9412038,-3.4899248017205133
1710527559.9413173,-3.475214640299479
1710527559.9414308,-3.457702530754937
1710527559.941544,-3.4373882081773544
1710527559.9416575,-3.4163737297058105
1710527559.941771,-3.395008775922987
1710527559.9418845,-3.37294340133667
1710527559.9419978,-3.3512282371520996
1710527559.9421113,-3.3288126521640353
1710527559.9422247,-3.307797908782959
1710527559.9423382,-3.287133640713162
1710527559.9424515,-3.2647180557250977
1710527559.942565,-3.24265268113878
1710527559.9426785,-3.218485779232449
1710527559.942792,-3.1936184565226235
1710527559.9429052,-3.1687511338127985
1710527559.9430187,-3.1421324941847057
1710527559.9431322,-3.1172651714748807
1710527559.9432456,-3.0934487448798285
1710527559.943359,-3.071733580695258
1710527559.9434724,-3.049668206108941
1710527559.9435859,-3.0304047796461315
1710527559.9436991,-3.012892405192057
1710527559.9438126,-2.995030085245768
1710527559.943926,-2.975066237979465
1710527559.9440396,-2.9561530219184027
1710527559.9441528,-2.9344378577338324
1710527559.9442663,-2.912722693549262
1710527559.9443798,-2.8920581605699325
1710527559.9444933,-2.8720943133036294
1710527559.9446065,-2.8542319933573403
1710527559.94472,-2.839521567026774
1710527559.9448335,-2.827963564130995
1710527559.944947,-2.816755771636963
1710527559.9450603,-2.8055479791429305
1710527559.9451737,-2.7950406074523926
1710527559.9452872,-2.7824319733513727
1710527559.9454007,-2.7677215470208063
1710527559.945514,-2.753011385599772
1710527559.9456275,-2.7376005384657116
1710527559.945741,-2.7235907978481717
1710527559.9458544,-2.7120327949523926
1710527559.9459677,-2.7011752128601074
1710527559.9460812,-2.693469789293077
1710527559.9461946,-2.6861148410373263
1710527559.9463081,-2.678059207068549
1710527559.9464214,-2.6682522561815047
1710527559.9465349,-2.656344042883979
1710527559.9466484,-2.6412834061516657
1710527559.9467618,-2.624821927812364
1710527559.946875,-2.6073098182678223
1710527559.9469886,-2.58839660220676
1710527559.947102,-2.5708844926622176
1710527559.9472156,-2.5544230143229165
1710527559.9473288,-2.5386619567871094
1710527559.9474423,-2.5222004784478083
1710527559.9475558,-2.50538878970676
1710527559.9476693,-2.4850747320387097
1710527559.9477825,-2.4630093574523926
1710527559.947896,-2.436740928226047
1710527559.9480095,-2.406619919670953
1710527559.9481227,-2.3740474383036294
1710527559.9482362,-2.33937316470676
1710527559.9483497,-2.3043486807081432
1710527559.9484632,-2.267222934299045
1710527559.9485765,-2.2300969229804144
1710527559.94869,-2.1908696492513022
1710527559.9488034,-2.1498910586039224
1710527559.948917,-2.105760309431288
1710527559.9490302,-2.0574266380733914
1710527559.9491436,-2.0045398341284857
1710527559.9492571,-1.947449975543552
1710527559.9493706,-1.8868577480316162
1710527559.9494839,-1.8224129411909316
1710527559.9495974,-1.7551660537719727
1710527559.9497108,-1.6858177714877658
1710527559.9498243,-1.614718172285292
1710527559.9499376,-1.5418673886193168
1710527559.950051,-1.466915210088094
1710527559.9501646,-1.390561925040351
1710527559.950278,-1.309305297003852
1710527559.9503913,-1.224896510442098
1710527559.9505048,-1.137685775756836
1710527559.9506183,-1.0445208681954277
1710527559.9507318,-0.9478534592522515
1710527559.950845,-0.8473334047529433
1710527559.9509585,-0.742610428068373
1710527559.951072,-0.6361362669203017
1710527559.9511855,-0.5275606115659078
1710527559.9512987,-0.4182844360669454
1710527559.9514122,-0.307957563135359
1710527559.9515257,-0.19622971614201862
1710527559.9516392,-0.08380136556095547
1710527559.9517524,0.032836331261528864
1710527559.951866,0.15159229437510172
1710527559.9519794,0.273851388030582
1710527559.952093,0.3999639219707913
1710527559.9522061,0.5285286572244432
1710527559.9523196,0.6577940119637383
1710527559.952433,0.7867089907328287
1710527559.9525464,0.9128215577867296
1710527559.9526598,1.037182543012831
1710527559.9527733,1.1583907074398465
1710527559.9528868,1.2767963939242892
1710527559.953,1.394851737552219
1710527559.9531136,1.5122063954671223
1710527559.953227,1.6313126352098253
1710527559.9533405,1.7514699035220676
1710527559.9534538,1.8709264861212835
1710527559.9535673,1.9896825154622395
1710527559.9536808,2.1045850382910833
1710527559.9537942,2.2159843974643283
1710527559.9539075,2.3207277721828885
1710527559.954021,2.419866191016303
1710527559.9541345,2.5137501292758517
1710527559.954248,2.603079742855496
1710527559.9543612,2.6899573538038464
1710527559.9544747,2.775083382924398
1710527559.9545882,2.8591582510206432
1710527559.9547017,2.941832012600369
1710527559.954815,3.0217032962375217
1710527559.9549284,3.096670309702555
1710527559.955042,3.166032102372911
1710527559.9551554,3.2280373573303223
1710527559.9552686,3.2833867602878146
1710527559.955382,3.3317301008436413
1710527559.9554956,3.3744682206047907
1710527559.955609,3.4126522805955672
1710527559.9557223,3.4476833873324924
1710527559.9558358,3.480612701839871
1710527559.9559493,3.5110900137159557
1710527559.9560628,3.539115058051215
1710527559.956176,3.5625860426161022
1710527559.9562895,3.580802281697591
1710527559.956403,3.5944644610087075
1710527559.9565165,3.6025216844346786
1710527559.9566298,3.6053241623772516
1710527559.9567432,3.603572580549452
1710527559.9568567,3.5983178350660534
1710527559.95697,3.5906110869513617
1710527559.9570835,3.5815029674106174
1710527559.957197,3.5713436868455672
1710527559.9573104,3.5594330893622503
1710527559.9574237,3.5450702243381076
1710527559.9575372,3.5296564631991916
1710527559.9576507,3.5124913851420083
1710527559.9577641,3.491822878519694
1710527559.9578774,3.470103475782606
1710527559.957991,3.445931805504693
1710527559.9581044,3.419308132595486
1710527559.9582179,3.3916332986619735
1710527559.958331,3.3632580439249673
1710527559.9584446,3.335583474900987
1710527559.958558,3.3068577448527017
1710527559.9586716,3.2795333862304688
1710527559.9587848,3.252909713321262
1710527559.9588983,3.227687146928575
1710527559.9590118,3.2024645805358887
1710527559.9591253,3.176541593339708
1710527559.9592385,3.150968551635742
1710527559.959352,3.123644193013509
1710527559.9594655,3.096670309702555
1710527559.959579,3.0693459510803223
1710527559.9596922,3.042722013261583
1710527559.9598057,3.016448550754123
1710527559.9599192,2.992627355787489
1710527559.9600327,2.9705577426486545
1710527559.960146,2.9516408178541393
1710527559.9602594,2.9334245787726507
1710527559.960373,2.9169599215189614
1710527559.9604864,2.8990938928392196
1710527559.9605997,2.880877653757731
1710527559.9607131,2.8633621003892684
1710527559.9608266,2.8437444898817272
1710527559.9609401,2.825178040398492
1710527559.9610534,2.8066113260057235
1710527559.9611669,2.7901466687520347
1710527559.9612803,2.7757838037278915
1710527559.9613936,2.764924102359348
1710527559.961507,2.754064400990804
1710527559.9616206,2.7439053853352866
1710527559.961734,2.733746369679769
1710527559.9618473,2.722536457909478
1710527559.9619608,2.7088742785983615
1710527559.9620743,2.6941609382629395
1710527559.9621878,2.6787474420335555
1710527559.962301,2.66298320558336
1710527559.9624145,2.649321026272244
1710527559.962528,2.636359532674154
1710527559.9626415,2.6254998313056097
1710527559.9627547,2.615340815650092
1710527559.9628682,2.6051817999945746
1710527559.9629817,2.5936214129130044
1710527559.9630952,2.579608758290609
1710527559.9632084,2.563494576348199
1710527559.963322,2.5445776515536838
1710527559.9634354,2.522858248816596
1710527559.963549,2.5007886356777616
1710527559.9636621,2.4776678615146213
1710527559.9637756,2.4548975626627603
1710527559.9638891,2.4335283703274198
1710527559.9640026,2.4097071753607855
1710527559.9641159,2.3858859803941512
1710527559.9642293,2.3589118321736655
1710527559.9643428,2.329135470920139
1710527559.9644563,2.2944543096754284
1710527559.9645696,2.256970935397678
1710527559.964683,2.214583158493042
1710527559.9647965,2.1704437997606063
1710527559.96491,2.1249030696021185
1710527559.9650233,2.0786617861853705
1710527559.9651368,2.02961802482605
1710527559.9652503,1.9795233673519559
1710527559.9653637,1.9276771280500624
1710527559.965477,1.873378621207343
1710527559.9655905,1.814526187049018
1710527559.965704,1.7521704567803276
1710527559.9658172,1.6866620381673176
1710527559.9659307,1.6165995597839355
1710527559.9660442,1.541983021630181
1710527559.9661577,1.464563873079088
1710527559.966271,1.383992036183675
1710527559.9663844,1.3016684850056965
1710527559.966498,1.2168929311964247
1710527559.9666114,1.1310663488176134
1710527559.9667246,1.0427874988979764
1710527559.9668381,0.9520565801196628
1710527559.9669516,0.8585231171713935
1710527559.967065,0.7611362139383951
1710527559.9671783,0.660596489906311
1710527559.9672918,0.5562033255894979
1710527559.9674053,0.4476064443588257
1710527559.9675188,0.33795860078599715
1710527559.967632,0.22550826271375018
1710527559.9677455,0.11165666083494821
1710527559.967859,-0.0021944978895286718
1710527559.9679725,-0.11567357513639662
1710527559.9680858,-0.2288024127483368
1710527559.9681993,-0.3429819809065925
1710527559.9683127,-0.45681128899256385
1710527559.9684262,-0.5723918146557277
1710527559.9685395,-0.6907743215560913
1710527559.968653,-0.8112582895490859
1710527559.9687665,-0.9338437186347114
1710527559.96888,-1.0571296347512138
1710527559.9689932,-1.1793647872077093
1710527559.9691067,-1.299498478571574
1710527559.9692202,-1.4171805646684434
1710527559.9693336,-1.5306595961252847
1710527559.969447,-1.6416870223151312
1710527559.9695604,-1.7492119471232095
1710527559.9696739,-1.8560363186730278
1710527559.9697874,-1.962510479821099
1710527559.9699006,-2.0686344305674234
1710527559.970014,-2.174758381313748
1710527559.9701276,-2.278430726793077
1710527559.9702408,-2.3800015449523926
1710527559.9703543,-2.4770190980699325
1710527559.9704678,-2.5680825445387097
1710527559.9705813,-2.65249146355523
1710527559.9706945,-2.7312962214152017
1710527559.970808,-2.8058981895446777
1710527559.9709215,-2.8755966822306314
1710527559.971035,-2.9428437021043563
1710527559.9711483,-3.008689615461561
1710527559.9712617,-3.072434001498752
1710527559.9713752,-3.1333764394124346
1710527559.9714887,-3.1908165083991156
1710527559.971602,-3.2430028915405273
1710527559.9717155,-3.289235168033176
1710527559.971829,-3.329162862565782
1710527559.9719424,-3.3631364504496255
1710527559.9720557,-3.3918566173977323
1710527559.9721692,-3.4163737297058105
1710527559.9722826,-3.4377384185791016
1710527559.9723961,-3.457702530754937
1710527559.9725094,-3.474514219495985
1710527559.9726229,-3.4899248017205133
1710527559.9727364,-3.5025337007310653
1710527559.9728498,-3.5123406516181097
1710527559.972963,-3.5172438621520996
1710527559.9730766,-3.518995179070367
1710527559.97319,-3.5151425997416177
1710527559.9733036,-3.5088380177815752
1710527559.9734168,-3.49798043568929
1710527559.9735303,-3.484671115875244
1710527559.9736438,-3.470311164855957
1710527559.9737573,-3.454550372229682
1710527559.9738705,-3.438088893890381
1710527559.973984,-3.4198760986328125
1710527559.9740975,-3.40236398908827
1710527559.974211,-3.382049666510688
1710527559.9743242,-3.3624360296461315
1710527559.9744377,-3.340720865461561
1710527559.9745512,-3.317604859670003
1710527559.9746644,-3.292737536960178
1710527559.974778,-3.266819318135579
1710527559.9748914,-3.2395005226135254
1710527559.975005,-3.212531672583686
1710527559.9751182,-3.1862632433573403
1710527559.9752316,-3.1613959206475153
1710527559.9753451,-3.138630125257704
1710527559.9754586,-3.1162145402696395
1710527559.9755719,-3.0955500072903104
1710527559.9756854,-3.0748857392205133
1710527559.9757988,-3.0542212062411838
1710527559.9759123,-3.0325060420566134
1710527559.9760256,-3.009390036265055
1710527559.976139,-2.98592382007175
1710527559.9762526,-2.962107128567166
1710527559.976366,-2.9396915435791016
1710527559.9764793,-2.919377221001519
1710527559.9765928,-2.901164690653483
1710527559.9767063,-2.8857538435194225
1710527559.9768198,-2.8713938925001354
1710527559.976933,-2.8601861000061035
1710527559.9770465,-2.846876780192057
1710527559.97716,-2.833567460378011
1710527559.9772735,-2.819207509358724
1710527559.9773867,-2.8034464518229165
1710527559.9775002,-2.787335183885362
1710527559.9776137,-2.7719246016608343
1710527559.9777272,-2.758615281846788
1710527559.9778404,-2.7463568581475153
1710527559.977954,-2.737250328063965
1710527559.9780674,-2.730245590209961
1710527559.978181,-2.7239410082499185
1710527559.9782941,-2.715885639190674
1710527559.9784076,-2.7071293195088706
1710527559.978521,-2.6962717374165854
1710527559.9786346,-2.6833128929138184
1710527559.9787478,-2.6682522561815047
1710527559.9788613,-2.65249146355523
1710527559.9789748,-2.6374308268229165
1710527559.979088,-2.6241215070088706
1710527559.9792016,-2.6129137145148382
1710527559.979315,-2.601355711619059
1710527559.9794285,-2.590147919125027
1710527559.9795418,-2.576838599310981
1710527559.9796553,-2.5617782274881997
1710527559.9797688,-2.5432152218288846
1710527559.9798822,-2.5222004784478083
1710527559.9799955,-2.4980335765414767
1710527559.980109,-2.4714152018229165
1710527559.9802225,-2.444796562194824
1710527559.980336,-2.417477501763238
1710527559.9804492,-2.3901584413316512
1710527559.9805627,-2.362839380900065
1710527559.9806762,-2.333769268459744
1710527559.9807897,-2.3025976286994085
1710527559.980903,-2.268273565504286
1710527559.9810164,-2.2300969229804144
1710527559.98113,-2.188067701127794
1710527559.9812434,-2.1411350038316512
1710527559.9813566,-2.091050148010254
1710527559.98147,-2.037813001208835
1710527559.9815836,-1.9824744595421684
1710527559.981697,-1.9257349438137479
1710527559.9818103,-1.8675944540235732
1710527559.9819238,-1.8059514628516302
1710527559.9820373,-1.7429074976179335
1710527559.9821508,-1.6760108206007216
1710527559.982264,-1.6052615642547607
1710527559.9823775,-1.530309385723538
1710527559.982491,-1.4508039421505399
1710527559.9826045,-1.3677961296505399
1710527559.9827178,-1.2791844209035237
1710527559.9828312,-1.1881208419799805
1710527559.9829447,-1.0949560006459553
1710527559.9830582,-0.9986388683319092
1710527559.9831715,-0.9012710385852389
1710527559.983285,-0.8028524451785617
1710527559.9833984,-0.7023323906792535
1710527559.9835117,-0.6000610854890611
1710527559.9836252,-0.49568838543362087
1710527559.9837387,-0.387813217110104
1710527559.9838521,-0.27643559707535637
1710527559.9839654,-0.15980432430903116
1710527559.984079,-0.04142183396551344
1710527559.9841924,0.08047884537114038
1710527559.9843059,0.20448949601915148
1710527559.984419,0.32709889941745335
1710527559.9845326,0.4497083028157552
1710527559.984646,0.5695152282714844
1710527559.9847596,0.6893221537272135
1710527559.9848728,0.8084283934699165
1710527559.9849863,0.9292862150404189
1710527559.9850998,1.0508447223239474
1710527559.9852133,1.1752057075500488
1710527559.9853265,1.3016684850056965
1710527559.98544,1.4291822910308838
1710527559.9855535,1.5552948580847845
1710527559.985667,1.6786048147413466
1710527559.9857802,1.7977111869388156
1710527559.9858937,1.9119130240546331
1710527559.9860072,2.0212105909983316
1710527559.9861207,2.125603755315145
1710527559.986234,2.2292963663736978
1710527559.9863474,2.330886787838406
1710527559.986461,2.4317770534091525
1710527559.9865744,2.5319663683573403
1710527559.9866877,2.6311047871907554
1710527559.9868011,2.72709051767985
1710527559.9869146,2.8174710273742676
1710527559.9870281,2.902246846093072
1710527559.9871414,2.9803665479024253
1710527559.9872549,3.050429026285807
1710527559.9873683,3.1145360734727645
1710527559.9874818,3.173388640085856
1710527559.987595,3.2297889391581216
1710527559.9877086,3.2830365498860674
1710527559.987822,3.333831893073188
1710527559.9879353,3.3821749687194824
1710527559.9880488,3.4259639845954046
1710527559.9881623,3.465199205610487
1710527559.9882758,3.499179416232639
1710527559.988389,3.526153564453125
1710527559.9885025,3.54647159576416
1710527559.988616,3.561535146501329
1710527559.9887295,3.5716941621568465
1710527559.9888427,3.5790506998697915
1710527559.9889562,3.583604759640164
1710527559.9890697,3.5871079232957626
1710527559.9891832,3.588509029812283
1710527559.9892964,3.587808609008789
1710527559.98941,3.584655655754937
1710527559.9895234,3.5779998037550182
1710527559.989637,3.569241894616021
1710527559.9897501,3.5559299257066512
1710527559.9898636,3.539465268452962
1710527559.9899771,3.5201981332567
1710527559.9900906,3.4988292058308916
1710527559.9902039,3.475708431667752
1710527559.9903173,3.4518872367011175
1710527559.9904308,3.4280660417344833
1710527559.9905443,3.402843475341797
1710527559.9906576,3.3783215946621366
1710527559.990771,3.353449238671197
1710527559.9908845,3.3282269371880426
1710527559.990998,3.3023036850823297
1710527559.9911113,3.2760302225748696
1710527559.9912248,3.2483556535508895
1710527559.9913383,3.2203306092156305
1710527559.9914517,3.1909041934543185
1710527559.991565,3.1625289387173123
1710527559.9916785,3.134503894382053
1710527559.991792,3.10717953575982
1710527559.9919055,3.0819572342766657
1710527559.9920187,3.058486249711778
1710527559.9921322,3.0371170573764377
1710527559.9922457,3.0167990260654025
1710527559.992359,2.996130519443088
1710527559.9924724,2.9761626985337997
1710527559.992586,2.954793506198459
1710527559.9926994,2.9327238930596247
1710527559.9928126,2.911004490322537
1710527559.9929261,2.8896355628967285
1710527559.9930396,2.8703684277004666
1710527559.993153,2.8525023990207248
1710527559.9932663,2.837789323594835
1710527559.9933798,2.8248275650872126
1710527559.9934933,2.812916967603895
1710527559.9936068,2.8017070558336044
1710527559.99372,2.790497144063314
1710527559.9938335,2.7775353855556912
1710527559.993947,2.7628223101298013
1710527559.9940605,2.7477590243021646
1710527559.9941738,2.7326954735649958
1710527559.9942873,2.718332608540853
1710527559.9944007,2.7053711149427624
1710527559.9945142,2.6948616239759655
1710527559.9946275,2.685052818722195
1710527559.994741,2.6773460706075034
1710527559.9948545,2.667887740665012
1710527559.994968,2.657378249698215
1710527559.9950812,2.6447669665018716
1710527559.9951947,2.6293532053629556
1710527559.9953082,2.6128885481092663
1710527559.9954216,2.595022519429525
1710527559.995535,2.5757553842332626
1710527559.9956484,2.558590041266547
1710527559.9957619,2.5410744878980847
1710527559.9958754,2.5246098306443954
1710527559.9959886,2.50744448767768
1710527559.996102,2.488877773284912
1710527559.9962156,2.468559741973877
1710527559.996329,2.4436876508924694
1710527559.9964423,2.4163632922702365
1710527559.9965558,2.3855357699924045
1710527559.9966693,2.3512050840589733
1710527559.9967825,2.316173712412516
1710527559.996896,2.2790405485365124
1710527559.9970095,2.242257859971788
1710527559.997123,2.203373114267985
1710527559.9972363,2.1637878153059216
1710527559.9973497,2.122100591659546
1710527559.9974632,2.077260547214084
1710527559.9975767,2.0285671287112765
1710527559.99769,1.9756699932946098
1710527559.9978034,1.9189193513658311
1710527559.997917,1.8583152029249403
1710527559.9980304,1.7942080232832167
1710527559.9981437,1.7283492618136935
1710527559.9982572,1.6596880224015977
1710527559.9983706,1.5896254115634494
1710527559.9984841,1.5171107980940077
1710527559.9985974,1.4431948131985135
1710527559.9987109,1.3664763503604465
1710527559.9988244,1.2862547238667805
1710527559.9989378,1.202530066172282
1710527559.999051,1.1139010058508978
1710527559.9991646,1.0228196779886882
1710527559.999278,0.9271843565834893
1710527559.9993916,0.8280459377500746
1710527559.9995048,0.725754631890191
1710527559.9996183,0.622062087059021
1710527559.9997318,0.5169683363702562
1710527559.9998453,0.4111739330821567
1710527559.9999585,0.30397829082277084
1710527560.000072,0.1960819959640503
1710527560.0001855,0.0860838426484002
1710527560.000299,-0.026011094450950623
1710527560.0004122,-0.14054089784622192
1710527560.0005257,-0.2571721706125471
1710527560.0006392,-0.3762551479869419
1710527560.0007527,-0.49708935949537486
1710527560.000866,-0.6179235378901163
1710527560.0009794,-0.7391079929139879
1710527560.001093,-0.8571402894126045
1710527560.0012062,-0.9748222430547078
1710527560.0013196,-1.0900525914298163
1710527560.0014331,-1.2028311358557806
1710527560.0015466,-1.315959956910875
1710527560.0016599,-1.4283883571624756
1710527560.0017734,-1.5422175990210638
1710527560.0018868,-1.6567475265926785
1710527560.0020003,-1.7730285061730278
1710527560.0021136,-1.8872080908881292
1710527560.002227,-1.9975349638197157
1710527560.0023406,-2.1061106522878013
1710527560.002454,-2.208732101652357
1710527560.0025673,-2.3068004184299045
1710527560.0026808,-2.3992649714152017
1710527560.0027943,-2.488226890563965
1710527560.0029078,-2.575437757703993
1710527560.003021,-2.660196622212728
1710527560.0031345,-2.7435549100240073
1710527560.003248,-2.8265627225240073
1710527560.0033615,-2.905017269982232
1710527560.0034747,-2.9796192381117077
1710527560.0035882,-3.0482670995924206
1710527560.0037017,-3.1113110648261175
1710527560.0038152,-3.1669998168945312
1710527560.0039284,-3.2163842519124346
1710527560.004042,-3.2615658971998425
1710527560.0041554,-3.301843802134196
1710527560.004269,-3.3396702342563205
1710527560.0043821,-3.374344242943658
1710527560.0044956,-3.4076176749335394
1710527560.004609,-3.438789314693875
1710527560.0047226,-3.464707268608941
1710527560.0048358,-3.486072222391764
1710527560.0049493,-3.5035843319363065
1710527560.0050628,-3.5161932309468584
1710527560.0051763,-3.5214469167921276
1710527560.0052896,-3.5235484441121416
1710527560.005403,-3.5221473375956216
1710527560.0055165,-3.5179445478651257
1710527560.0056298,-3.5119901763068304
1710527560.0057433,-3.5053356488545733
1710527560.0058568,-3.4955286979675293
1710527560.0059702,-3.4857220119900174
1710527560.0060835,-3.473813798692491
1710527560.006197,-3.459453582763672
1710527560.0063105,-3.4433423148261175
1710527560.006424,-3.4244293636745877
1710527560.0065372,-3.403764830695258
1710527560.0066507,-3.379948139190674
1710527560.0067642,-3.355781502193875
1710527560.0068777,-3.3302134937710233
1710527560.006991,-3.3053461710611978
1710527560.0071044,-3.280829323662652
1710527560.007218,-3.2570126321580672
1710527560.0073314,-3.23354615105523
1710527560.0074446,-3.2114807764689126
1710527560.007558,-3.1901160875956216
1710527560.0076716,-3.1662993960910373
1710527560.007785,-3.143183390299479
1710527560.0078983,-3.118316067589654
1710527560.0080118,-3.0934487448798285
1710527560.0081253,-3.06753052605523
1710527560.0082388,-3.0419627825419107
1710527560.008352,-3.0170954598320856
1710527560.0084655,-2.995030085245768
1710527560.008579,-2.9747157626681857
1710527560.0086925,-2.95650323232015
1710527560.0088058,-2.9400417539808483
1710527560.0089192,-2.9239304860432944
1710527560.0090327,-2.907118797302246
1710527560.0091462,-2.8903071085611978
1710527560.0092595,-2.8713938925001354
1710527560.009373,-2.8521304660373263
1710527560.0094864,-2.833917670779758
1710527560.0096,-2.815705140431722
1710527560.0097132,-2.8002942932976618
1710527560.0098267,-2.7869849734836154
1710527560.0099401,-2.7768280771043563
1710527560.0100534,-2.7677215470208063
1710527560.010167,-2.760366598765055
1710527560.0102804,-2.750559647878011
1710527560.0103939,-2.741453382703993
1710527560.010507,-2.728844483693441
1710527560.0106206,-2.715885639190674
1710527560.010734,-2.7018756336636014
1710527560.0108476,-2.6882161034478083
1710527560.0109608,-2.675957679748535
1710527560.0110743,-2.6654503080579968
1710527560.0111878,-2.657744884490967
1710527560.0113013,-2.6489888297186956
1710527560.0114145,-2.641633881462945
1710527560.011528,-2.631476720174154
1710527560.0116415,-2.6188678211636014
1710527560.011755,-2.6031070285373263
1710527560.0118682,-2.584544022878011
1710527560.0119817,-2.5638794898986816
1710527560.0120952,-2.5428650114271374
1710527560.0122087,-2.5215000576443143
1710527560.012322,-2.5001351038614907
1710527560.0124354,-2.479821046193441
1710527560.012549,-2.4602074093288846
1710527560.0126624,-2.4377918243408203
1710527560.0127757,-2.413274712032742
1710527560.0128891,-2.3856054411994085
1710527560.0130026,-2.355134222242567
1710527560.0131161,-2.320109738243951
1710527560.0132294,-2.282633516523573
1710527560.0133429,-2.242005401187473
1710527560.0134563,-2.1999760468800864
1710527560.0135698,-2.1561955081091986
1710527560.013683,-2.112064758936564
1710527560.0137966,-2.0658324824439154
1710527560.01391,-2.017498811086019
1710527560.0140235,-1.9667134020063612
1710527560.0141368,-1.9124256239997015
1710527560.0142503,-1.8535845809512668
1710527560.0143638,-1.790540748172336
1710527560.014477,-1.7225933074951172
1710527560.0145905,-1.6514938407474093
1710527560.014704,-1.5775922934214273
1710527560.0148175,-1.4991376135084364
1710527560.0149307,-1.4199825127919514
1710527560.0150442,-1.3380253314971924
1710527560.0151577,-1.2550175189971924
1710527560.0152712,-1.1692077583736844
1710527560.0153844,-1.0816466808319092
1710527560.015498,-0.991283721394009
1710527560.0156114,-0.8949665890799628
1710527560.015725,-0.7961977852715386
1710527560.0158381,-0.6925255722469753
1710527560.0159516,-0.583599673377143
1710527560.0160651,-0.4729225238164266
1710527560.0161786,-0.3580424520704481
1710527560.0162919,-0.2417614393764072
1710527560.0164053,-0.1254804101255205
1710527560.0165188,-0.009199378805028068
1710527560.0166323,0.1078032288286421
1710527560.0167456,0.22480762667126125
1710527560.016859,0.34251266055636936
1710527560.0169725,0.4640711347262064
1710527560.017086,0.587381190723843
1710527560.0171993,0.7138440344068739
1710527560.0173128,0.8427590131759644
1710527560.0174263,0.972374677658081
1710527560.0175397,1.1005891031689115
1710527560.017653,1.2270519468519423
1710527560.0177665,1.3503620359632704
1710527560.01788,1.4691179328494601
1710527560.0179935,1.5847211413913302
1710527560.0181067,1.6982224252488878
1710527560.0182202,1.8099721272786458
1710527560.0183337,1.922772725423177
1710527560.0184472,2.0362740092807345
1710527560.0185604,2.149074739880032
1710527560.018674,2.261174784766303
1710527560.0187874,2.370472219255235
1710527560.0189006,2.4748653835720487
1710527560.0190141,2.572252220577664
1710527560.0191276,2.6640341016981335
1710527560.019241,2.749860816531711
1710527560.0193543,2.829732100168864
1710527560.0194678,2.906100220150418
1710527560.0195813,2.9803665479024253
1710527560.0196948,3.0532315042283797
1710527560.019808,3.123644193013509
1710527560.0199215,3.1909041934543185
1710527560.020035,3.2550115055508084
1710527560.0201485,3.3124627007378473
1710527560.0202618,3.3643089400397406
1710527560.0203753,3.407747745513916
1710527560.0204887,3.4438300132751465
1710527560.0206022,3.4750077459547253
1710527560.0207155,3.500930998060438
1710527560.020829,3.5233510865105524
1710527560.0209424,3.542968432108561
1710527560.021056,3.5604839854770236
1710527560.0211692,3.5751973258124456
1710527560.0212827,3.5867574479844833
1710527560.0213962,3.5948146714104547
1710527560.0215096,3.5979676246643066
1710527560.021623,3.596216042836507
1710527560.0217364,3.5902606116400824
1710527560.0218499,3.5804518063863116
1710527560.0219634,3.5660892062717013
1710527560.0220766,3.5506754451327853
1710527560.02219,3.5342105229695635
1710527560.0223036,3.515644073486328
1710527560.022417,3.4970776240030923
1710527560.0225303,3.477810223897298
1710527560.0226438,3.4567915068732367
1710527560.0227573,3.435072104136149
1710527560.0228708,3.412301805284288
1710527560.022984,3.3877799246046276
1710527560.0230975,3.361506462097168
1710527560.023211,3.3341821034749346
1710527560.0233243,3.304755952623155
1710527560.0234377,3.2753295368618436
1710527560.0235512,3.24660407172309
1710527560.0236647,3.2178783416748047
1710527560.023778,3.1895030869377985
1710527560.0238914,3.1632296244303384
1710527560.024005,3.138707743750678
1710527560.0241184,3.114886548784044
1710527560.0242317,3.09246646033393
1710527560.0243452,3.0686452653672958
1710527560.0244586,3.0451742808024087
1710527560.0245721,3.0206524001227484
1710527560.0246854,2.996480729844835
1710527560.0247989,2.9719588491651745
1710527560.0249124,2.9481376541985407
1710527560.0250258,2.9260680410597057
1710527560.025139,2.907501326666938
1710527560.0252526,2.8903362486097546
1710527560.025366,2.8749224874708386
1710527560.0254796,2.8602091471354165
1710527560.0255928,2.8468974431355796
1710527560.0257063,2.8325345781114364
1710527560.0258198,2.8171208169725204
1710527560.0259333,2.8003056844075522
1710527560.0260465,2.783841027153863
1710527560.02616,2.7680770556131997
1710527560.0262735,2.75336398018731
1710527560.026387,2.740752696990967
1710527560.0265002,2.73024320602417
1710527560.0266137,2.7218357721964517
1710527560.0267272,2.7141287591722274
1710527560.0268407,2.7053711149427624
1710527560.026954,2.695212099287245
1710527560.0270674,2.6836517122056747
1710527560.027181,2.670339743296305
1710527560.0272944,2.654925982157389
1710527560.0274076,2.6398626963297525
1710527560.0275211,2.6244489351908364
1710527560.0276346,2.610436280568441
1710527560.0277479,2.5978249973720975
1710527560.0278614,2.58591439988878
1710527560.0279748,2.573303116692437
1710527560.0280883,2.5599914126925998
1710527560.0282016,2.5435267554389105
1710527560.028315,2.524259355333116
1710527560.0284286,2.5014890564812555
1710527560.028542,2.4773176511128745
1710527560.0286553,2.449642817179362
1710527560.0287688,2.4212675624423556
1710527560.0288823,2.3935929934183755
1710527560.0289958,2.3645170529683432
1710527560.029109,2.335440847608778
1710527560.0292225,2.3049638006422253
1710527560.029336,2.272034486134847
1710527560.0294495,2.2349013222588434
1710527560.0295627,2.195315890842014
1710527560.0296762,2.1515268749660916
1710527560.0297897,2.103534009721544
1710527560.0299032,2.0520381132761636
1710527560.0300164,1.999491188261244
1710527560.03013,1.9437914424472384
1710527560.0302434,1.8866905901167128
1710527560.030357,1.8281883663601346
1710527560.0304701,1.7679345607757568
1710527560.0305836,1.7059293058183458
1710527560.030697,1.6400705443488226
1710527560.0308106,1.5707086192237005
1710527560.0309238,1.4978435304429796
1710527560.0310373,1.4193736182318792
1710527560.0311508,1.3384513060251872
1710527560.0312643,1.2540259626176622
1710527560.0313776,1.1660975880093045
1710527560.031491,1.0764175653457642
1710527560.0316045,0.9842853413687812
1710527560.031718,0.8911021550496419
1710527560.0318313,0.7958171765009562
1710527560.0319448,0.6991308927536011
1710527560.0320582,0.5996421310636733
1710527560.0321715,0.4984017544322544
1710527560.032285,0.39330797062979805
1710527560.0323985,0.28436077965630424
1710527560.032512,0.1722607347700331
1710527560.0326252,0.057708525823222265
1710527560.0327387,-0.05998476925823423
1710527560.0328522,-0.1780170202255249
1710527560.0329657,-0.29534879657957286
1710527560.033079,-0.4123302963044908
1710527560.0331924,-0.5282610985967848
1710527560.033306,-0.6431411372290717
1710527560.0334194,-0.7587216960059272
1710527560.0335326,-0.8750026755862765
1710527560.033646,-0.9926846954557631
1710527560.0337596,-1.1124682426452637
1710527560.033873,-1.233652565214369
1710527560.0339863,-1.3555375734965007
1710527560.0340998,-1.4767220285203722
1710527560.0342133,-1.5951045354207356
1710527560.0343268,-1.710334751341078
1710527560.03444,-1.8213621775309243
1710527560.0345535,-1.9278363386789956
1710527560.034667,-2.030457920498318
1710527560.0347805,-2.1313281853993735
1710527560.0348938,-2.230797608693441
1710527560.0350072,-2.3295662138197155
1710527560.0351207,-2.427984873453776
1710527560.0352342,-2.524652216169569
1710527560.0353475,-2.6174669795566134
1710527560.035461,-2.7067791091071234
1710527560.0355744,-2.7890865008036294
1710527560.035688,-2.8664904170566134
1710527560.0358012,-2.9365393850538464
1710527560.0359147,-3.001334402296278
1710527560.0360281,-3.0612262090047198
1710527560.0361416,-3.1176153818766275
1710527560.036255,-3.1719032923380532
1710527560.0363684,-3.2244398858812118
1710527560.0364819,-3.2745247417026095
1710527560.036595,-3.321107228597005
1710527560.0367086,-3.3631364504496255
1710527560.036822,-3.400262461768256
1710527560.0369356,-3.4303834703233504
1710527560.0370488,-3.4556010034349227
1710527560.0371623,-3.475915061102973
1710527560.0372758,-3.490975697835286
1710527560.0373893,-3.5035843319363065
1710527560.0375025,-3.5119901763068304
1710527560.037616,-3.5193453894721136
1710527560.0377295,-3.5249492857191296
1710527560.037843,-3.5281014442443848
1710527560.0379562,-3.5284516546461315
1710527560.0380697,-3.5256497065226235
1710527560.0381832,-3.5196955998738604
1710527560.0382967,-3.5102391242980957
1710527560.03841,-3.4969298044840493
1710527560.0385234,-3.480118115743001
1710527560.038637,-3.461204899681939
1710527560.0387504,-3.441591262817383
1710527560.0388637,-3.4202263090345593
1710527560.0389771,-3.398160934448242
1710527560.0390906,-3.376445770263672
1710527560.0392041,-3.3550808164808483
1710527560.0393174,-3.332665231492784
1710527560.0394309,-3.3109500673082137
1710527560.0395443,-3.2881842719184027
1710527560.0396578,-3.2643678453233504
1710527560.039771,-3.239150047302246
1710527560.0398846,-3.2135823037889266
1710527560.039998,-3.1869636641608343
1710527560.0401115,-3.160345289442274
1710527560.0402248,-3.135127756330702
1710527560.0403383,-3.1106106440226235
1710527560.0404518,-3.08784458372328
1710527560.0405653,-3.06753052605523
1710527560.0406785,-3.0482670995924206
1710527560.040792,-3.0300545692443848
1710527560.0409055,-3.011491563585069
1710527560.0410187,-2.99222813712226
1710527560.0411322,-2.9715636041429305
1710527560.0412457,-2.9505491256713867
1710527560.0413592,-2.9288339614868164
1710527560.0414724,-2.90781921810574
1710527560.041586,-2.887855370839437
1710527560.0416994,-2.8706934716966415
1710527560.041813,-2.855983045366075
1710527560.0419261,-2.843374411265055
1710527560.0420396,-2.83251682917277
1710527560.0421531,-2.820958826276991
1710527560.0422666,-2.8090503480699325
1710527560.0423799,-2.7964417139689126
1710527560.0424933,-2.781731287638346
1710527560.0426068,-2.7663207054138184
1710527560.0427203,-2.750909858279758
1710527560.0428336,-2.7369001176622176
1710527560.042947,-2.7249919043646917
1710527560.0430605,-2.714484532674154
1710527560.043174,-2.7064288987053766
1710527560.0432873,-2.6994241608513727
1710527560.0434008,-2.690667841169569
1710527560.0435143,-2.6805109447903104
1710527560.0436277,-2.6689529418945312
1710527560.043741,-2.654242515563965
1710527560.0438545,-2.6377810372246637
1710527560.043968,-2.6202689276801214
1710527560.0440814,-2.6031070285373263
1710527560.0441947,-2.585594654083252
1710527560.0443082,-2.570184071858724
1710527560.0444217,-2.5558238559299045
1710527560.0445352,-2.5407634841071234
1710527560.0446484,-2.5250024265713162
1710527560.044762,-2.50678989622328
1710527560.0448754,-2.4843743112352157
1710527560.0449889,-2.4595069885253906
1710527560.0451021,-2.431137031979031
1710527560.0452156,-2.399615181816949
1710527560.045329,-2.3677428563435874
1710527560.0454423,-2.335520585378011
1710527560.0455558,-2.3004961013793945
1710527560.0456693,-2.2668727238972983
1710527560.0457828,-2.230797608693441
1710527560.045896,-2.192620833714803
1710527560.0460095,-2.1516423755221896
1710527560.046123,-2.107161283493042
1710527560.0462365,-2.0574266380733914
1710527560.0463498,-2.004890044530233
1710527560.0464633,-1.947449975543552
1710527560.0465767,-1.8868577480316162
1710527560.0466902,-1.8224129411909316
1710527560.0468035,-1.7583182122972276
1710527560.046917,-1.6910713248782687
1710527560.0470304,-1.6220732529958088
1710527560.047144,-1.551674207051595
1710527560.0472572,-1.4767220285203722
1710527560.0473707,-1.401069296730889
1710527560.0474842,-1.31981266869439
1710527560.0475976,-1.235053671730889
1710527560.047711,-1.1453910668690999
1710527560.0478244,-1.0525764359368217
1710527560.0479379,-0.9552086061901516
1710527560.0480514,-0.8543383412890964
1710527560.0481646,-0.7531177997589111
1710527560.048278,-0.6487450334760878
1710527560.0483916,-0.5436718132760789
1710527560.048505,-0.43789810604519314
1710527560.0486183,-0.3307234247525533
1710527560.0487318,-0.22074679533640543
1710527560.0488453,-0.10901894006464216
1710527560.0489588,0.006212575050691763
1710527560.049072,0.1260194761885537
1710527560.0491855,0.24897919760810003
1710527560.049299,0.37474142180548775
1710527560.0494125,0.5015545752313402
1710527560.0495257,0.6280174520280626
1710527560.0496392,0.753078990512424
1710527560.0497527,0.8767393562528822
1710527560.049866,0.9972469011942545
1710527560.0499794,1.1167034837934706
1710527560.050093,1.236860752105713
1710527560.0502064,1.357017887963189
1710527560.0503197,1.4785763952467177
1710527560.0504332,1.6018863519032795
1710527560.0505466,1.726597679985894
1710527560.0506601,1.8492070833841958
1710527560.0507734,1.9697146945529513
1710527560.0508869,2.085668113496568
1710527560.0510004,2.194965680440267
1710527560.0511138,2.299008369445801
1710527560.051227,2.398847473992242
1710527560.0513406,2.493431833055284
1710527560.051454,2.5862648752000594
1710527560.0515676,2.6773460706075034
1710527560.0516808,2.7673763699001737
1710527560.0517943,2.856005562676324
1710527560.0519078,2.9404309060838485
1710527560.0520213,3.0224039819505477
1710527560.0521345,3.096319834391276
1710527560.052248,3.1632296244303384
1710527560.0523615,3.22348329755995
1710527560.052475,3.275680012173123
1710527560.0525882,3.323322402106391
1710527560.0527017,3.366410997178819
1710527560.0528152,3.4070470598008895
1710527560.0529287,3.4445306989881725
1710527560.053042,3.4802624914381237
1710527560.0531554,3.5124913851420083
1710527560.053269,3.5401659541659884
1710527560.0533824,3.5629362530178494
1710527560.0534956,3.580802281697591
1710527560.0536091,3.592362668779161
1710527560.0537226,3.59726693895128
1710527560.053836,3.5993687311808267
1710527560.0539494,3.596216042836507
1710527560.0540628,3.5913115077548556
1710527560.0541763,3.58570655186971
1710527560.0542896,3.576948907640245
1710527560.054403,3.5671401023864746
1710527560.0545166,3.5552295049031573
1710527560.05463,3.541567325592041
1710527560.0547433,3.5254528787400985
1710527560.0548568,3.506535953945584
1710527560.0549703,3.484816551208496
1710527560.0550838,3.460995356241862
1710527560.055197,3.4354225794474282
1710527560.0553105,3.408448431226942
1710527560.055424,3.3804233868916826
1710527560.0555375,3.353449238671197
1710527560.0556507,3.325774669647217
1710527560.0557642,3.2984503110249834
1710527560.0558777,3.27287753423055
1710527560.0559912,3.2473047574361162
1710527560.0561044,3.2217317157321506
1710527560.056218,3.1958087285359698
1710527560.0563314,3.16953526602851
1710527560.056445,3.142210907406277
1710527560.0565581,3.1141858630710177
1710527560.0566716,3.086861504448785
1710527560.056785,3.0595371458265515
1710527560.0568986,3.033263683319092
1710527560.0570118,3.0087418026394315
1710527560.0571253,2.9863217141893172
1710527560.0572388,2.966003682878282
1710527560.0573523,2.9477874437967935
1710527560.0574656,2.929571204715305
1710527560.057579,2.9127560721503363
1710527560.0576925,2.893839147355821
1710527560.057806,2.8752726978725858
1710527560.0579193,2.856005562676324
1710527560.0580328,2.8367381625705295
1710527560.0581462,2.81887239880032
1710527560.0582597,2.8027579519483776
1710527560.058373,2.7890957726372614
1710527560.0584865,2.7768349647521973
1710527560.0586,2.7670261594984265
1710527560.0587132,2.756867143842909
1710527560.0588267,2.746707863277859
1710527560.0589402,2.734797265794542
1710527560.0590537,2.722185982598199
1710527560.059167,2.7064220110575357
1710527560.0592804,2.690658039516873
1710527560.059394,2.675244278377957
1710527560.0595074,2.661231623755561
1710527560.0596206,2.6489708158704968
1710527560.059734,2.6384613249037
1710527560.0598476,2.6283023092481823
1710527560.059961,2.6181432935926647
1710527560.0600743,2.607633802625868
1710527560.0601878,2.5929207271999783
1710527560.0603013,2.576806280348036
1710527560.0604148,2.558590041266547
1710527560.060528,2.537571324242486
1710527560.0606415,2.5158519215053983
1710527560.060755,2.4948332044813366
1710527560.0608685,2.473113801744249
1710527560.0609818,2.4524452951219344
1710527560.0610952,2.4310763676961265
1710527560.0612087,2.4083060688442655
1710527560.0613222,2.3830835024515786
1710527560.0614355,2.3554086685180664
1710527560.061549,2.3231800397237143
1710527560.0616624,2.287097771962484
1710527560.061776,2.2485635015699597
1710527560.0618892,2.2075768311818442
1710527560.0620027,2.165189054277208
1710527560.0621161,2.1214000384012857
1710527560.0622296,2.077260547214084
1710527560.062343,2.031369606653849
1710527560.0624564,1.9826761881510415
1710527560.0625699,1.9318808449639213
1710527560.0626833,1.8772321277194552
1710527560.0627966,1.818729903962877
1710527560.06291,1.757425202263726
1710527560.0630236,1.6898148589664035
1710527560.0631368,1.6201027234395344
1710527560.0632503,1.5465370814005532
1710527560.0633638,1.4698186185624864
1710527560.0634773,1.39134857389662
1710527560.0635905,1.311126947402954
1710527560.063704,1.2288035286797416
1710527560.0638175,1.1440278424157035
1710527560.063931,1.0571503639221191
1710527560.0640442,0.9671199984020656
1710527560.0641577,0.8732362588246663
1710527560.0642712,0.7754990127351549
1710527560.0643847,0.6746090120739406
1710527560.064498,0.5709164672427707
1710527560.0646114,0.4630202054977417
1710527560.064725,0.3540729814105564
1710527560.0648384,0.2437245017952389
1710527560.0649517,0.13337604701519012
1710527560.0650651,0.021626328428586323
1710527560.0651786,-0.09045600063270992
1710527560.0652921,-0.2018336123890347
1710527560.0654054,-0.31671368413501316
1710527560.0655189,-0.43159372276730007
1710527560.0656323,-0.548925499121348
1710527560.0657458,-0.670109921031528
1710527560.065859,-0.7930456267462836
1710527560.0659726,-0.914930502573649
1710527560.066086,-1.0378662082884047
1710527560.0661995,-1.1587003866831462
1710527560.0663128,-1.2781336572435167
1710527560.0664263,-1.3916126887003581
1710527560.0665398,-1.5050917201571994
1710527560.0666533,-1.615768935945299
1710527560.0667665,-1.7264460192786322
1710527560.06688,-1.8350217077467177
1710527560.0669935,-1.945348580678304
1710527560.067107,-2.0556754536098905
1710527560.0672202,-2.16565211613973
1710527560.0673337,-2.2724766201443143
1710527560.0674472,-2.3740474383036294
1710527560.0675604,-2.4707147810194225
1710527560.067674,-2.5607273313734265
1710527560.0677874,-2.647237777709961
1710527560.067901,-2.7267429563734265
1710527560.0680141,-2.802395820617676
1710527560.0681276,-2.8752464718288846
1710527560.0682411,-2.9466962814331055
1710527560.0683546,-3.0160445637173123
1710527560.0684679,-3.08294137318929
1710527560.0685813,-3.144584231906467
1710527560.0686948,-3.201323880089654
1710527560.0688083,-3.2517589463127985
1710527560.0689216,-3.29623990588718
1710527560.069035,-3.3337161276075573
1710527560.0691485,-3.366288873884413
1710527560.069262,-3.3939581447177463
1710527560.0693753,-3.4177745713127985
1710527560.0694888,-3.441591262817383
1710527560.0696023,-3.461555110083686
1710527560.0697157,-3.480118115743001
1710527560.069829,-3.4955286979675293
1710527560.0699425,-3.5074371761745877
1710527560.070056,-3.5158430205451117
1710527560.0701694,-3.518995179070367
1710527560.0702827,-3.5179445478651257
1710527560.0703962,-3.5126908620198565
1710527560.0705097,-3.5046352280510797
1710527560.0706232,-3.4934274355570474
1710527560.0707364,-3.481168746948242
1710527560.07085,-3.466808795928955
1710527560.0709634,-3.4520986345079208
1710527560.0710769,-3.4373882081773544
1710527560.07119,-3.4209267298380532
1710527560.0713036,-3.4034146202935114
1710527560.071417,-3.384851614634196
1710527560.0715306,-3.3648877673678927
1710527560.0716438,-3.3424721823798285
1710527560.0717573,-3.319005701276991
1710527560.0718708,-3.2937881681654186
1710527560.071984,-3.2685706350538464
1710527560.0720975,-3.244053522745768
1710527560.072211,-3.218485779232449
1710527560.0723245,-3.1950192981296115
1710527560.0724378,-3.1722535027398004
1710527560.0725513,-3.150888548956977
1710527560.0726647,-3.130924701690674
1710527560.0727782,-3.1099099583095975
1710527560.0728915,-3.0892456902398004
1710527560.073005,-3.066830105251736
1710527560.0731184,-3.0440643098619247
1710527560.073232,-3.0198974079555936
1710527560.0733452,-2.996430926852756
1710527560.0734587,-2.9740153418646917
1710527560.0735722,-2.9526503880818686
1710527560.0736856,-2.9340876473320856
1710527560.073799,-2.918326589796278
1710527560.0739124,-2.904316849178738
1710527560.0740259,-2.890657318962945
1710527560.0741394,-2.876997788747152
1710527560.0742526,-2.8629880481296115
1710527560.074366,-2.847577200995551
1710527560.0744796,-2.830415301852756
1710527560.074593,-2.813953823513455
1710527560.0747063,-2.7981927659776473
1710527560.0748198,-2.7827821837531195
1710527560.0749333,-2.7705234951443143
1710527560.0750468,-2.761067019568549
1710527560.07516,-2.753361596001519
1710527560.0752735,-2.746006382836236
1710527560.075387,-2.7376005384657116
1710527560.0755005,-2.7277938524881997
1710527560.0756137,-2.7162358495924206
1710527560.0757272,-2.7018756336636014
1710527560.0758407,-2.6875156826443143
1710527560.0759542,-2.6717548900180392
1710527560.0760674,-2.6573946740892196
1710527560.076181,-2.644435829586453
1710527560.0762944,-2.6325273513793945
1710527560.0764077,-2.6223704550001354
1710527560.0765212,-2.6118630833095975
1710527560.0766346,-2.5989039738972983
1710527560.0767481,-2.584193812476264
1710527560.0768614,-2.5659810172186956
1710527560.0769749,-2.544966538747152
1710527560.0770884,-2.5215000576443143
1710527560.0772018,-2.495932314130995
1710527560.077315,-2.4700140953063965
1710527560.0774286,-2.4437459309895835
1710527560.077542,-2.417477501763238
1710527560.0776556,-2.3912093374464245
1710527560.0777688,-2.3635400666130915
1710527560.0778823,-2.3341194788614907
1710527560.0779958,-2.3008463117811413
1710527560.0781093,-2.26407077577379
1710527560.0782225,-2.2241428163316512
1710527560.078336,-2.180362277560764
1710527560.0784495,-2.1327291594611273
1710527560.078563,-2.0836949348449707
1710527560.0786762,-2.032209104961819
1710527560.0787897,-1.9796725114186604
1710527560.0789032,-1.9257349438137479
1710527560.0790167,-1.8696958488888211
1710527560.07913,-1.8112051486968994
1710527560.0792434,-1.7499123679267035
1710527560.079357,-1.6840664545694985
1710527560.0794704,-1.614367961883545
1710527560.0795836,-1.5408166249593098
1710527560.0796971,-1.462011734644572
1710527560.0798106,-1.379003922144572
1710527560.079924,-1.2928438186645508
1710527560.0800374,-1.2042321099175346
1710527560.0801508,-1.1138692167070177
1710527560.0802643,-1.0207042429182265
1710527560.0803778,-0.9261383612950642
1710527560.080491,-0.829470952351888
1710527560.0806046,-0.7303519381417168
1710527560.080718,-0.6291313966115316
1710527560.0808313,-0.5223069257206386
1710527560.0809448,-0.4123302963044908
1710527560.0810583,-0.2985009882185194
1710527560.0811718,-0.18011848131815592
1710527560.081285,-0.05893403457270728
1710527560.0813985,0.06191227585077286
1710527560.081512,0.18417136536704168
1710527560.0816255,0.3053795297940572
1710527560.0817387,0.4255367318789164
1710527560.0818522,0.5449933475918239
1710527560.0819657,0.66444993019104
1710527560.0820792,0.7853077517615424
1710527560.0821924,0.9075668785307143
1710527560.082306,1.033329102728102
1710527560.0824194,1.1601422892676458
1710527560.082533,1.28800630569458
1710527560.0826461,1.414819558461507
1710527560.0827596,1.5395307540893555
1710527560.082873,1.6600383652581108
1710527560.0829866,1.7756414413452148
1710527560.0830998,1.8877414862314859
1710527560.0832133,1.995287471347385
1710527560.0833268,2.1017824278937445
1710527560.0834403,2.2075768311818442
1710527560.0835536,2.3130210240681968
1710527560.083667,2.418465084499783
1710527560.0837805,2.5225077735053167
1710527560.083894,2.6244489351908364
1710527560.0840073,2.720434400770399
1710527560.0841208,2.811165385776096
1710527560.0842342,2.8945398330688477
1710527560.0843477,2.9705577426486545
1710527560.084461,3.0409704314337835
1710527560.0845745,3.1061286396450467
1710527560.084688,3.1674334737989636
1710527560.0848014,3.227687146928575
1710527560.0849147,3.2840874460008407
1710527560.0850282,3.338736163245307
1710527560.0851417,3.388830820719401
1710527560.085255,3.433670997619629
1710527560.0853684,3.471855057610406
1710527560.085482,3.504784372117784
1710527560.0855954,3.5296564631991916
1710527560.0857086,3.548923863304986
1710527560.085822,3.5636369387308755
1710527560.0859356,3.5748468505011664
1710527560.086049,3.5832542843288846
1710527560.0861623,3.5888595051235623
1710527560.0862758,3.5934135648939343
1710527560.0863893,3.5958655675252276
1710527560.0865028,3.595165146721734
1710527560.086616,3.5913115077548556
1710527560.0867295,3.5825538635253906
1710527560.086843,3.5713436868455672
1710527560.0869565,3.5555797153049045
1710527560.0870697,3.5377136866251626
1710527560.0871832,3.5177458657158747
1710527560.0872967,3.496727148691813
1710527560.0874102,3.4746575355529785
1710527560.0875235,3.4525879224141436
1710527560.087637,3.4294671482510037
1710527560.0877504,3.4059961636861162
1710527560.087864,3.3828756544325085
1710527560.0879772,3.3590544594658747
1710527560.0880907,3.334882789187961
1710527560.0882041,3.308609326680501
1710527560.0883176,3.2816351784600153
1710527560.088431,3.254661295149061
1710527560.0885444,3.225585354699029
1710527560.0886579,3.1972098350524902
1710527560.0887713,3.16953526602851
1710527560.0888846,3.1432618035210504
1710527560.088998,3.1173385514153376
1710527560.0891116,3.0935173564487033
1710527560.089225,3.071447743309869
1710527560.0893383,3.050078550974528
1710527560.0894518,3.0287096235487194
1710527560.0895653,3.007690906524658
1710527560.0896785,2.985621028476291
1710527560.089792,2.9632012049357095
1710527560.0899055,2.9393800099690757
1710527560.090019,2.9169599215189614
1710527560.0901322,2.8969921006096735
1710527560.0902457,2.878425386216905
1710527560.0903592,2.861610518561469
1710527560.0904727,2.8479483392503524
1710527560.090586,2.834986845652262
1710527560.0906994,2.8216748767428927
1710527560.090813,2.808012697431776
1710527560.0909264,2.79435051812066
1710527560.0910397,2.7778858608669705
1710527560.0911531,2.761771414015028
1710527560.0912666,2.746357652876112
1710527560.0913801,2.730593681335449
1710527560.0914934,2.717982398139106
1710527560.0916069,2.7064220110575357
1710527560.0917203,2.6969636811150446
1710527560.0918338,2.688205771976047
1710527560.091947,2.6783969667222762
1710527560.0920606,2.6682379510667587
1710527560.092174,2.6552764574686685
1710527560.0922875,2.6405631171332464
1710527560.0924008,2.623398039076063
1710527560.0925143,2.6051817999945746
1710527560.0926278,2.5866150856018066
1710527560.0927413,2.5698002179463706
1710527560.0928545,2.552985085381402
1710527560.092968,2.5365204281277127
1710527560.0930815,2.5207564565870495
1710527560.093195,2.502539952596029
1710527560.0933082,2.4832728173997665
1710527560.0934217,2.461203204260932
1710527560.0935352,2.434579531351725
1710527560.0936487,2.4058538013034396
1710527560.093762,2.374676068623861
1710527560.0938754,2.341396278805203
1710527560.093989,2.3077662785847983
1710527560.0941021,2.2741362783643932
1710527560.0942156,2.238404485914442
1710527560.094329,2.202672561009725
1710527560.0944426,2.164488368564182
1710527560.0945559,2.122801277372572
1710527560.0946693,2.0783115757836237
1710527560.0947828,2.02961802482605
1710527560.0948963,1.97637054655287
1710527560.0950096,1.9203205903371174
1710527560.095123,1.8597164418962266
1710527560.0952365,1.7984117401970756
1710527560.09535,1.7346549034118652
1710527560.0954633,1.6691464847988553
1710527560.0955768,1.6029373804728189
1710527560.0956903,1.5332251124911838
1710527560.0958037,1.461060709423489
1710527560.095917,1.3857434855567083
1710527560.0960305,1.3072735733456082
1710527560.096144,1.2238991260528564
1710527560.0962574,1.1356204085879855
1710527560.0963707,1.0452397002114189
1710527560.0964842,0.9503049982918633
1710527560.0965977,0.852567818429735
1710527560.0967112,0.752728713883294
1710527560.0968244,0.6511380275090536
1710527560.096938,0.5488467878765529
1710527560.0970514,0.44445362355973983
1710527560.0971649,0.33900953001446194
1710527560.097278,0.23076294196976554
1710527560.0973916,0.11971385114722781
1710527560.097505,0.005161637026402685
1710527560.0976186,-0.1121711317035887
1710527560.0977318,-0.23265509141816032
1710527560.0978453,-0.3538395298851861
1710527560.0979588,-0.4757244719399346
1710527560.0980723,-0.5983099010255601
1710527560.0981855,-0.7187938690185547
1710527560.098299,-0.8364758888880411
1710527560.0984125,-0.9534573554992676
1710527560.0985258,-1.069738401307
1710527560.0986392,-1.1846184730529785
1710527560.0987527,-1.300199031829834
1710527560.0988662,-1.4175307750701904
1710527560.0989795,-1.535563071568807
1710527560.099093,-1.6532450252109103
1710527560.0992064,-1.7695260047912598
1710527560.09932,-1.8844061427646213
1710527560.0994332,-1.9940324624379475
1710527560.0995467,-2.099105781979031
1710527560.0996602,-2.199275493621826
1710527560.0997736,-2.2948922051323786
1710527560.099887,-2.3873564932081432
1710527560.1000004,-2.4773693084716797
1710527560.1001139,-2.5652805964152017
1710527560.1002274,-2.65249146355523
1710527560.1003406,-2.739351855383979
1710527560.100454,-2.821659247080485
1710527560.1005676,-2.8994133737352157
1710527560.100681,-2.972614500257704
1710527560.1007943,-3.038810624016656
1710527560.1009078,-3.0983519554138184
1710527560.1010213,-3.15193944507175
1710527560.1011348,-3.1999227735731335
1710527560.101248,-3.2444037331475153
1710527560.1013615,-3.2867834303114147
1710527560.101475,-3.3260107040405273
1710527560.1015885,-3.363837136162652
1710527560.1017017,-3.398160934448242
1710527560.1018152,-3.4289823638068304
1710527560.1019287,-3.455250793033176
1710527560.1020422,-3.4755648507012262
1710527560.1021554,-3.490975697835286
1710527560.102269,-3.5021834903293185
1710527560.1023824,-3.5063862800598145
1710527560.102496,-3.5081375969780817
1710527560.1026092,-3.5084878073798285
1710527560.1027226,-3.5056858592563205
1710527560.1028361,-3.5011325942145453
1710527560.1029494,-3.4955286979675293
1710527560.1030629,-3.488173749711778
1710527560.1031764,-3.478366798824734
1710527560.1032898,-3.466808795928955
1710527560.103403,-3.4513979487948947
1710527560.1035166,-3.4342360496520996
1710527560.10363,-3.4146224127875433
1710527560.1037436,-3.3932574590047198
1710527560.1038568,-3.370141453213162
1710527560.1039703,-3.346324761708577
1710527560.1040838,-3.3225083351135254
1710527560.1041973,-3.2993920644124346
1710527560.1043105,-3.2766262690226235
1710527560.104424,-3.2538604736328125
1710527560.1045375,-3.232845730251736
1710527560.104651,-3.210430145263672
1710527560.1047642,-3.1883647706773544
1710527560.1048777,-3.1648982895745172
1710527560.1049912,-3.1400309668646917
1710527560.1051047,-3.1151636441548662
1710527560.105218,-3.089946111043294
1710527560.1053314,-3.0654289987352157
1710527560.105445,-3.0409118864271374
1710527560.1055584,-3.0188465118408203
1710527560.1056716,-2.999232874976264
1710527560.1057851,-2.981720765431722
1710527560.1058986,-2.9652592870924206
1710527560.106012,-2.9491480191548667
1710527560.1061254,-2.9323363304138184
1710527560.1062388,-2.9144740104675293
1710527560.1063523,-2.89521058400472
1710527560.1064658,-2.8752464718288846
1710527560.106579,-2.8563332557678223
1710527560.1066926,-2.838470935821533
1710527560.106806,-2.820958826276991
1710527560.1069195,-2.8072992960611978
1710527560.1070328,-2.7964417139689126
1710527560.1071463,-2.7862845526801214
1710527560.1072598,-2.7768280771043563
1710527560.107373,-2.767371336619059
1710527560.1074865,-2.7547627025180392
1710527560.1076,-2.742153803507487
1710527560.1077135,-2.7277938524881997
1710527560.1078267,-2.7123830053541393
1710527560.1079402,-2.6980230543348522
1710527560.1080537,-2.6854141553243003
1710527560.1081672,-2.675957679748535
1710527560.1082804,-2.6661507288614907
1710527560.108394,-2.659145991007487
1710527560.1085074,-2.6510903570387097
1710527560.108621,-2.642334302266439
1710527560.1087341,-2.6290249824523926
1710527560.1088476,-2.6146650314331055
1710527560.108961,-2.597152656979031
1710527560.1090746,-2.578589916229248
1710527560.1091878,-2.5586258040534124
1710527560.1093013,-2.5397128529018826
1710527560.1094148,-2.521149847242567
1710527560.1095283,-2.5029370519849987
1710527560.1096416,-2.485424942440457
1710527560.109755,-2.4665117263793945
1710527560.1098685,-2.444796562194824
1710527560.109982,-2.420980135599772
1710527560.1100953,-2.3915595478481717
1710527560.1102087,-2.35968722237481
1710527560.1103222,-2.3239623175726996
1710527560.1104357,-2.286486360761854
1710527560.110549,-2.2465584013197155
1710527560.1106625,-2.2062803639305963
1710527560.110776,-2.1653019057379828
1710527560.1108894,-2.121871577368842
1710527560.1110027,-2.0770402749379477
1710527560.1111162,-2.028706603580051
1710527560.1112297,-1.9772207736968994
1710527560.1113431,-1.9215320216284857
1710527560.1114564,-1.861290004518297
1710527560.11157,-1.797195275624593
1710527560.1116834,-1.7288977570003934
1710527560.1117966,-1.6577981577979193
1710527560.11191,-1.5845971637301974
1710527560.1120236,-1.5085942215389676
1710527560.112137,-1.4311903052859836
1710527560.1122503,-1.3520350721147325
1710527560.1123638,-1.2704282336764865
1710527560.1124773,-1.1856692367129855
1710527560.1125908,-1.0991589228312175
1710527560.112704,-1.0066945023006864
1710527560.1128175,-0.910727580388387
1710527560.112931,-0.8105578025182087
1710527560.1130445,-0.7061850362353854
1710527560.1131577,-0.5976094139946831
1710527560.1132712,-0.48693229754765827
1710527560.1133847,-0.37485417392518783
1710527560.1134982,-0.2610248658392164
1710527560.1136115,-0.14719554119639927
1710527560.113725,-0.033366220692793526
1710527560.1138384,0.08188009262084961
1710527560.113952,0.1995851265059577
1710527560.1140652,0.31939201884799534
1710527560.1141787,0.4427020748456319
1710527560.1142921,0.5695152282714844
1710527560.1144056,0.6998315122392442
1710527560.114519,0.8304980728361342
1710527560.1146324,0.9597634606891208
1710527560.1147459,1.087977819972568
1710527560.1148593,1.2133897675408256
1710527560.1149726,1.3345979319678412
1710527560.115086,1.453353828854031
1710527560.1151996,1.5696577231089273
1710527560.115313,1.6859614849090576
1710527560.1154263,1.8015645609961615
1710527560.1155398,1.9189193513658311
1710527560.1156533,2.0359236664242215
1710527560.1157668,2.1515268749660916
1710527560.11588,2.264677948421902
1710527560.1159935,2.372924486796061
1710527560.116107,2.4738144874572754
1710527560.1162202,2.568749056922065
1710527560.1163337,2.657378249698215
1710527560.1164472,2.7411029073927136
1710527560.1165607,2.8216748767428927
1710527560.116674,2.899444368150499
1710527560.1167874,2.9761626985337997
1710527560.116901,3.0511297119988336
1710527560.1170144,3.122243086496989
1710527560.1171277,3.1898532973395453
1710527560.1172411,3.2518588172064886
1710527560.1173546,3.3068577448527017
1710527560.117468,3.3552008204989963
1710527560.1175814,3.396187623341878
1710527560.1176949,3.43016783396403
1710527560.1178083,3.461345566643609
1710527560.1179218,3.487268818749322
1710527560.118035,3.5124913851420083
1710527560.1181486,3.53491120868259
1710527560.118262,3.554528819190131
1710527560.1183755,3.569942580329047
1710527560.1184888,3.5832542843288846
1710527560.1186023,3.5899104012383356
1710527560.1187158,3.5920121934678817
1710527560.1188293,3.5902606116400824
1710527560.1189425,3.5839549700419107
1710527560.119056,3.573795954386393
1710527560.1191695,3.561885356903076
1710527560.119283,3.5485733879937067
1710527560.1193962,3.5331596268547907
1710527560.1195097,3.5177458657158747
1710527560.1196232,3.500930998060438
1710527560.1197367,3.4820140732659235
1710527560.11985,3.462396462758382
1710527560.1199634,3.4413777457343206
1710527560.120077,3.4175565507676864
1710527560.1201904,3.393034670088026
1710527560.1203036,3.3667612075805664
1710527560.120417,3.3390866385565863
1710527560.1205306,3.3117622799343533
1710527560.1206439,3.2830365498860674
1710527560.1207573,3.2557121912638345
1710527560.1208708,3.2297889391581216
1710527560.1209843,3.2038659519619412
1710527560.1210976,3.1803949673970537
1710527560.121211,3.15657377243042
1710527560.1213245,3.133102787865533
1710527560.121438,3.1092815928988986
1710527560.1215513,3.084409236907959
1710527560.1216648,3.0595371458265515
1710527560.1217782,3.034664789835612
1710527560.1218917,3.0087418026394315
1710527560.122005,2.9852708180745444
1710527560.1221185,2.9632012049357095
1710527560.122232,2.941832012600369
1710527560.1223454,2.9239662488301597
1710527560.1224587,2.907501326666938
1710527560.1225722,2.892087565528022
1710527560.1226857,2.876323593987359
1710527560.1227992,2.8602091471354165
1710527560.1229124,2.842693593766954
1710527560.123026,2.8248275650872126
1710527560.1231394,2.806961801317003
1710527560.1232529,2.7890957726372614
1710527560.123366,2.7736820114983454
1710527560.1234796,2.759669621785482
1710527560.123593,2.7484594451056585
1710527560.1237066,2.738300429450141
1710527560.1238198,2.7295425203111434
1710527560.1239333,2.719033294253879
1710527560.1240468,2.7092244890001083
1710527560.1241603,2.6966132058037653
1710527560.1242735,2.6819001303778753
1710527560.124387,2.6668365796407065
1710527560.1245005,2.6503719223870172
1710527560.124614,2.6360090573628745
1710527560.1247272,2.622346878051758
1710527560.1248407,2.6100860701666937
1710527560.1249542,2.5985256830851235
1710527560.1250675,2.5866150856018066
1710527560.125181,2.5740038024054632
1710527560.1252944,2.558590041266547
1710527560.125408,2.5410744878980847
1710527560.1255212,2.519705295562744
1710527560.1256347,2.496934996710883
1710527560.1257482,2.471712695227729
1710527560.1258616,2.446139653523763
1710527560.125975,2.4205668767293296
1710527560.1260884,2.395694785647922
1710527560.1262019,2.369071112738715
1710527560.1263154,2.3424471749199762
1710527560.1264286,2.3133712344699435
1710527560.126542,2.280792130364312
1710527560.1266556,2.2443596522013345
1710527560.126769,2.203373114267985
1710527560.1268823,2.160284651650323
1710527560.1269958,2.1129924721188016
1710527560.1271093,2.0632481575012207
1710527560.1272228,2.0131533675723605
1710527560.127336,1.9606064425574408
1710527560.1274495,1.907008621427748
1710527560.127563,1.8488567405276828
1710527560.1276765,1.791405545340644
1710527560.1277897,1.7286996046702066
1710527560.1279032,1.6624905003441703
1710527560.1280167,1.5924280219607883
1710527560.1281302,1.5174611409505208
1710527560.1282434,1.4389910962846544
1710527560.128357,1.3573682308197021
1710527560.1284704,1.272592544555664
1710527560.128584,1.1846641699473064
1710527560.1286972,1.095684700542026
1710527560.1288106,1.0046034389071994
1710527560.1289241,0.9121209383010864
1710527560.1290376,0.8168358935250176
1710527560.1291509,0.7194489902920193
1710527560.1292644,0.6192596091164483
1710527560.1293778,0.5155670642852783
1710527560.129491,0.40837142202589244
1710527560.1296046,0.29802295896742076
1710527560.129718,0.18487200140953064
1710527560.1298316,0.06856821477413177
1710527560.1299448,-0.04772622552182939
1710527560.1300583,-0.1643575065665775
1710527560.1301718,-0.28098877933290267
1710527560.1302853,-0.39656930499606663
1710527560.1303985,-0.5110991332266066
1710527560.130512,-0.6259791718588935
1710527560.1306255,-0.74331091509925
1710527560.130739,-0.8613432115978664
1710527560.1308522,-0.982527666621738
1710527560.1309657,-1.1054633061091106
1710527560.1310792,-1.2283990118238661
1710527560.1311927,-1.3506340980529785
1710527560.131306,-1.470417579015096
1710527560.1314194,-1.5877493222554524
1710527560.131533,-1.699126958847046
1710527560.1316464,-1.8084032005733914
1710527560.1317596,-1.9141768084632025
1710527560.1318731,-2.018199364344279
1710527560.1319866,-2.1204706033070884
1710527560.1321,-2.2227419747246637
1710527560.1322134,-2.324663003285726
1710527560.1323268,-2.424832714928521
1710527560.1324403,-2.522550688849555
1710527560.1325538,-2.6150152418348522
1710527560.132667,-2.7018756336636014
1710527560.1327806,-2.7827821837531195
1710527560.132894,-2.8563332557678223
1710527560.1330075,-2.9253315925598145
1710527560.1331208,-2.989426188998752
1710527560.1332343,-3.050018416510688
1710527560.1333477,-3.1085091167026095
1710527560.1334612,-3.1648982895745172
1710527560.1335745,-3.218835989634196
1710527560.133688,-3.2685706350538464
1710527560.1338015,-3.3137520154317217
1710527560.1339147,-3.3540301852756076
1710527560.1340282,-3.388704458872477
1710527560.1341417,-3.4163737297058105
1710527560.1342552,-3.4391395250956216
1710527560.1343684,-3.457702530754937
1710527560.134482,-3.472762902577718
1710527560.1345954,-3.4857220119900174
1710527560.134709,-3.4969298044840493
1710527560.1348221,-3.5063862800598145
1710527560.1349356,-3.5140917036268444
1710527560.135049,-3.5186449686686196
1710527560.1351626,-3.5196955998738604
1710527560.1352758,-3.5172438621520996
1710527560.1353893,-3.5105893346998425
1710527560.1355028,-3.5007823838127985
1710527560.1356163,-3.487473063998752
1710527560.1357296,-3.471712271372477
1710527560.135843,-3.4549005826314287
1710527560.1359565,-3.4363375769721136
1710527560.13607,-3.4170741505093045
1710527560.1361833,-3.397810724046495
1710527560.1362967,-3.377846876780192
1710527560.1364102,-3.3582332399156356
1710527560.1365237,-3.3372184965345593
1710527560.136637,-3.315853542751736
1710527560.1367505,-3.292737536960178
1710527560.136864,-3.2678702142503524
1710527560.1369774,-3.241951995425754
1710527560.1370907,-3.215683831108941
1710527560.1372042,-3.1887149810791016
1710527560.1373177,-3.1627970271640353
1710527560.1374311,-3.137579494052463
1710527560.1375444,-3.1137628025478787
1710527560.1376579,-3.092397848765055
1710527560.1377714,-3.071733580695258
1710527560.1378849,-3.051419258117676
1710527560.137998,-3.0307549900478787
1710527560.1381116,-3.010090457068549
1710527560.138225,-2.988725768195258
1710527560.1383383,-2.965609497494168
1710527560.1384518,-2.942143281300863
1710527560.1385653,-2.9207783275180392
1710527560.1386788,-2.9001137945387097
1710527560.138792,-2.8815510537889266
1710527560.1389055,-2.8661402066548667
1710527560.139019,-2.8528308868408203
1710527560.1391325,-2.841272883945041
1710527560.1392457,-2.8293646706475153
1710527560.1393592,-2.8164055612352157
1710527560.1394727,-2.802395820617676
1710527560.1395862,-2.787335183885362
1710527560.1396995,-2.770873705546061
1710527560.139813,-2.7547627025180392
1710527560.1399264,-2.740752961900499
1710527560.14004,-2.7284942732916937
1710527560.1401532,-2.7179869016011557
1710527560.1402667,-2.7095810572306314
1710527560.1403801,-2.7022261089748807
1710527560.1404936,-2.6941704750061035
1710527560.1406069,-2.684363524119059
1710527560.1407204,-2.672455310821533
1710527560.1408339,-2.658095359802246
1710527560.1409473,-2.6419840918646917
1710527560.1410606,-2.6255226135253906
1710527560.141174,-2.6083607143825955
1710527560.1412876,-2.592599656846788
1710527560.141401,-2.578940126630995
1710527560.1415143,-2.5652805964152017
1710527560.1416278,-2.5523214870029025
1710527560.1417413,-2.5376113255818686
1710527560.1418548,-2.5215000576443143
1710527560.141968,-2.501536210378011
1710527560.1420815,-2.4784199396769204
1710527560.142195,-2.452501985761854
1710527560.1423085,-2.424482504526774
1710527560.1424217,-2.3943614959716797
1710527560.1425352,-2.364590697818332
1710527560.1426487,-2.3341194788614907
1710527560.142762,-2.3039984703063965
1710527560.1428754,-2.2724766201443143
1710527560.142989,-2.2385027673509383
1710527560.1431024,-2.201026678085327
1710527560.1432157,-2.1600482198927136
1710527560.1433291,-2.115216917461819
1710527560.1434426,-2.0661828253004284
1710527560.143556,-2.012595468097263
1710527560.1436694,-1.9562061627705891
1710527560.1437829,-1.8984158833821614
1710527560.1438963,-1.8378236558702257
1710527560.1440098,-1.775830454296536
1710527560.144123,-1.711035304599338
1710527560.1442366,-1.6441386275821261
1710527560.14435,-1.5747903452979193
1710527560.1444635,-1.5008887979719374
1710527560.1445768,-1.4241854349772136
1710527560.1446903,-1.3422282536824544
1710527560.1448038,-1.2553677293989394
1710527560.1449172,-1.1650048361884222
1710527560.1450305,-1.070438888337877
1710527560.145144,-0.9727207819620768
1710527560.1452575,-0.8729012144936455
1710527560.145371,-0.7716807391908433
1710527560.1454842,-0.669409434000651
1710527560.1455977,-0.5653869443469577
1710527560.1457112,-0.4592629936006334
1710527560.1458247,-0.35103758176167804
1710527560.145938,-0.23895949125289917
1710527560.1460514,-0.12477992309464349
1710527560.146165,-0.005696938476628727
1710527560.1462784,0.11761197613345252
1710527560.1463916,0.24232326282395256
1710527560.146505,0.3684357802073161
1710527560.1466186,0.4952489336331685
1710527560.146732,0.6196098857455783
1710527560.1468453,0.7432702514860365
1710527560.1469588,0.8641280730565388
1710527560.1470723,0.983584721883138
1710527560.1471856,1.1040922005971272
1710527560.147299,1.2249500221676297
1710527560.1474125,1.3475594255659316
1710527560.147526,1.4715700679355197
1710527560.1476393,1.5976826349894204
1710527560.1477528,1.7220436202155218
1710527560.1478662,1.8443026807573106
1710527560.1479797,1.961307128270467
1710527560.148093,2.0734071731567383
1710527560.1482065,2.179902129703098
1710527560.14832,2.2825437121921115
1710527560.1484334,2.380631234910753
1710527560.1485467,2.476616965399848
1710527560.1486602,2.572602695888943
1710527560.1487737,2.6675372653537326
1710527560.1488872,2.7600198321872287
1710527560.1490004,2.849699921078152
1710527560.149114,2.9358768463134766
1710527560.1492274,3.014696968926324
1710527560.1493409,3.0858106083340116
1710527560.149454,3.149217234717475
1710527560.1495676,3.20736911561754
1710527560.149681,3.2592153549194336
1710527560.1497946,3.307908640967475
1710527560.1499078,3.3523983425564237
1710527560.1500213,3.395486937628852
1710527560.1501348,3.4357727898491754
1710527560.1502483,3.472555743323432
1710527560.1503615,3.5044341617160373
1710527560.150475,3.53175852033827
1710527560.1505885,3.5520765516493054
1710527560.150702,3.5678407880995007
1710527560.1508152,3.5765984323289657
1710527560.1509287,3.581152492099338
1710527560.1510422,3.5825538635253906
1710527560.1511555,3.5822033882141113
1710527560.151269,3.5790506998697915
1710527560.1513824,3.5744966400994196
1710527560.151496,3.568190998501248
1710527560.1516092,3.5597835646735296
1710527560.1517227,3.5492740737067328
1710527560.1518362,3.5359621047973633
1710527560.1519496,3.519497447543674
1710527560.152063,3.500230312347412
1710527560.1521764,3.4788613849216037
1710527560.1522899,3.4553904003567166
1710527560.1524034,3.43016783396403
1710527560.1525166,3.404595057169596
1710527560.15263,3.3779711193508573
1710527560.1527436,3.3523983425564237
1710527560.152857,3.3271760410732694
1710527560.1529703,3.3019534746805825
1710527560.1530838,3.276380697886149
1710527560.1531973,3.250457445780436
1710527560.1533108,3.2252348793877497
1710527560.153424,3.1982609960767956
1710527560.1535375,3.17093637254503
1710527560.153651,3.142210907406277
1710527560.1537645,3.1141858630710177
1710527560.1538777,3.0854601330227323
1710527560.1539912,3.0588364601135254
1710527560.1541047,3.0336138937208386
1710527560.1542182,3.0101429091559515
1710527560.1543314,2.988773981730143
1710527560.154445,2.969156371222602
1710527560.1545584,2.9502394464280868
1710527560.154672,2.930271625518799
1710527560.1547852,2.9103038046095104
1710527560.1548986,2.8896355628967285
1710527560.1550121,2.868967056274414
1710527560.1551256,2.848649024963379
1710527560.1552389,2.8293816248575845
1710527560.1553524,2.8125667572021484
1710527560.1554658,2.797503206464979
1710527560.155579,2.7855926089816623
1710527560.1556926,2.775083382924398
1710527560.155806,2.764573891957601
1710527560.1559196,2.754064400990804
1710527560.1560328,2.741453382703993
1710527560.1561463,2.7284916241963706
1710527560.1562598,2.7137785487704806
1710527560.1563733,2.6983647876315646
1710527560.1564865,2.6836517122056747
1710527560.1566,2.6699895328945584
1710527560.1567135,2.6591298315260143
1710527560.156827,2.65002171198527
1710527560.1569402,2.6416142781575522
1710527560.1570537,2.6325061586168075
1710527560.1571672,2.621646457248264
1710527560.1572807,2.6093853844536676
1710527560.157394,2.594322098626031
1710527560.1575074,2.5775069660610623
1710527560.157621,2.558590041266547
1710527560.1577344,2.5386222203572593
1710527560.1578476,2.518654399447971
1710527560.1579611,2.4997374746534557
1710527560.1580746,2.480470339457194
1710527560.158188,2.460852993859185
1710527560.1583014,2.440885172949897
1710527560.1584148,2.418465084499783
1710527560.1585283,2.392191621992323
1710527560.1586418,2.3634658919440374
1710527560.158755,2.3294856813218856
1710527560.1588686,2.2941040992736816
1710527560.158982,2.256620724995931
1710527560.1590955,2.2170352935791016
1710527560.1592088,2.176749308904012
1710527560.1593223,2.135412428114149
1710527560.1594357,2.093024651209513
1710527560.1595492,2.0481846067640515
1710527560.1596625,2.0012427700890436
1710527560.159776,1.9504474269019232
1710527560.1598895,1.8950980239444308
1710527560.1600027,1.8355449040730794
1710527560.1601162,1.771788067287869
1710527560.1602297,1.7048782772488065
1710527560.1603432,1.6341151131523979
1710527560.1604564,1.5619508425394693
1710527560.16057,1.487334171930949
1710527560.1606834,1.410265366236369
1710527560.1607969,1.3321456644270155
1710527560.1609101,1.2501725885603163
1710527560.1610236,1.1657472451527913
1710527560.161137,1.0778188043170505
1710527560.1612506,0.9856865803400675
1710527560.1613638,0.8897009160783556
1710527560.1614773,0.7902121543884277
1710527560.1615908,0.6865196095572578
1710527560.1617043,0.5803749296400282
1710527560.1618176,0.47212832503848606
1710527560.161931,0.36248048146565753
1710527560.1620445,0.25248232815000743
1710527560.162158,0.14108291930622524
1710527560.1622713,0.02933320485883289
1710527560.1623847,-0.08345112204551697
1710527560.1624982,-0.19763069020377264
1710527560.1626117,-0.31321121586693657
1710527560.162725,-0.4312434792518616
1710527560.1628385,-0.5517274472448561
1710527560.162952,-0.6743128432167901
1710527560.1630654,-0.7965480619006686
1710527560.1631787,-0.9187832143571641
1710527560.1632922,-1.0396173927519057
1710527560.1634057,-1.157299412621392
1710527560.1635191,-1.2721794181399875
1710527560.1636324,-1.385658582051595
1710527560.1637459,-1.4963356653849285
1710527560.1638594,-1.6059621175130208
1710527560.1639729,-1.717339621649848
1710527560.164086,-1.8287172582414415
1710527560.1641996,-1.940094894833035
1710527560.164313,-2.0504217677646213
1710527560.1644263,-2.1579466925726996
1710527560.1645398,-2.2609183523390026
1710527560.1646533,-2.359337011973063
1710527560.1647668,-2.4521517753601074
1710527560.16488,-2.5393623775906033
1710527560.1649935,-2.622019979688856
1710527560.165107,-2.701525423261854
1710527560.1652205,-2.7789293395148382
1710527560.1653337,-2.8552826245625815
1710527560.1654472,-2.929184171888563
1710527560.1655607,-3.0009841918945312
1710527560.1656742,-3.0682309468587237
1710527560.1657875,-3.131625122494168
1710527560.165901,-3.1876643498738604
1710527560.1660144,-3.238099416097005
1710527560.166128,-3.2822301652696395
1710527560.1662412,-3.3204068077935114
1710527560.1663547,-3.3547306060791016
1710527560.1664681,-3.384851614634196
1710527560.1665816,-3.4142722023857965
1710527560.1666949,-3.4401901563008623
1710527560.1668084,-3.464006847805447
1710527560.1669219,-3.484320905473497
1710527560.1670353,-3.5014830695258246
1710527560.1671486,-3.5130410724216037
1710527560.167262,-3.5207464959886337
1710527560.1673756,-3.5228477583991156
1710527560.167489,-3.5207464959886337
1710527560.1676023,-3.5151425997416177
1710527560.1677158,-3.5074371761745877
1710527560.1678293,-3.4983306460910373
1710527560.1679428,-3.488874170515272
1710527560.168056,-3.475915061102973
1710527560.1681695,-3.4636566374037
1710527560.168283,-3.44964689678616
1710527560.1683965,-3.4349364704555936
1710527560.1685097,-3.4177745713127985
1710527560.1686232,-3.399211565653483
1710527560.1687367,-3.378547297583686
1710527560.16885,-3.3554312917921276
1710527560.1689634,-3.3316146002875433
1710527560.169077,-3.306397067175971
1710527560.1691904,-3.2811795340643988
1710527560.1693037,-3.2566624217563205
1710527560.1694171,-3.23354615105523
1710527560.1695306,-3.210430145263672
1710527560.169644,-3.1887149810791016
1710527560.1697574,-3.1669998168945312
1710527560.1698709,-3.146335548824734
1710527560.1699843,-3.1235694885253906
1710527560.1700978,-3.0994028515285916
1710527560.170211,-3.075586160024007
1710527560.1703246,-3.050718837314182
1710527560.170438,-3.0255013042026095
1710527560.1705515,-3.000633981492784
1710527560.1706648,-2.9789188173082137
1710527560.1707783,-2.9589549700419107
1710527560.1708918,-2.9414425955878363
1710527560.1710052,-2.9260320133633084
1710527560.1711185,-2.910621166229248
1710527560.171232,-2.89521058400472
1710527560.1713455,-2.879099316067166
1710527560.171459,-2.8612367312113443
1710527560.1715722,-2.8430242008633084
1710527560.1716857,-2.824461195203993
1710527560.1717992,-2.8072992960611978
1710527560.1719127,-2.7915382385253906
1710527560.172026,-2.7775284979078503
1710527560.1721394,-2.767371336619059
1710527560.172253,-2.7579148610432944
1710527560.1723664,-2.74950901667277
1710527560.1724796,-2.741103172302246
1710527560.172593,-2.730946011013455
1710527560.1727066,-2.718687587314182
1710527560.17282,-2.7050280570983887
1710527560.1729333,-2.689967420366075
1710527560.1730468,-2.676307890150282
1710527560.1731603,-2.662648359934489
1710527560.1732736,-2.6503899362352157
1710527560.173387,-2.6398825645446777
1710527560.1735005,-2.6318269305759006
1710527560.173614,-2.6223704550001354
1710527560.1737273,-2.6118630833095975
1710527560.1738408,-2.5982035530938044
1710527560.1739542,-2.582792705959744
1710527560.1740677,-2.5638794898986816
1710527560.174181,-2.5425148010253906
1710527560.1742945,-2.519048319922553
1710527560.174408,-2.495932314130995
1710527560.1745214,-2.4731662538316512
1710527560.1746347,-2.449700037638346
1710527560.1747482,-2.426934242248535
1710527560.1748617,-2.402417129940457
1710527560.1749752,-2.3750980695088706
1710527560.1750884,-2.344626850552029
1710527560.175202,-2.3106532626681857
1710527560.1753154,-2.2731770409478083
1710527560.1754289,-2.2311478190951877
1710527560.175542,-2.187016937467787
1710527560.1756556,-2.1400842401716442
1710527560.175769,-2.0914003584120007
1710527560.1758826,-2.0420159233940973
1710527560.1759958,-1.9901797506544325
1710527560.1761093,-1.9376431571112738
1710527560.1762228,-1.8812538517846
1710527560.1763363,-1.8220625983344183
1710527560.1764495,-1.7586684226989746
1710527560.176563,-1.6917718781365287
1710527560.1766765,-1.6203220685323079
1710527560.17679,-1.545369890001085
1710527560.1769032,-1.466915210088094
1710527560.1770167,-1.384607818391588
1710527560.1771302,-1.299848821428087
1710527560.1772437,-1.2140389283498128
1710527560.177357,-1.1254272196027968
1710527560.1774704,-1.0357647471957736
1710527560.177584,-0.9429500500361124
1710527560.1776972,-0.8480338917838203
1710527560.1778107,-0.749265087975396
1710527560.1779242,-0.6459430853525797
1710527560.1780376,-0.5391186475753784
1710527560.178151,-0.42739080058203804
1710527560.1782644,-0.3118102418051826
1710527560.1783779,-0.19377799497710332
1710527560.1784914,-0.07364428705639309
1710527560.1786046,0.047199146615134344
1710527560.178718,0.16665574577119616
1710527560.1788316,0.2861123283704122
1710527560.178945,0.40486829148398507
1710527560.1790583,0.5246752169397142
1710527560.1791718,0.6465839677386813
1710527560.1792853,0.7691933711369832
1710527560.1793988,0.8960065576765273
1710527560.179512,1.0249216026730008
1710527560.1796255,1.1538366476694744
1710527560.179739,1.2817006640964084
1710527560.1798525,1.4078132311503093
1710527560.1799657,1.530072291692098
1710527560.1800792,1.6474270820617676
1710527560.1801927,1.7612787087758381
1710527560.1803062,1.8709264861212835
1710527560.1804194,1.979873710208469
1710527560.180533,2.087770038180881
1710527560.1806464,2.195666233698527
1710527560.18076,2.3035624292161727
1710527560.1808732,2.410057650672065
1710527560.1809866,2.5141003396775985
1710527560.1811001,2.6125383377075195
1710527560.1812136,2.706071800655789
1710527560.1813269,2.7915480401780868
1710527560.1814404,2.8717695342169867
1710527560.1815538,2.944984965854221
1710527560.1816673,3.014696968926324
1710527560.1817806,3.0819572342766657
1710527560.181894,3.146764967176649
1710527560.1820076,3.2094709078470864
1710527560.1821208,3.269724580976698
1710527560.1822343,3.3271760410732694
1710527560.1823478,3.3783215946621366
1710527560.1824613,3.4235119819641113
1710527560.1825745,3.462046252356635
1710527560.182688,3.493574460347493
1710527560.1828015,3.5184465514289007
1710527560.182915,3.5387648476494684
1710527560.1830282,3.5562804010179305
1710527560.1831417,3.5706432660420733
1710527560.1832552,3.5822033882141113
1710527560.1833687,3.592362668779161
1710527560.183482,3.59901852077908
1710527560.1835954,3.6025216844346786
1710527560.183709,3.6021712091233993
1710527560.1838224,3.59726693895128
1710527560.1839356,3.587808609008789
1710527560.1840491,3.5755475362141924
1710527560.1841626,3.5594330893622503
1710527560.184276,3.5412168502807617
1710527560.1843894,3.5219497150845
1710527560.1845028,3.5012812084621854
1710527560.1846163,3.4802624914381237
1710527560.1847298,3.4588935640123153
1710527560.184843,3.4364734755622015
1710527560.1849566,3.413352701399061
1710527560.18507,3.3895315064324274
1710527560.1851835,3.36465941535102
1710527560.1852968,3.3376852671305337
1710527560.1854103,3.308959537082248
1710527560.1855237,3.280584282345242
1710527560.1856372,3.2511581314934626
1710527560.1857505,3.2217317157321506
1710527560.185864,3.192305564880371
1710527560.1859775,3.165331416659885
1710527560.186091,3.138707743750678
1710527560.1862042,3.1138356526692705
1710527560.1863177,3.09106535381741
1710527560.1864312,3.0682947900560165
1710527560.1865444,3.0451742808024087
1710527560.186658,3.023104667663574
1710527560.1867714,2.999283207787408
1710527560.1868849,2.975111802419027
1710527560.1869981,2.950589921739366
1710527560.1871116,2.9267687267727323
1710527560.187225,2.9050493240356445
1710527560.1873386,2.884731027815077
1710527560.1874518,2.8675656848483615
1710527560.1875653,2.8521519237094455
1710527560.1876788,2.837789323594835
1710527560.1877923,2.8241271442837186
1710527560.1879056,2.8090635935465493
1710527560.188019,2.7936498324076333
1710527560.1881325,2.777185175153944
1710527560.188246,2.7600198321872287
1710527560.1883593,2.742504278818766
1710527560.1884727,2.7281414137946234
1710527560.1885862,2.715179920196533
1710527560.1886997,2.703619533114963
1710527560.188813,2.6941609382629395
1710527560.1889265,2.6868044005499945
1710527560.18904,2.6780467563205295
1710527560.1891534,2.668938636779785
1710527560.1892667,2.656677563985189
1710527560.1893802,2.642665174272325
1710527560.1894937,2.6276016235351562
1710527560.1896071,2.6114871766832137
1710527560.1897204,2.595723205142551
1710527560.1898339,2.579608758290609
1710527560.1899474,2.5662970542907715
1710527560.1900609,2.552634874979655
1710527560.190174,2.5386222203572593
1710527560.1902876,2.5232084592183432
1710527560.190401,2.506743801964654
1710527560.1905146,2.4857250849405923
1710527560.1906278,2.4622541003757052
1710527560.1907413,2.4366813235812717
1710527560.1908548,2.407255172729492
1710527560.190968,2.37782875696818
1710527560.1910815,2.347001234690348
1710527560.191195,2.31547302669949
1710527560.1913085,2.283945083618164
1710527560.1914217,2.2510157691107855
1710527560.1915352,2.2152837117513022
1710527560.1916487,2.1770996517605252
1710527560.1917622,2.1347118748558893
1710527560.1918755,2.087419695324368
1710527560.191989,2.037324905395508
1710527560.1921024,1.9830265310075548
1710527560.192216,1.9259255462222629
1710527560.1923292,1.8663724263509114
1710527560.1924427,1.8057682779100206
1710527560.1925561,1.7423617839813232
1710527560.1926696,1.6775539186265733
1710527560.1927829,1.6109946038987901
1710527560.1928964,1.5405816502041287
1710527560.1930099,1.4677166938781738
1710527560.1931233,1.3902976777818468
1710527560.1932366,1.3086748123168945
1710527560.19335,1.2228482299380832
1710527560.1934636,1.133868826760186
1710527560.193577,1.0417366027832031
1710527560.1936903,0.9471521774927775
1710527560.1938038,0.8501156171162922
1710527560.1939173,0.7523783710267808
1710527560.1940308,0.652889609336853
1710527560.194144,0.5523498853047689
1710527560.1942575,0.44900768333011204
1710527560.194371,0.3432132800420125
1710527560.1944845,0.23636794752544826
1710527560.1945977,0.12461822893884447
1710527560.1947112,0.009715700935986307
1710527560.1948247,-0.10761795772446527
1710527560.1949382,-0.22705119517114428
1710527560.1950514,-0.347535146607293
1710527560.195165,-0.4673186275694105
1710527560.1952784,-0.585350857840644
1710527560.1953917,-0.7030328777101305
1710527560.1955051,-0.8193139235178629
1710527560.1956186,-0.9345442056655884
1710527560.195732,-1.0501247644424438
1710527560.1958454,-1.1667560206519232
1710527560.1959589,-1.2851385275522869
1710527560.1960723,-1.4045717981126573
1710527560.1961858,-1.5243551466200087
1710527560.196299,-1.6430879963768852
1710527560.1964126,-1.7586684226989746
1710527560.196526,-1.871447033352322
1710527560.1966395,-1.9789719581604004
1710527560.1967528,-2.08264430363973
1710527560.1968663,-2.180712620417277
1710527560.1969798,-2.27667940987481
1710527560.1970932,-2.370194594065348
1710527560.1972065,-2.4626591470506454
1710527560.19732,-2.5537225935194225
1710527560.1974335,-2.6437351438734265
1710527560.197547,-2.7298953798082137
1710527560.1976602,-2.8129031923082137
1710527560.1977737,-2.8885557916429305
1710527560.1978872,-2.9596553908454046
1710527560.1980007,-3.0233997768825955
1710527560.198114,-3.0811900562710233
1710527560.1982274,-3.133726649814182
1710527560.198341,-3.1831110848320856
1710527560.1984544,-3.2307442029317217
1710527560.1985676,-3.275575637817383
1710527560.198681,-3.318305280473497
1710527560.1987946,-3.3582332399156356
1710527560.198908,-3.3939581447177463
1710527560.1990213,-3.4247795740763345
1710527560.1991348,-3.4506975279914007
1710527560.1992483,-3.471011850568983
1710527560.1993618,-3.4857220119900174
1710527560.199475,-3.495178487565782
1710527560.1995885,-3.5025337007310653
1710527560.199702,-3.5060360696580672
1710527560.1998153,-3.5084878073798285
1710527560.1999288,-3.5091882281833224
1710527560.2000422,-3.5077873865763345
1710527560.2001557,-3.5035843319363065
1710527560.200269,-3.4983306460910373
1710527560.2003825,-3.489574591318766
1710527560.200496,-3.477316167619493
1710527560.2006094,-3.462956216600206
1710527560.2007227,-3.444393210940891
1710527560.2008362,-3.4247795740763345
1710527560.2009497,-3.403064409891764
1710527560.2010632,-3.380298614501953
1710527560.2011764,-3.3568321333991156
1710527560.20129,-3.3333659172058105
1710527560.2014034,-3.3109500673082137
1710527560.2015169,-3.2885344823201494
1710527560.20163,-3.2661188973320856
1710527560.2017436,-3.243353101942274
1710527560.201857,-3.220237096150716
1710527560.2019706,-3.1950192981296115
1710527560.2020838,-3.1691013442145453
1710527560.2021973,-3.142482704586453
1710527560.2023108,-3.1151636441548662
1710527560.2024243,-3.0888954798380532
1710527560.2025375,-3.064028157128228
1710527560.202651,-3.0405616760253906
1710527560.2027645,-3.0191969871520996
1710527560.202878,-3.000633981492784
1710527560.2029912,-2.9831216070387097
1710527560.2031047,-2.9659597078959146
1710527560.2032182,-2.9470464918348522
1710527560.2033317,-2.9288339614868164
1710527560.203445,-2.9095705350240073
1710527560.2035584,-2.8889060020446777
1710527560.203672,-2.8692923651801214
1710527560.2037854,-2.8507293595208063
1710527560.2038987,-2.8349685668945312
1710527560.2040122,-2.821309036678738
1710527560.2041256,-2.8101012441847057
1710527560.204239,-2.8009947141011557
1710527560.2043524,-2.7915382385253906
1710527560.2044659,-2.7827821837531195
1710527560.2045794,-2.7705234951443143
1710527560.2046926,-2.757564650641547
1710527560.204806,-2.743905120425754
1710527560.2049196,-2.728844483693441
1710527560.205033,-2.7155351638793945
1710527560.2051463,-2.7039771609836154
1710527560.2052598,-2.693469789293077
1710527560.2053733,-2.6854141553243003
1710527560.2054868,-2.677358786265055
1710527560.2056,-2.670353783501519
1710527560.2057135,-2.6605468326144748
1710527560.205827,-2.6489888297186956
1710527560.2059405,-2.6342786682976618
1710527560.2060537,-2.61781718995836
1710527560.2061672,-2.6003050804138184
1710527560.2062807,-2.581742074754503
1710527560.2063942,-2.5638794898986816
1710527560.2065074,-2.5470678011576333
1710527560.206621,-2.5313070085313583
1710527560.2067344,-2.515545950995551
1710527560.206848,-2.4980335765414767
1710527560.2069612,-2.4784199396769204
1710527560.2070746,-2.4556541442871094
1710527560.2071881,-2.4293859799702964
1710527560.2073016,-2.399615181816949
1710527560.2074149,-2.366692225138346
1710527560.2075284,-2.3313175307379828
1710527560.2076418,-2.2948922051323786
1710527560.2077553,-2.257766193813748
1710527560.2078686,-2.2195896837446423
1710527560.207982,-2.180362277560764
1710527560.2080956,-2.1386832661098905
1710527560.208209,-2.093501753277249
1710527560.2083223,-2.0441174507141113
1710527560.2084358,-1.9915807247161865
1710527560.2085493,-1.9341407881842718
1710527560.2086625,-1.872848007414076
1710527560.208776,-1.8080528577168782
1710527560.2088895,-1.7387045754326713
1710527560.209003,-1.6672547658284504
1710527560.2091162,-1.5944039821624756
1710527560.2092297,-1.5201522244347465
1710527560.2093432,-1.4427483081817627
1710527560.2094567,-1.364643971125285
1710527560.20957,-1.2809356053670247
1710527560.2096834,-1.1958262655470107
1710527560.209797,-1.1068642801708646
1710527560.2099104,-1.0122983985477023
1710527560.2100236,-0.9135295285118951
1710527560.2101371,-0.8112582895490859
1710527560.2102506,-0.7065353128645155
1710527560.210364,-0.5979596243964301
1710527560.2104774,-0.4890337586402893
1710527560.2105908,-0.37835660907957286
1710527560.2107043,-0.2687302397357093
1710527560.2108178,-0.15665213267008463
1710527560.210931,-0.043523299197355904
1710527560.2110445,0.07102040780915155
1710527560.211158,0.18907575143708122
1710527560.2112715,0.30958327982160777
1710527560.2113848,0.4342945416768392
1710527560.2114983,0.5618083477020264
1710527560.2116117,0.6893221537272135
1710527560.2117252,0.8182371324963039
1710527560.2118385,0.9443496995502048
1710527560.211952,1.0676597224341497
1710527560.2120655,1.188167201148139
1710527560.212179,1.306572887632582
1710527560.2122922,1.4235773351457384
1710527560.2124057,1.5402314398023818
1710527560.2125192,1.6582867834303114
1710527560.2126327,1.7777433660295274
1710527560.212746,1.8975502914852567
1710527560.2128594,2.015955845514933
1710527560.2129729,2.1315590540568032
1710527560.2130861,2.2436589664883084
1710527560.2131996,2.349453502231174
1710527560.213313,2.448241710662842
1710527560.2134266,2.542475594414605
1710527560.2135398,2.6311047871907554
1710527560.2136533,2.7169315020243325
1710527560.2137668,2.8010063701205783
1710527560.2138803,2.884030607011583
1710527560.2139935,2.96460231145223
1710527560.214107,3.042371802859836
1710527560.2142205,3.115937444898817
1710527560.214334,3.1835476557413735
1710527560.2144473,3.2438015937805176
1710527560.2145607,3.295647833082411
1710527560.2146742,3.3432902230156794
1710527560.2147877,3.3832258648342557
1710527560.214901,3.419658342997233
1710527560.2150145,3.4522374471028643
1710527560.215128,3.4830649693806963
1710527560.2152414,3.511440224117703
1710527560.2153547,3.5370132658216686
1710527560.2154682,3.5590828789605036
1710527560.2155817,3.577299118041992
1710527560.2156951,3.5888595051235623
1710527560.2158084,3.596566253238254
1710527560.2159219,3.5983178350660534
1710527560.2160354,3.5969167285495334
1710527560.2161489,3.5906110869513617
1710527560.216262,3.5825538635253906
1710527560.2163756,3.5720443725585938
1710527560.216489,3.5611846711900497
1710527560.2166026,3.548923863304986
1710527560.2167158,3.5342105229695635
1710527560.2168293,3.5184465514289007
1710527560.2169428,3.500580522749159
1710527560.2170563,3.479912281036377
1710527560.2171695,3.4574921925862627
1710527560.217283,3.4326201015048556
1710527560.2173965,3.4066968493991427
1710527560.2175097,3.3783215946621366
1710527560.2176232,3.350997236039903
1710527560.2177367,3.3215708202785916
1710527560.2178502,3.293545775943332
1710527560.2179635,3.2665718926323786
1710527560.218077,3.2406486405266657
1710527560.2181904,3.214024967617459
1710527560.218304,3.1891528765360513
1710527560.2184172,3.163930310143365
1710527560.2185307,3.138707743750678
1710527560.2186441,3.1131349669562445
1710527560.2187576,3.0861608187357583
1710527560.2188709,3.0595371458265515
1710527560.2189844,3.033263683319092
1710527560.2190979,3.007690906524658
1710527560.2192113,2.984570132361518
1710527560.2193246,2.9632012049357095
1710527560.219438,2.944284280141195
1710527560.2195516,2.9267687267727323
1710527560.219665,2.9103038046095104
1710527560.2197783,2.8941896226671004
1710527560.2198918,2.8777249654134116
1710527560.2200053,2.8602091471354165
1710527560.2201188,2.841642697652181
1710527560.220232,2.823426458570692
1710527560.2203455,2.80591090520223
1710527560.220459,2.790497144063314
1710527560.2205725,2.7768349647521973
1710527560.2206857,2.765624788072374
1710527560.2207992,2.7558159828186035
1710527560.2209127,2.746707863277859
1710527560.2210262,2.737599743737115
1710527560.2211394,2.72709051767985
1710527560.221253,2.71553013059828
1710527560.2213664,2.7008170551723905
1710527560.22148,2.6864541901482477
1710527560.2215931,2.6706902186075845
1710527560.2217066,2.656677563985189
1710527560.22182,2.6440662807888455
1710527560.2219334,2.6332065794203015
1710527560.2220469,2.622346878051758
1710527560.2221603,2.611837651994493
1710527560.2222738,2.599927054511176
1710527560.222387,2.5855641894870334
1710527560.2225006,2.568398846520318
1710527560.222614,2.5484310256110296
1710527560.2227275,2.525310516357422
1710527560.2228408,2.5021897421942816
1710527560.2229543,2.4776678615146213
1710527560.2230678,2.453846666547987
1710527560.2231812,2.429674996270074
1710527560.2232945,2.405503590901693
1710527560.223408,2.3799305491977267
1710527560.2235215,2.351905769772
1710527560.223635,2.3207277721828885
1710527560.2237482,2.2860468758477106
1710527560.2238617,2.2478628158569336
1710527560.2239752,2.2054750389522977
1710527560.2240887,2.161335680219862
1710527560.224202,2.115094396803114
1710527560.2243154,2.0671015315585666
1710527560.224429,2.018408113055759
1710527560.2245424,1.9676127698686388
1710527560.2246556,1.9157665305667453
1710527560.224769,1.860417127609253
1710527560.2248826,1.8015645609961615
1710527560.224996,1.7392089631822374
1710527560.2251093,1.672299305597941
1710527560.2252228,1.6008354557885063
1710527560.2253363,1.526218917634752
1710527560.2254498,1.4473985301123724
1710527560.225563,1.3664763503604465
1710527560.2256765,1.2817006640964084
1710527560.22579,1.1965747674306233
1710527560.2259035,1.1082959837383695
1710527560.2260168,1.0189662377039592
1710527560.2261302,0.9271843565834893
1710527560.2262437,0.8325999975204468
1710527560.226357,0.733811789088779
1710527560.2264705,0.6325715117984347
1710527560.226584,0.5274776948822869
1710527560.2266974,0.4188808136516147
1710527560.2268107,0.30748138825098675
1710527560.2269242,0.19468074043591815
1710527560.2270377,0.08047884537114038
1710527560.2271512,-0.03441695123910904
1710527560.2272644,-0.14824627174271476
1710527560.227378,-0.26172535287009346
1710527560.2274914,-0.3755546609560648
1710527560.2276049,-0.4890337586402893
1710527560.227718,-0.6046142843034532
1710527560.2278316,-0.7219460275438097
1710527560.227945,-0.8410290214750502
1710527560.2280586,-0.9622134764989216
1710527560.2281718,-1.0847989055845473
1710527560.2282853,-1.2059832943810356
1710527560.2283988,-1.3247161441379123
1710527560.2285123,-1.4413473341200087
1710527560.2286255,-1.554125944773356
1710527560.228739,-1.6634020540449355
1710527560.2288525,-1.7705767684512668
1710527560.228966,-1.876000298394097
1710527560.2290792,-1.9824744595421684
1710527560.2291927,-2.08894862069024
1710527560.2293062,-2.19367159737481
1710527560.2294197,-2.2976941532558866
1710527560.229533,-2.399615181816949
1710527560.2296464,-2.4980335765414767
1710527560.22976,-2.5887468126085067
1710527560.2298734,-2.675957679748535
1710527560.2299867,-2.75581333372328
1710527560.2301002,-2.83111572265625
1710527560.2302136,-2.90151490105523
1710527560.2303271,-2.9691118664211698
1710527560.2304404,-3.0342573589748807
1710527560.2305539,-3.098001745012071
1710527560.2306674,-3.15964486863878
1710527560.2307806,-3.214983410305447
1710527560.230894,-3.2671697934468584
1710527560.2310076,-3.313401805029975
1710527560.231121,-3.3533297644721136
1710527560.2312343,-3.386602931552463
1710527560.2313478,-3.4146224127875433
1710527560.2314613,-3.4370379977756076
1710527560.2315748,-3.45735232035319
1710527560.231688,-3.475214640299479
1710527560.2318015,-3.4899248017205133
1710527560.231915,-3.5035843319363065
1710527560.2320285,-3.5144419140285916
1710527560.2321417,-3.5214469167921276
1710527560.2322552,-3.5249492857191296
1710527560.2323687,-3.523898654513889
1710527560.2324822,-3.5193453894721136
1710527560.2325954,-3.5105893346998425
1710527560.232709,-3.4983306460910373
1710527560.2328224,-3.483620484670003
1710527560.232936,-3.467159006330702
1710527560.2330492,-3.450347317589654
1710527560.2331626,-3.4331854184468584
1710527560.2332761,-3.4153228335910373
1710527560.2333896,-3.396059407128228
1710527560.2335029,-3.3767959806654186
1710527560.2336164,-3.3568321333991156
1710527560.2337298,-3.3351169692145453
1710527560.2338433,-3.312000963422987
1710527560.2339566,-3.2874838511149087
1710527560.23407,-3.2615658971998425
1710527560.2341835,-3.23494725757175
1710527560.234297,-3.207628197140164
1710527560.2344103,-3.1817102432250977
1710527560.2345238,-3.156142234802246
1710527560.2346373,-3.132325808207194
1710527560.2347507,-3.1099099583095975
1710527560.234864,-3.0881950590345593
1710527560.2349775,-3.06753052605523
1710527560.235091,-3.04581536187066
1710527560.2352042,-3.0237499872843423
1710527560.2353177,-3.0009841918945312
1710527560.2354312,-2.977167500389947
1710527560.2355447,-2.953000863393148
1710527560.235658,-2.930585013495551
1710527560.2357714,-2.9095705350240073
1710527560.235885,-2.8903071085611978
1710527560.2359984,-2.8745460510253906
1710527560.2361116,-2.8608865208095975
1710527560.2362251,-2.8482778867085776
1710527560.2363386,-2.836369408501519
1710527560.236452,-2.823410563998752
1710527560.2365654,-2.8090503480699325
1710527560.2366788,-2.793989976247152
1710527560.2367923,-2.7778787083095975
1710527560.2369058,-2.76211765077379
1710527560.237019,-2.748808330959744
1710527560.2371325,-2.7369001176622176
1710527560.237246,-2.728144062889947
1710527560.2373595,-2.7207888497246637
1710527560.2374728,-2.71378411187066
1710527560.2375863,-2.7067791091071234
1710527560.2376997,-2.6980230543348522
1710527560.2378132,-2.687165472242567
1710527560.2379265,-2.674556838141547
1710527560.23804,-2.659846411810981
1710527560.2381535,-2.645136250389947
1710527560.238267,-2.6297254032558866
1710527560.2383802,-2.6160658730400934
1710527560.2384937,-2.604157659742567
1710527560.2386072,-2.592599656846788
1710527560.2387207,-2.581391864352756
1710527560.238834,-2.5687829653422036
1710527560.2389474,-2.553372383117676
1710527560.2390609,-2.5351595878601074
1710527560.2391744,-2.5123937924702964
1710527560.2392876,-2.487526469760471
1710527560.239401,-2.4605576197306314
1710527560.2395146,-2.4328883488972983
1710527560.2396278,-2.4034677611456976
1710527560.2397413,-2.3743976487053766
1710527560.2398548,-2.345327271355523
1710527560.2399683,-2.3152062628004284
1710527560.2400815,-2.2833342022365994
1710527560.240195,-2.247259087032742
1710527560.2403085,-2.20768133799235
1710527560.240422,-2.1646013524797225
1710527560.2405353,-2.117318444781833
1710527560.2406487,-2.0665330357021756
1710527560.2407622,-2.0129456784990096
1710527560.2408757,-1.9572569264305961
1710527560.240989,-1.9001670678456624
1710527560.2411025,-1.8413260247972276
1710527560.241216,-1.780733797285292
1710527560.2413294,-1.7180401749081082
1710527560.2414427,-1.6521942615509033
1710527560.2415562,-1.5828459792666965
1710527560.2416697,-1.5089444319407144
1710527560.2417831,-1.4308400948842366
1710527560.2418964,-1.3481824927859836
1710527560.2420099,-1.2606214152442083
1710527560.2421234,-1.1709589428371854
1710527560.2422369,-1.0774437586466472
1710527560.24235,-0.981126692559984
1710527560.2424636,-0.8841090732150607
1710527560.242577,-0.7853402031792535
1710527560.2426906,-0.6851704253090752
1710527560.2428038,-0.582198699315389
1710527560.2429173,-0.4771254460016886
1710527560.2430308,-0.36890003416273326
1710527560.2431443,-0.2554209530353546
1710527560.2432575,-0.1387896802690294
1710527560.243371,-0.01830572469366921
1710527560.2434845,0.10570135381486681
1710527560.243598,0.23041263222694397
1710527560.2437112,0.3547736008961995
1710527560.2438247,0.47843393352296615
1710527560.2439382,0.5999924076928033
1710527560.2440515,0.7208502292633057
1710527560.244165,0.8406571547190348
1710527560.2442784,0.9611646996604072
1710527560.244392,1.0827231407165527
1710527560.2445052,1.2067337830861409
1710527560.2446187,1.3317954540252686
1710527560.2447321,1.4586085743374295
1710527560.2448456,1.5843707985348172
1710527560.2449589,1.707330544789632
1710527560.2450724,1.826436784532335
1710527560.2451859,1.9395877255333793
1710527560.2452993,2.048885292477078
1710527560.2454126,2.153278456793891
1710527560.245526,2.254518667856852
1710527560.2456396,2.3554086685180664
1710527560.245753,2.4548975626627603
1710527560.2458663,2.553685771094428
1710527560.2459798,2.65177329381307
1710527560.2460933,2.746707863277859
1710527560.2462068,2.8367381625705295
1710527560.24632,2.9211635059780545
1710527560.2464335,2.9989329973856607
1710527560.246547,3.068995475769043
1710527560.2466605,3.1320518917507596
1710527560.2467737,3.1909041934543185
1710527560.2468872,3.2452027002970376
1710527560.2470007,3.296698729197184
1710527560.2471142,3.3464431762695312
1710527560.2472274,3.3937353558010526
1710527560.247341,3.4368236859639483
1710527560.2474544,3.4750077459547253
1710527560.247568,3.5079373253716364
1710527560.2476811,3.534560998280843
1710527560.2477946,3.554528819190131
1710527560.247908,3.568190998501248
1710527560.2480216,3.5765984323289657
1710527560.2481349,3.5825538635253906
1710527560.2482483,3.585005866156684
1710527560.2483618,3.58570655186971
1710527560.248475,3.585005866156684
1710527560.2485886,3.581152492099338
1710527560.248702,3.5755475362141924
1710527560.2488155,3.566439416673448
1710527560.2489288,3.5552295049031573
1710527560.2490423,3.5387648476494684
1710527560.2491558,3.5208988189697266
1710527560.2492692,3.4995296266343856
1710527560.2493825,3.4771098030938044
1710527560.249496,3.4518872367011175
1710527560.2496095,3.426314459906684
1710527560.249723,3.4014421039157443
1710527560.2498362,3.3765700128343368
1710527560.2499497,3.3513474464416504
1710527560.2500632,3.3261248800489636
1710527560.2501767,3.3019534746805825
1710527560.25029,3.2760302225748696
1710527560.2504034,3.250457445780436
1710527560.250517,3.222782876756456
1710527560.2506304,3.1954582532246905
1710527560.2507436,3.1681338946024575
1710527560.250857,3.139408429463704
1710527560.2509706,3.111383385128445
1710527560.251084,3.084409236907959
1710527560.2511973,3.060237831539578
1710527560.2513108,3.0367668469746905
1710527560.2514243,3.01539765463935
1710527560.2515378,2.9957803090413413
1710527560.251651,2.9761626985337997
1710527560.2517645,2.9565450880262585
1710527560.251878,2.9365772671169705
1710527560.2519915,2.915909025404188
1710527560.2521048,2.8941896226671004
1710527560.2522182,2.873521116044786
1710527560.2523317,2.854253980848524
1710527560.2524452,2.8360377417670355
1710527560.2525585,2.821324666341146
1710527560.252672,2.8087133831448026
1710527560.2527854,2.796802785661485
1710527560.2528987,2.7852423985799155
1710527560.2530122,2.7736820114983454
1710527560.2531257,2.761771414015028
1710527560.2532392,2.7477590243021646
1710527560.2533524,2.7330456839667425
1710527560.253466,2.7172817124260797
1710527560.2535794,2.702918847401937
1710527560.2536929,2.6903075642055936
1710527560.253806,2.6790976524353027
1710527560.2539196,2.6706902186075845
1710527560.254033,2.662282519870334
1710527560.2541466,2.653875086042616
1710527560.2542598,2.6440662807888455
1710527560.2543733,2.6325061586168075
1710527560.2544868,2.6177928182813854
1710527560.2546003,2.6020288467407227
1710527560.2547135,2.583462397257487
1710527560.254827,2.564545472462972
1710527560.2549405,2.5466794437832303
1710527560.255054,2.5291638904147677
1710527560.2551672,2.512348757849799
1710527560.2552807,2.49448299407959
1710527560.2553942,2.4755660692850747
1710527560.2555077,2.4548975626627603
1710527560.255621,2.430025471581353
1710527560.2557344,2.4020004272460938
1710527560.255848,2.3708224296569824
1710527560.2559614,2.3357913229200573
1710527560.2560747,2.29935884475708
1710527560.2561882,2.2622256808810763
1710527560.2563016,2.22369114557902
1710527560.2564151,2.183405293358697
1710527560.2565284,2.143119308683607
1710527560.2566419,2.100381188922458
1710527560.2567554,2.054840591218736
1710527560.2568688,2.0061471727159286
1710527560.256982,1.952899694442749
1710527560.2570956,1.8954483668009439
1710527560.257209,1.834143665101793
1710527560.2573223,1.7703868283165825
1710527560.2574358,1.70347703827752
1710527560.2575493,1.6344654560089111
1710527560.2576628,1.5640526347690158
1710527560.257776,1.4908373355865479
1710527560.2578895,1.4165710078345404
1710527560.258003,1.3391519917382133
1710527560.2581165,1.2592807081010606
1710527560.2582297,1.1752057075500488
1710527560.2583432,1.0869269238577948
1710527560.2584567,0.9958456622229682
1710527560.2585702,0.9002102745903863
1710527560.2586834,0.8010718557569716
1710527560.258797,0.6998315122392442
1710527560.2589104,0.5954383479224311
1710527560.259024,0.49069487386279637
1710527560.2591372,0.38455016083187527
1710527560.2592506,0.27735451857248944
1710527560.2593641,0.1698085500134362
1710527560.2594776,0.06016071471903059
1710527560.2595909,-0.05122866895463731
1710527560.2597044,-0.1657584806283315
1710527560.2598178,-0.2823897533946567
1710527560.2599313,-0.4021732343567742
1710527560.2600446,-0.5233576562669542
1710527560.260158,-0.6462933619817098
1710527560.2602715,-0.7688787248399522
1710527560.260385,-0.8897129694620768
1710527560.2604983,-1.0087959633933172
1710527560.2606118,-1.1254272196027968
1710527560.2607253,-1.2410077783796523
1710527560.2608387,-1.3551873630947537
1710527560.260952,-1.469016604953342
1710527560.2610655,-1.5835464000701904
1710527560.261179,-1.698426538043552
1710527560.2612925,-1.8136567539638944
1710527560.2614057,-1.9274861282772489
1710527560.2615192,-2.038863764868842
1710527560.2616327,-2.1456881364186606
1710527560.261746,-2.247259087032742
1710527560.2618594,-2.343926429748535
1710527560.261973,-2.4349898762173123
1710527560.2620864,-2.5229011641608343
1710527560.2621996,-2.6066093974643283
1710527560.2623131,-2.6892669995625815
1710527560.2624266,-2.770173284742567
1710527560.26254,-2.850379149119059
1710527560.2626534,-2.927082644568549
1710527560.2627668,-2.9999335606892905
1710527560.2628803,-3.0682309468587237
1710527560.2629938,-3.129523860083686
1710527560.263107,-3.1848624017503524
1710527560.2632205,-3.234246836768256
1710527560.263334,-3.2780271106296115
1710527560.2634475,-3.31795507007175
1710527560.2635608,-3.3540301852756076
1710527560.2636743,-3.388704458872477
1710527560.2637877,-3.4198760986328125
1710527560.2639012,-3.449296686384413
1710527560.2640145,-3.475214640299479
1710527560.264128,-3.4965795940823026
1710527560.2642415,-3.5130410724216037
1710527560.264355,-3.5235484441121416
1710527560.2644682,-3.529852761162652
1710527560.2645817,-3.5312536027696395
1710527560.2646952,-3.5288018650478787
1710527560.2648087,-3.523898654513889
1710527560.264922,-3.5165434413486056
1710527560.2650354,-3.5088380177815752
1710527560.2651489,-3.4990313318040633
1710527560.2652624,-3.488173749711778
1710527560.2653756,-3.475214640299479
1710527560.265489,-3.460504478878445
1710527560.2656026,-3.443692790137397
1710527560.265716,-3.4251297844780817
1710527560.2658293,-3.4034146202935114
1710527560.2659428,-3.380298614501953
1710527560.2660563,-3.3554312917921276
1710527560.2661695,-3.3302134937710233
1710527560.266283,-3.304295539855957
1710527560.2663965,-3.278377585940891
1710527560.26651,-3.2538604736328125
1710527560.2666233,-3.230393992529975
1710527560.2667367,-3.207628197140164
1710527560.2668502,-3.1855628225538464
1710527560.2669637,-3.1627970271640353
1710527560.267077,-3.1393305460611978
1710527560.2671905,-3.1151636441548662
1710527560.267304,-3.0909970071580672
1710527560.2674174,-3.0647285779317217
1710527560.2675307,-3.0398612552218967
1710527560.2676442,-3.0167452494303384
1710527560.2677577,-2.9953802956475153
1710527560.2678711,-2.9754164483812118
1710527560.2679844,-2.9582542843288846
1710527560.2680979,-2.9428437021043563
1710527560.2682114,-2.9281335406833224
1710527560.2683249,-2.9130729039510093
1710527560.268438,-2.896961636013455
1710527560.2685516,-2.8794495264689126
1710527560.268665,-2.8615869416130915
1710527560.2687786,-2.843374411265055
1710527560.2688918,-2.825862036810981
1710527560.2690053,-2.809751033782959
1710527560.2691188,-2.79679192437066
1710527560.2692323,-2.7859343422783747
1710527560.2693455,-2.7757771809895835
1710527560.269459,-2.767371336619059
1710527560.2695725,-2.758265071445041
1710527560.269686,-2.747757699754503
1710527560.2697992,-2.7347985903422036
1710527560.2699127,-2.7207888497246637
1710527560.2700262,-2.7057284779018826
1710527560.2701397,-2.690667841169569
1710527560.270253,-2.676307890150282
1710527560.2703664,-2.66510009765625
1710527560.27048,-2.655293411678738
1710527560.2705932,-2.645836671193441
1710527560.2707067,-2.6367304060194225
1710527560.2708201,-2.6258728239271374
1710527560.2709336,-2.6129137145148382
1710527560.2710469,-2.597152656979031
1710527560.2711604,-2.5775390201144748
1710527560.2712739,-2.5568747520446777
1710527560.2713873,-2.53480937745836
1710527560.2715006,-2.514144844479031
1710527560.271614,-2.491729259490967
1710527560.2717276,-2.4707147810194225
1710527560.271841,-2.449700037638346
1710527560.2719543,-2.42868529425727
1710527560.2720678,-2.4034677611456976
1710527560.2721813,-2.3754482799106174
1710527560.2722948,-2.343926429748535
1710527560.272408,-2.3089019457499185
1710527560.2725215,-2.271075513627794
1710527560.272635,-2.2293965021769204
1710527560.2727485,-2.185966306262546
1710527560.2728617,-2.1407847934299045
1710527560.2729752,-2.094552516937256
1710527560.2730887,-2.047269609239366
1710527560.2732022,-1.9975349638197157
1710527560.2733154,-1.945698791080051
1710527560.273429,-1.8896598286098905
1710527560.2735424,-1.8304685751597085
1710527560.273656,-1.7660236358642578
1710527560.2737691,-1.697375774383545
1710527560.2738826,-1.6248752011193168
1710527560.273996,-1.549222469329834
1710527560.2741096,-1.4707679218716092
1710527560.2742229,-1.3898615042368572
1710527560.2743363,-1.307203902138604
1710527560.2744498,-1.223495536380344
1710527560.2745633,-1.137685775756836
1710527560.2746766,-1.0490740007824368
1710527560.27479,-0.9576602776845295
1710527560.2749035,-0.8630943960613674
1710527560.2750168,-0.7650260792838203
1710527560.2751303,-0.6627547740936279
1710527560.2752438,-0.5548796388838027
1710527560.2753572,-0.4442025224367777
1710527560.2754705,-0.3314239117834303
1710527560.275584,-0.2158433695634206
1710527560.2756975,-0.09956234859095679
1710527560.275811,0.015320702352457576
1710527560.2759242,0.1316244817442364
1710527560.2760377,0.24792826837963527
1710527560.2761512,0.3656333022647434
1710527560.2762647,0.4857905043496026
1710527560.276378,0.6087502506044176
1710527560.2764914,0.7352130942874484
1710527560.276605,0.8641280730565388
1710527560.2767184,0.9937437375386555
1710527560.2768316,1.1230091253916423
1710527560.276945,1.2515738275316026
1710527560.2770586,1.3752341270446777
1710527560.277172,1.49539139535692
1710527560.2772853,1.6127460532718234
1710527560.2773988,1.7269480228424072
1710527560.2775123,1.8390480677286782
1710527560.2776258,1.9521990087297227
1710527560.277739,2.0657002925872803
1710527560.2778525,2.179551919301351
1710527560.277966,2.292002307044135
1710527560.2780795,2.4016499519348145
1710527560.2781928,2.5056929058498807
1710527560.2783062,2.6048313246832953
1710527560.2784197,2.696262995402018
1710527560.2785332,2.7817392349243164
1710527560.2786465,2.86126004325019
1710527560.27876,2.9365772671169705
1710527560.2788734,3.0090920130411782
1710527560.278987,3.07950496673584
1710527560.2791002,3.148516549004449
1710527560.2792137,3.214024967617459
1710527560.2793272,3.2753295368618436
1710527560.2794404,3.3320803112453885
1710527560.279554,3.380773862202962
1710527560.2796674,3.4224608209398055
1710527560.2797809,3.4574921925862627
1710527560.279894,3.4869183434380426
1710527560.2800076,3.510739803314209
1710527560.280121,3.531057834625244
1710527560.2802346,3.5492740737067328
1710527560.2803478,3.565388520558675
1710527560.2804613,3.5783500141567655
1710527560.2805748,3.5899104012383356
1710527560.2806883,3.59726693895128
1710527560.2808015,3.6007701026068792
1710527560.280915,3.59901852077908
1710527560.2810285,3.5934135648939343
1710527560.281142,3.5832542843288846
1710527560.2812552,3.570292790730794
1710527560.2813687,3.554178343878852
1710527560.2814822,3.5366627905103893
1710527560.2815957,3.5184465514289007
1710527560.281709,3.4988292058308916
1710527560.2818224,3.478160699208577
1710527560.281936,3.45644129647149
1710527560.2820494,3.4340212080213757
1710527560.2821627,3.4105502234564886
1710527560.2822762,3.384977446662055
1710527560.2823896,3.357653088039822
1710527560.2825031,3.3296280437045627
1710527560.2826164,3.30055210325453
1710527560.2827299,3.270775477091471
1710527560.2828434,3.2406486405266657
1710527560.2829568,3.211572700076633
1710527560.28307,3.1835476557413735
1710527560.2831836,3.157624668545193
1710527560.283297,3.1324021021525064
1710527560.2834105,3.108580907185872
1710527560.2835238,3.0861608187357583
1710527560.2836373,3.0630403094821506
1710527560.2837508,3.0395693249172635
1710527560.283864,3.015047444237603
1710527560.2839775,2.9915764596727157
1710527560.284091,2.9667043685913086
1710527560.2842045,2.942532698313395
1710527560.2843177,2.9208132955763073
1710527560.2844312,2.900495264265272
1710527560.2845447,2.8836801317003036
1710527560.2846582,2.867916160159641
1710527560.2847714,2.853903505537245
1710527560.284885,2.8402413262261286
1710527560.2849984,2.825178040398492
1710527560.285112,2.8094138039482965
1710527560.2852252,2.7936498324076333
1710527560.2853386,2.776484489440918
1710527560.2854521,2.7593191464742026
1710527560.2855656,2.7446060710483127
1710527560.2856789,2.731294102138943
1710527560.2857924,2.7200841903686523
1710527560.2859058,2.711326281229655
1710527560.2860193,2.702918847401937
1710527560.2861326,2.6938107278611922
1710527560.286246,2.6836517122056747
1710527560.2863595,2.6713906394110785
1710527560.286473,2.657378249698215
1710527560.2865863,2.641263802846273
1710527560.2866998,2.6247991455925836
1710527560.2868133,2.6090351740519204
1710527560.2869267,2.5939716233147516
1710527560.28704,2.580309444003635
1710527560.2871535,2.5666472646925182
1710527560.287267,2.5540359814961753
1710527560.2873805,2.539673116472032
1710527560.2874937,2.5225077735053167
1710527560.2876072,2.503591113620334
1710527560.2877207,2.480820814768473
1710527560.2878342,2.4548975626627603
1710527560.2879474,2.4282738897535534
1710527560.288061,2.4002488454182944
1710527560.2881744,2.3715231153700085
1710527560.2882876,2.3431478606330023
1710527560.2884011,2.3140719201829696
1710527560.2885146,2.28464576933119
1710527560.288628,2.2513659795125327
1710527560.2887414,2.2159843974643283
1710527560.2888548,2.176048755645752
1710527560.2889683,2.133660978741116
1710527560.2890818,2.0863686667548285
1710527560.289195,2.0362740092807345
1710527560.2893085,1.9826761881510415
1710527560.289422,1.9269764423370361
1710527560.2895355,1.8709264861212835
1710527560.2896488,1.8124242623647053
1710527560.2897623,1.7521704567803276
1710527560.2898757,1.6898148589664035
1710527560.2899892,1.6239560974968803
1710527560.2901025,1.5545941723717582
1710527560.290216,1.4810285303327773
1710527560.2903295,1.402558618121677
1710527560.290443,1.3198847240871854
1710527560.2905562,1.2354595131344266
1710527560.2906697,1.145779424243503
1710527560.2907832,1.0553987820943196
1710527560.2908967,0.9611646996604072
1710527560.29101,0.8665802743699815
1710527560.2911234,0.7691933711369832
1710527560.2912369,0.6714561912748549
1710527560.2913504,0.5716170867284139
1710527560.2914636,0.4689755042394002
1710527560.291577,0.36318110095130074
1710527560.2916906,0.2545842031637828
1710527560.291804,0.14213386509153578
1710527560.2919173,0.025479766643709607
1710527560.2920308,-0.09115648766358693
1710527560.2921443,-0.20953898628552753
1710527560.2922578,-0.32792147662904525
1710527560.292371,-0.44560349649853176
1710527560.2924845,-0.5604835351308187
1710527560.292598,-0.6757138172785441
1710527560.2927113,-0.7909441656536526
1710527560.2928247,-0.906524658203125
1710527560.2929382,-1.0235061910417345
1710527560.2930517,-1.141888697942098
1710527560.293165,-1.2623725997077093
1710527560.2932785,-1.384257607989841
1710527560.293392,-1.5047415097554524
1710527560.2935054,-1.6231240166558158
1710527560.2936187,-1.7380040221744113
1710527560.2937322,-1.8490314483642578
1710527560.2938457,-1.9548051887088351
1710527560.2939591,-2.0577769809299045
1710527560.2940724,-2.1589974562327066
1710527560.2941859,-2.2574159834120007
1710527560.2942994,-2.3554844326443143
1710527560.2944129,-2.452501985761854
1710527560.294526,-2.548468907674154
1710527560.2946396,-2.6412834061516657
1710527560.294753,-2.7298953798082137
1710527560.2948666,-2.8129031923082137
1710527560.2949798,-2.889606687757704
1710527560.2950933,-2.959305180443658
1710527560.2952068,-3.0226993560791016
1710527560.2953203,-3.08154026667277
1710527560.2954335,-3.135828177134196
1710527560.295547,-3.1883647706773544
1710527560.2956605,-3.237749205695258
1710527560.295774,-3.2853823237948947
1710527560.2958872,-3.3295130729675293
1710527560.2960007,-3.369441032409668
1710527560.2961142,-3.403764830695258
1710527560.2962277,-3.432484997643365
1710527560.296341,-3.4549005826314287
1710527560.2964544,-3.4720624817742243
1710527560.296568,-3.4850215911865234
1710527560.2966814,-3.4941278563605414
1710527560.2967947,-3.5000819630093045
1710527560.2969081,-3.5042850176493325
1710527560.2970216,-3.5081375969780817
1710527560.2971349,-3.5088380177815752
1710527560.2972484,-3.5081375969780817
1710527560.2973619,-3.5039345423380532
1710527560.2974753,-3.4969298044840493
1710527560.2975886,-3.4864224327935114
1710527560.297702,-3.473113112979465
1710527560.2978156,-3.457702530754937
1710527560.297929,-3.438789314693875
1710527560.2980423,-3.4198760986328125
1710527560.2981558,-3.399211565653483
1710527560.2982693,-3.378547297583686
1710527560.2983828,-3.3578827646043563
1710527560.298496,-3.3375687069363065
1710527560.2986095,-3.317254649268256
1710527560.298723,-3.29623990588718
1710527560.2988365,-3.2752251625061035
1710527560.2989497,-3.253159787919786
1710527560.2990632,-3.228993150922987
1710527560.2991767,-3.2044760386149087
1710527560.2992902,-3.178207609388563
1710527560.2994034,-3.15193944507175
1710527560.299517,-3.1260212262471514
1710527560.2996304,-3.1004534827338324
1710527560.299744,-3.0776876873440213
1710527560.2998571,-3.055622312757704
1710527560.2999706,-3.0353079901801214
1710527560.300084,-3.0163950390285916
1710527560.3001976,-2.9981822437710233
1710527560.3003109,-2.978568606906467
1710527560.3004243,-2.958604759640164
1710527560.3005378,-2.9379402266608343
1710527560.3006513,-2.916925483279758
1710527560.3007646,-2.896961636013455
1710527560.300878,-2.8776982095506454
1710527560.3009915,-2.8608865208095975
1710527560.301105,-2.847577200995551
1710527560.3012183,-2.835318777296278
1710527560.3013318,-2.825161616007487
1710527560.3014452,-2.815705140431722
1710527560.3015585,-2.8055479791429305
1710527560.301672,-2.793989976247152
1710527560.3017855,-2.7806806564331055
1710527560.301899,-2.7656202846103244
1710527560.3020122,-2.750909858279758
1710527560.3021257,-2.7369001176622176
1710527560.3022392,-2.725342114766439
1710527560.3023527,-2.715885639190674
1710527560.302466,-2.7067791091071234
1710527560.3025794,-2.6997743712531195
1710527560.302693,-2.6913685268825955
1710527560.3028064,-2.682612207200792
1710527560.3029196,-2.670703993903266
1710527560.303033,-2.655293411678738
1710527560.3031466,-2.6384814580281577
1710527560.30326,-2.6209693484836154
1710527560.3033733,-2.6017059220208063
1710527560.3034868,-2.584193812476264
1710527560.3036003,-2.5673821237352157
1710527560.3037138,-2.5519712766011557
1710527560.303827,-2.5358600086636014
1710527560.3039405,-2.519748740726047
1710527560.304054,-2.500485314263238
1710527560.3041675,-2.4780697292751737
1710527560.3042808,-2.452501985761854
1710527560.3043942,-2.4234316084120007
1710527560.3045077,-2.3912093374464245
1710527560.3046212,-2.357936170366075
1710527560.3047345,-2.323612107170953
1710527560.304848,-2.2889380984836154
1710527560.3049614,-2.253563404083252
1710527560.305075,-2.2174881564246283
1710527560.3051882,-2.177910672293769
1710527560.3053017,-2.1369320816463895
1710527560.3054152,-2.0921007792154946
1710527560.3055286,-2.042716476652357
1710527560.305642,-1.9891291194491916
1710527560.3057554,-1.9323896037207708
1710527560.3058689,-1.871447033352322
1710527560.305982,-1.8077026473151312
1710527560.3060956,-1.7422070768144395
1710527560.306209,-1.6742596361372206
1710527560.3063226,-1.6049113538530138
1710527560.3064358,-1.532761123445299
1710527560.3065493,-1.4592097865210638
1710527560.3066628,-1.38180587026808
1710527560.3067763,-1.300199031829834
1710527560.3068895,-1.2150896920098198
1710527560.307003,-1.1250770092010498
1710527560.3071165,-1.0308613379796345
1710527560.30723,-0.9320924679438273
1710527560.3073432,-0.829470952351888
1710527560.3074567,-0.7257987393273247
1710527560.3075702,-0.6193245119518703
1710527560.3076837,-0.512149863772922
1710527560.307797,-0.4035742084185282
1710527560.3079104,-0.29464827643500435
1710527560.308024,-0.18362091647254095
1710527560.3081374,-0.07014184362358517
1710527560.3082507,0.046848836872312755
1710527560.3083642,0.16700605551401773
1710527560.3084776,0.29136700762642753
1710527560.3085911,0.4174795415666368
1710527560.3087044,0.5453436573346456
1710527560.3088179,0.672507087389628
1710527560.3089314,0.7979190349578857
1710527560.3090448,0.9219296773274739
1710527560.309158,1.0420868794123332
1710527560.3092716,1.1615435282389324
1710527560.309385,1.2799490822686088
1710527560.3094985,1.3987051116095648
1710527560.3096118,1.5195629331800673
1710527560.3097253,1.6407710976070828
1710527560.3098388,1.7637308438618977
1710527560.3099523,1.8859899044036865
1710527560.3100655,2.0047459337446423
1710527560.310179,2.1199987994299994
1710527560.3102925,2.2285956806606717
1710527560.3104057,2.3326383696662054
1710527560.3105192,2.4303756819831
1710527560.3106327,2.5249600410461426
1710527560.3107462,2.615340815650092
1710527560.3108594,2.705020639631483
1710527560.310973,2.7947007285224066
1710527560.3110864,2.880877653757731
1710527560.3112,2.965302997165256
1710527560.3113132,3.0444735950893826
1710527560.3114266,3.1180392371283636
1710527560.3115401,3.1835476557413735
1710527560.3116536,3.2427506976657443
1710527560.3117669,3.2942464616563583
1710527560.3118804,3.3401375346713595
1710527560.3119938,3.381824758317735
1710527560.3121073,3.4203590287102594
1710527560.3122206,3.4557406107584634
1710527560.312334,3.4883197148640948
1710527560.3124475,3.51879702674018
1710527560.312561,3.5450702243381076
1710527560.3126743,3.5660892062717013
1710527560.3127878,3.5804518063863116
1710527560.3129013,3.591661983066135
1710527560.3130147,3.5958655675252276
1710527560.313128,3.596216042836507
1710527560.3132415,3.5920121934678817
1710527560.313355,3.5867574479844833
1710527560.3134685,3.580101595984565
1710527560.3135817,3.570292790730794
1710527560.3136952,3.5597835646735296
1710527560.3138087,3.548923863304986
1710527560.3139222,3.535611894395616
1710527560.3140354,3.519147237141927
1710527560.314149,3.500230312347412
1710527560.3142624,3.4795618057250977
1710527560.3143759,3.4567915068732367
1710527560.3144891,3.4322696261935763
1710527560.3146026,3.4059961636861162
1710527560.314716,3.37937249077691
1710527560.3148293,3.3523983425564237
1710527560.3149428,3.325774669647217
1710527560.3150563,3.2995012071397567
1710527560.3151698,3.2735782199435763
1710527560.315283,3.2487058639526367
1710527560.3153965,3.223833772871229
1710527560.31551,3.1982609960767956
1710527560.3156235,3.1737391153971353
1710527560.3157368,3.1471151775783963
1710527560.3158503,3.1201412942674422
1710527560.3159637,3.092816670735677
1710527560.3160772,3.0665434731377497
1710527560.3161905,3.0406202210320368
1710527560.316304,3.0167990260654025
1710527560.3164175,2.9943789376152887
1710527560.316531,2.9747613271077475
1710527560.3166442,2.955494191911485
1710527560.3167577,2.938679324256049
1710527560.3168712,2.9208132955763073
1710527560.3169847,2.9018963707817926
1710527560.317098,2.8829794459872775
1710527560.3172114,2.8633621003892684
1710527560.3173249,2.8433942794799805
1710527560.3174384,2.8244773546854653
1710527560.3175516,2.80731201171875
1710527560.317665,2.7922484609815807
1710527560.3177786,2.779987653096517
1710527560.317892,2.7687777413262262
1710527560.3180053,2.758618460761176
1710527560.3181188,2.7477590243021646
1710527560.3182323,2.7365488476223416
1710527560.3183458,2.722185982598199
1710527560.318459,2.707472907172309
1710527560.3185725,2.691708935631646
1710527560.318686,2.67629517449273
1710527560.3187995,2.662282519870334
1710527560.3189127,2.6496712366739907
1710527560.3190262,2.638811800214979
1710527560.3191397,2.6293532053629556
1710527560.319253,2.619544400109185
1710527560.3193665,2.608684698740641
1710527560.31948,2.595723205142551
1710527560.3195934,2.579608758290609
1710527560.3197067,2.5603416230943465
1710527560.3198202,2.539673116472032
1710527560.3199337,2.5169028176201715
1710527560.3200471,2.495183414883084
1710527560.3201604,2.472763591342502
1710527560.3202739,2.4510441886054144
1710527560.3203874,2.4286241001553006
1710527560.3205009,2.404452429877387
1710527560.320614,2.3792301283942328
1710527560.3207276,2.3498037126329208
1710527560.320841,2.317925294240316
1710527560.3209546,2.2818430264790854
1710527560.3210678,2.242257859971788
1710527560.3211813,2.2005706363254123
1710527560.3212948,2.15678162044949
1710527560.3214083,2.1119415760040283
1710527560.3215215,2.0664008458455405
1710527560.321635,2.0198093520270453
1710527560.3217485,1.9714661439259846
1710527560.321862,1.9196199046240912
1710527560.3219752,1.8646208445231118
1710527560.3220887,1.8064689636230469
1710527560.3222022,1.7430623372395833
1710527560.3223157,1.6768533653683133
1710527560.322429,1.606440544128418
1710527560.3225424,1.5325245592329237
1710527560.322656,1.4551054106818304
1710527560.3227694,1.3773360517289903
1710527560.3228827,1.2967642148335774
1710527560.3229961,1.2140903207990859
1710527560.3231096,1.1293147669898138
1710527560.323223,1.0413862599266899
1710527560.3233364,0.9510056177775065
1710527560.3234499,0.8560709158579508
1710527560.3235633,0.7579833931393093
1710527560.3236766,0.6560424301359389
1710527560.32379,0.5502480268478394
1710527560.3239036,0.4409504930178324
1710527560.324017,0.32990141047371757
1710527560.3241303,0.21780138214429218
1710527560.3242438,0.10500072605080074
1710527560.3243573,-0.00849889125674963
1710527560.3244708,-0.12162772317727406
1710527560.324584,-0.23510679602622986
1710527560.3246975,-0.35033709473080105
1710527560.324811,-0.4666181405385335
1710527560.3249245,-0.584650370809767
1710527560.3250377,-0.7058348258336385
1710527560.3251512,-0.828069978290134
1710527560.3252647,-0.9513558944066365
1710527560.3253782,-1.0753422975540161
1710527560.3254914,-1.1965268188052707
1710527560.325605,-1.314208772447374
1710527560.3257184,-1.4301395416259766
1710527560.325832,-1.5418673886193168
1710527560.3259451,-1.6518440511491563
1710527560.3260586,-1.7607699500189886
1710527560.326172,-1.8689954280853271
1710527560.3262856,-1.9782715373569064
1710527560.3263988,-2.0864968829684787
1710527560.3265123,-2.193321386973063
1710527560.3266258,-2.2983945740593805
1710527560.3267393,-2.3975136544969344
1710527560.3268526,-2.4920794698927136
1710527560.326966,-2.58069117863973
1710527560.3270795,-2.6633487807379828
1710527560.327193,-2.741103172302246
1710527560.3273063,-2.8150044547186956
1710527560.3274198,-2.8861040539211698
1710527560.3275332,-2.9547519154018826
1710527560.3276467,-3.0223491456773544
1710527560.32776,-3.0867939525180392
1710527560.3278735,-3.148086600833469
1710527560.327987,-3.2051764594184027
1710527560.3281002,-3.2552613152398004
1710527560.3282137,-3.3000924852159286
1710527560.3283272,-3.338619338141547
1710527560.3284407,-3.3704916636149087
1710527560.328554,-3.398861355251736
1710527560.3286674,-3.4230282571580672
1710527560.328781,-3.4454438421461315
1710527560.3288944,-3.465057479010688
1710527560.3290076,-3.483270274268256
1710527560.329121,-3.49798043568929
1710527560.3292346,-3.5084878073798285
1710527560.329348,-3.5161932309468584
1710527560.3294613,-3.5179445478651257
1710527560.3295748,-3.5158430205451117
1710527560.3296883,-3.5098889138963485
1710527560.3298018,-3.4990313318040633
1710527560.329915,-3.4864224327935114
1710527560.3300285,-3.473113112979465
1710527560.330142,-3.45735232035319
1710527560.3302555,-3.441591262817383
1710527560.3303688,-3.4254799948798285
1710527560.3304822,-3.407967885335286
1710527560.3305957,-3.390105300479465
1710527560.3307092,-3.370841874016656
1710527560.3308225,-3.3498273955451117
1710527560.330936,-3.3277620209587946
1710527560.3310494,-3.303595119052463
1710527560.331163,-3.2790780067443848
1710527560.3312762,-3.2542106840345593
1710527560.3313897,-3.2272418340047198
1710527560.3315032,-3.2020243008931475
1710527560.3316166,-3.178207609388563
1710527560.33173,-3.155792024400499
1710527560.3318434,-3.133726649814182
1710527560.3319569,-3.1137628025478787
1710527560.3320704,-3.093098269568549
1710527560.3321836,-3.072434001498752
1710527560.332297,-3.050718837314182
1710527560.3324106,-3.0276028315226235
1710527560.3325238,-3.003435929616292
1710527560.3326373,-2.979969448513455
1710527560.3327508,-2.958604759640164
1710527560.3328643,-2.936188909742567
1710527560.3329775,-2.916925483279758
1710527560.333091,-2.900814480251736
1710527560.3332045,-2.887154950035943
1710527560.333318,-2.8738456302218967
1710527560.3334312,-2.8608865208095975
1710527560.3335447,-2.8465265697903104
1710527560.3336582,-2.830765512254503
1710527560.3337717,-2.814654244316949
1710527560.333885,-2.797492345174154
1710527560.3339984,-2.7806806564331055
1710527560.334112,-2.7656202846103244
1710527560.3342254,-2.752310964796278
1710527560.3343387,-2.74180359310574
1710527560.3344522,-2.7340981695387097
1710527560.3345656,-2.7263927459716797
1710527560.3346791,-2.7176366911994085
1710527560.3347924,-2.7092308468288846
1710527560.3349059,-2.6969724231296115
1710527560.3350194,-2.6833128929138184
1710527560.3351328,-2.667902045779758
1710527560.335246,-2.65249146355523
1710527560.3353596,-2.6377810372246637
1710527560.335473,-2.6244717174106174
1710527560.3355865,-2.6132639249165854
1710527560.3356998,-2.603457238939073
1710527560.3358133,-2.592949867248535
1710527560.3359268,-2.5810416539510093
1710527560.3360403,-2.5673821237352157
1710527560.3361535,-2.550570434994168
1710527560.336267,-2.530606322818332
1710527560.3363805,-2.507490317026774
1710527560.336494,-2.483323415120443
1710527560.3366072,-2.4577556716071234
1710527560.3367207,-2.4321879280938044
1710527560.3368342,-2.405919498867459
1710527560.3369474,-2.3800015449523926
1710527560.337061,-2.3533829053243003
1710527560.3371744,-2.3243125279744468
1710527560.337288,-2.2920902570088706
1710527560.3374012,-2.256015141805013
1710527560.3375146,-2.2164375252193875
1710527560.3376281,-2.172306776046753
1710527560.3377416,-2.1250237358940973
1710527560.3378549,-2.0749388800726996
1710527560.3379683,-2.022402286529541
1710527560.3380818,-1.9691651397281222
1710527560.3381953,-1.9145271513197157
1710527560.3383086,-1.857087082333035
1710527560.338422,-1.7975456184811063
1710527560.3385355,-1.7352020740509033
1710527560.338649,-1.6683055294884575
1710527560.3387623,-1.5979064835442436
1710527560.3388758,-1.5229541725582547
1710527560.3389893,-1.4430985185835097
1710527560.3391027,-1.3600907060835097
1710527560.339216,-1.2721794181399875
1710527560.3393295,-1.1828672885894775
1710527560.339443,-1.0911032888624403
1710527560.3395565,-0.9979383813010322
1710527560.3396697,-0.9030222230487399
1710527560.3397832,-0.8063548803329468
1710527560.3398967,-0.7082865635553995
1710527560.3400102,-0.6049645609325832
1710527560.3401234,-0.4995410641034444
1710527560.340237,-0.38991467820273507
1710527560.3403504,-0.2753848665290409
1710527560.3404639,-0.15700237618552312
1710527560.3405771,-0.03511743826998605
1710527560.3406906,0.08643416066964467
1710527560.340804,0.21044481131765577
1710527560.3409176,0.3330542312728034
1710527560.3410308,0.454612672328949
1710527560.3411443,0.5761711464987861
1710527560.3412578,0.6966786914401584
1710527560.341371,0.8189377519819472
1710527560.3414845,0.9432987372080485
1710527560.341598,1.0701119237475925
1710527560.3417115,1.1983263492584229
1710527560.3418248,1.3275916046566434
1710527560.3419383,1.456506649653117
1710527560.3420517,1.5826192167070177
1710527560.3421652,1.70347703827752
1710527560.3422785,1.8204814857906766
1710527560.342392,1.9329318735334609
1710527560.3425055,2.0401275157928467
1710527560.342619,2.144870890511407
1710527560.3427322,2.249264187282986
1710527560.3428457,2.352606190575494
1710527560.3429592,2.4548975626627603
1710527560.3430727,2.556138038635254
1710527560.343186,2.6545757717556424
1710527560.3432994,2.7484594451056585
1710527560.3434129,2.8360377417670355
1710527560.3435264,2.9169599215189614
1710527560.3436396,2.9898248778449164
1710527560.343753,3.0570848782857256
1710527560.3438666,3.119790818956163
1710527560.34398,3.1782931751675076
1710527560.3440933,3.2346934742397733
1710527560.3442068,3.288641505771213
1710527560.3443203,3.3397870593600802
1710527560.3444338,3.388480610317654
1710527560.344547,3.43156894048055
1710527560.3446605,3.4687021043565536
1710527560.344774,3.4988292058308916
1710527560.3448875,3.5233510865105524
1710527560.3450007,3.541917535993788
1710527560.3451142,3.5552295049031573
1710527560.3452277,3.565388520558675
1710527560.3453412,3.573095268673367
1710527560.3454545,3.5783500141567655
1710527560.345568,3.5815029674106174
1710527560.3456814,3.5832542843288846
1710527560.3457947,3.5815029674106174
1710527560.3459082,3.577299118041992
1710527560.3460217,3.568891684214274
1710527560.3461351,3.557681507534451
1710527560.3462484,3.542267746395535
1710527560.3463619,3.524051507314046
1710527560.3464754,3.5037334760030108
1710527560.3465889,3.481313387552897
1710527560.346702,3.4592437744140625
1710527560.3468156,3.4357727898491754
1710527560.346929,3.412301805284288
1710527560.3470426,3.38918129603068
1710527560.3471558,3.3650096257527666
1710527560.3472693,3.3404877450731063
1710527560.3473828,3.3149149682786727
1710527560.3474963,3.289342191484239
1710527560.3476095,3.261667357550727
1710527560.347723,3.233642578125
1710527560.3478365,3.2052670584784613
1710527560.34795,3.176891803741455
1710527560.3480632,3.1488667594061956
1710527560.3481767,3.1218926111857095
1710527560.3482902,3.0970205201043024
1710527560.3484037,3.0742502212524414
1710527560.348517,3.0521806081136065
1710527560.3486304,3.0318623118930392
1710527560.348744,3.011194070180257
1710527560.3488574,2.9908757739596896
1710527560.3489707,2.9698570569356284
1710527560.3490841,2.947436968485514
1710527560.3491976,2.9257175657484265
1710527560.349311,2.9039984279208713
1710527560.3494244,2.8826292355855307
1710527560.3495378,2.864763206905789
1710527560.3496513,2.8489992353651257
1710527560.3497648,2.834286159939236
1710527560.349878,2.8220250871446395
1710527560.3499916,2.809764279259576
1710527560.350105,2.7971529960632324
1710527560.3502183,2.7834908167521157
1710527560.3503318,2.7680770556131997
1710527560.3504453,2.7519626087612576
1710527560.3505588,2.7361986372205944
1710527560.350672,2.7207848760816784
1710527560.3507855,2.707472907172309
1710527560.350899,2.6966132058037653
1710527560.3510125,2.6854032940334744
1710527560.3511257,2.6780467563205295
1710527560.3512392,2.668938636779785
1710527560.3513527,2.6587796211242676
1710527560.3514662,2.646168337927924
1710527560.3515794,2.6311047871907554
1710527560.351693,2.614289919535319
1710527560.3518064,2.5974747869703503
1710527560.35192,2.578908337487115
1710527560.3520331,2.5620932049221463
1710527560.3521466,2.5445776515536838
1710527560.35226,2.5295141008165145
1710527560.3523736,2.5130494435628257
1710527560.3524868,2.496234575907389
1710527560.3526003,2.476967175801595
1710527560.3527138,2.4545473522610135
1710527560.3528273,2.429674996270074
1710527560.3529406,2.4012997415330672
1710527560.353054,2.369771533542209
1710527560.3531675,2.336492008633084
1710527560.353281,2.303212218814426
1710527560.3533943,2.268531322479248
1710527560.3535078,2.233499950832791
1710527560.3536212,2.19601657655504
1710527560.3537347,2.1581828594207764
1710527560.353848,2.1168459786309137
1710527560.3539615,2.071655591328939
1710527560.354075,2.021911144256592
1710527560.3541884,1.968663665983412
1710527560.3543017,1.9108621279398599
1710527560.3544152,1.850257979498969
1710527560.3545287,1.7875520388285318
1710527560.354642,1.7220436202155218
1710527560.3547554,1.6551339626312256
1710527560.354869,1.5854216946495903
1710527560.3549824,1.5132572915818956
1710527560.3550956,1.4396916495429144
1710527560.355209,1.3622726334465873
1710527560.3553226,1.280649767981635
1710527560.355436,1.19552387131585
1710527560.3555493,1.1058437824249268
1710527560.3556628,1.0130109389623005
1710527560.3557763,0.9163246552149454
1710527560.3558898,0.8168358935250176
1710527560.356003,0.7155955500072902
1710527560.3561165,0.6129539675182766
1710527560.35623,0.5092614558007982
1710527560.3563435,0.4034670525126987
1710527560.3564568,0.2976726492245992
1710527560.3565702,0.18942606117990282
1710527560.3566837,0.07872728010018666
1710527560.3567972,-0.03511743826998605
1710527560.3569105,-0.1513984633816613
1710527560.357024,-0.2711819443437788
1710527560.3571374,-0.39096540874905056
1710527560.357251,-0.512850350803799
1710527560.3573642,-0.6340348058276706
1710527560.3574777,-0.7545187738206651
1710527560.3575912,-0.8722007274627686
1710527560.3577046,-0.989182260301378
1710527560.357818,-1.1047628190782335
1710527560.3579314,-1.219292614195082
1710527560.3580449,-1.3345229625701904
1710527560.3581583,-1.4515044954087999
1710527560.3582716,-1.5688362386491563
1710527560.358385,-1.6861679818895128
1710527560.3584986,-1.8027991718716092
1710527560.358612,-1.9180295202467177
1710527560.3587253,-2.028006182776557
1710527560.3588388,-2.1337799231211343
1710527560.3589523,-2.234299977620443
1710527560.3590655,-2.330266899532742
1710527560.359179,-2.423081398010254
1710527560.3592925,-2.511342896355523
1710527560.359406,-2.598553763495551
1710527560.3595192,-2.684363524119059
1710527560.3596327,-2.7691226535373263
1710527560.3597462,-2.850379149119059
1710527560.3598597,-2.9267324341668024
1710527560.359973,-2.9981822437710233
1710527560.3600864,-3.063327736324734
1710527560.3602,-3.121118015713162
1710527560.3603134,-3.173304133945041
1710527560.3604267,-3.2198866208394366
1710527560.3605402,-3.263316949208577
1710527560.3606536,-3.302894698248969
1710527560.3607671,-3.340720865461561
1710527560.3608804,-3.376445770263672
1710527560.3609939,-3.4090185165405273
1710527560.3611073,-3.438088893890381
1710527560.3612208,-3.464006847805447
1710527560.361334,-3.484320905473497
1710527560.3614476,-3.4990313318040633
1710527560.361561,-3.5088380177815752
1710527560.3616745,-3.5130410724216037
1710527560.3617878,-3.515492810143365
1710527560.3619013,-3.5144419140285916
1710527560.3620148,-3.5116399659050836
1710527560.3621283,-3.5077873865763345
1710527560.3622415,-3.5014830695258246
1710527560.362355,-3.4934274355570474
1710527560.3624685,-3.484671115875244
1710527560.362582,-3.4734633233812118
1710527560.3626952,-3.459453582763672
1710527560.3628087,-3.4429921044243708
1710527560.3629222,-3.4240788883633084
1710527560.3630357,-3.40236398908827
1710527560.363149,-3.380298614501953
1710527560.3632624,-3.356481922997369
1710527560.363376,-3.3330154418945312
1710527560.3634892,-3.3088488048977323
1710527560.3636026,-3.2860827445983887
1710527560.3637161,-3.2636671596103244
1710527560.3638296,-3.24125157462226
1710527560.3639429,-3.218835989634196
1710527560.3640563,-3.1964204046461315
1710527560.3641698,-3.1719032923380532
1710527560.3642833,-3.146685759226481
1710527560.3643966,-3.1207675404018826
1710527560.36451,-3.0948495864868164
1710527560.3646235,-3.0682309468587237
1710527560.364737,-3.0419627825419107
1710527560.3648503,-3.018496301439073
1710527560.3649638,-2.9974818229675293
1710527560.3650773,-2.978568606906467
1710527560.3651907,-2.9607060220506454
1710527560.365304,-2.9442445437113443
1710527560.3654175,-2.926382223765055
1710527560.365531,-2.908169428507487
1710527560.3656445,-2.8889060020446777
1710527560.3657577,-2.8699927859836154
1710527560.3658712,-2.8500289387173123
1710527560.3659847,-2.831816408369276
1710527560.3660982,-2.816055350833469
1710527560.3662114,-2.802395820617676
1710527560.366325,-2.7918884489271374
1710527560.3664384,-2.7813810772365994
1710527560.3665519,-2.7726250224643283
1710527560.3666651,-2.763168546888563
1710527560.3667786,-2.752310964796278
1710527560.366892,-2.739351855383979
1710527560.3670056,-2.7249919043646917
1710527560.3671188,-2.7095810572306314
1710527560.3672323,-2.6948708958095975
1710527560.3673458,-2.6812113655938044
1710527560.3674593,-2.6696533626980252
1710527560.3675725,-2.660196622212728
1710527560.367686,-2.6510903570387097
1710527560.3677995,-2.6419840918646917
1710527560.3679128,-2.6328775617811413
1710527560.3680263,-2.6195685068766275
1710527560.3681397,-2.6045078701443143
1710527560.3682532,-2.5866455501980252
1710527560.3683665,-2.5673821237352157
1710527560.36848,-2.5470678011576333
1710527560.3685935,-2.5264035330878363
1710527560.368707,-2.507490317026774
1710527560.3688202,-2.488226890563965
1710527560.3689337,-2.4703643057081432
1710527560.3690472,-2.45040045844184
1710527560.3691607,-2.42868529425727
1710527560.369274,-2.403817971547445
1710527560.3693874,-2.3750980695088706
1710527560.3695009,-2.343575954437256
1710527560.3696144,-2.3089019457499185
1710527560.3697276,-2.271425724029541
1710527560.369841,-2.2321984503004284
1710527560.3699546,-2.192620833714803
1710527560.370068,-2.1512920326656766
1710527560.3701813,-2.1089126004113092
1710527560.3702948,-2.0644315083821616
1710527560.3704083,-2.016798390282525
1710527560.3705218,-1.9649622175428603
1710527560.370635,-1.9099738862779405
1710527560.3707485,-1.8500822120242648
1710527560.370862,-1.785637272728814
1710527560.3709755,-1.716989411248101
1710527560.3710887,-1.6444889704386392
1710527560.3712022,-1.5698868698543973
1710527560.3713157,-1.4928332964579265
1710527560.3714292,-1.4126272996266682
1710527560.3715425,-1.3313706715901692
1710527560.371656,-1.2480126486884222
1710527560.3717694,-1.1618525452084012
1710527560.371883,-1.0725403494305081
1710527560.3719962,-0.9793754418690999
1710527560.3721097,-0.8830583095550537
1710527560.3722231,-0.7804367939631144
1710527560.3723364,-0.6743128432167901
1710527560.3724499,-0.5646864573160807
1710527560.3725634,-0.4533088538381788
1710527560.3726768,-0.33947954575220746
1710527560.37279,-0.22529996103710598
1710527560.3729036,-0.11006967061095767
1710527560.373017,0.004811324696573946
1710527560.3731306,0.12006416916847229
1710527560.3732438,0.23811951279640198
1710527560.3733573,0.3579264216952854
1710527560.3734708,0.4805358250935872
1710527560.3735843,0.6055974298053317
1710527560.3736975,0.7348627514309353
1710527560.373811,0.8651790353986952
1710527560.3739245,0.9937437375386555
1710527560.374038,1.1205568578508165
1710527560.3741512,1.2456185287899442
1710527560.3742647,1.3654254542456732
1710527560.3743782,1.4824297693040636
1710527560.3744917,1.5973322921329074
1710527560.374605,1.7122348149617512
1710527560.3747184,1.826787127388848
1710527560.374832,1.9427405463324652
1710527560.3749454,2.0579934120178223
1710527560.3750587,2.1735966205596924
1710527560.3751721,2.2860468758477106
1710527560.3752856,2.393242518107096
1710527560.375399,2.496234575907389
1710527560.3755124,2.591519355773926
1710527560.3756258,2.6804987589518228
1710527560.3757393,2.764573891957601
1710527560.3758528,2.8444451755947537
1710527560.375966,2.9218641916910806
1710527560.3760796,2.9982323116726346
1710527560.376193,3.072148429022895
1710527560.3763065,3.1429115931193032
1710527560.3764198,3.2091206974453397
1710527560.3765333,3.269724580976698
1710527560.3766468,3.323322402106391
1710527560.37676,3.370264371236165
1710527560.3768735,3.4094993273417153
1710527560.376987,3.442428641849094
1710527560.3771005,3.4704536861843533
1710527560.3772137,3.4956762525770397
1710527560.3773272,3.5184465514289007
1710527560.3774407,3.538414372338189
1710527560.3775542,3.5562804010179305
1710527560.3776674,3.5716941621568465
1710527560.377781,3.5822033882141113
1710527560.3778944,3.589209715525309
1710527560.378008,3.5906110869513617
1710527560.3781211,3.5874581336975098
1710527560.3782346,3.580802281697591
1710527560.378348,3.5706432660420733
1710527560.3784616,3.557331297132704
1710527560.3785748,3.5436691178215876
1710527560.3786883,3.5286055670844183
1710527560.3788018,3.511440224117703
1710527560.3789153,3.493574460347493
1710527560.3790286,3.4750077459547253
1710527560.379142,3.4553904003567166
1710527560.3792555,3.4340212080213757
1710527560.379369,3.4098498026529946
1710527560.3794823,3.384276760949029
1710527560.3795958,3.357302877638075
1710527560.3797092,3.328927357991536
1710527560.3798227,3.2995012071397567
1710527560.379936,3.2704252666897244
1710527560.3800495,3.2416995366414385
1710527560.380163,3.2136747572157116
1710527560.3802764,3.1870508193969727
1710527560.3803897,3.162178728315565
1710527560.3805032,3.137656847635905
1710527560.3806167,3.1134851773579912
1710527560.3807302,3.08931377198961
1710527560.3808434,3.0644414159986706
1710527560.380957,3.039218849605984
1710527560.3810704,3.0125951766967773
1710527560.3811836,2.988073296017117
1710527560.381297,2.9632012049357095
1710527560.3814106,2.9397302203708224
1710527560.381524,2.919061713748508
1710527560.3816373,2.900495264265272
1710527560.3817508,2.884030607011583
1710527560.3818643,2.8682663705613876
1710527560.3819778,2.853203084733751
1710527560.382091,2.8370886378818088
1710527560.3822045,2.82027350531684
1710527560.382318,2.803808848063151
1710527560.3824315,2.784891923268636
1710527560.3825448,2.7673763699001737
1710527560.3826582,2.752313084072537
1710527560.3827717,2.738300429450141
1710527560.3828852,2.7277912033928766
1710527560.3829985,2.718332608540853
1710527560.383112,2.7099251747131348
1710527560.3832254,2.7008170551723905
1710527560.383339,2.6910082499186196
1710527560.3834522,2.679798338148329
1710527560.3835657,2.6657856835259333
1710527560.3836792,2.6503719223870172
1710527560.3837926,2.6356588469611273
1710527560.383906,2.6212959819369845
1710527560.3840194,2.607984277937147
1710527560.3841329,2.595723205142551
1710527560.3842463,2.58451329337226
1710527560.3843596,2.573303116692437
1710527560.384473,2.561042308807373
1710527560.3845866,2.545978758070204
1710527560.3847,2.5284632047017417
1710527560.3848133,2.50744448767768
1710527560.3849268,2.4843237135145397
1710527560.3850403,2.4594516224331326
1710527560.3851538,2.4324774742126465
1710527560.385267,2.407255172729492
1710527560.3853805,2.380981710222032
1710527560.385494,2.354357772403293
1710527560.3856072,2.3252818319532604
1710527560.3857207,2.296205891503228
1710527560.3858342,2.2629263665941024
1710527560.3859477,2.226143413119846
1710527560.386061,2.1858575608995223
1710527560.3861744,2.141367859310574
1710527560.386288,2.0933749940660262
1710527560.3864014,2.0439808898501926
1710527560.3865147,1.9924849934048123
1710527560.3866282,1.9399380683898926
1710527560.3867416,1.8845886654324002
1710527560.3868551,1.8281883663601346
1710527560.3869684,1.76898545689053
1710527560.3870819,1.7066298590766058
1710527560.3871953,1.6404207547505696
1710527560.3873088,1.5703582763671875
1710527560.387422,1.49539139535692
1710527560.3875356,1.4162207974327934
1710527560.387649,1.3338972462548149
1710527560.3877625,1.2484210067325168
1710527560.3878758,1.1601422892676458
1710527560.3879893,1.0697615808910794
1710527560.3881028,0.9776293569140964
1710527560.3882163,0.8833952744801838
1710527560.3883295,0.787409676445855
1710527560.388443,0.6889718108707004
1710527560.3885565,0.587381190723843
1710527560.38867,0.4826376835505167
1710527560.3887832,0.3743911120626661
1710527560.3888967,0.2622910837332408
1710527560.3890102,0.14703823460472953
1710527560.3891237,0.030384144435326256
1710527560.389237,-0.08835453954007891
1710527560.3893504,-0.20673703816201952
1710527560.389464,-0.3247692849900987
1710527560.3895774,-0.4403498106532627
1710527560.3896906,-0.5555801259146796
1710527560.3898041,-0.6711606846915351
1710527560.3899176,-0.7874416642718844
1710527560.3900309,-0.904773473739624
1710527560.3901443,-1.0238564676708646
1710527560.3902578,-1.1453910668690999
1710527560.3903713,-1.2672760751512315
1710527560.3904846,-1.387759976916843
1710527560.390598,-1.5054420630137124
1710527560.3907115,-1.6213728321923149
1710527560.390825,-1.7320499155256484
1710527560.3909383,-1.8392246299319797
1710527560.3910518,-1.94324705335829
1710527560.3911653,-2.0448178715176053
1710527560.3912787,-2.1449877156151667
1710527560.391392,-2.244807349310981
1710527560.3915055,-2.344276640150282
1710527560.391619,-2.4430455101860895
1710527560.3917325,-2.538311746385362
1710527560.3918457,-2.6304260889689126
1710527560.3919592,-2.715885639190674
1710527560.3920727,-2.7957412931654186
1710527560.3921862,-2.8692923651801214
1710527560.3922994,-2.9368895954555936
1710527560.392413,-3.000633981492784
1710527560.3925264,-3.0612262090047198
1710527560.3926399,-3.1179655922783747
1710527560.3927531,-3.173304133945041
1710527560.3928666,-3.2272418340047198
1710527560.39298,-3.2776769002278643
1710527560.3930936,-3.322858545515272
1710527560.3932068,-3.3631364504496255
1710527560.3933203,-3.397810724046495
1710527560.3934338,-3.426530626085069
1710527560.3935473,-3.44964689678616
1710527560.3936605,-3.467159006330702
1710527560.393774,-3.4822196430630155
1710527560.3938875,-3.4941278563605414
1710527560.394001,-3.5056858592563205
1710527560.3941143,-3.5130410724216037
1710527560.3942277,-3.5186449686686196
1710527560.3943412,-3.521797127193875
1710527560.3944545,-3.5221473375956216
1710527560.394568,-3.5175940725538464
1710527560.3946815,-3.5102391242980957
1710527560.394795,-3.4986811214023166
1710527560.3949082,-3.483620484670003
1710527560.3950217,-3.467509216732449
1710527560.3951352,-3.4485960006713867
1710527560.3952487,-3.4296830495198565
1710527560.395362,-3.409368726942274
1710527560.3954754,-3.389404879675971
1710527560.3955889,-3.369441032409668
1710527560.3957024,-3.3491267098320856
1710527560.3958156,-3.3295130729675293
1710527560.395929,-3.307797908782959
1710527560.3960426,-3.2853823237948947
1710527560.396156,-3.2619161076015897
1710527560.3962693,-3.236698309580485
1710527560.3963828,-3.2114807764689126
1710527560.3964963,-3.1848624017503524
1710527560.3966098,-3.159294393327501
1710527560.396723,-3.134777545928955
1710527560.3968365,-3.1113110648261175
1710527560.39695,-3.089946111043294
1710527560.3970635,-3.069982263776991
1710527560.3971767,-3.050018416510688
1710527560.3972902,-3.0307549900478787
1710527560.3974037,-3.010440667470296
1710527560.3975172,-2.988725768195258
1710527560.3976305,-2.965609497494168
1710527560.397744,-2.9431939125061035
1710527560.3978574,-2.9207783275180392
1710527560.397971,-2.9001137945387097
1710527560.3980842,-2.8808503680759006
1710527560.3981977,-2.8643888897365994
1710527560.3983111,-2.8510798348320856
1710527560.3984246,-2.838470935821533
1710527560.3985379,-2.826912932925754
1710527560.3986514,-2.814654244316949
1710527560.3987648,-2.801345189412435
1710527560.398878,-2.7862845526801214
1710527560.3989916,-2.7712241808573403
1710527560.399105,-2.755112912919786
1710527560.3992186,-2.7404024865892196
1710527560.3993318,-2.7284942732916937
1710527560.3994453,-2.718687587314182
1710527560.3995588,-2.7102814780341253
1710527560.3996723,-2.7036269505818686
1710527560.3997855,-2.6962717374165854
1710527560.399899,-2.6875156826443143
1710527560.4000125,-2.676658100552029
1710527560.400126,-2.662648359934489
1710527560.4002392,-2.647237777709961
1710527560.4003527,-2.63077629937066
1710527560.4004662,-2.6143148210313583
1710527560.4005797,-2.598553763495551
1710527560.400693,-2.584544022878011
1710527560.4008064,-2.570184071858724
1710527560.40092,-2.5579253832499185
1710527560.4010334,-2.5432152218288846
1710527560.4011467,-2.5267537434895835
1710527560.4012601,-2.50678989622328
1710527560.4013736,-2.4840238359239364
1710527560.401487,-2.4577556716071234
1710527560.4016004,-2.429035504659017
1710527560.4017138,-2.3978638648986816
1710527560.4018273,-2.3670424355400934
1710527560.4019408,-2.334469689263238
1710527560.402054,-2.3018969429863825
1710527560.4021676,-2.26897398630778
1710527560.402281,-2.2328988711039224
1710527560.4023945,-2.19367159737481
1710527560.4025078,-2.1512920326656766
1710527560.4026213,-2.104009124967787
1710527560.4027348,-2.0528735054863825
1710527560.4028482,-1.9982353846232095
1710527560.4029615,-1.940094894833035
1710527560.403075,-1.879152456919352
1710527560.4031885,-1.8164587020874023
1710527560.4033017,-1.7516635523902044
1710527560.4034152,-1.6861679818895128
1710527560.4035287,-1.6175201204087999
1710527560.4036422,-1.547121074464586
1710527560.4037554,-1.4728693167368572
1710527560.403869,-1.3951151900821261
1710527560.4039824,-1.3128077983856201
1710527560.404096,-1.226297484503852
1710527560.4042091,-1.1355842484368217
1710527560.4043226,-1.0403178797827826
1710527560.404436,-0.9422495630052354
1710527560.4045496,-0.8413792981041802
1710527560.4046628,-0.7391079929139879
1710527560.4047763,-0.6354357798894247
1710527560.4048898,-0.5310630467202928
1710527560.4050033,-0.42458885245853
1710527560.4051166,-0.3160131639904446
1710527560.40523,-0.2039350734816657
1710527560.4053435,-0.08835453954007891
1710527560.405457,0.030734456247753568
1710527560.4055703,0.153694169388877
1710527560.4056838,0.27875575754377574
1710527560.4057972,0.40591925382614136
1710527560.4059107,0.5330827169948154
1710527560.406024,0.6581442885928683
1710527560.4061375,0.7818046543333266
1710527560.406251,0.9033630953894721
1710527560.4063644,1.0231700208452013
1710527560.4064777,1.1429769463009305
1710527560.4065912,1.2631340821584065
1710527560.4067047,1.3857434855567083
1710527560.4068182,1.5087032318115234
1710527560.4069314,1.6327138741811116
1710527560.407045,1.7556736204359267
1710527560.4071584,1.875830888748169
1710527560.4072719,1.9924849934048123
1710527560.407385,2.1031836668650308
1710527560.4074986,2.2075768311818442
1710527560.407612,2.3077662785847983
1710527560.4077253,2.404452429877387
1710527560.4078388,2.4979858928256564
1710527560.4079523,2.591519355773926
1710527560.4080658,2.6836517122056747
1710527560.408179,2.775083382924398
1710527560.4082925,2.8626614146762424
1710527560.408406,2.947436968485514
1710527560.4085195,3.025907145606147
1710527560.4086328,3.0970205201043024
1710527560.4087462,3.161127832200792
1710527560.4088597,3.2192797131008573
1710527560.4089732,3.2704252666897244
1710527560.4090865,3.319469028049045
1710527560.4092,3.3643089400397406
1710527560.4093134,3.4063466389973955
1710527560.409427,3.446982701619466
1710527560.4095402,3.483765655093723
1710527560.4096537,3.516344759199354
1710527560.4097672,3.5440193282233343
1710527560.4098806,3.565738730960422
1710527560.409994,3.581152492099338
1710527560.4101074,3.5909612973531084
1710527560.4102209,3.596216042836507
1710527560.4103343,3.5969167285495334
1710527560.4104476,3.5958655675252276
1710527560.410561,3.592712879180908
1710527560.4106746,3.5874581336975098
1710527560.410788,3.580802281697591
1710527560.4109013,3.572394847869873
1710527560.4110148,3.560834460788303
1710527560.4111283,3.54647159576416
1710527560.4112418,3.5296564631991916
1710527560.411355,3.5100391176011825
1710527560.4114685,3.487268818749322
1710527560.411582,3.462396462758382
1710527560.4116955,3.4371741612752276
1710527560.4118087,3.410200013054742
1710527560.4119222,3.3832258648342557
1710527560.4120357,3.3562519815233016
1710527560.412149,3.3296280437045627
1710527560.4122624,3.3033545811971026
1710527560.412376,3.277431594000922
1710527560.4124894,3.2518588172064886
1710527560.4126027,3.2248846689860025
1710527560.4127162,3.1979105207655163
1710527560.4128296,3.16953526602851
1710527560.4129431,3.1404593255784774
1710527560.4130564,3.112784491644965
1710527560.4131699,3.084409236907959
1710527560.4132833,3.057435088687473
1710527560.4133968,3.0318623118930392
1710527560.41351,3.0094424883524575
1710527560.4136236,2.98772308561537
1710527560.413737,2.9681054751078286
1710527560.4138505,2.9495390256245932
1710527560.4139638,2.930622100830078
1710527560.4140773,2.911705176035563
1710527560.4141908,2.891737355126275
1710527560.4143043,2.8710688485039606
1710527560.4144175,2.850050131479899
1710527560.414531,2.8311332066853843
1710527560.4146445,2.8136176533169217
1710527560.414758,2.7996052636040583
1710527560.4148712,2.7855926089816623
1710527560.4149847,2.7743826972113714
1710527560.4150982,2.763522995842828
1710527560.4152117,2.752313084072537
1710527560.415325,2.7400520112779403
1710527560.4154384,2.726389831966824
1710527560.415552,2.711676756540934
1710527560.4156654,2.695912520090739
1710527560.4157786,2.680849234263102
1710527560.4158921,2.6668365796407065
1710527560.4160056,2.6545757717556424
1710527560.416119,2.6447669665018716
1710527560.4162323,2.6360090573628745
1710527560.4163458,2.626550727420383
1710527560.4164593,2.6170923974778915
1710527560.4165726,2.6048313246832953
1710527560.416686,2.5897680388556585
1710527560.4167995,2.57295290629069
1710527560.416913,2.5540359814961753
1710527560.4170263,2.534768846299913
1710527560.4171398,2.5151512357923718
1710527560.4172533,2.495533890194363
1710527560.4173667,2.4755660692850747
1710527560.41748,2.456999354892307
1710527560.4175935,2.4359806378682456
1710527560.417707,2.4132103390163846
1710527560.4178205,2.3862361907958984
1710527560.4179337,2.3571602503458657
1710527560.4180472,2.322829829321967
1710527560.4181607,2.2860468758477106
1710527560.4182742,2.2468119197421603
1710527560.4183874,2.2061755922105575
1710527560.418501,2.164488368564182
1710527560.4186144,2.1214000384012857
1710527560.4187279,2.077260547214084
1710527560.4188411,2.031369606653849
1710527560.4189546,1.9826761881510415
1710527560.419068,1.9308299488491483
1710527560.4191816,1.8740793069203694
1710527560.4192948,1.814526187049018
1710527560.4194083,1.749367978837755
1710527560.4195218,1.6807067394256592
1710527560.4196353,1.6099435753292508
1710527560.4197485,1.537078619003296
1710527560.419862,1.461060709423489
1710527560.4199755,1.3829410076141357
1710527560.420089,1.303420066833496
1710527560.4202023,1.2214469909667969
1710527560.4203157,1.1363209618462455
1710527560.4204292,1.0476919015248616
1710527560.4205427,0.9562602970335219
1710527560.420656,0.8602746327718098
1710527560.4207695,0.760785871081882
1710527560.420883,0.6574436691072252
1710527560.4209962,0.5519995755619472
1710527560.4211097,0.4434026943312751
1710527560.4212232,0.33480577998691136
1710527560.4213367,0.22445731692843968
1710527560.42145,0.11445916361278957
1710527560.4215634,0.004110699260814322
1710527560.4216769,-0.10726771420902675
1710527560.4217904,-0.22039655182096693
1710527560.4219036,-0.33632732099956936
1710527560.422017,-0.4533088538381788
1710527560.4221306,-0.5730923016866049
1710527560.422244,-0.6956777307722304
1710527560.4223573,-0.8186134364869859
1710527560.4224708,-0.9408485889434814
1710527560.4225843,-1.063083741399977
1710527560.4226978,-1.1818165249294705
1710527560.422811,-1.297397083706326
1710527560.4229245,-1.4115766684214275
1710527560.423038,-1.5229541725582547
1710527560.4231515,-1.633631388346354
1710527560.4232647,-1.7446586820814345
1710527560.4233782,-1.8556861082712808
1710527560.4234917,-1.9670637448628743
1710527560.4236052,-2.0770402749379477
1710527560.4237185,-2.184214989344279
1710527560.423832,-2.287887202368842
1710527560.4239454,-2.3849047554863825
1710527560.424059,-2.4777195188734265
1710527560.4241722,-2.5638794898986816
1710527560.4242857,-2.645136250389947
1710527560.4243991,-2.7232405874464245
1710527560.4245126,-2.7981927659776473
1710527560.4246259,-2.8720943133036294
1710527560.4247394,-2.9449452294243708
1710527560.4248528,-3.014293511708577
1710527560.4249663,-3.0797892146640353
1710527560.4250796,-3.140731652577718
1710527560.425193,-3.1957199838426376
1710527560.4253066,-3.244053522745768
1710527560.4254198,-3.2867834303114147
1710527560.4255333,-3.3239091767205133
1710527560.4256468,-3.355781502193875
1710527560.4257603,-3.384501404232449
1710527560.4258735,-3.4125208854675293
1710527560.425987,-3.4377384185791016
1710527560.4261005,-3.460154268476698
1710527560.426214,-3.4794176949395075
1710527560.4263272,-3.4965795940823026
1710527560.4264407,-3.5081375969780817
1710527560.4265542,-3.5147921244303384
1710527560.4266677,-3.5175940725538464
1710527560.426781,-3.5161932309468584
1710527560.4268944,-3.5109395451015897
1710527560.427008,-3.5025337007310653
1710527560.4271214,-3.4920263290405273
1710527560.4272346,-3.480818536546495
1710527560.4273481,-3.468209637535943
1710527560.4274616,-3.4549005826314287
1710527560.427575,-3.439489735497369
1710527560.4276884,-3.4230282571580672
1710527560.4278018,-3.405866358015272
1710527560.4279153,-3.38555203543769
1710527560.4280288,-3.3631364504496255
1710527560.428142,-3.338619338141547
1710527560.4282556,-3.313401805029975
1710527560.428369,-3.2867834303114147
1710527560.4284825,-3.2601647906833224
1710527560.4285958,-3.234597047170003
1710527560.4287093,-3.2093795140584307
1710527560.4288228,-3.1855628225538464
1710527560.4289362,-3.162096341451009
1710527560.4290495,-3.140381442175971
1710527560.429163,-3.1190164883931475
1710527560.4292765,-3.0962506930033364
1710527560.42939,-3.073134422302246
1710527560.4295032,-3.0489675203959146
1710527560.4296167,-3.0237499872843423
1710527560.4297302,-2.999232874976264
1710527560.4298434,-2.975766658782959
1710527560.429957,-2.9540514945983887
1710527560.4300704,-2.9344378577338324
1710527560.430184,-2.9172759585910373
1710527560.4302971,-2.901865111456977
1710527560.4304106,-2.8885557916429305
1710527560.430524,-2.8745460510253906
1710527560.4306376,-2.8598358896043563
1710527560.4307508,-2.844074832068549
1710527560.4308643,-2.827263143327501
1710527560.4309778,-2.809751033782959
1710527560.4310913,-2.793989976247152
1710527560.4312046,-2.7782289187113443
1710527560.431318,-2.7656202846103244
1710527560.4314315,-2.75581333372328
1710527560.431545,-2.748808330959744
1710527560.4316583,-2.74180359310574
1710527560.4317718,-2.734448379940457
1710527560.4318852,-2.7249919043646917
1710527560.4319987,-2.7141343222724066
1710527560.432112,-2.7011752128601074
1710527560.4322255,-2.687865893046061
1710527560.432339,-2.673155731625027
1710527560.4324524,-2.659145991007487
1710527560.4325657,-2.6475879881117077
1710527560.4326792,-2.6374308268229165
1710527560.4327927,-2.6276241408454046
1710527560.4329062,-2.6181674003601074
1710527560.4330194,-2.6073098182678223
1710527560.433133,-2.594000498453776
1710527560.4332464,-2.5778892305162215
1710527560.4333599,-2.5596767001681857
1710527560.433473,-2.5369109047783747
1710527560.4335866,-2.514144844479031
1710527560.4337,-2.489627732170953
1710527560.4338136,-2.4665117263793945
1710527560.4339268,-2.4433957205878363
1710527560.4340403,-2.4192288186815047
1710527560.4341538,-2.3950619167751737
1710527560.434267,-2.368443277147081
1710527560.4343805,-2.338672743903266
1710527560.434494,-2.3053995768229165
1710527560.4346075,-2.267573144700792
1710527560.4347208,-2.2258941332499185
1710527560.4348342,-2.182463804880778
1710527560.4349477,-2.1348305543263755
1710527560.4350612,-2.0847456985049777
1710527560.4351745,-2.035011053085327
1710527560.435288,-1.9831748803456624
1710527560.4354014,-1.9285368919372559
1710527560.435515,-1.871447033352322
1710527560.4356282,-1.8108548058403862
1710527560.4357417,-1.7464099989997015
1710527560.4358552,-1.6774119271172416
1710527560.4359686,-1.6042108005947537
1710527560.436082,-1.5264566739400227
1710527560.4361954,-1.4448498355017767
1710527560.4363089,-1.3604410489400227
1710527560.4364223,-1.2728799713982475
1710527560.4365356,-1.1839179197947185
1710527560.436649,-1.0932047499550712
1710527560.4367626,-1.0007403294245403
1710527560.436876,-0.906524658203125
1710527560.4369893,-0.8102075258890787
1710527560.4371028,-0.7114387220806545
1710527560.4372163,-0.6074162324269613
1710527560.4373298,-0.5002415511343214
1710527560.437443,-0.3881634606255425
1710527560.4375565,-0.2743341359827253
1710527560.43767,-0.15560140212376913
1710527560.4377835,-0.037218903501828514
1710527560.4378967,0.08293103012773725
1710527560.4380102,0.201687001519733
1710527560.4381237,0.32044298119015163
1710527560.4382372,0.4384983248180813
1710527560.4383504,0.5576045645607842
1710527560.438464,0.6767108705308702
1710527560.4385774,0.7989699310726589
1710527560.4386907,0.9247321552700466
1710527560.4388041,1.0515453418095906
1710527560.4389176,1.1811610062917073
1710527560.4390311,1.3093753655751545
1710527560.4391444,1.4347872469160292
1710527560.4392579,1.557396782769097
1710527560.4393713,1.6754519939422607
1710527560.4394848,1.788252724541558
1710527560.439598,1.89930174085829
1710527560.4397116,2.0075484116872153
1710527560.439825,2.115444607204861
1710527560.4399385,2.2233409351772733
1710527560.4400518,2.330886787838406
1710527560.4401653,2.437732219696045
1710527560.4402788,2.5410744878980847
1710527560.4403923,2.639512221018473
1710527560.4405055,2.7330456839667425
1710527560.440619,2.819573084513346
1710527560.4407325,2.8983932071261935
1710527560.440846,2.972659534878201
1710527560.4409592,3.0406202210320368
1710527560.4410727,3.1061286396450467
1710527560.4411862,3.168834580315484
1710527560.4412997,3.2297889391581216
1710527560.441413,3.287240399254693
1710527560.4415264,3.342239326900906
1710527560.44164,3.3912830882602267
1710527560.4417534,3.4329703119066024
1710527560.4418666,3.469052579667833
1710527560.4419801,3.4988292058308916
1710527560.4420936,3.5212490293714733
1710527560.442207,3.539115058051215
1710527560.4423203,3.553477923075358
1710527560.4424338,3.566439416673448
1710527560.4425473,3.576248221927219
1710527560.4426608,3.58430544535319
1710527560.442774,3.5906110869513617
1710527560.4428875,3.593063089582655
1710527560.443001,3.592712879180908
1710527560.4431143,3.5874581336975098
1710527560.4432278,3.5790506998697915
1710527560.4433413,3.5667896270751953
1710527560.4434547,3.550324969821506
1710527560.443568,3.5321087307400174
1710527560.4436815,3.5135422812567816
1710527560.443795,3.492173088921441
1710527560.4439085,3.4708041614956326
1710527560.4440217,3.4483840730455184
1710527560.4441352,3.4259639845954046
1710527560.4442487,3.402843475341797
1710527560.4443622,3.3790222803751626
1710527560.4444754,3.3545003996955023
1710527560.444589,3.3278764618767633
1710527560.4447024,3.299851417541504
1710527560.4448159,3.270775477091471
1710527560.4449291,3.242050011952718
1710527560.4450426,3.212273385789659
1710527560.445156,3.1828472349378796
1710527560.4452696,3.1555228763156467
1710527560.4453828,3.128198252783881
1710527560.4454963,3.1040268474155
1710527560.4456098,3.081256548563639
1710527560.4457233,3.0588364601135254
1710527560.4458365,3.0367668469746905
1710527560.44595,3.014696968926324
1710527560.4460635,2.991926670074463
1710527560.446177,2.969156371222602
1710527560.4462903,2.9453351762559676
1710527560.4464037,2.923265563117133
1710527560.4465172,2.9025970564948187
1710527560.4466307,2.8829794459872775
1710527560.446744,2.8672154744466147
1710527560.4468575,2.8525023990207248
1710527560.446971,2.8398911158243814
1710527560.4470844,2.827279832628038
1710527560.4471977,2.8139678637186685
1710527560.4473112,2.8003056844075522
1710527560.4474247,2.784891923268636
1710527560.447538,2.7687777413262262
1710527560.4476514,2.7519626087612576
1710527560.4477649,2.7372495333353677
1710527560.4478784,2.723937564425998
1710527560.4479916,2.7123774422539606
1710527560.448105,2.702918847401937
1710527560.4482186,2.695212099287245
1710527560.448332,2.6861039797465005
1710527560.4484453,2.676645384894477
1710527560.4485588,2.6650849978129068
1710527560.4486723,2.6514228185017905
1710527560.4487858,2.6360090573628745
1710527560.448899,2.619194189707438
1710527560.4490125,2.6027295324537487
1710527560.449126,2.5862648752000594
1710527560.4492395,2.5719020101759167
1710527560.4493527,2.557188934750027
1710527560.4494662,2.543176280127631
1710527560.4495797,2.5274123085869684
1710527560.4496932,2.5091960695054794
1710527560.4498065,2.488177352481418
1710527560.44992,2.464355892605252
1710527560.4500334,2.4366813235812717
1710527560.450147,2.407255172729492
1710527560.4502602,2.3743255933125815
1710527560.4503736,2.3427976502312555
1710527560.4504871,2.311269442240397
1710527560.4506006,2.2783401277330184
1710527560.4507139,2.243308756086561
1710527560.4508274,2.206876277923584
1710527560.4509408,2.1676411893632674
1710527560.4510543,2.1242025163438583
1710527560.4511676,2.077260547214084
1710527560.451281,2.026114993625217
1710527560.4513946,1.9711159335242376
1710527560.451508,1.9136646058824327
1710527560.4516213,1.853410800298055
1710527560.4517348,1.7907048596276176
1710527560.4518483,1.7276485761006672
1710527560.4519615,1.661789814631144
1710527560.452075,1.5941796037885878
1710527560.4521885,1.52236541112264
1710527560.452302,1.449150111940172
1710527560.4524152,1.3710304101308186
1710527560.4525287,1.288356648551093
1710527560.4526422,1.202880409028795
1710527560.4527557,1.1124997668796115
1710527560.452869,1.0193165805604723
1710527560.4529824,0.9229806396696303
1710527560.453096,0.8255937364366319
1710527560.4532094,0.725754631890191
1710527560.4533226,0.6245142883724636
1710527560.4534361,0.5225733253690932
1710527560.4535496,0.4181801941659715
1710527560.453663,0.3120354811350505
1710527560.4537764,0.20308825704786512
1710527560.4538898,0.09238946768972608
1710527560.4540033,-0.02320914218823115
1710527560.4541168,-0.14054089784622192
1710527560.45423,-0.2603243788083394
1710527560.4543436,-0.38080834680133396
1710527560.454457,-0.5005917946497599
1710527560.4545705,-0.6175733274883694
1710527560.4546838,-0.7356055577596029
1710527560.4547973,-0.8508358399073283
1710527560.4549108,-0.9646652142206827
1710527560.4550242,-1.079195009337531
1710527560.4551375,-1.1944252914852567
1710527560.455251,-1.3110566139221191
1710527560.4553645,-1.4287385675642226
1710527560.455478,-1.546420521206326
1710527560.4555912,-1.6651533709632025
1710527560.4557047,-1.780733797285292
1710527560.4558182,-1.8921114338768852
1710527560.4559317,-1.9996363586849637
1710527560.456045,-2.102608150906033
1710527560.4561584,-2.20137702094184
1710527560.456272,-2.2966432571411133
1710527560.4563851,-2.3901584413316512
1710527560.4564986,-2.4829732047186956
1710527560.456612,-2.574737071990967
1710527560.4567256,-2.6640494664510093
1710527560.4568388,-2.752310964796278
1710527560.4569523,-2.8349685668945312
1710527560.4570658,-2.912022272745768
1710527560.4571793,-2.9831216070387097
1710527560.4572926,-3.04721646838718
1710527560.457406,-3.1060573789808483
1710527560.4575195,-3.159294393327501
1710527560.457633,-3.208328617943658
1710527560.4577463,-3.2552613152398004
1710527560.4578598,-3.299041854010688
1710527560.4579732,-3.3410710758633084
1710527560.4580867,-3.3795979287889266
1710527560.4582,-3.4139219919840493
1710527560.4583135,-3.443692790137397
1710527560.458427,-3.4685601128472223
1710527560.4585404,-3.486772643195258
1710527560.4586537,-3.4997317526075573
1710527560.4587672,-3.5091882281833224
1710527560.4588807,-3.5133912828233504
1710527560.4589942,-3.5151425997416177
1710527560.4591074,-3.5147921244303384
1710527560.459221,-3.5133912828233504
1710527560.4593344,-3.5102391242980957
1710527560.4594479,-3.5053356488545733
1710527560.459561,-3.4965795940823026
1710527560.4596746,-3.4864224327935114
1710527560.459788,-3.4734633233812118
1710527560.4599016,-3.45735232035319
1710527560.4600148,-3.438789314693875
1710527560.4601283,-3.4181247817145453
1710527560.4602418,-3.395358986324734
1710527560.4603553,-3.3711920844184027
1710527560.4604685,-3.3477258682250977
1710527560.460582,-3.32425938712226
1710527560.4606955,-3.301493591732449
1710527560.4608088,-3.2790780067443848
1710527560.4609222,-3.255961736043294
1710527560.4610357,-3.23354615105523
1710527560.4611492,-3.210430145263672
1710527560.4612625,-3.1862632433573403
1710527560.461376,-3.161045710245768
1710527560.4614894,-3.134427070617676
1710527560.461603,-3.107458485497369
1710527560.4617162,-3.0804896354675293
1710527560.4618297,-3.055272102355957
1710527560.4619431,-3.0318056212531195
1710527560.4620566,-3.010090457068549
1710527560.46217,-2.99082703060574
1710527560.4622834,-2.972964710659451
1710527560.4623969,-2.9554523362053766
1710527560.4625103,-2.9372398058573403
1710527560.4626236,-2.9179763793945312
1710527560.462737,-2.898012532128228
1710527560.4628506,-2.8776982095506454
1710527560.462964,-2.8584347830878363
1710527560.4630773,-2.839171356625027
1710527560.4631908,-2.822709878285726
1710527560.4633043,-2.8087001376681857
1710527560.4634178,-2.797492345174154
1710527560.463531,-2.7880358695983887
1710527560.4636445,-2.7782289187113443
1710527560.463758,-2.7691226535373263
1710527560.4638715,-2.758265071445041
1710527560.4639847,-2.746006382836236
1710527560.4640982,-2.7319966422186956
1710527560.4642117,-2.7183371120029025
1710527560.4643252,-2.7046775817871094
1710527560.4644384,-2.6927693684895835
1710527560.464552,-2.682962682512071
1710527560.4646654,-2.6749070485432944
1710527560.464779,-2.6682522561815047
1710527560.4648921,-2.661947939130995
1710527560.4650056,-2.65249146355523
1710527560.4651191,-2.641633881462945
1710527560.4652324,-2.6276241408454046
1710527560.4653459,-2.6111626625061035
1710527560.4654593,-2.592599656846788
1710527560.4655728,-2.5743868615892196
1710527560.465686,-2.5554736455281577
1710527560.4657996,-2.5379615359836154
1710527560.465913,-2.520449426439073
1710527560.4660265,-2.5036377376980252
1710527560.4661398,-2.485424942440457
1710527560.4662533,-2.4651108847724066
1710527560.4663668,-2.4412941932678223
1710527560.4664803,-2.413624922434489
1710527560.4665935,-2.3835039138793945
1710527560.466707,-2.349179850684272
1710527560.4668205,-2.3134552107916937
1710527560.466934,-2.2759789890713162
1710527560.4670472,-2.237101925743951
1710527560.4671607,-2.197524309158325
1710527560.4672742,-2.157596482170953
1710527560.4673877,-2.115567127863566
1710527560.467501,-2.0700354046291776
1710527560.4676144,-2.021351522869534
1710527560.467728,-1.9677641656663682
1710527560.4678414,-1.9113748603396945
1710527560.4679546,-1.8497320016225178
1710527560.4680681,-1.78423629866706
1710527560.4681816,-1.7162889904446073
1710527560.468295,-1.6458899445003934
1710527560.4684083,-1.5719883971744113
1710527560.4685218,-1.4980868498484294
1710527560.4686353,-1.4213834868537054
1710527560.4687488,-1.3429288069407146
1710527560.468862,-1.2616721789042156
1710527560.4689755,-1.1758624182807074
1710527560.469089,-1.0876008537080553
1710527560.4692023,-0.9940856695175171
1710527560.4693158,-0.8960173527399699
1710527560.4694293,-0.7933958371480305
1710527560.4695427,-0.6872718864017062
1710527560.469656,-0.5783459875318739
1710527560.4697695,-0.46836935811572605
1710527560.469883,-0.3573419650395711
1710527560.4699965,-0.24421314398447672
1710527560.4701097,-0.13213504519727495
1710527560.4702232,-0.01795548117823071
1710527560.4703367,0.09834478298823038
1710527560.4704502,0.21640012661616007
1710527560.4705634,0.33865922027164036
1710527560.470677,0.46372082498338485
1710527560.4707904,0.5915849076377021
1710527560.4709039,0.7201496097776625
1710527560.4710171,0.849064654774136
1710527560.4711306,0.9758778413136799
1710527560.471244,1.099538140826755
1710527560.4713576,1.2200457519955106
1710527560.4714708,1.3384513060251872
1710527560.4715843,1.4547550678253174
1710527560.4716978,1.5707086192237005
1710527560.4718113,1.687712934282091
1710527560.4719245,1.8057682779100206
1710527560.472038,1.9248746501074896
1710527560.4721515,2.0418789651658797
1710527560.472265,2.15748217370775
1710527560.4723783,2.2681808471679688
1710527560.4724917,2.3736251725090876
1710527560.4726052,2.472062905629476
1710527560.4727187,2.565596368577745
1710527560.472832,2.653524875640869
1710527560.4729455,2.738300429450141
1710527560.473059,2.8220250871446395
1710527560.4731724,2.903297742207845
1710527560.4732857,2.9835192362467446
1710527560.4733992,3.0598873562282987
1710527560.4735126,3.133102787865533
1710527560.473626,3.200362788306342
1710527560.4737394,3.2599157757229276
1710527560.4738529,3.31351359685262
1710527560.4739664,3.3594046698676214
1710527560.4740796,3.3986396259731717
1710527560.474193,3.4326201015048556
1710527560.4743066,3.4641480445861816
1710527560.47442,3.493223985036214
1710527560.4745333,3.5184465514289007
1710527560.4746468,3.541567325592041
1710527560.4747603,3.561885356903076
1710527560.4748738,3.5765984323289657
1710527560.474987,3.5871079232957626
1710527560.4751005,3.5920121934678817
1710527560.475214,3.5920121934678817
1710527560.4753275,3.5871079232957626
1710527560.4754407,3.579751385582818
1710527560.4755542,3.5685412089029946
1710527560.4756677,3.5562804010179305
1710527560.4757812,3.5433189074198403
1710527560.4758945,3.5289560423956976
1710527560.476008,3.5135422812567816
1710527560.4761214,3.4949755668640137
1710527560.476235,3.476759327782525
1710527560.4763482,3.4553904003567166
1710527560.4764616,3.4333205223083496
1710527560.4765751,3.407747745513916
1710527560.4766886,3.381124072604709
1710527560.4768019,3.3530990282694497
1710527560.4769154,3.3243732982211642
1710527560.4770288,3.2949471473693848
1710527560.4771423,3.2665718926323786
1710527560.4772556,3.238897058698866
1710527560.477369,3.2126235961914062
1710527560.4774826,3.187401294708252
1710527560.477596,3.1625289387173123
1710527560.4777093,3.138007058037652
1710527560.4778228,3.1134851773579912
1710527560.4779363,3.087562190161811
1710527560.4780495,3.0626898341708713
1710527560.478163,3.0367668469746905
1710527560.4782765,3.0108435948689776
1710527560.47839,2.9866721895005965
1710527560.4785032,2.9632012049357095
1710527560.4786167,2.942532698313395
1710527560.4787302,2.9243164592319064
1710527560.4788437,2.907501326666938
1710527560.478957,2.8910366694132485
1710527560.4790704,2.875973383585612
1710527560.479184,2.8602091471354165
1710527560.4792974,2.843043804168701
1710527560.4794106,2.825178040398492
1710527560.4795241,2.8076622221204968
1710527560.4796376,2.790497144063314
1710527560.479751,2.7747329076131186
1710527560.4798644,2.7603700425889754
1710527560.4799778,2.749860816531711
1710527560.4800913,2.740752696990967
1710527560.4802048,2.7319947878519693
1710527560.480318,2.7232371436225042
1710527560.4804316,2.713428338368734
1710527560.480545,2.701167265574137
1710527560.4806585,2.688205771976047
1710527560.4807718,2.673492696550157
1710527560.4808853,2.6587796211242676
1710527560.4809988,2.6440662807888455
1710527560.4811122,2.631454997592502
1710527560.4812255,2.6202450858222113
1710527560.481339,2.6100860701666937
1710527560.4814525,2.59922636879815
1710527560.481566,2.5873157713148327
1710527560.4816792,2.573303116692437
1710527560.4817927,2.5564882490370007
1710527560.4819062,2.5365204281277127
1710527560.4820197,2.514450814988878
1710527560.482133,2.4906293551127114
1710527560.4822464,2.4657572640313044
1710527560.48236,2.442286279466417
1710527560.4824731,2.4167135026719833
1710527560.4825866,2.3928923077053494
1710527560.4827,2.36626836988661
1710527560.4828136,2.338243590460883
1710527560.4829268,2.306715382470025
1710527560.4830403,2.2713338004218206
1710527560.4831538,2.231748369004991
1710527560.4832673,2.189010249243842
1710527560.4833806,2.1438199943966336
1710527560.483494,2.095476918750339
1710527560.4836075,2.0460828145345054
1710527560.483721,1.995287471347385
1710527560.4838343,1.9434412320454915
1710527560.4839478,1.8891427252027724
1710527560.4840612,1.8323920832739935
1710527560.4841747,1.7731893062591553
1710527560.484288,1.710133022732205
1710527560.4844015,1.6432233651479085
1710527560.484515,1.5721098581949868
1710527560.4846284,1.495741738213433
1710527560.4847417,1.417972246805827
1710527560.4848552,1.3370500670539007
1710527560.4849687,1.2536757522159152
1710527560.4850821,1.1678491698371039
1710527560.4851954,1.08027093940311
1710527560.485309,0.9905909167395698
1710527560.4854224,0.899159378475613
1710527560.4855359,0.8042246765560573
1710527560.485649,0.7068377733230591
1710527560.4857626,0.6055974298053317
1710527560.485876,0.500853955745697
1710527560.4859896,0.3919067316585117
1710527560.4861028,0.28050733937157524
1710527560.4862163,0.16665574577119616
1710527560.4863298,0.05070227301783032
1710527560.4864433,-0.06488818675279617
1710527560.4865565,-0.18011848131815592
1710527560.48667,-0.29499851995044285
1710527560.4867835,-0.4091781046655443
1710527560.4868968,-0.5240581432978312
1710527560.4870102,-0.6399889124764336
1710527560.4871237,-0.7576709323459201
1710527560.4872372,-0.8778046899371676
1710527560.4873505,-1.0003900527954102
1710527560.487464,-1.1233256922827826
1710527560.4875774,-1.2448604901631672
1710527560.487691,-1.3653443919287787
1710527560.4878042,-1.482676135169135
1710527560.4879177,-1.5961552990807426
1710527560.4880311,-1.706832382414076
1710527560.4881446,-1.8136567539638944
1710527560.488258,-1.9190802839067247
1710527560.4883714,-2.023803260591295
1710527560.4884849,-2.128526237275865
1710527560.4885983,-2.2325486607021756
1710527560.4887116,-2.335520585378011
1710527560.488825,-2.4356902970208063
1710527560.4889386,-2.5316572189331055
1710527560.489052,-2.622019979688856
1710527560.4891653,-2.7060786883036294
1710527560.4892788,-2.7841830253601074
1710527560.4893923,-2.8570339414808483
1710527560.4895058,-2.924630906846788
1710527560.489619,-2.99082703060574
1710527560.4897325,-3.0538709958394366
1710527560.489846,-3.1148134337531195
1710527560.4899595,-3.1743550300598145
1710527560.4900727,-3.229343361324734
1710527560.4901862,-3.2804788483513727
1710527560.4902997,-3.32566049363878
1710527560.4904132,-3.3652379777696395
1710527560.4905264,-3.398511144849989
1710527560.49064,-3.4258302052815752
1710527560.4907534,-3.4482457902696395
1710527560.490867,-3.467509216732449
1710527560.4909801,-3.483620484670003
1710527560.4910936,-3.4983306460910373
1710527560.4912071,-3.5109395451015897
1710527560.4913204,-3.5207464959886337
1710527560.4914339,-3.5270508130391436
1710527560.4915473,-3.5302029715643988
1710527560.4916608,-3.529152340359158
1710527560.491774,-3.524599075317383
1710527560.4918876,-3.5151425997416177
1710527560.492001,-3.5025337007310653
1710527560.4921145,-3.4878235393100314
1710527560.4922278,-3.471011850568983
1710527560.4923413,-3.453149265713162
1710527560.4924548,-3.4342360496520996
1710527560.4925683,-3.4153228335910373
1710527560.4926815,-3.396059407128228
1710527560.492795,-3.3753951390584307
1710527560.4929085,-3.3543803956773544
1710527560.493022,-3.3330154418945312
1710527560.4931352,-3.309899436102973
1710527560.4932487,-3.284331692589654
1710527560.4933622,-3.2587636841668024
1710527560.4934757,-3.231795099046495
1710527560.493589,-3.2051764594184027
1710527560.4937024,-3.178207609388563
1710527560.493816,-3.153690497080485
1710527560.4939294,-3.1298740704854326
1710527560.4940426,-3.1078086958991156
1710527560.4941561,-3.08784458372328
1710527560.4942696,-3.06753052605523
1710527560.494383,-3.047916889190674
1710527560.4944963,-3.027252621120877
1710527560.4946098,-3.006588088141547
1710527560.4947233,-2.982771396636963
1710527560.4948368,-2.9603558116488986
1710527560.49495,-2.9379402266608343
1710527560.4950635,-2.9179763793945312
1710527560.495177,-2.899063163333469
1710527560.4952905,-2.8833021057976618
1710527560.4954038,-2.8696425755818686
1710527560.4955173,-2.8577343622843423
1710527560.4956307,-2.845475938585069
1710527560.495744,-2.833217249976264
1710527560.4958575,-2.818156878153483
1710527560.495971,-2.8034464518229165
1710527560.4960845,-2.7883860800001354
1710527560.4961977,-2.7712241808573403
1710527560.4963112,-2.756863964928521
1710527560.4964247,-2.743905120425754
1710527560.4965382,-2.7347985903422036
1710527560.4966514,-2.7260425355699325
1710527560.496765,-2.7179869016011557
1710527560.4968784,-2.7102814780341253
1710527560.4969919,-2.7011752128601074
1710527560.4971051,-2.6892669995625815
1710527560.4972186,-2.675257258945041
1710527560.497332,-2.659496201409234
1710527560.4974456,-2.6433849334716797
1710527560.4975588,-2.6276241408454046
1710527560.4976723,-2.6125635041130915
1710527560.4977858,-2.598553763495551
1710527560.4978993,-2.586295339796278
1710527560.4980125,-2.5743868615892196
1710527560.498126,-2.5603771209716797
1710527560.4982395,-2.5439156426323786
1710527560.498353,-2.525352636973063
1710527560.4984663,-2.503287262386746
1710527560.4985797,-2.4784199396769204
1710527560.4986932,-2.4507506688435874
1710527560.4988067,-2.422030766805013
1710527560.49892,-2.3929603894551597
1710527560.4990335,-2.3635400666130915
1710527560.499147,-2.333769268459744
1710527560.4992604,-2.3029478391011557
1710527560.4993737,-2.2703750928243003
1710527560.4994872,-2.2339497672186956
1710527560.4996006,-2.194021807776557
1710527560.4997141,-2.1498910586039224
1710527560.4998274,-2.101907730102539
1710527560.4999409,-2.0497213469611273
1710527560.5000544,-1.9947330156962075
1710527560.5001676,-1.9376431571112738
1710527560.500281,-1.878451903661092
1710527560.5003946,-1.8171592553456624
1710527560.500508,-1.7555162641737196
1710527560.5006213,-1.6903709040747747
1710527560.5007348,-1.6231240166558158
1710527560.5008483,-1.553075181113349
1710527560.5009618,-1.4781230025821261
1710527560.501075,-1.400368743472629
1710527560.5011885,-1.317010720570882
1710527560.501302,-1.230150196287367
1710527560.5014155,-1.140137513478597
1710527560.5015287,-1.0466223292880588
1710527560.5016422,-0.9506554073757595
1710527560.5017557,-0.8532875776290894
1710527560.5018692,-0.7552192608515421
1710527560.5019825,-0.6553996933831109
1710527560.502096,-0.5538289083374871
1710527560.5022094,-0.4487556881374783
1710527560.502323,-0.34158100684483844
1710527560.5024362,-0.2295028997792138
1710527560.5025496,-0.11357211404376559
1710527560.5026631,0.006212575050691763
1710527560.5027766,0.1302232344945272
1710527560.5028899,0.2538835671212938
1710527560.5030034,0.37859486209021675
1710527560.5031168,0.5026055044598049
1710527560.5032303,0.6252149078581068
1710527560.5033436,0.7460727294286092
1710527560.503457,0.8665802743699815
1710527560.5035706,0.9870878193113539
1710527560.503684,1.1089966032240126
1710527560.5037973,1.233357588450114
1710527560.5039108,1.3594701555040147
1710527560.5040243,1.4866336186726887
1710527560.5041378,1.6127460532718234
1710527560.504251,1.7374573813544378
1710527560.5043645,1.8565636210971408
1710527560.504478,1.9718164867824979
1710527560.5045912,2.0818146069844565
1710527560.5047047,2.187258799870809
1710527560.5048182,2.2895500395033093
1710527560.5049317,2.3890389336480036
1710527560.505045,2.488877773284912
1710527560.5051584,2.5873157713148327
1710527560.505272,2.684001922607422
1710527560.5053854,2.7785862816704645
1710527560.5054986,2.868967056274414
1710527560.5056121,2.9519910282558866
1710527560.5057256,3.0287096235487194
1710527560.505839,3.097370730506049
1710527560.5059524,3.1586755646599665
1710527560.5060658,3.215426074133979
1710527560.5061793,3.268323474460178
1710527560.5062928,3.3173672358194985
1710527560.506406,3.3650096257527666
1710527560.5065196,3.4098498026529946
1710527560.506633,3.450485865275065
1710527560.5067465,3.4876190291510687
1710527560.5068598,3.5184465514289007
1710527560.5069733,3.5436691178215876
1710527560.5070868,3.561885356903076
1710527560.5072002,3.5748468505011664
1710527560.5073135,3.5829040739271374
1710527560.507427,3.5871079232957626
1710527560.5075405,3.5888595051235623
1710527560.507654,3.588509029812283
1710527560.5077672,3.5867574479844833
1710527560.5078807,3.5822033882141113
1710527560.5079942,3.576248221927219
1710527560.5081077,3.5674903127882214
1710527560.508221,3.554879029591878
1710527560.5083344,3.5398157437642412
1710527560.508448,3.5212490293714733
1710527560.5085614,3.499880101945665
1710527560.5086746,3.4760586420694985
1710527560.508788,3.4515367613898382
1710527560.5089016,3.4259639845954046
1710527560.5090148,3.3993403116861978
1710527560.5091283,3.373767534891764
1710527560.5092418,3.3478442827860513
1710527560.5093553,3.3222715059916177
1710527560.5094686,3.2963485187954373
1710527560.509582,3.2711259524027505
1710527560.5096955,3.2441518041822643
1710527560.509809,3.2168274455600314
1710527560.5099223,3.1891528765360513
1710527560.5100358,3.1597264607747393
1710527560.5101492,3.131351206037733
1710527560.5102627,3.1026254759894476
1710527560.510376,3.075651592678494
1710527560.5104895,3.050078550974528
1710527560.510603,3.02695804172092
1710527560.5107164,3.005588849385579
1710527560.5108297,2.9852708180745444
1710527560.5109432,2.9663538932800293
1710527560.5110567,2.946035861968994
1710527560.5111701,2.9257175657484265
1710527560.5112834,2.9053995344373913
1710527560.511397,2.884030607011583
1710527560.5115104,2.863011625077989
1710527560.5116239,2.8440949651930065
1710527560.511737,2.825878726111518
1710527560.5118506,2.810815175374349
1710527560.511964,2.7982038921780057
1710527560.5120776,2.786993980407715
1710527560.5121908,2.775083382924398
1710527560.5123043,2.764573891957601
1710527560.5124178,2.7519626087612576
1710527560.5125313,2.737599743737115
1710527560.5126445,2.7232371436225042
1710527560.512758,2.707472907172309
1710527560.5128715,2.692059146033393
1710527560.512985,2.6787474420335555
1710527560.5130982,2.6661361588372126
1710527560.5132117,2.656677563985189
1710527560.5133252,2.647569444444444
1710527560.5134385,2.638111114501953
1710527560.513552,2.6283023092481823
1710527560.5136654,2.615340815650092
1710527560.513779,2.601328161027696
1710527560.5138922,2.583812607659234
1710527560.5140057,2.565946578979492
1710527560.5141191,2.545978758070204
1710527560.5142326,2.5274123085869684
1710527560.514346,2.5091960695054794
1710527560.5144594,2.4916805161370172
1710527560.5145729,2.473464012145996
1710527560.5146863,2.4545473522610135
1710527560.5147996,2.4331781599256725
1710527560.514913,2.408656279246012
1710527560.5150266,2.380631234910753
1710527560.51514,2.3498037126329208
1710527560.5152533,2.315122816297743
1710527560.5153668,2.279741234249539
1710527560.5154803,2.241206963857015
1710527560.5155938,2.202672561009725
1710527560.515707,2.1634374724494085
1710527560.5158205,2.123151487774319
1710527560.515934,2.0807637108696833
1710527560.5160475,2.0362740092807345
1710527560.5161607,1.987230247921414
1710527560.5162742,1.9346833229064941
1710527560.5163877,1.8772321277194552
1710527560.5165012,1.8152267403072782
1710527560.5166144,1.7521704567803276
1710527560.516728,1.684910456339518
1710527560.5168414,1.6151983208126492
1710527560.516955,1.542333232031928
1710527560.5170681,1.4684173795912001
1710527560.5171816,1.3927498128679063
1710527560.5172951,1.3139294253455267
1710527560.5174086,1.2330072455936008
1710527560.5175219,1.1478813489278157
1710527560.5176353,1.0596024990081787
1710527560.5177488,0.9671199984020656
1710527560.517862,0.8707840575112237
1710527560.5179756,0.7705946101082696
1710527560.518089,0.6690039899614122
1710527560.5182025,0.5639102061589559
1710527560.5183158,0.458466112613678
1710527560.5184293,0.3509201606114705
1710527560.5185428,0.2437245017952389
1710527560.5186563,0.13477729426489934
1710527560.5187695,0.025479766643709607
1710527560.518883,-0.08625307016902499
1710527560.5189965,-0.20043263832728067
1710527560.51911,-0.31671368413501316
1710527560.5192232,-0.4361468884680006
1710527560.5193367,-0.5573313103781806
1710527560.5194502,-0.6792162524329292
1710527560.5195637,-0.8011011944876777
1710527560.519677,-0.9219354391098022
1710527560.5197904,-1.0403178797827826
1710527560.519904,-1.1565989918178983
1710527560.5200174,-1.2711287869347465
1710527560.5201306,-1.384257607989841
1710527560.5202441,-1.4966858757866752
1710527560.5203576,-1.6105152501000297
1710527560.520471,-1.7239942815568712
1710527560.5205843,-1.8392246299319797
1710527560.5206978,-1.9527036613888211
1710527560.5208113,-2.0651320616404214
1710527560.5209248,-2.172306776046753
1710527560.521038,-2.2752785682678223
1710527560.5211515,-2.3719459109836154
1710527560.521265,-2.4640599886576333
1710527560.5213785,-2.5516210661994085
1710527560.5214918,-2.6356795099046493
1710527560.5216053,-2.7176366911994085
1710527560.5217187,-2.797492345174154
1710527560.5218322,-2.876297367943658
1710527560.5219455,-2.9523001776801214
1710527560.522059,-3.0233997768825955
1710527560.5221725,-3.0892456902398004
1710527560.5222857,-3.149137496948242
1710527560.5223992,-3.2027247216966415
1710527560.5225127,-3.2493072085910373
1710527560.5226262,-3.2902857992384167
1710527560.5227394,-3.3260107040405273
1710527560.522853,-3.359283871120877
1710527560.5229664,-3.389755090077718
1710527560.5230799,-3.4181247817145453
1710527560.5231931,-3.444393210940891
1710527560.5233066,-3.467509216732449
1710527560.52342,-3.4857220119900174
1710527560.5235336,-3.4997317526075573
1710527560.5236468,-3.5098889138963485
1710527560.5237603,-3.5140917036268444
1710527560.5238738,-3.5140917036268444
1710527560.5239873,-3.5105893346998425
1710527560.5241005,-3.5049854384528265
1710527560.524214,-3.4965795940823026
1710527560.5243275,-3.4878235393100314
1710527560.524441,-3.477316167619493
1710527560.5245543,-3.4654076894124346
1710527560.5246677,-3.4527990553114147
1710527560.5247812,-3.438088893890381
1710527560.5248947,-3.4219776259528265
1710527560.525008,-3.403064409891764
1710527560.5251215,-3.382750087314182
1710527560.525235,-3.3603345023261175
1710527560.5253484,-3.3365180757310653
1710527560.5254617,-3.3116507530212402
1710527560.5255752,-3.287133640713162
1710527560.5256886,-3.2626165284050836
1710527560.5258021,-3.238449626498752
1710527560.5259154,-3.215683831108941
1710527560.5260289,-3.1939686669243708
1710527560.5261424,-3.1719032923380532
1710527560.5262558,-3.1512387593587237
1710527560.526369,-3.12882317437066
1710527560.5264826,-3.1053569581773544
1710527560.526596,-3.0811900562710233
1710527560.5267093,-3.056672943962945
1710527560.5268228,-3.0314554108513727
1710527560.5269363,-3.0079891946580672
1710527560.5270498,-2.98592382007175
1710527560.527163,-2.965609497494168
1710527560.5272765,-2.9484475983513727
1710527560.52739,-2.9330367512173123
1710527560.5275035,-2.9179763793945312
1710527560.5276167,-2.903616428375244
1710527560.5277302,-2.88750516043769
1710527560.5278437,-2.8703432612948947
1710527560.5279572,-2.8535313076443143
1710527560.5280704,-2.8349685668945312
1710527560.528184,-2.817806667751736
1710527560.5282974,-2.802395820617676
1710527560.528411,-2.7897869216071234
1710527560.5285242,-2.7796300252278647
1710527560.5286376,-2.7712241808573403
1710527560.5287511,-2.7635187572903104
1710527560.5288646,-2.755463123321533
1710527560.5289779,-2.745305962032742
1710527560.5290914,-2.733747959136963
1710527560.5292048,-2.7200884289211698
1710527560.5293183,-2.7060786883036294
1710527560.5294316,-2.6913685268825955
1710527560.529545,-2.677358786265055
1710527560.5296586,-2.665800518459744
1710527560.529772,-2.654942936367459
1710527560.5298853,-2.6465370919969344
1710527560.5299988,-2.6367304060194225
1710527560.5301123,-2.6262230343288846
1710527560.5302258,-2.6132639249165854
1710527560.530339,-2.596802446577284
1710527560.5304525,-2.5778892305162215
1710527560.530566,-2.5565245416429305
1710527560.5306795,-2.5337584813435874
1710527560.5307927,-2.509942054748535
1710527560.5309062,-2.486825784047445
1710527560.5310197,-2.4647604094611273
1710527560.531133,-2.4419946140713162
1710527560.5312464,-2.418878608279758
1710527560.53136,-2.3936610751681857
1710527560.5314734,-2.364940908220079
1710527560.5315866,-2.3334190580579968
1710527560.5317001,-2.2973439428541393
1710527560.5318136,-2.258466879526774
1710527560.531927,-2.2167877356211343
1710527560.5320404,-2.173007196850247
1710527560.5321538,-2.1281760268741183
1710527560.5322673,-2.0815935399797225
1710527560.5323808,-2.03466084268358
1710527560.532494,-1.9842256440056694
1710527560.5326076,-1.9327398141225178
1710527560.532721,-1.877401272455851
1710527560.5328345,-1.8182100190056694
1710527560.5329478,-1.7541152901119657
1710527560.5330613,-1.6865181922912598
1710527560.5331748,-1.614017751481798
1710527560.5332882,-1.5376644664340549
1710527560.5334015,-1.4588595761193168
1710527560.533515,-1.3769023948245578
1710527560.5336285,-1.2924936082628038
1710527560.533742,-1.2070340580410428
1710527560.5338552,-1.1194731129540336
1710527560.5339687,-1.0291100872887504
1710527560.5340822,-0.9355949030982124
1710527560.5341957,-0.8396280474132961
1710527560.534309,-0.7391079929139879
1710527560.5344224,-0.6340348058276706
1710527560.534536,-0.5254591173595852
1710527560.5346494,-0.4119800527890523
1710527560.5347626,-0.2971000141567654
1710527560.534876,-0.1787175072564019
1710527560.5349896,-0.061035499804549746
1710527560.535103,0.05735821194118924
1710527560.5352163,0.17471293608347574
1710527560.5353298,0.2917173504829407
1710527560.5354433,0.40907204151153564
1710527560.5355566,0.5306305156813728
1710527560.53567,0.6532399521933662
1710527560.5357835,0.7783014906777276
1710527560.535897,0.9065159161885579
1710527560.5360103,1.0364819235271878
1710527560.5361238,1.164346006181505
1710527560.5362372,1.291159126493666
1710527560.5363507,1.414819558461507
1710527560.536464,1.534276141060723
1710527560.5365775,1.6498792171478271
1710527560.536691,1.7630301581488714
1710527560.5368044,1.8737289640638564
1710527560.5369177,1.985128323237101
1710527560.5370312,2.0965278148651123
1710527560.5371447,2.2089780701531305
1710527560.5372581,2.3196768760681152
1710527560.5373714,2.426522307925754
1710527560.537485,2.5316161579555936
1710527560.5375984,2.629703680674235
1710527560.5377119,2.720434400770399
1710527560.537825,2.8055604298909507
1710527560.5379386,2.88438081741333
1710527560.538052,2.9582966698540583
1710527560.5381656,3.0297605196634927
1710527560.5382788,3.0991223123338485
1710527560.5383923,3.165331416659885
1710527560.5385058,3.229438728756375
1710527560.5386193,3.289342191484239
1710527560.5387325,3.3439909087287054
1710527560.538846,3.392333984375
1710527560.5389595,3.433670997619629
1710527560.539073,3.4680016835530596
1710527560.5391862,3.4956762525770397
1710527560.5392997,3.518096341027154
1710527560.5394132,3.5370132658216686
1710527560.5395267,3.553477923075358
1710527560.53964,3.5671401023864746
1710527560.5397534,3.579751385582818
1710527560.539867,3.589209715525309
1710527560.5399802,3.5944644610087075
1710527560.5400937,3.5969167285495334
1710527560.5402071,3.5941139856974282
1710527560.5403206,3.5874581336975098
1710527560.540434,3.577299118041992
1710527560.5405474,3.5632867283291287
1710527560.5406609,3.547172281477186
1710527560.5407743,3.530006938510471
1710527560.5408876,3.511440224117703
1710527560.541001,3.492173088921441
1710527560.5411146,3.472555743323432
1710527560.541228,3.4525879224141436
1710527560.5413413,3.430518044365777
1710527560.5414548,3.4080982208251953
1710527560.5415683,3.3853279219733343
1710527560.5416818,3.3594046698676214
1710527560.541795,3.3320803112453885
1710527560.5419085,3.304755952623155
1710527560.542022,3.2753295368618436
1710527560.5421355,3.24660407172309
1710527560.5422487,3.218228816986084
1710527560.5423622,3.1898532973395453
1710527560.5424757,3.163930310143365
1710527560.5425892,3.139408429463704
1710527560.5427024,3.115236759185791
1710527560.542816,3.09246646033393
1710527560.5429294,3.0700463718838162
1710527560.543043,3.046225176917182
1710527560.5431561,3.022754192352295
1710527560.5432696,2.9982323116726346
1710527560.5433831,2.9744111167060003
1710527560.5434966,2.950589921739366
1710527560.5436099,2.9281698332892523
1710527560.5437233,2.9082020123799643
1710527560.5438368,2.890686459011502
1710527560.5439503,2.8745720121595593
1710527560.5440636,2.8598589367336698
1710527560.544177,2.8458465470208063
1710527560.5442905,2.8311332066853843
1710527560.5444038,2.8160699208577475
1710527560.5445173,2.799955474005805
1710527560.5446308,2.782089445326063
1710527560.5447443,2.764924102359348
1710527560.5448575,2.749860816531711
1710527560.544971,2.7361986372205944
1710527560.5450845,2.7249884605407715
1710527560.545198,2.71553013059828
1710527560.5453112,2.706071800655789
1710527560.5454247,2.6973138915167914
1710527560.5455382,2.6871548758612738
1710527560.5456517,2.6748938030666776
1710527560.545765,2.6601807276407876
1710527560.5458784,2.6447669665018716
1710527560.545992,2.627251413133409
1710527560.5461054,2.611136966281467
1710527560.5462186,2.5960734155442977
1710527560.5463321,2.581010129716661
1710527560.5464456,2.5676981608072915
1710527560.546559,2.5533352957831488
1710527560.5466723,2.5389726956685386
1710527560.5467858,2.5218073527018228
1710527560.5468993,2.502539952596029
1710527560.5470128,2.4794194433424206
1710527560.547126,2.453846666547987
1710527560.5472395,2.4261718326144748
1710527560.547353,2.3974463674757214
1710527560.5474665,2.367319530910916
1710527560.5475798,2.337542904747857
1710527560.5476933,2.307065592871772
1710527560.5478067,2.275887860192193
1710527560.5479202,2.243308756086561
1710527560.5480335,2.206876277923584
1710527560.548147,2.1669406361050076
1710527560.5482605,2.122100591659546
1710527560.548374,2.0751587549845376
1710527560.5484872,2.0229621728261313
1710527560.5486007,1.969014008839925
1710527560.5487142,1.9133142630259194
1710527560.5488274,1.8551623821258545
1710527560.548941,1.795959605111016
1710527560.5490544,1.7346549034118652
1710527560.5491679,1.671948962741428
1710527560.5492811,1.6057398584153917
1710527560.5493946,1.5363779332902696
1710527560.549508,1.4624619483947754
1710527560.5496216,1.384342246585422
1710527560.5497348,1.3030697239769828
1710527560.5498483,1.217943827311198
1710527560.5499618,1.1286140812767875
1710527560.5500753,1.037182543012831
1710527560.5501885,0.9439993566936916
1710527560.550302,0.8483640352884928
1710527560.5504155,0.7509771320554945
1710527560.550529,0.652539332707723
1710527560.5506423,0.5512989560763041
1710527560.5507557,0.4472561346160041
1710527560.5508692,0.3404107689857483
1710527560.5509827,0.23041263222694397
1710527560.551096,0.11621072888374329
1710527560.5512094,-0.0014940098238488038
1710527560.551323,-0.11952626208464304
1710527560.5514364,-0.24001022179921466
1710527560.5515497,-0.3604941897922092
1710527560.5516632,-0.47922690709431964
1710527560.5517766,-0.5969089269638062
1710527560.5518901,-0.7135401831732856
1710527560.5520034,-0.829470952351888
1710527560.5521169,-0.9454017877578735
1710527560.5522304,-1.0637842284308539
1710527560.5523438,-1.1828672885894775
1710527560.552457,-1.303000979953342
1710527560.5525706,-1.4248858557807074
1710527560.552684,-1.544319126341078
1710527560.5527976,-1.6623514228396945
1710527560.5529108,-1.77723142835829
1710527560.5530243,-1.8865075376298692
1710527560.5531378,-1.9922812779744465
1710527560.553251,-2.093852096133762
1710527560.5533645,-2.1919204129113092
1710527560.553478,-2.288587623172336
1710527560.5535915,-2.3838541242811413
1710527560.5537047,-2.479120625389947
1710527560.5538182,-2.5722853342692056
1710527560.5539317,-2.662998570336236
1710527560.5540452,-2.748808330959744
1710527560.5541584,-2.830415301852756
1710527560.554272,-2.905017269982232
1710527560.5543854,-2.972614500257704
1710527560.554499,-3.0346075693766275
1710527560.5546122,-3.091697427961561
1710527560.5547256,-3.145284652709961
1710527560.5548391,-3.1953695085313583
1710527560.5549526,-3.243353101942274
1710527560.5550659,-3.2902857992384167
1710527560.5551794,-3.332665231492784
1710527560.5552928,-3.3718927701314287
1710527560.5554063,-3.406566778818766
1710527560.5555196,-3.4345862600538464
1710527560.555633,-3.45735232035319
1710527560.5557466,-3.474514219495985
1710527560.55586,-3.487473063998752
1710527560.5559733,-3.4948282771640353
1710527560.5560868,-3.5004321734110513
1710527560.5562003,-3.5049854384528265
1710527560.5563138,-3.5060360696580672
1710527560.556427,-3.5063862800598145
1710527560.5565405,-3.5039345423380532
1710527560.556654,-3.4993815422058105
1710527560.5567675,-3.490975697835286
1710527560.5568807,-3.4794176949395075
1710527560.5569942,-3.465057479010688
1710527560.5571077,-3.4471951590643988
1710527560.5572212,-3.4279317326015897
1710527560.5573344,-3.407967885335286
1710527560.557448,-3.385201825035943
1710527560.5575614,-3.3631364504496255
1710527560.5576746,-3.341421286265055
1710527560.5577881,-3.3204068077935114
1710527560.5579016,-3.299041854010688
1710527560.558015,-3.2776769002278643
1710527560.5581284,-3.255961736043294
1710527560.5582418,-3.232845730251736
1710527560.5583553,-3.2093795140584307
1710527560.5584688,-3.1845121913486056
1710527560.558582,-3.159294393327501
1710527560.5586956,-3.132325808207194
1710527560.558809,-3.1071080101860895
1710527560.5589225,-3.082240687476264
1710527560.5590358,-3.059474892086453
1710527560.5591493,-3.0381099383036294
1710527560.5592628,-3.0191969871520996
1710527560.5593762,-3.0009841918945312
1710527560.5594895,-2.983822292751736
1710527560.559603,-2.9652592870924206
1710527560.5597165,-2.9449452294243708
1710527560.55983,-2.9253315925598145
1710527560.5599432,-2.903966638776991
1710527560.5600567,-2.882601684994168
1710527560.5601702,-2.8633382585313583
1710527560.5602837,-2.8458261489868164
1710527560.560397,-2.830765512254503
1710527560.5605104,-2.817806667751736
1710527560.560624,-2.806949085659451
1710527560.5607374,-2.79679192437066
1710527560.5608506,-2.7852339214748807
1710527560.560964,-2.772975232866075
1710527560.5610776,-2.758965492248535
1710527560.561191,-2.7435549100240073
1710527560.5613043,-2.728844483693441
1710527560.5614178,-2.7148347430759006
1710527560.5615313,-2.7018756336636014
1710527560.5616448,-2.6920689476860895
1710527560.561758,-2.682612207200792
1710527560.5618715,-2.676307890150282
1710527560.561985,-2.668602466583252
1710527560.5620983,-2.659846411810981
1710527560.5622118,-2.649339040120443
1710527560.5623252,-2.6356795099046493
1710527560.5624387,-2.6202689276801214
1710527560.562552,-2.602756553226047
1710527560.5626655,-2.5859448644849987
1710527560.562779,-2.5687829653422036
1710527560.5628924,-2.5526716974046493
1710527560.5630057,-2.5372611151801214
1710527560.5631192,-2.5232513745625815
1710527560.5632327,-2.507490317026774
1710527560.5633461,-2.488927311367459
1710527560.5634594,-2.4679128328959146
1710527560.563573,-2.4433957205878363
1710527560.5636864,-2.41467555363973
1710527560.5637999,-2.3831537034776473
1710527560.563913,-2.350580957200792
1710527560.5640266,-2.3155564732021756
1710527560.56414,-2.280181778801812
1710527560.5642536,-2.2444568739997015
1710527560.5643668,-2.206980917188856
1710527560.5644803,-2.168454064263238
1710527560.5645938,-2.125724289152357
1710527560.5647073,-2.0805427763197155
1710527560.5648205,-2.031158341301812
1710527560.564934,-1.9768705632951524
1710527560.5650475,-1.9183797306484647
1710527560.565161,-1.857087082333035
1710527560.5652742,-1.79194172223409
1710527560.5653877,-1.7250450452168782
1710527560.5655012,-1.6567475265926785
1710527560.5656147,-1.5856479273902044
1710527560.565728,-1.5138479073842366
1710527560.5658414,-1.4392459392547607
1710527560.565955,-1.3604410489400227
1710527560.5660684,-1.2795346313052707
1710527560.5661817,-1.1937248706817627
1710527560.5662951,-1.1033618450164795
1710527560.5664086,-1.0087959633933172
1710527560.566522,-0.91002709335751
1710527560.5666354,-0.8077558543947008
1710527560.5667489,-0.7023323906792535
1710527560.5668623,-0.5955079529020522
1710527560.5669756,-0.4883332716094123
1710527560.567089,-0.3794073396258884
1710527560.5672026,-0.2694307267665863
1710527560.567316,-0.15735261970096165
1710527560.5674293,-0.042822808027267456
1710527560.5675428,0.07487383981545766
1710527560.5676563,0.1960819959640503
1710527560.5677698,0.3207932909329732
1710527560.567883,0.4486573735872904
1710527560.5679965,0.5786233478122287
1710527560.56811,0.7075383928087022
1710527560.5682235,0.8350521326065063
1710527560.5683367,0.9604640801747639
1710527560.5684502,1.0834237602021959
1710527560.5685637,1.2039313051435683
1710527560.5686772,1.3226873344845242
1710527560.5687904,1.4424941274854872
1710527560.568904,1.5623010529412162
1710527560.5690174,1.683859560224745
1710527560.569131,1.8050677246517606
1710527560.5692441,1.926275889078776
1710527560.5693576,2.0446815755632186
1710527560.5694711,2.1578325165642633
1710527560.5695846,2.266079054938422
1710527560.5696979,2.368720637427436
1710527560.5698113,2.464355892605252
1710527560.5699248,2.5557875633239746
1710527560.5700383,2.6440662807888455
1710527560.5701516,2.7316445774502225
1710527560.570265,2.8160699208577475
1710527560.5703785,2.900144788953993
1710527560.570492,2.9821181297302246
1710527560.5706053,3.0588364601135254
1710527560.5707188,3.1295996242099338
1710527560.5708323,3.1940571467081704
1710527560.5709455,3.2501072353786893
1710527560.571059,3.30055210325453
1710527560.5711725,3.3450418048434787
1710527560.571286,3.383576340145535
1710527560.5713992,3.419308132595486
1710527560.5715127,3.452938132815891
1710527560.5716262,3.484466340806749
1710527560.5717397,3.5128415955437555
1710527560.571853,3.538064161936442
1710527560.5719664,3.558382193247477
1710527560.57208,3.57274505827162
1710527560.5721934,3.581853177812364
1710527560.5723066,3.5864072375827365
1710527560.5724201,3.58570655186971
1710527560.5725336,3.5822033882141113
1710527560.572647,3.5755475362141924
1710527560.5727603,3.5674903127882214
1710527560.5728738,3.557331297132704
1710527560.5729873,3.54647159576416
1710527560.5731008,3.5338603125678167
1710527560.573214,3.519147237141927
1710527560.5733275,3.5023321045769586
1710527560.573441,3.4830649693806963
1710527560.5735545,3.462046252356635
1710527560.5736678,3.4378745820787215
1710527560.5737813,3.4126522805955672
1710527560.5738947,3.3867290284898544
1710527560.5740082,3.3594046698676214
1710527560.5741215,3.3317301008436413
1710527560.574235,3.304755952623155
1710527560.5743484,3.2781322797139483
1710527560.574462,3.2525592380099826
1710527560.5745752,3.2283878326416016
1710527560.5746887,3.203515476650662
1710527560.5748022,3.1789935959710016
1710527560.5749156,3.154121504889594
1710527560.575029,3.128198252783881
1710527560.5751424,3.102275265587701
1710527560.5752559,3.0760018030802407
1710527560.5753691,3.050078550974528
1710527560.5754826,3.0241555637783475
1710527560.575596,3.00068457921346
1710527560.5757096,2.9789651764763727
1710527560.5758228,2.9589973555670843
1710527560.5759363,2.9411313268873425
1710527560.5760498,2.9243164592319064
1710527560.5761633,2.906800905863444
1710527560.5762765,2.887883981068929
1710527560.57639,2.8703684277004666
1710527560.5765035,2.851101027594672
1710527560.576617,2.8318338923984103
1710527560.5767303,2.8125667572021484
1710527560.5768437,2.79575162463718
1710527560.5769572,2.7817392349243164
1710527560.5770707,2.768427266014947
1710527560.577184,2.757918039957682
1710527560.5772974,2.748809920416938
1710527560.577411,2.738650639851888
1710527560.5775244,2.7277912033928766
1710527560.5776377,2.714829444885254
1710527560.5777512,2.699415683746338
1710527560.5778646,2.685052818722195
1710527560.5779781,2.6699895328945584
1710527560.5780914,2.6559768782721624
1710527560.5782049,2.641964488559299
1710527560.5783184,2.632155683305528
1710527560.5784318,2.621646457248264
1710527560.578545,2.611136966281467
1710527560.5786586,2.60062747531467
1710527560.578772,2.5869652960035534
1710527560.5788856,2.5712013244628906
1710527560.5789988,2.5533352957831488
1710527560.5791123,2.5330172644721136
1710527560.5792258,2.5102469656202526
1710527560.5793393,2.487826877170139
1710527560.5794525,2.467158635457357
1710527560.579566,2.44508875740899
1710527560.5796795,2.422668933868408
1710527560.5797927,2.4002488454182944
1710527560.5799062,2.3750262790256076
1710527560.5800197,2.347001234690348
1710527560.5801332,2.315122816297743
1710527560.5802464,2.2790405485365124
1710527560.58036,2.240156067742242
1710527560.5804734,2.1981185012393527
1710527560.580587,2.153979010052151
1710527560.5807002,2.1087887552049422
1710527560.5808136,2.061846786075168
1710527560.5809271,2.0128030247158475
1710527560.5810406,1.9637592633565266
1710527560.5811539,1.9105117850833468
1710527560.5812674,1.8544618288675943
1710527560.5813808,1.7942080232832167
1710527560.5814943,1.730451186498006
1710527560.5816076,1.661089261372884
1710527560.581721,1.5889248583051894
1710527560.5818346,1.5139579772949219
1710527560.581948,1.4344370365142822
1710527560.5820613,1.3545657528771293
1710527560.5821748,1.2715416484408908
1710527560.5822883,1.187466647889879
1710527560.5824018,1.1005891031689115
1710527560.582515,1.0112594233618841
1710527560.5826285,0.9191271993849013
1710527560.582742,0.8238421546088325
1710527560.5828555,0.7254042890336778
1710527560.5829687,0.621711810429891
1710527560.5830822,0.516267716884613
1710527560.5831957,0.4066198733117845
1710527560.5833092,0.2955707576539781
1710527560.5834224,0.18277012639575535
1710527560.583536,0.06961915228101942
1710527560.5836494,-0.04387354271279441
1710527560.583763,-0.15700237618552312
1710527560.5838761,-0.2711819443437788
1710527560.5839896,-0.3860619995329115
1710527560.584103,-0.5023430122269524
1710527560.5842164,-0.6203752756118774
1710527560.5843298,-0.7412094540066189
1710527560.5844433,-0.8637948830922444
1710527560.5845568,-0.987781286239624
1710527560.58467,-1.1110672023561265
1710527560.5847836,-1.232251591152615
1710527560.584897,-1.3516848617129855
1710527560.5850105,-1.466564999686347
1710527560.5851238,-1.5796938207414415
1710527560.5852373,-1.6889699300130208
1710527560.5853508,-1.797895828882853
1710527560.5854642,-1.9050705432891846
1710527560.5855775,-2.012595468097263
1710527560.585691,-2.119770050048828
1710527560.5858045,-2.2269447644551597
1710527560.585918,-2.330617109934489
1710527560.5860312,-2.43008640077379
1710527560.5861447,-2.5243020057678223
1710527560.5862582,-2.6122132937113443
1710527560.5863717,-2.6941704750061035
1710527560.586485,-2.7705234951443143
1710527560.5865984,-2.8430242008633084
1710527560.586712,-2.912722693549262
1710527560.5868254,-2.9796192381117077
1710527560.5869386,-3.045114941067166
1710527560.587052,-3.1081589063008623
1710527560.5871656,-3.1669998168945312
1710527560.587279,-3.221287727355957
1710527560.5873923,-3.2706721623738604
1710527560.5875058,-3.313401805029975
1710527560.5876193,-3.3491267098320856
1710527560.5877328,-3.3795979287889266
1710527560.587846,-3.406566778818766
1710527560.5879595,-3.4289823638068304
1710527560.588073,-3.44964689678616
1710527560.5881865,-3.468209637535943
1710527560.5882998,-3.4850215911865234
1710527560.5884132,-3.4993815422058105
1710527560.5885267,-3.5102391242980957
1710527560.58864,-3.5175940725538464
1710527560.5887535,-3.521096706390381
1710527560.588867,-3.5193453894721136
1710527560.5889804,-3.5140917036268444
1710527560.5890937,-3.5056858592563205
1710527560.5892072,-3.494478066762288
1710527560.5893207,-3.480818536546495
1710527560.5894341,-3.466108375125461
1710527560.5895474,-3.4510477383931475
1710527560.589661,-3.4345862600538464
1710527560.5897744,-3.4177745713127985
1710527560.5898879,-3.400262461768256
1710527560.590001,-3.3806488249037
1710527560.5901146,-3.3603345023261175
1710527560.590228,-3.3382691277398004
1710527560.5903416,-3.3137520154317217
1710527560.5904548,-3.2881842719184027
1710527560.5905683,-3.2622663180033364
1710527560.5906818,-3.235997888776991
1710527560.5907953,-3.2093795140584307
1710527560.5909085,-3.183811505635579
1710527560.591022,-3.1599950790405273
1710527560.5911355,-3.137579494052463
1710527560.591249,-3.1158643298678927
1710527560.5913622,-3.0948495864868164
1710527560.5914757,-3.07383484310574
1710527560.5915892,-3.050718837314182
1710527560.5917027,-3.0276028315226235
1710527560.591816,-3.003435929616292
1710527560.5919294,-2.979269027709961
1710527560.592043,-2.9554523362053766
1710527560.5921564,-2.9337374369303384
1710527560.5922697,-2.91412353515625
1710527560.5923831,-2.8973118464152017
1710527560.5924966,-2.882601684994168
1710527560.5926101,-2.8692923651801214
1710527560.5927234,-2.8552826245625815
1710527560.5928369,-2.841272883945041
1710527560.5929503,-2.825862036810981
1710527560.5930636,-2.809751033782959
1710527560.593177,-2.7918884489271374
1710527560.5932906,-2.7757771809895835
1710527560.593404,-2.7600163883633084
1710527560.5935173,-2.7470572789510093
1710527560.5936308,-2.736549907260471
1710527560.5937443,-2.7270934316847057
1710527560.5938578,-2.7200884289211698
1710527560.593971,-2.7116825845506454
1710527560.5940845,-2.7018756336636014
1710527560.594198,-2.690667841169569
1710527560.5943115,-2.676658100552029
1710527560.5944247,-2.661247518327501
1710527560.5945382,-2.645136250389947
1710527560.5946517,-2.6304260889689126
1710527560.5947652,-2.6160658730400934
1710527560.5948784,-2.6038074493408203
1710527560.594992,-2.592599656846788
1710527560.5951054,-2.581391864352756
1710527560.595219,-2.570184071858724
1710527560.5953321,-2.5554736455281577
1710527560.5954456,-2.5386619567871094
1710527560.5955591,-2.518347899119059
1710527560.5956726,-2.4952316284179688
1710527560.5957859,-2.4700140953063965
1710527560.5958993,-2.445496982998318
1710527560.5960128,-2.418878608279758
1710527560.5961263,-2.3926101790534124
1710527560.5962396,-2.366692225138346
1710527560.596353,-2.3397233751085067
1710527560.5964665,-2.3106532626681857
1710527560.59658,-2.278430726793077
1710527560.5966933,-2.2437564531962075
1710527560.5968068,-2.202427652147081
1710527560.5969203,-2.1589974562327066
1710527560.5970337,-2.112414969338311
1710527560.597147,-2.0623301135169134
1710527560.5972605,-2.0101437303755016
1710527560.597374,-1.9558559523688421
1710527560.5974872,-1.9005172782474093
1710527560.5976007,-1.8427269988589816
1710527560.5977142,-1.783535877863566
1710527560.5978277,-1.7197913593716092
1710527560.597941,-1.6525444719526503
1710527560.5980544,-1.5810947948031955
1710527560.598168,-1.5061424838172064
1710527560.5982814,-1.4248858557807074
1710527560.5983946,-1.3401268588172064
1710527560.5985081,-1.2518653604719374
1710527560.5986216,-1.1611521244049072
1710527560.598735,-1.067636940214369
1710527560.5988483,-0.9713198079003228
1710527560.5989618,-0.8746524651845295
1710527560.5990753,-0.7758836613761054
1710527560.5991888,-0.6753636068767971
1710527560.599302,-0.5713411172231039
1710527560.5994155,-0.46451667944590247
1710527560.599529,-0.3538395298851861
1710527560.5996425,-0.23825900422202215
1710527560.5997558,-0.11917601856920454
1710527560.5998693,0.002359136318167051
1710527560.5999827,0.1253188567029105
1710527560.6000962,0.24862888786527845
1710527560.6002095,0.37088798152075875
1710527560.600323,0.49279676543341744
1710527560.6004364,0.6122533480326334
1710527560.60055,0.7327608929740058
1710527560.6006632,0.852918095058865
1710527560.6007767,0.9751772218280368
1710527560.6008902,1.0998884836832683
1710527560.6010036,1.226701603995429
1710527560.601117,1.3542154100206163
1710527560.6012304,1.4820795589023166
1710527560.6013439,1.607141097386678
1710527560.6014574,1.7276485761006672
1710527560.6015706,1.8439524703555636
1710527560.601684,1.9560523827870686
1710527560.6017976,2.0628978146447077
1710527560.6019108,2.1672909789615207
1710527560.6020243,2.2706331147087946
1710527560.6021378,2.372924486796061
1710527560.6022513,2.4748653835720487
1710527560.6023645,2.576806280348036
1710527560.602478,2.674193117353651
1710527560.6025915,2.768427266014947
1710527560.602705,2.8556550873650446
1710527560.6028183,2.9365772671169705
1710527560.6029317,3.0097926987542047
1710527560.6030452,3.076352013481988
1710527560.6031587,3.138707743750678
1710527560.603272,3.196158938937717
1710527560.6033854,3.250457445780436
1710527560.603499,3.3033545811971026
1710527560.6036124,3.3537997139824762
1710527560.6037257,3.4000409973992243
1710527560.6038392,3.4420784314473467
1710527560.6039526,3.4785109096103244
1710527560.6040661,3.5079373253716364
1710527560.6041794,3.531057834625244
1710527560.6042929,3.5478729671902127
1710527560.6044064,3.5601337750752764
1710527560.6045198,3.568190998501248
1710527560.604633,3.5744966400994196
1710527560.6047466,3.5790506998697915
1710527560.60486,3.5804518063863116
1710527560.6049736,3.581152492099338
1710527560.6050868,3.5783500141567655
1710527560.6052003,3.573095268673367
1710527560.6053138,3.5636369387308755
1710527560.6054273,3.5506754451327853
1710527560.6055405,3.5352616839938693
1710527560.605654,3.515644073486328
1710527560.6057675,3.4949755668640137
1710527560.605881,3.471855057610406
1710527560.6059942,3.4487342834472656
1710527560.6061077,3.4245628780788846
1710527560.6062212,3.4007416831122503
1710527560.6063344,3.3758693271213107
1710527560.606448,3.3523983425564237
1710527560.6065614,3.3271760410732694
1710527560.606675,3.3012527889675565
1710527560.6067882,3.2753295368618436
1710527560.6069016,3.2473047574361162
1710527560.6070151,3.219629923502604
1710527560.6071286,3.1905539830525713
1710527560.6072419,3.160427146487766
1710527560.6073554,3.1324021021525064
1710527560.6074688,3.103676372104221
1710527560.6075823,3.077052699195014
1710527560.6076956,3.0539321899414062
1710527560.607809,3.030811415778266
1710527560.6079226,3.0090920130411782
1710527560.608036,2.98772308561537
1710527560.6081493,2.9667043685913086
1710527560.6082628,2.944984965854221
1710527560.6083763,2.923265563117133
1710527560.6084898,2.900495264265272
1710527560.608603,2.8787758615281844
1710527560.6087165,2.85810735490587
1710527560.60883,2.8395409054226346
1710527560.6089435,2.823426458570692
1710527560.6090567,2.809764279259576
1710527560.6091702,2.7982038921780057
1710527560.6092837,2.7862932946946883
1710527560.6093972,2.7747329076131186
1710527560.6095104,2.7624720997280545
1710527560.609624,2.7477590243021646
1710527560.6097374,2.7326954735649958
1710527560.609851,2.7169315020243325
1710527560.6099641,2.70256863700019
1710527560.6100776,2.689606878492567
1710527560.610191,2.6783969667222762
1710527560.6103046,2.6682379510667587
1710527560.6104178,2.660881413353814
1710527560.6105313,2.65317440032959
1710527560.6106448,2.6433658599853516
1710527560.610758,2.6318054729037814
1710527560.6108716,2.6177928182813854
1710527560.610985,2.6023790571424694
1710527560.6110985,2.583812607659234
1710527560.6112118,2.5662970542907715
1710527560.6113253,2.548781236012777
1710527560.6114388,2.5323165787590876
1710527560.6115522,2.5158519215053983
1710527560.6116655,2.4997374746534557
1710527560.611779,2.481521235571967
1710527560.6118925,2.4626045756869845
1710527560.612006,2.440885172949897
1710527560.6121192,2.414611710442437
1710527560.6122327,2.3848350842793784
1710527560.6123462,2.3540075620015464
1710527560.6124597,2.3200273513793945
1710527560.612573,2.2863970862494574
1710527560.6126864,2.2510157691107855
1710527560.6128,2.214583158493042
1710527560.6129134,2.1778003374735513
1710527560.6130266,2.138915591769748
1710527560.61314,2.0968781577216253
1710527560.6132536,2.0516877704196506
1710527560.613367,2.002293666203817
1710527560.6134803,1.9483455022176106
1710527560.6135938,1.8901936213175454
1710527560.6137073,1.8292392624749076
1710527560.6138208,1.765132082833184
1710527560.613934,1.699273321363661
1710527560.6140475,1.6316629780663383
1710527560.614161,1.5612501568264432
1710527560.6142745,1.4883852005004883
1710527560.6143878,1.414469215604994
1710527560.6145012,1.3352984852261014
1710527560.6146147,1.252975066502889
1710527560.6147282,1.1671484841240776
1710527560.6148415,1.0764175653457642
1710527560.614955,0.9825337595409817
1710527560.6150684,0.8851468563079834
1710527560.6151817,0.783556236161126
1710527560.6152952,0.6812649303012424
1710527560.6154087,0.5768717659844292
1710527560.6155221,0.4710773958100213
1710527560.6156354,0.3645823399225871
1710527560.615749,0.25668607817755806
1710527560.6158624,0.14738854434755114
1710527560.6159759,0.035989143782191806
1710527560.616089,-0.07819746103551653
1710527560.6162026,-0.19482874208026463
1710527560.616316,-0.31356145938237506
1710527560.6164296,-0.4357966449525621
1710527560.6165428,-0.5569810999764336
1710527560.6166563,-0.6781655550003052
1710527560.6167698,-0.7986495229932997
1710527560.6168833,-0.916331476635403
1710527560.6169965,-1.0340134965048895
1710527560.61711,-1.1481930149926078
1710527560.6172235,-1.2609716256459553
1710527560.617337,-1.3748009999593098
1710527560.6174502,-1.4889805846744113
1710527560.6175637,-1.6045611434512668
1710527560.6176772,-1.7197913593716092
1710527560.6177907,-1.8353719181484647
1710527560.617904,-1.947449975543552
1710527560.6180174,-2.0567262172698975
1710527560.618131,-2.1610988510979547
1710527560.6182444,-2.258466879526774
1710527560.6183577,-2.3526824845208063
1710527560.6184711,-2.4433957205878363
1710527560.6185846,-2.5299059020148382
1710527560.6186981,-2.615715662638346
1710527560.6188114,-2.6997743712531195
1710527560.6189249,-2.7824319733513727
1710527560.6190383,-2.8626378377278647
1710527560.6191518,-2.9393413331773544
1710527560.619265,-3.010440667470296
1710527560.6193786,-3.07523594962226
1710527560.619492,-3.1340768602159286
1710527560.6196053,-3.1862632433573403
1710527560.6197188,-3.232495519849989
1710527560.6198323,-3.2748749521043563
1710527560.6199458,-3.314102490743001
1710527560.620059,-3.3508780267503524
1710527560.6201725,-3.385902510748969
1710527560.620286,-3.4177745713127985
1710527560.6203995,-3.446494738260905
1710527560.6205127,-3.46996095445421
1710527560.6206262,-3.488874170515272
1710527560.6207397,-3.5025337007310653
1710527560.6208532,-3.5119901763068304
1710527560.6209664,-3.5151425997416177
1710527560.62108,-3.515492810143365
1710527560.6211934,-3.5140917036268444
1710527560.621307,-3.509538438585069
1710527560.6214201,-3.5039345423380532
1710527560.6215336,-3.4976302252875433
1710527560.6216471,-3.489574591318766
1710527560.6217606,-3.4794176949395075
1710527560.6218739,-3.468209637535943
1710527560.6219873,-3.4534994761149087
1710527560.6221008,-3.4373882081773544
1710527560.6222143,-3.4177745713127985
1710527560.6223276,-3.396059407128228
1710527560.622441,-3.3732936117384167
1710527560.6225545,-3.3494769202338324
1710527560.622668,-3.3260107040405273
1710527560.6227813,-3.301143381330702
1710527560.6228948,-3.2773266898261175
1710527560.6230083,-3.2545608944363065
1710527560.6231217,-3.232145309448242
1710527560.623235,-3.2107803556654186
1710527560.6233485,-3.1880145602756076
1710527560.623462,-3.16454807917277
1710527560.6235754,-3.1400309668646917
1710527560.6236887,-3.1144632233513727
1710527560.6238022,-3.0888954798380532
1710527560.6239157,-3.063327736324734
1710527560.624029,-3.0391608344184027
1710527560.6241424,-3.0153441429138184
1710527560.624256,-2.9946798748440213
1710527560.6243694,-2.9754164483812118
1710527560.6244826,-2.958604759640164
1710527560.624596,-2.942143281300863
1710527560.6247096,-2.9253315925598145
1710527560.624823,-2.907469007703993
1710527560.6249363,-2.8889060020446777
1710527560.6250498,-2.8685919443766275
1710527560.6251633,-2.8493285179138184
1710527560.6252768,-2.8300650914510093
1710527560.62539,-2.8136036131117077
1710527560.6255035,-2.7992436620924206
1710527560.625617,-2.787335183885362
1710527560.6257305,-2.7768280771043563
1710527560.6258438,-2.7684222327338324
1710527560.6259573,-2.758265071445041
1710527560.6260707,-2.74810791015625
1710527560.6261842,-2.735849486456977
1710527560.6262975,-2.7221899562411838
1710527560.626411,-2.7081802156236434
1710527560.6265244,-2.6941704750061035
1710527560.626638,-2.6812113655938044
1710527560.6267512,-2.670003573099772
1710527560.6268647,-2.660897307925754
1710527560.6269782,-2.653542094760471
1710527560.6270916,-2.6461868815951877
1710527560.627205,-2.636380195617676
1710527560.6273184,-2.6255226135253906
1710527560.6274319,-2.610461976793077
1710527560.6275454,-2.593650288052029
1710527560.6276586,-2.574737071990967
1710527560.627772,-2.5540728039211698
1710527560.6278856,-2.5337584813435874
1710527560.627999,-2.513794634077284
1710527560.6281123,-2.493830786810981
1710527560.6282258,-2.4742171499464245
1710527560.6283393,-2.4535526169670954
1710527560.6284525,-2.430786821577284
1710527560.628566,-2.4048688676622176
1710527560.6286795,-2.3747478591071234
1710527560.628793,-2.342175112830268
1710527560.6289062,-2.3046988911098905
1710527560.6290197,-2.264771196577284
1710527560.6291332,-2.2241428163316512
1710527560.6292467,-2.181062830819024
1710527560.62936,-2.1372822920481362
1710527560.6294734,-2.0921007792154946
1710527560.629587,-2.0448178715176053
1710527560.6297004,-1.9957837793562148
1710527560.6298137,-1.942896842956543
1710527560.6299272,-1.8858071168263753
1710527560.6300406,-1.8245143360561795
1710527560.6301541,-1.7586684226989746
1710527560.6302674,-1.6889699300130208
1710527560.6303809,-1.616119146347046
1710527560.6304944,-1.541166967815823
1710527560.6306078,-1.463412708706326
1710527560.630721,-1.382856633928087
1710527560.6308346,-1.301600005891588
1710527560.630948,-1.217541429731581
1710527560.6310616,-1.1313813262515597
1710527560.6311748,-1.0420691304736667
1710527560.6312883,-0.9485539462831285
1710527560.6314018,-0.8504856295055813
1710527560.6315153,-0.749265087975396
1710527560.6316285,-0.6424406501981947
1710527560.631742,-0.5321137772666084
1710527560.6318555,-0.41933516661326087
1710527560.631969,-0.30480537149641246
1710527560.6320822,-0.18887458576096428
1710527560.6321957,-0.07329404354095459
1710527560.6323092,0.04264508270555072
1710527560.6324227,0.15859855545891655
1710527560.632536,0.27665389908684623
1710527560.6326494,0.3957601719432407
1710527560.632763,0.5183695753415426
1710527560.6328762,0.6444821092817519
1710527560.6329896,0.772346191936069
1710527560.6331031,0.9012612369325426
1710527560.6332166,1.0305265585581462
1710527560.6333299,1.157339678870307
1710527560.6334434,1.2813504536946614
1710527560.6335568,1.4011572466956244
1710527560.6336703,1.5181616942087808
1710527560.6337836,1.6323636637793646
1710527560.633897,1.7458649476369221
1710527560.6340106,1.8586655457814534
1710527560.634124,1.9732177257537842
1710527560.6342373,2.087069352467855
1710527560.6343508,2.2009209791819253
1710527560.6344643,2.311269442240397
1710527560.6345778,2.4174141883850098
1710527560.634691,2.518304189046224
1710527560.6348045,2.611837651994493
1710527560.634918,2.700116369459364
1710527560.6350315,2.7824399206373425
1710527560.6351447,2.860909832848443
1710527560.6352582,2.9362270567152233
1710527560.6353717,3.011194070180257
1710527560.6354852,3.0840590265062118
1710527560.6355984,3.153070608774821
1710527560.635712,3.2199801339043512
1710527560.6358254,3.2809347576565213
1710527560.635939,3.335583474900987
1710527560.6360521,3.3828756544325085
1710527560.6361656,3.4224608209398055
1710527560.636279,3.4557406107584634
1710527560.6363926,3.484816551208496
1710527560.6365058,3.5110900137159557
1710527560.6366193,3.5331596268547907
1710527560.6367328,3.552777237362332
1710527560.6368463,3.5713436868455672
1710527560.6369596,3.585005866156684
1710527560.637073,3.5958655675252276
1710527560.6371865,3.6025216844346786
1710527560.6372998,3.6032221052381725
1710527560.6374133,3.5993687311808267
1710527560.6375268,3.5909612973531084
1710527560.6376402,3.580101595984565
1710527560.6377535,3.5674903127882214
1710527560.637867,3.5520765516493054
1710527560.6379805,3.5342105229695635
1710527560.638094,3.5170454449123807
1710527560.6382072,3.4988292058308916
1710527560.6383207,3.4785109096103244
1710527560.6384342,3.45784240298801
1710527560.6385477,3.435072104136149
1710527560.638661,3.411601119571262
1710527560.6387744,3.3860283427768283
1710527560.638888,3.358003298441569
1710527560.6390014,3.3285771475897894
1710527560.6391146,3.299851417541504
1710527560.639228,3.270775477091471
1710527560.6393416,3.2416995366414385
1710527560.639455,3.2129740715026855
1710527560.6395683,3.186350133683946
1710527560.6396818,3.161127832200792
1710527560.6397953,3.137656847635905
1710527560.6399088,3.1131349669562445
1710527560.640022,3.088963296678331
1710527560.6401355,3.065142101711697
1710527560.640249,3.0399195353190103
1710527560.6403625,3.0136460728115506
1710527560.6404757,2.988073296017117
1710527560.6405892,2.9632012049357095
1710527560.6407027,2.9390295346577964
1710527560.6408162,2.9173101319207086
1710527560.6409295,2.898743682437473
1710527560.641043,2.8815783394707575
1710527560.6411564,2.865814103020562
1710527560.64127,2.850050131479899
1710527560.6413832,2.8335854742262097
1710527560.6414967,2.8171208169725204
1710527560.6416101,2.7996052636040583
1710527560.6417234,2.781389024522569
1710527560.641837,2.764573891957601
1710527560.6419504,2.7481092347039118
1710527560.6420639,2.734447055392795
1710527560.642177,2.723937564425998
1710527560.6422906,2.7141287591722274
1710527560.642404,2.7057213253445096
1710527560.6425176,2.6966132058037653
1710527560.6426308,2.6878555615743003
1710527560.6427443,2.675944699181451
1710527560.6428578,2.662282519870334
1710527560.6429713,2.6482701301574707
1710527560.6430845,2.632155683305528
1710527560.643198,2.6181432935926647
1710527560.6433115,2.604130638970269
1710527560.643425,2.591869831085205
1710527560.6435382,2.580309444003635
1710527560.6436517,2.568048636118571
1710527560.6437652,2.5557875633239746
1710527560.6438787,2.540724277496338
1710527560.643992,2.524259355333116
1710527560.6441054,2.502890427907308
1710527560.644219,2.4794194433424206
1710527560.6443324,2.453846666547987
1710527560.6444457,2.4275732040405273
1710527560.6445591,2.4009495311313205
1710527560.6446726,2.3739753829108343
1710527560.6447861,2.346300548977322
1710527560.6448994,2.318275769551595
1710527560.6450129,2.287448247273763
1710527560.6451263,2.253467771742079
1710527560.6452398,2.2166849507225885
1710527560.645353,2.1746475166744657
1710527560.6454666,2.1291069189707437
1710527560.64558,2.0811140537261963
1710527560.6456935,2.0292678144243026
1710527560.6458068,1.97637054655287
1710527560.6459203,1.9217218293084037
1710527560.6460338,1.864971187379625
1710527560.646147,1.8064689636230469
1710527560.6462605,1.7465655008951821
1710527560.646374,1.6824583212534585
1710527560.6464875,1.6151983208126492
1710527560.6466007,1.5440848138597276
1710527560.6467142,1.4677166938781738
1710527560.6468277,1.3885460959540472
1710527560.6469412,1.3051716486612956
1710527560.6470544,1.2193450662824843
1710527560.647168,1.130015320248074
1710527560.6472814,1.0396346780988905
1710527560.647395,0.9471521774927775
1710527560.6475081,0.8522174755732218
1710527560.6476216,0.7572827736536661
1710527560.647735,0.6595455275641547
1710527560.6478486,0.5583051840464274
1710527560.6479619,0.45391205284330577
1710527560.6480753,0.34636610084109837
1710527560.6481888,0.23531700174013773
1710527560.6483023,0.12146541641818152
1710527560.6484156,0.004811324696573946
1710527560.648529,-0.11252137521902719
1710527560.6486425,-0.2305536303255293
1710527560.648756,-0.34823563363817
1710527560.6488693,-0.4638161924150255
1710527560.6489828,-0.5786961979336208
1710527560.6490963,-0.6942767567104763
1710527560.6492097,-0.8109080129199557
1710527560.649323,-0.9278895457585652
1710527560.6494365,-1.0480233033498128
1710527560.64955,-1.1692077583736844
1710527560.6496634,-1.2914428446027968
1710527560.6497767,-1.4136780632866752
1710527560.6498902,-1.533111333847046
1710527560.6500037,-1.6486918926239014
1710527560.6501172,-1.7607699500189886
1710527560.6502304,-1.868294874827067
1710527560.650344,-1.9719670878516302
1710527560.6504574,-2.073537906010946
1710527560.6505706,-2.1737077501085067
1710527560.650684,-2.271775934431288
1710527560.6507976,-2.3698443836636014
1710527560.650911,-2.4665117263793945
1710527560.6510243,-2.5607273313734265
1710527560.6511378,-2.650740146636963
1710527560.6512513,-2.7347985903422036
1710527560.6513648,-2.813253402709961
1710527560.651478,-2.8850534227159286
1710527560.6515915,-2.9512495464748807
1710527560.651705,-3.012892405192057
1710527560.6518185,-3.071032894982232
1710527560.6519318,-3.126721911960178
1710527560.6520452,-3.180309136708577
1710527560.6521587,-3.232845730251736
1710527560.6522722,-3.2815297444661455
1710527560.6523855,-3.3267111248440213
1710527560.652499,-3.3655881881713867
1710527560.6526124,-3.3999122513665094
1710527560.652726,-3.4272313117980957
1710527560.6528392,-3.44964689678616
1710527560.6529527,-3.466458585527208
1710527560.6530662,-3.480118115743001
1710527560.6531796,-3.490975697835286
1710527560.653293,-3.4997317526075573
1710527560.6534064,-3.5063862800598145
1710527560.6535199,-3.5112897555033364
1710527560.6536334,-3.5133912828233504
1710527560.6537466,-3.5116399659050836
1710527560.65386,-3.5077873865763345
1710527560.6539736,-3.4997317526075573
1710527560.654087,-3.4878235393100314
1710527560.6542003,-3.473113112979465
1710527560.6543138,-3.45595121383667
1710527560.6544273,-3.4370379977756076
1710527560.6545408,-3.4163737297058105
1710527560.654654,-3.396059407128228
1710527560.6547675,-3.375745349460178
1710527560.654881,-3.3540301852756076
1710527560.6549942,-3.3330154418945312
1710527560.6551077,-3.3116507530212402
1710527560.6552212,-3.289235168033176
1710527560.6553347,-3.2657686869303384
1710527560.655448,-3.240551153818766
1710527560.6555614,-3.2142827245924206
1710527560.655675,-3.1869636641608343
1710527560.6557884,-3.15964486863878
1710527560.6559017,-3.132676018608941
1710527560.6560152,-3.1064075893825955
1710527560.6561286,-3.082240687476264
1710527560.6562421,-3.060875998602973
1710527560.6563554,-3.0398612552218967
1710527560.6564689,-3.0205978287590876
1710527560.6565824,-3.0016846126980252
1710527560.6566958,-2.9824211862352157
1710527560.656809,-2.9624573389689126
1710527560.6569226,-2.9410923851860895
1710527560.657036,-2.919027010599772
1710527560.6571496,-2.899063163333469
1710527560.6572628,-2.879099316067166
1710527560.6573763,-2.8622876273261175
1710527560.6574898,-2.847577200995551
1710527560.6576033,-2.835318777296278
1710527560.6577165,-2.82481140560574
1710527560.65783,-2.815354930029975
1710527560.6579435,-2.804147137535943
1710527560.658057,-2.7915382385253906
1710527560.6581702,-2.7778787083095975
1710527560.6582837,-2.7628183364868164
1710527560.6583972,-2.74810791015625
1710527560.6585107,-2.7333977487352157
1710527560.658624,-2.7211390601264105
1710527560.6587374,-2.7113323741488986
1710527560.658851,-2.7029265297783747
1710527560.6589644,-2.6966222127278647
1710527560.6590776,-2.6885665787590876
1710527560.6591911,-2.679460048675537
1710527560.6593046,-2.669303152296278
1710527560.6594179,-2.657044463687473
1710527560.6595314,-2.6412834061516657
1710527560.6596448,-2.6255226135253906
1710527560.6597583,-2.6087109247843423
1710527560.6598716,-2.594350708855523
1710527560.659985,-2.579290337032742
1710527560.6600986,-2.5659810172186956
1710527560.660212,-2.5526716974046493
1710527560.6603253,-2.539012167188856
1710527560.6604388,-2.522550688849555
1710527560.6605523,-2.5022366311815047
1710527560.6606658,-2.4794708357916937
1710527560.660779,-2.453202406565348
1710527560.6608925,-2.424132294125027
1710527560.661006,-2.3929603894551597
1710527560.6611195,-2.3607381184895835
1710527560.6612327,-2.3285155826144748
1710527560.6613462,-2.2952424155341253
1710527560.6614597,-2.260568141937256
1710527560.6615732,-2.2244930267333984
1710527560.6616864,-2.184915542602539
1710527560.6618,-2.1421857674916587
1710527560.6619134,-2.0949027273390026
1710527560.662027,-2.042716476652357
1710527560.6621401,-1.9870275921291776
1710527560.6622536,-1.9278363386789956
1710527560.662367,-1.866193347507053
1710527560.6624806,-1.801398197809855
1710527560.6625938,-1.7355524169074164
1710527560.6627073,-1.6679553190867105
1710527560.6628208,-1.5972059302859836
1710527560.6629343,-1.5243551466200087
1710527560.6630476,-1.4480019940270317
1710527560.663161,-1.3684965504540336
1710527560.6632745,-1.2847883171505399
1710527560.663388,-1.1965268188052707
1710527560.6635013,-1.1033618450164795
1710527560.6636147,-1.0070447127024333
1710527560.6637282,-0.907575421863132
1710527560.6638415,-0.8053041166729397
1710527560.663955,-0.7026826010810004
1710527560.6640685,-0.5972591373655531
1710527560.664182,-0.49148546324835884
1710527560.6642952,-0.385011268986596
1710527560.6644087,-0.27643559707535637
1710527560.6645222,-0.165408237112893
1710527560.6646357,-0.050528177784548864
1710527560.664749,0.0671669633852111
1710527560.6648624,0.18907575143708122
1710527560.664976,0.31448764933480156
1710527560.6650894,0.4406001832750108
1710527560.6652026,0.5674133698145548
1710527560.665316,0.6924749082989162
1710527560.6654296,0.8161352740393745
1710527560.665543,0.9366428189807467
1710527560.6656563,1.056449744436476
1710527560.6657698,1.1755560504065619
1710527560.6658833,1.2946622901492648
1710527560.6659968,1.414819558461507
1710527560.66611,1.537779172261556
1710527560.6662235,1.661089261372884
1710527560.666337,1.7843992180294461
1710527560.6664505,1.9056073824564614
1710527560.6665637,2.021911144256592
1710527560.6666772,2.133310635884603
1710527560.6667907,2.238404485914442
1710527560.6669042,2.338944011264377
1710527560.6670175,2.4356304274664984
1710527560.667131,2.5291638904147677
1710527560.6672444,2.621646457248264
1710527560.667358,2.7123774422539606
1710527560.6674712,2.802407741546631
1710527560.6675847,2.889285087585449
1710527560.6676981,2.9719588491651745
1710527560.6678116,3.048677444458008
1710527560.667925,3.118389712439643
1710527560.6680384,3.180745177798801
1710527560.6681519,3.2364450560675726
1710527560.668265,3.2854888174268932
1710527560.6683786,3.3310294151306152
1710527560.668492,3.373417059580485
1710527560.6686056,3.413352701399061
1710527560.6687188,3.4511865509880915
1710527560.6688323,3.4858674473232694
1710527560.6689458,3.5170454449123807
1710527560.6690593,3.542968432108561
1710527560.6691725,3.5636369387308755
1710527560.669286,3.5779998037550182
1710527560.6693995,3.5874581336975098
1710527560.669513,3.5906110869513617
1710527560.6696262,3.5920121934678817
1710527560.6697397,3.589209715525309
1710527560.6698532,3.585005866156684
1710527560.6699667,3.5794009102715387
1710527560.67008,3.5713436868455672
1710527560.6701934,3.5611846711900497
1710527560.670307,3.5496242841084795
1710527560.6704204,3.53491120868259
1710527560.6705337,3.5177458657158747
1710527560.6706471,3.4981285201178656
1710527560.6707606,3.4750077459547253
1710527560.670874,3.450485865275065
1710527560.6709874,3.4245628780788846
1710527560.6711009,3.3975887298583984
1710527560.6712143,3.370264371236165
1710527560.6713278,3.342589537302653
1710527560.671441,3.315965864393446
1710527560.6715546,3.2900428771972656
1710527560.671668,3.264820310804579
1710527560.6717815,3.2395977444118924
1710527560.6718948,3.2129740715026855
1710527560.6720083,3.1867006089952254
1710527560.6721218,3.1597264607747393
1710527560.6722353,3.133102787865533
1710527560.6723485,3.104377057817247
1710527560.672462,3.0767024887932672
1710527560.6725755,3.050429026285807
1710527560.6726887,3.0252064598931208
1710527560.6728022,3.0027863714430065
1710527560.6729157,2.9828185505337186
1710527560.6730292,2.9635514153374567
1710527560.6731424,2.9446344905429416
1710527560.673256,2.9267687267727323
1710527560.6733694,2.907851801978217
1710527560.673483,2.888934877183702
1710527560.6735961,2.868967056274414
1710527560.6737096,2.849349445766873
1710527560.673823,2.830082310570611
1710527560.6739366,2.812916967603895
1710527560.6740499,2.799254788292779
1710527560.6741633,2.7859430842929416
1710527560.6742768,2.7761342790391708
1710527560.6743903,2.765975263383653
1710527560.6745036,2.7554657724168563
1710527560.674617,2.7449562814500594
1710527560.6747305,2.7319947878519693
1710527560.674844,2.7176319228278265
1710527560.6749573,2.702918847401937
1710527560.6750708,2.688205771976047
1710527560.6751842,2.6745435926649304
1710527560.6752977,2.6619323094685874
1710527560.675411,2.65177329381307
1710527560.6755245,2.641964488559299
1710527560.675638,2.6328563690185547
1710527560.6757514,2.6219966676500106
1710527560.6758647,2.609735859764947
1710527560.6759782,2.5939716233147516
1710527560.6760917,2.5761055946350098
1710527560.6762052,2.556838459438748
1710527560.6763184,2.53511905670166
1710527560.676432,2.514450814988878
1710527560.6765454,2.4930816226535373
1710527560.6766589,2.472763591342502
1710527560.676772,2.4513943990071616
1710527560.6768856,2.4303756819831
1710527560.676999,2.4058538013034396
1710527560.6771123,2.3799305491977267
1710527560.6772258,2.3491032918294272
1710527560.6773393,2.314772605895996
1710527560.6774528,2.277989652421739
1710527560.677566,2.239104906717936
1710527560.6776795,2.197067472669813
1710527560.677793,2.1546796957651773
1710527560.6779065,2.1119415760040283
1710527560.6780198,2.0674518744150796
1710527560.6781332,2.0212105909983316
1710527560.6782467,1.9714661439259846
1710527560.6783602,1.9189193513658311
1710527560.6784735,1.8625189198387992
1710527560.678587,1.8015645609961615
1710527560.6787004,1.7360561423831515
1710527560.678814,1.6656433211432562
1710527560.6789272,1.5941796037885878
1710527560.6790407,1.518862379921807
1710527560.6791542,1.441092888514201
1710527560.6792676,1.3619222905900743
1710527560.679381,1.2799490822686088
1710527560.6794944,1.1976256635453966
1710527560.6796079,1.1117990811665852
1710527560.6797214,1.0221190585030449
1710527560.6798346,0.9282353189256456
1710527560.679948,0.8329502741495768
1710527560.6800616,0.7324105501174927
1710527560.680175,0.6290683481428359
1710527560.6802883,0.5211720863978068
1710527560.6804018,0.4136261012819078
1710527560.6805153,0.3032776382234361
1710527560.6806288,0.19257886542214286
1710527560.680742,0.08188009262084961
1710527560.6808555,-0.029163290229108598
1710527560.680969,-0.14159162839253744
1710527560.6810825,-0.2547204660044776
1710527560.6811957,-0.3692502776781718
1710527560.6813092,-0.48693229754765827
1710527560.6814227,-0.6053147713343302
1710527560.681536,-0.7264992263582017
1710527560.6816494,-0.8487343788146973
1710527560.681763,-0.9713198079003228
1710527560.6818764,-1.0914535654915702
1710527560.6819897,-1.2098360061645508
1710527560.6821032,-1.3243658012813992
1710527560.6822166,-1.4371444119347465
1710527560.6823301,-1.547121074464586
1710527560.6824434,-1.6567475265926785
1710527560.6825569,-1.7663738462660048
1710527560.6826704,-1.876000298394097
1710527560.6827838,-1.9870275921291776
1710527560.682897,-2.09665404425727
1710527560.6830106,-2.203828626208835
1710527560.683124,-2.3075008392333984
1710527560.6832376,-2.405919498867459
1710527560.6833508,-2.498734262254503
1710527560.6834643,-2.586295339796278
1710527560.6835778,-2.669303152296278
1710527560.6836913,-2.747407489352756
1710527560.6838045,-2.823410563998752
1710527560.683918,-2.897662056816949
1710527560.6840315,-2.97051297293769
1710527560.684145,-3.0398612552218967
1710527560.6842582,-3.1057071685791016
1710527560.6843717,-3.167350027296278
1710527560.6844852,-3.221988148159451
1710527560.6845987,-3.2710223727756076
1710527560.684712,-3.312351173824734
1710527560.6848254,-3.3487764994303384
1710527560.684939,-3.380298614501953
1710527560.6850524,-3.407967885335286
1710527560.6851656,-3.4331854184468584
1710527560.6852791,-3.4563014242384167
1710527560.6853926,-3.476615746815999
1710527560.685506,-3.494478066762288
1710527560.6856194,-3.5088380177815752
1710527560.6857328,-3.518294758266873
1710527560.6858463,-3.5228477583991156
1710527560.6859596,-3.5235484441121416
1710527560.686073,-3.5193453894721136
1710527560.6861866,-3.5116399659050836
1710527560.6863,-3.5014830695258246
1710527560.6864133,-3.4892243809170194
1710527560.6865268,-3.475915061102973
1710527560.6866403,-3.4619053204854326
1710527560.6867537,-3.446844948662652
1710527560.686867,-3.4321345223320856
1710527560.6869805,-3.41497262318929
1710527560.687094,-3.396059407128228
1710527560.6872075,-3.3767959806654186
1710527560.6873207,-3.3543803956773544
1710527560.6874342,-3.329863283369276
1710527560.6875477,-3.304995960659451
1710527560.6876612,-3.2790780067443848
1710527560.6877744,-3.2517589463127985
1710527560.687888,-3.2251403066847057
1710527560.6880014,-3.2002729839748807
1710527560.688115,-3.1757558716668024
1710527560.6882281,-3.152289655473497
1710527560.6883416,-3.1298740704854326
1710527560.688455,-3.107458485497369
1710527560.6885686,-3.0853931109110513
1710527560.6886818,-3.062276840209961
1710527560.6887953,-3.0374095175001354
1710527560.6889088,-3.012191984388563
1710527560.6890223,-2.987674872080485
1710527560.6891356,-2.96280754937066
1710527560.689249,-2.9410923851860895
1710527560.6893625,-2.9207783275180392
1710527560.689476,-2.903266217973497
1710527560.6895893,-2.8889060020446777
1710527560.6897027,-2.8745460510253906
1710527560.6898162,-2.8608865208095975
1710527560.6899297,-2.845475938585069
1710527560.690043,-2.8300650914510093
1710527560.6901565,-2.8143040339152017
1710527560.69027,-2.7971421347724066
1710527560.6903832,-2.7810308668348522
1710527560.6904967,-2.7663207054138184
1710527560.6906102,-2.753711806403266
1710527560.6907237,-2.743905120425754
1710527560.690837,-2.7369001176622176
1710527560.6909504,-2.7298953798082137
1710527560.691064,-2.7221899562411838
1710527560.6911774,-2.7141343222724066
1710527560.6912906,-2.7039771609836154
1710527560.691404,-2.6913685268825955
1710527560.6915176,-2.677358786265055
1710527560.691631,-2.662648359934489
1710527560.6917443,-2.649339040120443
1710527560.6918578,-2.6367304060194225
1710527560.6919713,-2.6258728239271374
1710527560.6920848,-2.6174669795566134
1710527560.692198,-2.606959607866075
1710527560.6923115,-2.59610202577379
1710527560.692425,-2.583493126763238
1710527560.6925385,-2.5673821237352157
1710527560.6926517,-2.54776848687066
1710527560.6927652,-2.5264035330878363
1710527560.6928787,-2.5022366311815047
1710527560.6929922,-2.4770190980699325
1710527560.6931055,-2.452501985761854
1710527560.693219,-2.427984873453776
1710527560.6933324,-2.4027673403422036
1710527560.693446,-2.3775498072306314
1710527560.6935592,-2.349530325995551
1710527560.6936727,-2.3187086317274304
1710527560.6937861,-2.283684412638346
1710527560.6938996,-2.2455077701144748
1710527560.6940129,-2.203828626208835
1710527560.6941264,-2.157596482170953
1710527560.6942399,-2.110313574473063
1710527560.6943533,-2.0595281653934054
1710527560.6944666,-2.008742756313748
1710527560.69458,-1.9562061627705891
1710527560.6946936,-1.9012178315056694
1710527560.6948068,-1.8451787365807426
1710527560.6949203,-1.785637272728814
1710527560.6950338,-1.7218928866916232
1710527560.6951473,-1.6542957888709173
1710527560.6952605,-1.5824957688649495
1710527560.695374,-1.5054420630137124
1710527560.6954875,-1.4255864090389676
1710527560.695601,-1.3422282536824544
1710527560.6957142,-1.2550175189971924
1710527560.6958277,-1.1660554673936632
1710527560.6959412,-1.0753422975540161
1710527560.6960547,-0.982877877023485
1710527560.696168,-0.8890124824311998
1710527560.6962814,-0.7916446526845295
1710527560.696395,-0.6921752956178453
1710527560.6965084,-0.588152805964152
1710527560.6966217,-0.47992739412519664
1710527560.6967351,-0.36749906010097927
1710527560.6968486,-0.25051754381921554
1710527560.696962,-0.13213504519727495
1710527560.6970754,-0.011300844036870532
1710527560.6971889,0.11060572332806057
1710527560.6973023,0.23111325171258715
1710527560.6974158,0.3509201606114705
1710527560.697529,0.470026433467865
1710527560.6976426,0.5894830491807725
1710527560.697756,0.7096402512656318
1710527560.6978695,0.8322496546639336
1710527560.6979828,0.956960916519165
1710527560.6980963,1.0844747225443523
1710527560.6982098,1.2126890818277996
1710527560.6983232,1.3402028878529866
1710527560.6984365,1.4663154549068875
1710527560.69855,1.587873962190416
1710527560.6986635,1.7059293058183458
1710527560.698777,1.8180292182498508
1710527560.6988902,1.9283778137630887
1710527560.6990037,2.0362740092807345
1710527560.6991172,2.143119308683607
1710527560.6992304,2.2485635015699597
1710527560.699344,2.355058458116319
1710527560.6994574,2.4598018328348794
1710527560.699571,2.563494576348199
1710527560.6996841,2.662282519870334
1710527560.6997976,2.754064400990804
1710527560.699911,2.8409420119391546
1710527560.7000246,2.9201126098632812
1710527560.7001379,2.9929778310987682
1710527560.7002513,3.059186670515272
1710527560.7003648,3.123994668324788
1710527560.7004783,3.184949027167426
1710527560.7005916,3.2445020145840116
1710527560.700705,3.30055210325453
1710527560.7008185,3.3545003996955023
1710527560.700932,3.4024930000305176
1710527560.7010453,3.4445306989881725
1710527560.7011588,3.4792115953233504
1710527560.7012722,3.507586850060357
1710527560.7013857,3.5293062527974444
1710527560.701499,3.5457709100511337
1710527560.7016125,3.558382193247477
1710527560.701726,3.5685412089029946
1710527560.7018394,3.5758977466159396
1710527560.7019527,3.581152492099338
1710527560.7020662,3.584655655754937
1710527560.7021797,3.58430544535319
1710527560.7022932,3.581152492099338
1710527560.7024064,3.5748468505011664
1710527560.70252,3.5632867283291287
1710527560.7026334,3.548923863304986
1710527560.7027469,3.531057834625244
1710527560.70286,3.511440224117703
1710527560.7029736,3.4900712966918945
1710527560.703087,3.4680016835530596
1710527560.7032006,3.4448809093899198
1710527560.7033138,3.4217604001363116
1710527560.7034273,3.3986396259731717
1710527560.7035408,3.3748184310065374
1710527560.703654,3.350997236039903
1710527560.7037675,3.3261248800489636
1710527560.703881,3.2984503110249834
1710527560.7039945,3.2714761628044977
1710527560.7041078,3.2438015937805176
1710527560.7042212,3.215075863732232
1710527560.7043347,3.186350133683946
1710527560.7044482,3.157274193233914
1710527560.7045615,3.13030030992296
1710527560.704675,3.1040268474155
1710527560.7047884,3.07950496673584
1710527560.704902,3.0570848782857256
1710527560.7050152,3.0360661612616644
1710527560.7051287,3.014696968926324
1710527560.7052422,2.9933280415005155
1710527560.7053556,2.972309324476454
1710527560.705469,2.949188550313314
1710527560.7055824,2.9260680410597057
1710527560.7056959,2.9046988487243652
1710527560.7058094,2.883329921298557
1710527560.7059226,2.8644129965040417
1710527560.706036,2.8482985496520996
1710527560.7061496,2.833235263824463
1710527560.706263,2.82027350531684
1710527560.7063763,2.808012697431776
1710527560.7064898,2.795051203833686
1710527560.7066033,2.78103854921129
1710527560.7067168,2.7673763699001737
1710527560.70683,2.7509117126464844
1710527560.7069435,2.7354979515075684
1710527560.707057,2.7211350864834256
1710527560.7071705,2.708523803287082
1710527560.7072837,2.6973138915167914
1710527560.7073972,2.6892566680908203
1710527560.7075107,2.6815499199761286
1710527560.7076242,2.673142221238878
1710527560.7077374,2.66473478741116
1710527560.707851,2.653875086042616
1710527560.7079644,2.6402129067314997
1710527560.7080777,2.6254998313056097
1710527560.7081912,2.608684698740641
1710527560.7083046,2.591869831085205
1710527560.7084181,2.575405173831516
1710527560.7085314,2.5603416230943465
1710527560.7086449,2.54527833726671
1710527560.7087584,2.530915472242567
1710527560.7088718,2.514450814988878
1710527560.708985,2.496234575907389
1710527560.7090986,2.4752155939737954
1710527560.709212,2.450693713294135
1710527560.7093256,2.422668933868408
1710527560.7094388,2.391841411590576
1710527560.7095523,2.3599627282884383
1710527560.7096658,2.3273838890923395
1710527560.7097793,2.2937538888719344
1710527560.7098925,2.2597734133402505
1710527560.710006,2.2243918312920465
1710527560.7101195,2.187258799870809
1710527560.710233,2.1469728151957193
1710527560.7103462,2.103534009721544
1710527560.7104597,2.0558914873335095
1710527560.7105732,2.004045248031616
1710527560.7106867,1.9490461879306369
1710527560.7108,1.8905439641740587
1710527560.7109134,1.8292392624749076
1710527560.711027,1.7665333218044705
1710527560.7111404,1.7020757993062336
1710527560.7112536,1.6358666949801974
1710527560.7113671,1.5672054555681016
1710527560.7114806,1.49609194861518
1710527560.711594,1.4218257533179388
1710527560.7117074,1.3437060515085857
1710527560.7118208,1.2620831860436332
1710527560.7119343,1.176256603664822
1710527560.7120478,1.0862263043721516
1710527560.712161,0.9933934609095255
1710527560.7122746,0.8977581395043267
1710527560.712388,0.799320273929172
1710527560.7125013,0.6994811693827311
1710527560.7126148,0.598591168721517
1710527560.7127283,0.49665020571814644
1710527560.7128417,0.39260735114415485
1710527560.712955,0.28786391019821167
1710527560.7130685,0.17821605006853738
1710527560.713182,0.0668166536423895
1710527560.7132955,-0.04772622552182939
1710527560.7134087,-0.1657584806283315
1710527560.7135222,-0.28589218854904175
1710527560.7136357,-0.4074268870883518
1710527560.7137492,-0.5279108550813463
1710527560.7138624,-0.6483948230743408
1710527560.713976,-0.7664270533455743
1710527560.7140894,-0.8837587965859307
1710527560.714203,-1.0000398423936632
1710527560.7143161,-1.1156204011705186
1710527560.7144296,-1.231200959947374
1710527560.714543,-1.3481824927859836
1710527560.7146566,-1.466915210088094
1710527560.7147698,-1.5852977169884575
1710527560.7148833,-1.7036802238888211
1710527560.7149968,-1.8192606502109103
1710527560.7151103,-1.9306382868025038
1710527560.7152236,-2.0385135544670954
1710527560.715337,-2.1411350038316512
1710527560.7154505,-2.2381525569491916
1710527560.715564,-2.332718637254503
1710527560.7156773,-2.424482504526774
1710527560.7157907,-2.514144844479031
1710527560.7159042,-2.6038074493408203
1710527560.7160177,-2.6920689476860895
1710527560.716131,-2.7775284979078503
1710527560.7162445,-2.8587849934895835
1710527560.716358,-2.935488488939073
1710527560.7164714,-3.0055374569363065
1710527560.7165847,-3.068581157260471
1710527560.7166982,-3.1260212262471514
1710527560.7168117,-3.1785578197903104
1710527560.716925,-3.226191202799479
1710527560.7170384,-3.2713725831773544
1710527560.7171519,-3.314452701144748
1710527560.7172654,-3.3550808164808483
1710527560.7173786,-3.3925570382012262
1710527560.717492,-3.4268808364868164
1710527560.7176056,-3.4563014242384167
1710527560.717719,-3.4797679053412542
1710527560.7178323,-3.4990313318040633
1710527560.7179458,-3.5116399659050836
1710527560.7180593,-3.5200458102756076
1710527560.7181728,-3.5231979688008623
1710527560.718286,-3.524599075317383
1710527560.7183995,-3.523898654513889
1710527560.718513,-3.521096706390381
1710527560.7186265,-3.5165434413486056
1710527560.7187397,-3.5098889138963485
1710527560.7188532,-3.5011325942145453
1710527560.7189667,-3.489574591318766
1710527560.7190802,-3.475915061102973
1710527560.7191935,-3.460154268476698
1710527560.719307,-3.439489735497369
1710527560.7194204,-3.4181247817145453
1710527560.719534,-3.395358986324734
1710527560.7196472,-3.3718927701314287
1710527560.7197607,-3.3473756578233504
1710527560.7198741,-3.3232087559170194
1710527560.7199876,-3.3000924852159286
1710527560.7201009,-3.2766262690226235
1710527560.7202144,-3.2545608944363065
1710527560.7203279,-3.232145309448242
1710527560.7204413,-3.2093795140584307
1710527560.7205546,-3.1845121913486056
1710527560.720668,-3.1613959206475153
1710527560.7207816,-3.134427070617676
1710527560.720895,-3.1081589063008623
1710527560.7210083,-3.08294137318929
1710527560.7211218,-3.0591246816847057
1710527560.7212353,-3.0353079901801214
1710527560.7213485,-3.014293511708577
1710527560.721462,-2.995730506049262
1710527560.7215755,-2.9789188173082137
1710527560.721689,-2.9617569181654186
1710527560.7218022,-2.9449452294243708
1710527560.7219157,-2.9274328549702964
1710527560.7220292,-2.908169428507487
1710527560.7221427,-2.8892562124464245
1710527560.722256,-2.8696425755818686
1710527560.7223694,-2.8510798348320856
1710527560.722483,-2.8342678811815047
1710527560.7225964,-2.8199079301622176
1710527560.7227097,-2.8079997168646917
1710527560.7228231,-2.7985432412889266
1710527560.7229366,-2.7890865008036294
1710527560.72305,-2.7792798148261175
1710527560.7231634,-2.766670915815565
1710527560.7232769,-2.7544124921162925
1710527560.7233903,-2.739702065785726
1710527560.7235038,-2.7242914835611978
1710527560.723617,-2.7092308468288846
1710527560.7237306,-2.6959215270148382
1710527560.723844,-2.684363524119059
1710527560.7239575,-2.674556838141547
1710527560.7240708,-2.665800518459744
1710527560.7241843,-2.657744884490967
1710527560.7242978,-2.647938198513455
1710527560.7244112,-2.6360299852159286
1710527560.7245245,-2.6209693484836154
1710527560.724638,-2.604157659742567
1710527560.7247515,-2.5852444436815047
1710527560.724865,-2.566331227620443
1710527560.7249782,-2.5463673803541393
1710527560.7250917,-2.528154585096571
1710527560.7252052,-2.509942054748535
1710527560.7253187,-2.493830786810981
1710527560.725432,-2.4752677811516657
1710527560.7255454,-2.4542533026801214
1710527560.725659,-2.431137031979031
1710527560.7257721,-2.4034677611456976
1710527560.7258856,-2.3726463317871094
1710527560.725999,-2.338322533501519
1710527560.7261126,-2.3011965221828885
1710527560.7262259,-2.263019879659017
1710527560.7263393,-2.2234423955281577
1710527560.7264528,-2.183514568540785
1710527560.7265663,-2.1421857674916587
1710527560.7266796,-2.098755439122518
1710527560.726793,-2.0521729522281222
1710527560.7269065,-2.0020880964067245
1710527560.72702,-1.948500739203559
1710527560.7271333,-1.8903602494133842
1710527560.7272468,-1.8283670478396945
1710527560.7273602,-1.7625211344824896
1710527560.7274737,-1.692822641796536
1710527560.727587,-1.6210226217905679
1710527560.7277005,-1.547121074464586
1710527560.727814,-1.4721688959333632
1710527560.7279274,-1.3944146368238661
1710527560.7280407,-1.314909193250868
1710527560.7281542,-1.232601934009128
1710527560.7282677,-1.147492594189114
1710527560.7283812,-1.058530608812968
1710527560.7284944,-0.9650154246224297
1710527560.728608,-0.8669471078448825
1710527560.7287214,-0.7650260792838203
1710527560.7288349,-0.6599528259701198
1710527560.728948,-0.5520776907602946
1710527560.7290616,-0.44210102823045516
1710527560.729175,-0.3307234247525533
1710527560.7292886,-0.21864533424377441
1710527560.7294018,-0.10656722717814975
1710527560.7295153,0.006913200227750672
1710527560.7296288,0.12181572616100311
1710527560.7297423,0.24022138781017727
1710527560.7298555,0.3610792424943712
1710527560.729969,0.48649112383524573
1710527560.7300825,0.614004929860433
1710527560.7301958,0.7439708709716797
1710527560.7303092,0.8735865354537964
1710527560.7304227,1.0011003414789836
1710527560.7305362,1.1265122890472412
1710527560.7306495,1.249121692445543
1710527560.730763,1.368578275044759
1710527560.7308764,1.4855825901031494
1710527560.73099,1.6025870376163058
1710527560.7311032,1.7192411422729492
1710527560.7312167,1.837646828757392
1710527560.7313302,1.9574537542131212
1710527560.7314436,2.0748084121280246
1710527560.731557,2.1900612778133817
1710527560.7316704,2.3021613226996527
1710527560.7317839,2.407605383131239
1710527560.7318974,2.5063935915629068
1710527560.7320106,2.59922636879815
1710527560.732124,2.6864541901482477
1710527560.7322376,2.7701788478427463
1710527560.732351,2.8514515029059515
1710527560.7324643,2.930972311231825
1710527560.7325778,3.0090920130411782
1710527560.7326913,3.0840590265062118
1710527560.7328048,3.15482219060262
1710527560.732918,3.2203306092156305
1710527560.7330315,3.2791831758287215
1710527560.733145,3.330678939819336
1710527560.7332585,3.3748184310065374
1710527560.7333717,3.412301805284288
1710527560.7334852,3.445581595102946
1710527560.7335987,3.4746575355529785
1710527560.7337122,3.5016316837734647
1710527560.7338254,3.526853985256619
1710527560.733939,3.5482231775919595
1710527560.7340524,3.568190998501248
1710527560.734166,3.583604759640164
1710527560.7342792,3.593063089582655
1710527560.7343926,3.59901852077908
1710527560.7345061,3.5986680454678006
1710527560.7346194,3.5944644610087075
1710527560.7347329,3.5864072375827365
1710527560.7348464,3.5755475362141924
1710527560.7349598,3.5629362530178494
1710527560.735073,3.5485733879937067
1710527560.7351866,3.5328094164530435
1710527560.7353,3.515644073486328
1710527560.7354136,3.4974278344048395
1710527560.7355268,3.477460013495551
1710527560.7356403,3.4553904003567166
1710527560.7357538,3.4308685196770563
1710527560.7358673,3.4049452675713434
1710527560.7359805,3.376920223236084
1710527560.736094,3.3481947580973306
1710527560.7362075,3.3187683423360186
1710527560.736321,3.28899171617296
1710527560.7364342,3.260266251034207
1710527560.7365477,3.2318909962972002
1710527560.7366612,3.2052670584784613
1710527560.7367747,3.179344071282281
1710527560.736888,3.154471715291341
1710527560.7370014,3.1310009956359863
1710527560.737115,3.1061286396450467
1710527560.7372284,3.0816067589653864
1710527560.7373416,3.0563841925726996
1710527560.7374551,3.03011073006524
1710527560.7375686,3.0045379532708063
1710527560.737682,2.9796658621893988
1710527560.7377954,2.9558446672227645
1710527560.7379088,2.93517616060045
1710527560.7380223,2.915909025404188
1710527560.7381358,2.898743682437473
1710527560.738249,2.883329921298557
1710527560.7383626,2.8668652640448675
1710527560.738476,2.8514515029059515
1710527560.7385895,2.834286159939236
1710527560.7387028,2.8160699208577475
1710527560.7388163,2.7985541025797525
1710527560.7389297,2.780688338809543
1710527560.739043,2.764573891957601
1710527560.7391565,2.750561502244737
1710527560.73927,2.7393513255649142
1710527560.7393835,2.72884209950765
1710527560.7394967,2.7207848760816784
1710527560.7396102,2.710625860426161
1710527560.7397237,2.7015177408854165
1710527560.7398372,2.688906457689073
1710527560.7399504,2.6755944887797036
1710527560.740064,2.6591298315260143
1710527560.7401774,2.644416756100125
1710527560.7402909,2.6293532053629556
1710527560.7404041,2.615340815650092
1710527560.7405176,2.6034302181667752
1710527560.740631,2.591519355773926
1710527560.7407446,2.5806599193149142
1710527560.7408578,2.568398846520318
1710527560.7409713,2.5540359814961753
1710527560.7410848,2.5365204281277127
1710527560.7411983,2.517253292931451
1710527560.7413116,2.4948332044813366
1710527560.741425,2.471012009514703
1710527560.7415385,2.4443880716959634
1710527560.741652,2.4202166663275824
1710527560.7417653,2.396044996049669
1710527560.7418787,2.3711729049682617
1710527560.7419922,2.3448994424608016
1710527560.7421057,2.3168743981255426
1710527560.742219,2.2860468758477106
1710527560.7423325,2.2510157691107855
1710527560.742446,2.212130890952216
1710527560.7425594,2.1700934569040933
1710527560.7426727,2.1252534124586315
1710527560.7427862,2.077260547214084
1710527560.7428997,2.0282167858547635
1710527560.7430131,1.9777717855241563
1710527560.7431264,1.9252249929640028
1710527560.7432399,1.8712768289777968
1710527560.7433534,1.8152267403072782
1710527560.7434666,1.7560239632924397
1710527560.74358,1.692617336908976
1710527560.7436936,1.6253573364681668
1710527560.743807,1.553192933400472
1710527560.7439203,1.4771751562754314
1710527560.7440338,1.3969535297817655
1710527560.7441473,1.314630111058553
1710527560.7442608,1.2295040819380019
1710527560.744374,1.1419260501861572
1710527560.7444875,1.052596304151747
1710527560.744601,0.9618653191460503
1710527560.7447145,0.8686821990542941
1710527560.7448277,0.7733971542782253
1710527560.7449412,0.6753096315595839
1710527560.7450547,0.5740692880418565
1710527560.7451682,0.4689755042394002
1710527560.7452815,0.3596779704093933
1710527560.745395,0.24897919760810003
1710527560.7455084,0.13547792202896541
1710527560.745622,0.020225079109271366
1710527560.7457352,-0.09465893109639485
1710527560.7458487,-0.20953898628552753
1710527560.7459621,-0.3237185544437832
1710527560.7460756,-0.43824834956063163
1710527560.7461889,-0.5520776907602946
1710527560.7463024,-0.668008459938897
1710527560.7464159,-0.7849899927775065
1710527560.7465293,-0.905123684141371
1710527560.7466426,-1.0270086261961195
1710527560.746756,-1.150294542312622
1710527560.7468696,-1.2721794181399875
1710527560.746983,-1.3947648472256131
1710527560.7470963,-1.5117463800642226
1710527560.7472098,-1.6262761751810708
1710527560.7473233,-1.7366030481126573
1710527560.7474368,-1.8441279729207356
1710527560.74755,-1.949551502863566
1710527560.7476635,-2.0535739262898765
1710527560.747777,-2.1579466925726996
1710527560.7478902,-2.261268827650282
1710527560.7480037,-2.362839380900065
1710527560.7481172,-2.4637097782558866
1710527560.7482307,-2.5589762793646917
1710527560.748344,-2.649339040120443
1710527560.7484574,-2.733047538333469
1710527560.748571,-2.8108016649881997
1710527560.7486844,-2.882601684994168
1710527560.7487977,-2.9491480191548667
1710527560.7489111,-3.0125421947903104
1710527560.7490246,-3.073134422302246
1710527560.749138,-3.132325808207194
1710527560.7492514,-3.1887149810791016
1710527560.7493649,-3.241601785024007
1710527560.7494783,-3.2902857992384167
1710527560.7495918,-3.3330154418945312
1710527560.749705,-3.370141453213162
1710527560.7498186,-3.400262461768256
1710527560.749932,-3.4251297844780817
1710527560.7500455,-3.444393210940891
1710527560.7501588,-3.460504478878445
1710527560.7502723,-3.474514219495985
1710527560.7503858,-3.486072222391764
1710527560.7504992,-3.4962293836805554
1710527560.7506125,-3.5039345423380532
1710527560.750726,-3.5084878073798285
1710527560.7508395,-3.5109395451015897
1710527560.750953,-3.5088380177815752
1710527560.7510662,-3.5032341215345593
1710527560.7511797,-3.4937776459587946
1710527560.7512932,-3.481518957349989
1710527560.7514067,-3.466458585527208
1710527560.75152,-3.449296686384413
1710527560.7516334,-3.4317843119303384
1710527560.751747,-3.4135717815823026
1710527560.7518604,-3.395008775922987
1710527560.7519736,-3.376445770263672
1710527560.752087,-3.3568321333991156
1710527560.7522006,-3.3372184965345593
1710527560.7523139,-3.31655396355523
1710527560.7524273,-3.2944885889689126
1710527560.7525408,-3.2706721623738604
1710527560.7526543,-3.2458048396640353
1710527560.7527676,-3.2198866208394366
1710527560.752881,-3.1936184565226235
1710527560.7529945,-3.167350027296278
1710527560.753108,-3.141782283782959
1710527560.7532213,-3.118316067589654
1710527560.7533348,-3.095900217692057
1710527560.7534482,-3.07523594962226
1710527560.7535617,-3.055272102355957
1710527560.753675,-3.0353079901801214
1710527560.7537885,-3.014993932512071
1710527560.753902,-2.993628978729248
1710527560.7540154,-2.9715636041429305
1710527560.7541287,-2.9491480191548667
1710527560.7542422,-2.927082644568549
1710527560.7543557,-2.907118797302246
1710527560.7544692,-2.889606687757704
1710527560.7545824,-2.87349541982015
1710527560.754696,-2.8605363104078503
1710527560.7548094,-2.849678728315565
1710527560.7549229,-2.838470935821533
1710527560.755036,-2.827263143327501
1710527560.7551496,-2.813953823513455
1710527560.755263,-2.7999440828959146
1710527560.7553766,-2.784533235761854
1710527560.7554898,-2.7691226535373263
1710527560.7556033,-2.7544124921162925
1710527560.7557168,-2.742504013909234
1710527560.7558303,-2.731646431816949
1710527560.7559435,-2.7235907978481717
1710527560.756057,-2.7162358495924206
1710527560.7561705,-2.7088806364271374
1710527560.756284,-2.6994241608513727
1710527560.7563972,-2.6885665787590876
1710527560.7565107,-2.6749070485432944
1710527560.7566242,-2.659846411810981
1710527560.7567375,-2.642334302266439
1710527560.756851,-2.6262230343288846
1710527560.7569644,-2.6101117663913302
1710527560.757078,-2.595751815372043
1710527560.7571912,-2.582792705959744
1710527560.7573047,-2.5687829653422036
1710527560.7574182,-2.5554736455281577
1710527560.7575316,-2.5393623775906033
1710527560.757645,-2.519748740726047
1710527560.7577584,-2.4973331557379828
1710527560.7578719,-2.4714152018229165
1710527560.7579854,-2.4433957205878363
1710527560.7580986,-2.413624922434489
1710527560.758212,-2.3838541242811413
1710527560.7583256,-2.353032694922553
1710527560.758439,-2.322911686367459
1710527560.7585523,-2.2917400466071234
1710527560.7586658,-2.258466879526774
1710527560.7587793,-2.2216910786098905
1710527560.7588928,-2.182463804880778
1710527560.759006,-2.1386832661098905
1710527560.7591195,-2.091050148010254
1710527560.759233,-2.0392139752705893
1710527560.7593465,-1.9842256440056694
1710527560.7594597,-1.9267855750189886
1710527560.7595732,-1.8675944540235732
1710527560.7596867,-1.8070022265116372
1710527560.7598002,-1.7446586820814345
1710527560.7599134,-1.6802138752407498
1710527560.760027,-1.6126166449652777
1710527560.7601404,-1.5408166249593098
1710527560.760254,-1.46551423602634
1710527560.7603672,-1.386359002855089
1710527560.7604806,-1.303701400756836
1710527560.7605941,-1.214739481608073
1710527560.7607076,-1.1233256922827826
1710527560.7608209,-1.0273589028252494
1710527560.7609344,-0.9282398223876953
1710527560.7610478,-0.830171439382765
1710527560.761161,-0.7279002004199557
1710527560.7612746,-0.6252786848280165
1710527560.761388,-0.5209059516588846
1710527560.7615016,-0.41548248794343734
1710527560.7616148,-0.3055058585272895
1710527560.7617283,-0.19097604685359532
1710527560.7618418,-0.0743447740872701
1710527560.7619553,0.04649852299027973
1710527560.7620685,0.17085949579874674
1710527560.762182,0.29592110051049125
1710527560.7622955,0.4216832915941874
1710527560.762409,0.5460442768202888
1710527560.7625222,0.668653647104899
1710527560.7626357,0.7895115349027846
1710527560.7627492,0.9096687369876437
1710527560.7628627,1.029475662443373
1710527560.762976,1.1503334840138753
1710527560.7630894,1.2732932302686903
1710527560.763203,1.3983547687530518
1710527560.7633164,1.5230660968356662
1710527560.7634296,1.6498792171478271
1710527560.7635431,1.772488620546129
1710527560.7636566,1.891244649887085
1710527560.76377,2.0057968298594155
1710527560.7638834,2.115444607204861
1710527560.7639968,2.2194875611199274
1710527560.7641103,2.3203775617811413
1710527560.7642238,2.419165770212809
1710527560.764337,2.5165526072184243
1710527560.7644506,2.613589233822293
1710527560.764564,2.7088742785983615
1710527560.7646775,2.802407741546631
1710527560.7647908,2.890686459011502
1710527560.7649043,2.9744111167060003
1710527560.7650177,3.049378130171034
1710527560.7651312,3.117689026726617
1710527560.7652445,3.1782931751675076
1710527560.765358,3.233642578125
1710527560.7654715,3.284437656402588
1710527560.7655847,3.3320803112453885
1710527560.7656982,3.3772706985473633
1710527560.7658117,3.420008818308512
1710527560.7659252,3.4588935640123153
1710527560.7660384,3.4939246707492404
1710527560.766152,3.523701296912299
1710527560.7662654,3.5475224918789334
1710527560.7663789,3.564337624443902
1710527560.7664921,3.576248221927219
1710527560.7666056,3.5829040739271374
1710527560.766719,3.5860570271809893
1710527560.7668326,3.5864072375827365
1710527560.7669458,3.58570655186971
1710527560.7670593,3.5822033882141113
1710527560.7671728,3.577649328443739
1710527560.7672863,3.5709934764438205
1710527560.7673995,3.561885356903076
1710527560.767513,3.549974759419759
1710527560.7676265,3.5359621047973633
1710527560.76774,3.5170454449123807
1710527560.7678533,3.4963769382900662
1710527560.7679667,3.4743073251512313
1710527560.7680802,3.449785444471571
1710527560.7681937,3.4245628780788846
1710527560.768307,3.3993403116861978
1710527560.7684205,3.3741177452935114
1710527560.768534,3.348544968499078
1710527560.7686474,3.323322402106391
1710527560.7687607,3.2984503110249834
1710527560.7688742,3.273227744632297
1710527560.7689877,3.24800517823961
1710527560.7691011,3.2210312949286566
1710527560.7692144,3.1940571467081704
1710527560.7693279,3.166032102372911
1710527560.7694414,3.137656847635905
1710527560.7695549,3.1099820137023926
1710527560.769668,3.0833583407931857
1710527560.7697816,3.0570848782857256
1710527560.769895,3.0336138937208386
1710527560.7700083,3.01224496629503
1710527560.7701218,2.992277145385742
1710527560.7702353,2.9730100101894803
1710527560.7703488,2.953042189280192
1710527560.770462,2.9327238930596247
1710527560.7705755,2.91205538643731
1710527560.770689,2.890686459011502
1710527560.7708025,2.86966774198744
1710527560.7709157,2.849699921078152
1710527560.7710292,2.8311332066853843
1710527560.7711427,2.815369235144721
1710527560.7712562,2.8017070558336044
1710527560.7713695,2.789445983039008
1710527560.771483,2.7785862816704645
1710527560.7715964,2.7670261594984265
1710527560.77171,2.7544148763020835
1710527560.7718232,2.740752696990967
1710527560.7719367,2.725338935852051
1710527560.7720501,2.7099251747131348
1710527560.7721636,2.695212099287245
1710527560.7722769,2.6811994446648493
1710527560.7723904,2.6699895328945584
1710527560.7725039,2.6594800419277616
1710527560.7726173,2.6507223976982965
1710527560.7727306,2.641964488559299
1710527560.772844,2.632155683305528
1710527560.7729576,2.6202450858222113
1710527560.773071,2.6055320103963218
1710527560.7731843,2.588716877831353
1710527560.7732978,2.569099532233344
1710527560.7734113,2.549832397037082
1710527560.7735248,2.5291638904147677
1710527560.773638,2.5102469656202526
1710527560.7737515,2.491330040825738
1710527560.773865,2.472062905629476
1710527560.7739785,2.4524452951219344
1710527560.7740917,2.430025471581353
1710527560.7742052,2.4048029051886664
1710527560.7743187,2.376777860853407
1710527560.774432,2.344549232059055
1710527560.7745454,2.3095178604125977
1710527560.774659,2.272034486134847
1710527560.7747724,2.233499950832791
1710527560.7748857,2.1942649947272406
1710527560.7749991,2.1550300386216903
1710527560.7751126,2.1133428149753146
1710527560.775226,2.0706046952141657
1710527560.7753394,2.0250639650556774
1710527560.7754529,1.9760202036963568
1710527560.7755663,1.922772725423177
1710527560.7756798,1.865671740637885
1710527560.775793,1.8040168285369873
1710527560.7759066,1.7399095164404974
1710527560.77602,1.672649515999688
1710527560.7761335,1.6022366947597928
1710527560.7762468,1.530072291692098
1710527560.7763603,1.45615643925137
1710527560.7764738,1.3790876335567899
1710527560.7765872,1.3009679317474365
1710527560.7767005,1.2200457519955106
1710527560.776814,1.1345693800184462
1710527560.7769275,1.0452397002114189
1710527560.777041,0.9527571996053059
1710527560.7771542,0.8557205730014377
1710527560.7772677,0.7544802957110934
1710527560.7773812,0.6507877508799235
1710527560.7774947,0.5446430378490024
1710527560.777608,0.43639643324746025
1710527560.7777214,0.3285001715024312
1710527560.777835,0.21885231137275696
1710527560.7779484,0.10955478582117292
1710527560.7780616,-0.002894986213909255
1710527560.778175,-0.11532333162095812
1710527560.7782886,-0.2309038738409678
1710527560.778402,-0.34823563363817
1710527560.7785153,-0.467668871084849
1710527560.7786288,-0.5902542670567831
1710527560.7787423,-0.7131899727715386
1710527560.7788556,-0.8364758888880411
1710527560.778969,-0.9583607647154067
1710527560.7790825,-1.078144245677524
1710527560.779196,-1.1947755018870037
1710527560.7793093,-1.308955086602105
1710527560.7794228,-1.4231346713172064
1710527560.7795362,-1.5348625183105469
1710527560.7796497,-1.6469405757056341
1710527560.779763,-1.7611201604207356
1710527560.7798765,-1.87424898147583
1710527560.77999,-1.9866773817274306
1710527560.7801034,-2.097354465060764
1710527560.7802167,-2.2027779950035944
1710527560.7803302,-2.3043486807081432
1710527560.7804437,-2.3999653922186956
1710527560.7805572,-2.488927311367459
1710527560.7806704,-2.574036651187473
1710527560.780784,-2.655293411678738
1710527560.7808974,-2.735849486456977
1710527560.7810109,-2.8129031923082137
1710527560.781124,-2.8889060020446777
1710527560.7812376,-2.963507970174154
1710527560.781351,-3.0332067277696395
1710527560.7814646,-3.0983519554138184
1710527560.7815778,-3.156842920515272
1710527560.7816913,-3.209729724460178
1710527560.7818048,-3.2563122113545733
1710527560.7819183,-3.2976410124037
1710527560.7820315,-3.332665231492784
1710527560.782145,-3.3648877673678927
1710527560.7822585,-3.395358986324734
1710527560.782372,-3.4233784675598145
1710527560.7824852,-3.4482457902696395
1710527560.7825987,-3.470661375257704
1710527560.7827122,-3.4885239601135254
1710527560.7828257,-3.5021834903293185
1710527560.782939,-3.5105893346998425
1710527560.7830524,-3.5140917036268444
1710527560.783166,-3.5130410724216037
1710527560.7832792,-3.5077873865763345
1710527560.7833927,-3.5004321734110513
1710527560.7835062,-3.490975697835286
1710527560.7836196,-3.480118115743001
1710527560.783733,-3.468209637535943
1710527560.7838464,-3.455250793033176
1710527560.7839599,-3.441591262817383
1710527560.7840734,-3.426530626085069
1710527560.7841866,-3.4090185165405273
1710527560.7843,-3.390105300479465
1710527560.7844136,-3.369441032409668
1710527560.784527,-3.346324761708577
1710527560.7846403,-3.3225083351135254
1710527560.7847538,-3.2972905370924206
1710527560.7848673,-3.2720730039808483
1710527560.7849808,-3.24755589167277
1710527560.785094,-3.223389254675971
1710527560.7852075,-3.1999227735731335
1710527560.785321,-3.1785578197903104
1710527560.7854345,-3.157543341318766
1710527560.7855477,-3.135828177134196
1710527560.7856612,-3.1137628025478787
1710527560.7857747,-3.0913472175598145
1710527560.7858882,-3.06753052605523
1710527560.7860014,-3.0430134137471514
1710527560.786115,-3.017795880635579
1710527560.7862284,-2.994329664442274
1710527560.786342,-2.9715636041429305
1710527560.7864552,-2.9515997568766275
1710527560.7865686,-2.9337374369303384
1710527560.7866821,-2.917626168992784
1710527560.7867956,-2.9029157426622176
1710527560.7869089,-2.8882055812411838
1710527560.7870224,-2.8720943133036294
1710527560.7871358,-2.8556328349643283
1710527560.7872493,-2.8374203046162925
1710527560.7873626,-2.818857298956977
1710527560.787476,-2.801695399814182
1710527560.7875896,-2.7855841318766275
1710527560.7877028,-2.7719246016608343
1710527560.7878163,-2.761067019568549
1710527560.7879298,-2.7519607543945312
1710527560.7880433,-2.7435549100240073
1710527560.7881565,-2.7347985903422036
1710527560.78827,-2.7249919043646917
1710527560.7883835,-2.7134339014689126
1710527560.788497,-2.7004747920566134
1710527560.7886102,-2.6857646306355796
1710527560.7887237,-2.670353783501519
1710527560.7888372,-2.657044463687473
1710527560.7889507,-2.6447860399881997
1710527560.789064,-2.6346288786994085
1710527560.7891774,-2.6255226135253906
1710527560.789291,-2.6171167691548667
1710527560.7894044,-2.607660028669569
1710527560.7895176,-2.5954016049702964
1710527560.7896311,-2.5803409682379828
1710527560.7897446,-2.5624786482916937
1710527560.789858,-2.5421645906236434
1710527560.7899714,-2.5207996368408203
1710527560.7900848,-2.49908447265625
1710527560.7901983,-2.476318677266439
1710527560.7903118,-2.4549537234836154
1710527560.790425,-2.433238559299045
1710527560.7905385,-2.410122553507487
1710527560.790652,-2.3859556516011557
1710527560.7907655,-2.358636591169569
1710527560.7908788,-2.3271144760979547
1710527560.7909923,-2.2917400466071234
1710527560.7911057,-2.2525125079684787
1710527560.7912192,-2.211534049775865
1710527560.7913325,-2.1663525369432235
1710527560.791446,-2.119770050048828
1710527560.7915595,-2.0724871423509383
1710527560.7916727,-2.023102707333035
1710527560.7917862,-1.9726676411098905
1710527560.7918997,-1.9187300735049777
1710527560.7920132,-1.862340768178304
1710527560.7921264,-1.8006977770063612
1710527560.79224,-1.7366030481126573
1710527560.7923534,-1.6672547658284504
1710527560.7924669,-1.5944039821624756
1710527560.7925801,-1.5166498555077446
1710527560.7926936,-1.4371444119347465
1710527560.792807,-1.3537863890329997
1710527560.7929206,-1.2686770492129855
1710527560.7930338,-1.1818165249294705
1710527560.7931473,-1.0935550265842013
1710527560.7932608,-1.0028417905171711
1710527560.7933743,-0.908976395924886
1710527560.7934875,-0.8130095402399699
1710527560.793601,-0.7121392091115316
1710527560.7937145,-0.6070660220252143
1710527560.793828,-0.4977898465262519
1710527560.7939413,-0.3839605384402805
1710527560.7940547,-0.2673292491171095
1710527560.7941682,-0.14929700228903028
1710527560.7942817,-0.029513535814152822
1710527560.794395,0.08923665516906314
1710527560.7945085,0.20799262656105888
1710527560.794622,0.3274492091602749
1710527560.7947354,0.4469058248731825
1710527560.7948487,0.5677636464436849
1710527560.7949622,0.6921246316697862
1710527560.7950757,0.8182371324963039
1710527560.7951891,0.9475025203492906
1710527560.7953024,1.0788697004318237
1710527560.7954159,1.2084853649139404
1710527560.7955294,1.3363495137956407
1710527560.7956429,1.4614110522800021
1710527560.795756,1.580867634879218
1710527560.7958696,1.6968211862776015
1710527560.795983,1.8089210987091064
1710527560.7960963,1.9196199046240912
1710527560.7962098,2.0289174715677896
1710527560.7963233,2.137864695654975
1710527560.7964368,2.2485635015699597
1710527560.79655,2.3564598295423718
1710527560.7966635,2.4622541003757052
1710527560.796777,2.563494576348199
1710527560.7968905,2.6591298315260143
1710527560.7970037,2.7477590243021646
1710527560.7971172,2.830082310570611
1710527560.7972307,2.9057497448391385
1710527560.7973442,2.977213594648573
1710527560.7974575,3.044824070400662
1710527560.797571,3.1106826994154186
1710527560.7976844,3.1740893257988825
1710527560.797798,3.23504368464152
1710527560.7979112,3.2928453551398382
1710527560.7980247,3.3457424905565047
1710527560.7981381,3.392333984375
1710527560.7982516,3.43156894048055
1710527560.7983649,3.4641480445861816
1710527560.7984784,3.491122192806668
1710527560.7985919,3.5124913851420083
1710527560.7987053,3.530707624223497
1710527560.7988186,3.5457709100511337
1710527560.798932,3.5590828789605036
1710527560.7990456,3.570292790730794
1710527560.799159,3.5790506998697915
1710527560.7992723,3.58430544535319
1710527560.7993858,3.5860570271809893
1710527560.7994993,3.58430544535319
1710527560.7996128,3.5765984323289657
1710527560.799726,3.5667896270751953
1710527560.7998395,3.5524270269605847
1710527560.799953,3.5359621047973633
1710527560.8000665,3.5173956553141275
1710527560.8001797,3.4981285201178656
1710527560.8002932,3.4771098030938044
1710527560.8004067,3.4560908211602106
1710527560.80052,3.433670997619629
1710527560.8006334,3.411601119571262
1710527560.800747,3.387429714202881
1710527560.8008604,3.362207147810194
1710527560.8009737,3.3376852671305337
1710527560.8010871,3.3093100123935275
1710527560.8012006,3.281284968058268
1710527560.801314,3.2515083418952093
1710527560.8014274,3.222782876756456
1710527560.8015409,3.1940571467081704
1710527560.8016543,3.1667327880859375
1710527560.8017678,3.1401091151767306
1710527560.801881,3.1162876553005643
1710527560.8019946,3.0935173564487033
1710527560.802108,3.072148429022895
1710527560.8022215,3.049378130171034
1710527560.8023348,3.027308252122667
1710527560.8024483,3.0048884285820856
1710527560.8025618,2.9817676544189453
1710527560.8026752,2.9582966698540583
1710527560.8027885,2.934475474887424
1710527560.802902,2.913456757863363
1710527560.8030155,2.8934889369540744
1710527560.803129,2.877024279700385
1710527560.8032422,2.86126004325019
1710527560.8033557,2.8472476535373263
1710527560.8034692,2.834636370340983
1710527560.8035827,2.82027350531684
1710527560.803696,2.8052102194892035
1710527560.8038094,2.788745562235514
1710527560.803923,2.772280904981825
1710527560.8040364,2.7551155620151095
1710527560.8041496,2.7393513255649142
1710527560.804263,2.725338935852051
1710527560.8043766,2.7130778630574546
1710527560.80449,2.703619533114963
1710527560.8046033,2.695212099287245
1710527560.8047168,2.6854032940334744
1710527560.8048303,2.675944699181451
1710527560.8049436,2.6650849978129068
1710527560.805057,2.6507223976982965
1710527560.8051705,2.6356588469611273
1710527560.805284,2.6198948754204645
1710527560.8053973,2.6034302181667752
1710527560.8055108,2.588366667429606
1710527560.8056242,2.5743542777167425
1710527560.8057377,2.561042308807373
1710527560.805851,2.5477303398980036
1710527560.8059645,2.534068160586887
1710527560.806078,2.5176035033331976
1710527560.8061914,2.4983363681369357
1710527560.8063047,2.476967175801595
1710527560.8064182,2.4510441886054144
1710527560.8065317,2.423019144270155
1710527560.8066452,2.3939432038201227
1710527560.8067584,2.3645170529683432
1710527560.806872,2.3343899514940047
1710527560.8069854,2.3035624292161727
1710527560.8070989,2.271684010823568
1710527560.807212,2.238054010603163
1710527560.8073256,2.2016215324401855
1710527560.807439,2.1620362334781222
1710527560.8075526,2.117896874745687
1710527560.8076658,2.069904009501139
1710527560.8077793,2.018057770199246
1710527560.8078928,1.9637592633565266
1710527560.8080063,1.907008621427748
1710527560.8081195,1.8474555015563965
1710527560.808233,1.7868514855702717
1710527560.8083465,1.7241455448998344
1710527560.80846,1.6593376795450845
1710527560.8085732,1.591026782989502
1710527560.8086867,1.5195629331800673
1710527560.8088002,1.4442457093132866
1710527560.8089137,1.3643744256761339
1710527560.809027,1.280299425125122
1710527560.8091404,1.1930716037750244
1710527560.809254,1.1023406849967108
1710527560.8093672,1.0084568791919284
1710527560.8094807,0.9135221772723727
1710527560.8095942,0.8161352740393745
1710527560.8097076,0.7169967889785767
1710527560.809821,0.6168074078030056
1710527560.8099344,0.5155670642852783
1710527560.8100479,0.4108236233393351
1710527560.8101614,0.30397829082277084
1710527560.8102746,0.193980120950275
1710527560.810388,0.07942790786425273
1710527560.8105016,-0.037218903501828514
1710527560.810615,-0.15630188915464613
1710527560.8107283,-0.27678584059079486
1710527560.8108418,-0.39621906148062813
1710527560.8109553,-0.5156522989273071
1710527560.8110688,-0.6333343187967936
1710527560.811182,-0.749615364604526
1710527560.8112955,-0.8658963441848755
1710527560.811409,-0.981827179590861
1710527560.8115225,-1.0991589228312175
1710527560.8116357,-1.217541429731581
1710527560.8117492,-1.3376751210954454
1710527560.8118627,-1.45850936571757
1710527560.8119762,-1.5786430570814345
1710527560.8120894,-1.695974800321791
1710527560.812203,-1.8105045954386392
1710527560.8123164,-1.9208314683702257
1710527560.81243,-2.025904655456543
1710527560.8125432,-2.127475473615858
1710527560.8126566,-2.2255439228481717
1710527560.8127701,-2.3211603694491916
1710527560.8128836,-2.415376239352756
1710527560.8129969,-2.509241633945041
1710527560.8131104,-2.6010055012173123
1710527560.8132238,-2.689967420366075
1710527560.8133373,-2.7757771809895835
1710527560.8134506,-2.8556328349643283
1710527560.813564,-2.9288339614868164
1710527560.8136775,-2.995730506049262
1710527560.8137908,-3.055972523159451
1710527560.8139043,-3.1116612752278643
1710527560.8140178,-3.162096341451009
1710527560.8141313,-3.211130566067166
1710527560.8142445,-3.2570126321580672
1710527560.814358,-3.301843802134196
1710527560.8144715,-3.3428223927815752
1710527560.814585,-3.3806488249037
1710527560.8146982,-3.4139219919840493
1710527560.8148117,-3.4412410524156356
1710527560.8149252,-3.463306427001953
1710527560.8150387,-3.4797679053412542
1710527560.815152,-3.49167611863878
1710527560.8152654,-3.5000819630093045
1710527560.815379,-3.5060360696580672
1710527560.8154924,-3.509538438585069
1710527560.8156056,-3.5112897555033364
1710527560.8157191,-3.5116399659050836
1710527560.8158326,-3.5102391242980957
1710527560.815946,-3.5056858592563205
1710527560.8160594,-3.4990313318040633
1710527560.8161728,-3.4885239601135254
1710527560.8162863,-3.4748644298977323
1710527560.8163998,-3.457702530754937
1710527560.816513,-3.439489735497369
1710527560.8166265,-3.418474992116292
1710527560.81674,-3.396059407128228
1710527560.8168535,-3.3739940325419107
1710527560.8169668,-3.3515784475538464
1710527560.8170803,-3.3288126521640353
1710527560.8171937,-3.306397067175971
1710527560.8173072,-3.2846819029914007
1710527560.8174205,-3.2615658971998425
1710527560.817534,-3.238449626498752
1710527560.8176475,-3.213932514190674
1710527560.817761,-3.1880145602756076
1710527560.8178742,-3.161746131049262
1710527560.8179877,-3.134777545928955
1710527560.8181012,-3.1078086958991156
1710527560.8182144,-3.08294137318929
1710527560.818328,-3.057723840077718
1710527560.8184414,-3.0356584654914007
1710527560.8185549,-3.0153441429138184
1710527560.8186681,-2.996781137254503
1710527560.8187816,-2.978568606906467
1710527560.818895,-2.9596553908454046
1710527560.8190086,-2.9396915435791016
1710527560.8191218,-2.919727431403266
1710527560.8192353,-2.897662056816949
1710527560.8193488,-2.8773479991488986
1710527560.8194623,-2.8566837310791016
1710527560.8195755,-2.8398720423380532
1710527560.819689,-2.824110984802246
1710527560.8198025,-2.811852296193441
1710527560.819916,-2.801695399814182
1710527560.8200293,-2.7915382385253906
1710527560.8201427,-2.7810308668348522
1710527560.8202562,-2.7691226535373263
1710527560.8203697,-2.755463123321533
1710527560.820483,-2.741103172302246
1710527560.8205965,-2.7263927459716797
1710527560.82071,-2.7116825845506454
1710527560.8208234,-2.6980230543348522
1710527560.8209367,-2.687165472242567
1710527560.8210502,-2.678059207068549
1710527560.8211637,-2.6696533626980252
1710527560.8212771,-2.662998570336236
1710527560.8213904,-2.65249146355523
1710527560.8215039,-2.6412834061516657
1710527560.8216174,-2.6269234551323786
1710527560.8217309,-2.6111626625061035
1710527560.821844,-2.592949867248535
1710527560.8219576,-2.5750872823927136
1710527560.822071,-2.5572249624464245
1710527560.8221846,-2.5400630633036294
1710527560.8222978,-2.525352636973063
1710527560.8224113,-2.509241633945041
1710527560.8225248,-2.49278015560574
1710527560.822638,-2.4749175707499185
1710527560.8227515,-2.4542533026801214
1710527560.822865,-2.42868529425727
1710527560.8229785,-2.4010160234239364
1710527560.8230917,-2.3698443836636014
1710527560.8232052,-2.337271637386746
1710527560.8233187,-2.3025976286994085
1710527560.8234322,-2.267573144700792
1710527560.8235455,-2.2314980294969344
1710527560.823659,-2.194722361034817
1710527560.8237724,-2.1551447444491916
1710527560.823886,-2.113465732998318
1710527560.8239992,-2.0679340097639294
1710527560.8241127,-2.017849153942532
1710527560.8242261,-1.9635612434811063
1710527560.8243396,-1.9054207536909316
1710527560.8244529,-1.8437777625189886
1710527560.8245664,-1.778632402420044
1710527560.8246799,-1.709984540939331
1710527560.8247933,-1.6392352845933702
1710527560.8249066,-1.5674352645874023
1710527560.82502,-1.4931835068596733
1710527560.8251336,-1.4164800114101834
1710527560.825247,-1.3373249106936984
1710527560.8253603,-1.2543169657389324
1710527560.8254738,-1.1671062310536702
1710527560.8255873,-1.0756925741831462
1710527560.8257008,-0.9793754418690999
1710527560.825814,-0.8792056639989216
1710527560.8259275,-0.7755333847469753
1710527560.826041,-0.668708946969774
1710527560.8261545,-0.5604835351308187
1710527560.8262677,-0.45120739274554783
1710527560.8263812,-0.34158100684483844
1710527560.8264947,-0.2291526562637753
1710527560.8266082,-0.11847553153832753
1710527560.8267214,-0.003245230246749189
1710527560.826835,0.11410885386996798
1710527560.8269484,0.23496669199731615
1710527560.8270617,0.3589773509237501
1710527560.8271751,0.48614081409242416
1710527560.8272886,0.614004929860433
1710527560.827402,0.7418690125147501
1710527560.8275154,0.8690324756834242
1710527560.8276289,0.9933934609095255
1710527560.8277423,1.114601559109158
1710527560.8278558,1.233707931306627
1710527560.827969,1.3507122463650174
1710527560.8280826,1.4680670367346869
1710527560.828196,1.5875236193339028
1710527560.8283095,1.7066298590766058
1710527560.8284228,1.8278380235036213
1710527560.8285363,1.9486958450741239
1710527560.8286498,2.0664008458455405
1710527560.8287632,2.180252472559611
1710527560.8288765,2.2891998291015625
1710527560.82899,2.391841411590576
1710527560.8291035,2.488177352481418
1710527560.829217,2.5806599193149142
1710527560.8293302,2.669288847181532
1710527560.8294437,2.7558159828186035
1710527560.8295572,2.8395409054226346
1710527560.8296707,2.9236157735188804
1710527560.829784,3.0048884285820856
1710527560.8298974,3.080205652448866
1710527560.830011,3.150968551635742
1710527560.8301244,3.214024967617459
1710527560.8302376,3.269724580976698
1710527560.830351,3.3180676566229925
1710527560.8304646,3.360806041293674
1710527560.830578,3.3982894155714245
1710527560.8306913,3.4322696261935763
1710527560.8308048,3.4637978341844344
1710527560.8309183,3.492873774634467
1710527560.8310318,3.519147237141927
1710527560.831145,3.5426182217068143
1710527560.8312585,3.5611846711900497
1710527560.831372,3.5748468505011664
1710527560.8314853,3.5839549700419107
1710527560.8315988,3.5867574479844833
1710527560.8317122,3.585005866156684
1710527560.8318257,3.580802281697591
1710527560.831939,3.5734457439846463
1710527560.8320525,3.5636369387308755
1710527560.832166,3.552777237362332
1710527560.8322794,3.5408666398790145
1710527560.8323927,3.5272044605678983
1710527560.8325062,3.5124913851420083
1710527560.8326197,3.4949755668640137
1710527560.8327332,3.4750077459547253
1710527560.8328464,3.453638818528917
1710527560.83296,3.4294671482510037
1710527560.8330734,3.403544161054823
1710527560.8331869,3.3765700128343368
1710527560.8333,3.3481947580973306
1710527560.8334136,3.319819238450792
1710527560.833527,3.2907432980007596
1710527560.8336406,3.2634189393785262
1710527560.8337538,3.237495952182346
1710527560.8338673,3.2119231753879123
1710527560.8339808,3.186350133683946
1710527560.8340943,3.161127832200792
1710527560.8342075,3.1359052658081055
1710527560.834321,3.1096318033006454
1710527560.8344345,3.0833583407931857
1710527560.834548,3.056033982170953
1710527560.8346612,3.0287096235487194
1710527560.8347747,3.0024361610412598
1710527560.8348882,2.9779142803615994
1710527560.8350017,2.955494191911485
1710527560.835115,2.9348256852891708
1710527560.8352284,2.916609446207682
1710527560.835342,2.8990938928392196
1710527560.8354554,2.881227864159478
1710527560.8355687,2.864062786102295
1710527560.8356822,2.8458465470208063
1710527560.8357956,2.827279832628038
1710527560.835909,2.808012697431776
1710527560.8360224,2.7890957726372614
1710527560.8361359,2.773331801096598
1710527560.8362494,2.7582682503594294
1710527560.8363626,2.746357652876112
1710527560.836476,2.7365488476223416
1710527560.8365896,2.7281414137946234
1710527560.836703,2.7186828189425998
1710527560.8368163,2.7088742785983615
1710527560.8369298,2.6973138915167914
1710527560.8370433,2.684001922607422
1710527560.8371568,2.669639057583279
1710527560.83727,2.654925982157389
1710527560.8373835,2.641263802846273
1710527560.837497,2.6283023092481823
1710527560.8376105,2.6181432935926647
1710527560.8377237,2.607984277937147
1710527560.8378372,2.598175472683377
1710527560.8379507,2.588016457027859
1710527560.8380642,2.5747044881184897
1710527560.8381774,2.5592907269795737
1710527560.838291,2.541424698299832
1710527560.8384044,2.5207564565870495
1710527560.838518,2.4983363681369357
1710527560.8386312,2.4762667549981012
1710527560.8387446,2.4534961912367077
1710527560.8388581,2.4303756819831
1710527560.8389716,2.407605383131239
1710527560.8390849,2.3848350842793784
1710527560.8391984,2.3585616217719183
1710527560.8393118,2.329835891723633
1710527560.8394253,2.2972567876180015
1710527560.8395386,2.2615249951680503
1710527560.839652,2.221939696205987
1710527560.8397655,2.179551919301351
1710527560.839879,2.1350622177124023
1710527560.8399923,2.0888209342956543
1710527560.8401058,2.0418789651658797
1710527560.8402193,1.9924849934048123
1710527560.8403325,1.9427405463324652
1710527560.840446,1.8894930680592854
1710527560.8405595,1.8327424261305068
1710527560.840673,1.772838963402642
1710527560.8407862,1.7087317837609184
1710527560.8408997,1.6400705443488226
1710527560.8410132,1.5668551127115884
1710527560.8411267,1.4904869927300346
1710527560.84124,1.4113163948059082
1710527560.8413534,1.329693529340956
1710527560.841467,1.2456185287899442
1710527560.8415804,1.1590912606981065
1710527560.8416936,1.0704622003767226
1710527560.8418071,0.9811325205696954
1710527560.8419206,0.887599057621426
1710527560.842034,0.7909127738740709
1710527560.8421474,0.6903730498419868
1710527560.8422608,0.5863302283816867
1710527560.8423743,0.47913455300860935
1710527560.8424878,0.36808547046449447
1710527560.842601,0.2556351323922475
1710527560.8427145,0.14073260956340367
1710527560.842828,0.026180392338169944
1710527560.8429415,-0.08835453954007891
1710527560.8430548,-0.2028843429353502
1710527560.8431683,-0.31811465819676715
1710527560.8432817,-0.43229420979817706
1710527560.8433952,-0.547174248430464
1710527560.8435085,-0.6641557481553819
1710527560.843622,-0.7853402031792535
1710527560.8437355,-0.906174447801378
1710527560.843849,-1.0291100872887504
1710527560.8439622,-1.150644752714369
1710527560.8440757,-1.2714789973364935
1710527560.8441892,-1.3895112938351102
1710527560.8443027,-1.5029903252919514
1710527560.844416,-1.612966987821791
1710527560.8445294,-1.7211923334333632
1710527560.8446429,-1.8276666270362005
1710527560.8447561,-1.9327398141225178
1710527560.8448696,-2.0385135544670954
1710527560.844983,-2.1439369519551597
1710527560.8450966,-2.2483097182379828
1710527560.8452098,-2.350931167602539
1710527560.8453233,-2.4489996168348522
1710527560.8454368,-2.5421645906236434
1710527560.8455503,-2.6286747720506454
1710527560.8456635,-2.7099312676323786
1710527560.845777,-2.7866347630818686
1710527560.8458905,-2.8580845726860895
1710527560.846004,-2.9260320133633084
1710527560.8461173,-2.9925783475240073
1710527560.8462307,-3.0573733647664385
1710527560.8463442,-3.1200671195983887
1710527560.8464577,-3.1796087159050836
1710527560.846571,-3.233896361456977
1710527560.8466845,-3.2825803756713867
1710527560.846798,-3.32566049363878
1710527560.8469114,-3.3624360296461315
1710527560.8470247,-3.3932574590047198
1710527560.8471382,-3.4191756778293185
1710527560.8472517,-3.4419414732191296
1710527560.8473651,-3.461555110083686
1710527560.8474784,-3.479067219628228
1710527560.8475919,-3.4941278563605414
1710527560.8477054,-3.5070869657728405
1710527560.8478189,-3.5168936517503524
1710527560.847932,-3.521797127193875
1710527560.8480456,-3.5231979688008623
1710527560.848159,-3.5207464959886337
1710527560.8482726,-3.5144419140285916
1710527560.8483858,-3.5039345423380532
1710527560.8484993,-3.49027501212226
1710527560.8486128,-3.4762652715047198
1710527560.8487263,-3.460154268476698
1710527560.8488395,-3.443692790137397
1710527560.848953,-3.426530626085069
1710527560.8490665,-3.40866830613878
1710527560.8491797,-3.390805721282959
1710527560.8492932,-3.3718927701314287
1710527560.8494067,-3.3519286579555936
1710527560.8495202,-3.329863283369276
1710527560.8496335,-3.306747277577718
1710527560.849747,-3.2818799548678927
1710527560.8498604,-3.2563122113545733
1710527560.849974,-3.2307442029317217
1710527560.8500872,-3.204125828213162
1710527560.8502007,-3.1796087159050836
1710527560.8503141,-3.155792024400499
1710527560.8504276,-3.133726649814182
1710527560.8505409,-3.1123616960313583
1710527560.8506544,-3.0920476383633084
1710527560.8507679,-3.070682684580485
1710527560.8508813,-3.048617309994168
1710527560.8509946,-3.0255013042026095
1710527560.851108,-3.0016846126980252
1710527560.8512216,-2.977167500389947
1710527560.851335,-2.9533510737948947
1710527560.8514483,-2.9312856992085776
1710527560.8515618,-2.911321587032742
1710527560.8516753,-2.8931090566847057
1710527560.8517888,-2.8783986303541393
1710527560.851902,-2.8647393650478787
1710527560.8520155,-2.8517802556355796
1710527560.852129,-2.838470935821533
1710527560.8522425,-2.823060088687473
1710527560.8523557,-2.8072992960611978
1710527560.8524692,-2.7911880281236434
1710527560.8525827,-2.7750767601860895
1710527560.8526962,-2.760366598765055
1710527560.8528094,-2.747407489352756
1710527560.852923,-2.7376005384657116
1710527560.8530364,-2.728844483693441
1710527560.85315,-2.721839745839437
1710527560.8532631,-2.7155351638793945
1710527560.8533766,-2.7060786883036294
1710527560.85349,-2.6955713166130915
1710527560.8536034,-2.682612207200792
1710527560.8537169,-2.667551835378011
1710527560.8538303,-2.6510903570387097
1710527560.8539438,-2.6367304060194225
1710527560.854057,-2.6216697692871094
1710527560.8541706,-2.6097615559895835
1710527560.854284,-2.5975031322903104
1710527560.8543975,-2.586995760599772
1710527560.8545108,-2.5750872823927136
1710527560.8546243,-2.5607273313734265
1710527560.8547378,-2.5442658530341253
1710527560.8548512,-2.523951795366075
1710527560.8549645,-2.5008357895745172
1710527560.855078,-2.4756179915534124
1710527560.8551915,-2.449700037638346
1710527560.855305,-2.42238097720676
1710527560.8554182,-2.3943614959716797
1710527560.8555317,-2.3670424355400934
1710527560.8556452,-2.338322533501519
1710527560.8557587,-2.307851049635145
1710527560.855872,-2.273527251349555
1710527560.8559854,-2.2357008192274304
1710527560.856099,-2.19367159737481
1710527560.8562124,-2.1484900845421686
1710527560.8563256,-2.098755439122518
1710527560.856439,-2.046218845579359
1710527560.8565526,-1.9922812779744465
1710527560.856666,-1.9355417622460258
1710527560.8567793,-1.878101693259345
1710527560.8568928,-1.8185602294074164
1710527560.8570063,-1.7562168174319797
1710527560.8571198,-1.6917718781365287
1710527560.857233,-1.623824569914076
1710527560.8573465,-1.552374760309855
1710527560.85746,-1.4760214752621121
1710527560.8575735,-1.396165821287367
1710527560.8576868,-1.3110566139221191
1710527560.8578002,-1.222444772720337
1710527560.8579137,-1.1313813262515597
1710527560.858027,-1.0382164186901517
1710527560.8581405,-0.9411988655726115
1710527560.858254,-0.8441812462276882
1710527560.8583674,-0.744711889161004
1710527560.8584807,-0.6441919008890787
1710527560.8585942,-0.5398191346062554
1710527560.8587077,-0.43229420979817706
1710527560.8588212,-0.3209166063202752
1710527560.8589344,-0.20463556051254272
1710527560.859048,-0.085552583138148
1710527560.8591614,0.03668977154625787
1710527560.8592749,0.16105074021551344
1710527560.859388,0.285411708884769
1710527560.8595016,0.4094223512543572
1710527560.859615,0.5320317546526591
1710527560.8597286,0.6521889898512099
1710527560.8598418,0.772346191936069
1710527560.8599553,0.8932040797339545
1710527560.8600688,1.0151127974192302
1710527560.8601823,1.1384228865305583
1710527560.8602955,1.264535453584459
1710527560.860409,1.3909982310401068
1710527560.8605225,1.5171107980940077
1710527560.860636,1.641471783320109
1710527560.8607492,1.7609283659193251
1710527560.8608627,1.876181231604682
1710527560.8609762,1.9865296946631537
1710527560.8610897,2.092674308353
1710527560.861203,2.195666233698527
1710527560.8613164,2.2965563668145075
1710527560.86143,2.3967456817626953
1710527560.8615434,2.496234575907389
1710527560.8616567,2.595723205142551
1710527560.8617702,2.692409621344672
1710527560.8618836,2.784541712866889
1710527560.8619971,2.8710688485039606
1710527560.8621104,2.9509401321411133
1710527560.8622239,3.0245057741800943
1710527560.8623374,3.09106535381741
1710527560.8624506,3.1520197126600475
1710527560.862564,3.208069536421034
1710527560.8626776,3.2627185185750323
1710527560.862791,3.314564757876926
1710527560.8629043,3.3650096257527666
1710527560.8630178,3.411951594882541
1710527560.8631313,3.4525879224141436
1710527560.8632448,3.4900712966918945
1710527560.863358,3.5205483436584473
1710527560.8634715,3.5433189074198403
1710527560.863585,3.5604839854770236
1710527560.8636985,3.573795954386393
1710527560.8638117,3.5822033882141113
1710527560.8639252,3.588158819410536
1710527560.8640387,3.5906110869513617
1710527560.8641522,3.592362668779161
1710527560.8642654,3.592712879180908
1710527560.864379,3.589209715525309
1710527560.8644924,3.5832542843288846
1710527560.864606,3.5734457439846463
1710527560.8647192,3.5597835646735296
1710527560.8648326,3.5440193282233343
1710527560.8649461,3.5244019826253252
1710527560.8650596,3.5019818941752114
1710527560.8651729,3.4785109096103244
1710527560.8652864,3.453989028930664
1710527560.8653998,3.4287664625379772
1710527560.8655133,3.40389437145657
1710527560.8656266,3.3786718050638833
1710527560.86574,3.353449238671197
1710527560.8658535,3.3282269371880426
1710527560.865967,3.3009025785658093
1710527560.8660803,3.2749793264600964
1710527560.8661938,3.24660407172309
1710527560.8663073,3.218228816986084
1710527560.8664207,3.1891528765360513
1710527560.866534,3.1590257750617132
1710527560.8666475,3.1299498346116805
1710527560.866761,3.102275265587701
1710527560.8668742,3.0749509069654675
1710527560.8669877,3.0511297119988336
1710527560.8671012,3.0287096235487194
1710527560.8672147,3.007690906524658
1710527560.867328,2.9870223999023438
1710527560.8674414,2.9667043685913086
1710527560.867555,2.9453351762559676
1710527560.8676684,2.9236157735188804
1710527560.8677816,2.902246846093072
1710527560.8678951,2.880176968044705
1710527560.8680086,2.8591582510206432
1710527560.868122,2.8409420119391546
1710527560.8682353,2.8241271442837186
1710527560.8683488,2.809764279259576
1710527560.8684623,2.7971529960632324
1710527560.8685758,2.7855926089816623
1710527560.868689,2.773331801096598
1710527560.8688025,2.7600198321872287
1710527560.868916,2.745656967163086
1710527560.8690295,2.72884209950765
1710527560.8691428,2.7137785487704806
1710527560.8692563,2.6983647876315646
1710527560.8693697,2.684001922607422
1710527560.8694832,2.672792010837131
1710527560.8695965,2.66298320558336
1710527560.86971,2.6545757717556424
1710527560.8698235,2.6465185483296714
1710527560.869937,2.636359532674154
1710527560.8700502,2.625850041707357
1710527560.8701637,2.611837651994493
1710527560.8702772,2.5971245765686035
1710527560.8703907,2.580309444003635
1710527560.870504,2.561742994520399
1710527560.8706174,2.5442271762424045
1710527560.8707309,2.5274123085869684
1710527560.8708444,2.510947651333279
1710527560.8709576,2.49448299407959
1710527560.871071,2.4776678615146213
1710527560.8711846,2.4584007263183594
1710527560.8712978,2.435279952155219
1710527560.8714113,2.4097071753607855
1710527560.8715248,2.380281024509006
1710527560.8716383,2.3477019204033747
1710527560.8717515,2.3130210240681968
1710527560.871865,2.2776394420199924
1710527560.8719785,2.240856488545736
1710527560.872092,2.202672561009725
1710527560.8722053,2.164138158162435
1710527560.8723187,2.1242025163438583
1710527560.8724322,2.0811140537261963
1710527560.8725457,2.034522427452935
1710527560.872659,1.9833768738640678
1710527560.8727725,1.9290783670213487
1710527560.872886,1.8695252471499972
1710527560.8729994,1.8075198597378201
1710527560.8731127,1.74201144112481
1710527560.8732262,1.6744010978274875
1710527560.8733397,1.6050391727023654
1710527560.8734531,1.53392579820421
1710527560.8735664,1.4600098133087158
1710527560.8736799,1.384342246585422
1710527560.8737934,1.3051716486612956
1710527560.8739069,1.2231985727945964
1710527560.87402,1.1363209618462455
1710527560.8741336,1.0455900430679321
1710527560.874247,0.9520565801196628
1710527560.8743606,0.8539690574010212
1710527560.8744738,0.7537796099980671
1710527560.8745873,0.6514883703655666
1710527560.8747008,0.5481461352772182
1710527560.8748143,0.4420014222462972
1710527560.8749275,0.3362070189581977
1710527560.875041,0.2297120127413008
1710527560.8751545,0.12111510667535993
1710527560.875268,0.010766638442873955
1710527560.8753812,-0.10236429671446481
1710527560.8754947,-0.21864533424377441
1710527560.8756082,-0.3380785716904534
1710527560.8757215,-0.4592629936006334
1710527560.875835,-0.5807977252536349
1710527560.8759484,-0.7040835751427544
1710527560.876062,-0.824567543135749
1710527560.8761752,-0.9436505370669894
1710527560.8762887,-1.0606320699055989
1710527560.8764021,-1.1762126286824544
1710527560.8765156,-1.2900418705410428
1710527560.8766289,-1.4038712448543973
1710527560.8767424,-1.5187512503729925
1710527560.8768559,-1.633281045489841
1710527560.8769693,-1.7485113938649495
1710527560.8770826,-1.863391399383545
1710527560.877196,-1.9747690359751382
1710527560.8773096,-2.0836949348449707
1710527560.877423,-2.187016937467787
1710527560.8775363,-2.285085254245334
1710527560.8776498,-2.3779000176323786
1710527560.8777633,-2.4668619367811413
1710527560.8778768,-2.5523214870029025
1710527560.87799,-2.6360299852159286
1710527560.8781035,-2.7179869016011557
1710527560.878217,-2.798893451690674
1710527560.8783305,-2.8773479991488986
1710527560.8784437,-2.9519499672783747
1710527560.8785572,-3.0209480391608343
1710527560.8786707,-3.0839920043945312
1710527560.8787842,-3.1414320733812118
1710527560.8788974,-3.1918671396043563
1710527560.879011,-3.2373989952935114
1710527560.8791244,-3.2780271106296115
1710527560.879238,-3.315503332349989
1710527560.8793511,-3.3512282371520996
1710527560.8794646,-3.384501404232449
1710527560.879578,-3.415673043992784
1710527560.8796916,-3.4440430005391436
1710527560.8798048,-3.467509216732449
1710527560.8799183,-3.487473063998752
1710527560.8800318,-3.5011325942145453
1710527560.880145,-3.5091882281833224
1710527560.8802586,-3.5137414932250977
1710527560.880372,-3.5133912828233504
1710527560.8804855,-3.5112897555033364
1710527560.8805988,-3.5056858592563205
1710527560.8807123,-3.4990313318040633
1710527560.8808258,-3.490975697835286
1710527560.8809392,-3.480818536546495
1710527560.8810525,-3.468910323248969
1710527560.881166,-3.455250793033176
1710527560.8812795,-3.439489735497369
1710527560.881393,-3.4212769402398004
1710527560.8815062,-3.400262461768256
1710527560.8816197,-3.378197087181939
1710527560.8817332,-3.352979554070367
1710527560.8818467,-3.3281122313605414
1710527560.88196,-3.30254422293769
1710527560.8820734,-3.2780271106296115
1710527560.882187,-3.2535102632310653
1710527560.8823004,-3.229693571726481
1710527560.8824136,-3.207628197140164
1710527560.882527,-3.1859130329555936
1710527560.8826406,-3.162446816762288
1710527560.882754,-3.1393305460611978
1710527560.8828673,-3.1151636441548662
1710527560.8829808,-3.0906467967563205
1710527560.8830943,-3.064378367529975
1710527560.8832078,-3.0381099383036294
1710527560.883321,-3.012892405192057
1710527560.8834345,-2.989776399400499
1710527560.883548,-2.969462341732449
1710527560.8836615,-2.94984843995836
1710527560.8837748,-2.9337374369303384
1710527560.8838882,-2.9179763793945312
1710527560.8840017,-2.9029157426622176
1710527560.8841152,-2.8864542643229165
1710527560.8842285,-2.8692923651801214
1710527560.884342,-2.8510798348320856
1710527560.8844554,-2.833217249976264
1710527560.8845687,-2.816055350833469
1710527560.8846822,-2.8006445036994085
1710527560.8847957,-2.7876856591966415
1710527560.8849092,-2.7768280771043563
1710527560.8850224,-2.7687724431355796
1710527560.885136,-2.761067019568549
1710527560.8852494,-2.753011385599772
1710527560.8853629,-2.7435549100240073
1710527560.885476,-2.732347117529975
1710527560.8855896,-2.719388008117676
1710527560.885703,-2.7050280570983887
1710527560.8858166,-2.6910183164808483
1710527560.8859298,-2.6777089966668024
1710527560.8860433,-2.66650120417277
1710527560.8861568,-2.656694253285726
1710527560.8862703,-2.6482884089152017
1710527560.8863835,-2.6409331957499185
1710527560.886497,-2.63077629937066
1710527560.8866105,-2.619218031565348
1710527560.886724,-2.6045078701443143
1710527560.8868372,-2.587696181403266
1710527560.8869507,-2.5687829653422036
1710527560.8870642,-2.54776848687066
1710527560.8871777,-2.5271039538913302
1710527560.887291,-2.506439685821533
1710527560.8874044,-2.486125363243951
1710527560.887518,-2.4665117263793945
1710527560.8876314,-2.4465478791130915
1710527560.8877447,-2.424132294125027
1710527560.8878582,-2.3978638648986816
1710527560.8879716,-2.368443277147081
1710527560.8880851,-2.335870795779758
1710527560.8881984,-2.2990949948628745
1710527560.8883119,-2.2602179315355087
1710527560.8884254,-2.2181887096828885
1710527560.8885388,-2.1744081709120007
1710527560.888652,-2.1306276321411133
1710527560.8887656,-2.084395488103231
1710527560.888879,-2.037112580405341
1710527560.8889923,-1.9859768284691703
1710527560.8891058,-1.9323896037207708
1710527560.8892193,-1.873898771074083
1710527560.8893328,-1.8112051486968994
1710527560.889446,-1.7443084716796875
1710527560.8895595,-1.6728586620754666
1710527560.889673,-1.5979064835442436
1710527560.8897865,-1.5198020140329995
1710527560.8898997,-1.4395961496565077
1710527560.8900132,-1.3572887579600017
1710527560.8901267,-1.2728799713982475
1710527560.8902402,-1.1867198679182265
1710527560.8903534,-1.0984584358003404
1710527560.890467,-1.0080954763624403
1710527560.8905804,-0.9135295285118951
1710527560.890694,-0.8154612117343478
1710527560.8908072,-0.7142406702041626
1710527560.8909206,-0.6070660220252143
1710527560.8910341,-0.49708935949537486
1710527560.8911476,-0.3846610254711575
1710527560.8912609,-0.2701312137974633
1710527560.8913743,-0.1549009150928921
1710527560.8914878,-0.038970125218232475
1710527560.8916013,0.07627509534358978
1710527560.8917146,0.1922285556793213
1710527560.891828,0.30958327982160777
1710527560.8919415,0.4279889331923591
1710527560.892055,0.5491970976193746
1710527560.8921683,0.6742586692174276
1710527560.8922818,0.8017724752426147
1710527560.8923953,0.9317384163538615
1710527560.8925087,1.0599528418646917
1710527560.892622,1.187816990746392
1710527560.8927355,1.3121778435177274
1710527560.892849,1.4326854546864827
1710527560.8929625,1.549689902199639
1710527560.8930757,1.664592425028483
1710527560.8931892,1.7763421270582411
1710527560.8933027,1.8901936213175454
1710527560.893416,2.002994351916843
1710527560.8935294,2.1164956357744003
1710527560.893643,2.2299967871771917
1710527560.8937564,2.3403453826904297
1710527560.8938696,2.4478912353515625
1710527560.8939831,2.548080815209283
1710527560.8940966,2.6423146989610458
1710527560.89421,2.7291923099093967
1710527560.8943233,2.812216281890869
1710527560.8944368,2.888934877183702
1710527560.8945503,2.9632012049357095
1710527560.8946638,3.0357159508599176
1710527560.894777,3.1057784292432995
1710527560.8948905,3.173388640085856
1710527560.895004,3.2367952664693194
1710527560.8951175,3.2945969369676376
1710527560.8952308,3.346092700958252
1710527560.8953443,3.3916332986619735
1710527560.8954577,3.4284162521362305
1710527560.8955712,3.4602946705288358
1710527560.8956845,3.4862179226345487
1710527560.895798,3.5093384318881564
1710527560.8959115,3.5296564631991916
1710527560.896025,3.5478729671902127
1710527560.8961382,3.5639871491326227
1710527560.8962517,3.5779998037550182
1710527560.8963652,3.588509029812283
1710527560.8964787,3.5941139856974282
1710527560.896592,3.595515357123481
1710527560.8967054,3.592362668779161
1710527560.8968189,3.5853563414679632
1710527560.8969324,3.573795954386393
1710527560.8970456,3.5597835646735296
1710527560.897159,3.5440193282233343
1710527560.8972726,3.5272044605678983
1710527560.897386,3.508988221486409
1710527560.8974993,3.4897210862901473
1710527560.8976128,3.46940279006958
1710527560.8977263,3.4480338626437717
1710527560.8978395,3.4249130884806314
1710527560.897953,3.4014421039157443
1710527560.8980665,3.375168641408284
1710527560.89818,3.3474940723843045
1710527560.8982933,3.319118817647298
1710527560.8984067,3.2896924018859863
1710527560.8985202,3.2599157757229276
1710527560.8986337,3.230839835272895
1710527560.898747,3.202815055847168
1710527560.8988605,3.175840907626682
1710527560.898974,3.1513190269470215
1710527560.8990874,3.126797146267361
1710527560.8992007,3.1033261617024737
1710527560.8993142,3.0791544914245605
1710527560.8994277,3.056033982170953
1710527560.8995411,3.031512101491292
1710527560.8996544,3.007340431213379
1710527560.8997679,2.9824683401319714
1710527560.8998814,2.957245773739285
1710527560.8999949,2.9348256852891708
1710527560.900108,2.9138069682651095
1710527560.9002216,2.896291414896647
1710527560.900335,2.880527443355984
1710527560.9004486,2.865814103020562
1710527560.9005618,2.8518017133076987
1710527560.9006753,2.8374388482835555
1710527560.9007888,2.8216748767428927
1710527560.9009023,2.8052102194892035
1710527560.9010155,2.788745562235514
1710527560.901129,2.772631115383572
1710527560.9012425,2.756867143842909
1710527560.901356,2.74320469962226
1710527560.9014692,2.7316445774502225
1710527560.9015827,2.722185982598199
1710527560.9016962,2.7141287591722274
1710527560.9018097,2.7057213253445096
1710527560.901923,2.6966132058037653
1710527560.9020364,2.685052818722195
1710527560.90215,2.672091325124105
1710527560.9022632,2.656677563985189
1710527560.9023767,2.6409135924445257
1710527560.9024901,2.6251493559943304
1710527560.9026036,2.610436280568441
1710527560.9027169,2.5971245765686035
1710527560.9028304,2.58451329337226
1710527560.9029438,2.5712013244628906
1710527560.9030573,2.5582398308648004
1710527560.9031706,2.5428260697258844
1710527560.903284,2.525310516357422
1710527560.9033976,2.502890427907308
1710527560.903511,2.479069232940674
1710527560.9036243,2.4520950847201877
1710527560.9037378,2.425471411810981
1710527560.9038513,2.397095892164442
1710527560.9039648,2.368720637427436
1710527560.904078,2.3406955930921765
1710527560.9041915,2.311269442240397
1710527560.904305,2.280091709560818
1710527560.9044185,2.245060337914361
1710527560.9045317,2.207226620780097
1710527560.9046452,2.165189054277208
1710527560.9047587,2.1192981137169733
1710527560.9048722,2.0692034562428794
1710527560.9049854,2.017707427342733
1710527560.905099,1.9641096062130399
1710527560.9052124,1.9087602032555473
1710527560.905326,1.8509586652119954
1710527560.9054391,1.791405545340644
1710527560.9055526,1.730451186498006
1710527560.905666,1.6656433211432562
1710527560.9057796,1.5976826349894204
1710527560.9058928,1.526569260491265
1710527560.9060063,1.4502010080549452
1710527560.9061198,1.3696291711595323
1710527560.9062333,1.2855541706085205
1710527560.9063466,1.1983263492584229
1710527560.90646,1.1086462603674994
1710527560.9065735,1.0165141026178997
1710527560.9066868,0.9233309162987603
1710527560.9068003,0.8276955948935615
1710527560.9069138,0.7310093111462063
1710527560.9070272,0.6322211689419216
1710527560.9071405,0.5302802059385512
1710527560.907254,0.4251864221360948
1710527560.9073675,0.3172901603910658
1710527560.907481,0.20624106129010517
1710527560.9075942,0.0916888482040829
1710527560.9077077,-0.025310605350467894
1710527560.9078212,-0.1436931060420142
1710527560.9079347,-0.26137510935465497
1710527560.908048,-0.3790570961104499
1710527560.9081614,-0.4942874113718668
1710527560.908275,-0.6091674831178453
1710527560.9083884,-0.7236972782346938
1710527560.9085016,-0.8392778370115492
1710527560.908615,-0.9548583295610216
1710527560.9087286,-1.0735911130905151
1710527560.908842,-1.1926741070217557
1710527560.9089553,-1.314208772447374
1710527560.9090688,-1.4353932274712455
1710527560.9091823,-1.5537757343716092
1710527560.9092958,-1.6693562931484647
1710527560.909409,-1.781084140141805
1710527560.9095225,-1.8882588545481362
1710527560.909636,-1.9919310675726996
1710527560.9097495,-2.093501753277249
1710527560.9098628,-2.192620833714803
1710527560.9099762,-2.2917400466071234
1710527560.9100897,-2.3901584413316512
1710527560.9102032,-2.4878766801622176
1710527560.9103165,-2.58209228515625
1710527560.91043,-2.673505942026774
1710527560.9105434,-2.758615281846788
1710527560.910657,-2.838470935821533
1710527560.9107702,-2.911321587032742
1710527560.9108837,-2.97821839650472
1710527560.9109972,-3.0398612552218967
1710527560.9111104,-3.098001745012071
1710527560.911224,-3.152990076276991
1710527560.9113374,-3.2062270906236434
1710527560.9114509,-3.2573628425598145
1710527560.911564,-3.304995960659451
1710527560.9116776,-3.3484262890285916
1710527560.911791,-3.387303352355957
1710527560.9119046,-3.4195258882310653
1710527560.9120178,-3.4461442629496255
1710527560.9121313,-3.466458585527208
1710527560.9122448,-3.481518957349989
1710527560.9123583,-3.4937776459587946
1710527560.9124715,-3.5018332799275713
1710527560.912585,-3.5088380177815752
1710527560.9126985,-3.5137414932250977
1710527560.912812,-3.5158430205451117
1710527560.9129252,-3.5158430205451117
1710527560.9130387,-3.5130410724216037
1710527560.9131522,-3.5074371761745877
1710527560.9132657,-3.4976302252875433
1710527560.913379,-3.484320905473497
1710527560.9134924,-3.4685601128472223
1710527560.913606,-3.44964689678616
1710527560.9137194,-3.4296830495198565
1710527560.9138327,-3.4090185165405273
1710527560.9139462,-3.387653562757704
1710527560.9140596,-3.366288873884413
1710527560.9141731,-3.3449239201015897
1710527560.9142864,-3.3232087559170194
1710527560.9143999,-3.301493591732449
1710527560.9145133,-3.2801286379496255
1710527560.9146268,-3.2566624217563205
1710527560.91474,-3.232145309448242
1710527560.9148536,-3.20692777633667
1710527560.914967,-3.180309136708577
1710527560.9150805,-3.152990076276991
1710527560.9151938,-3.1263714366488986
1710527560.9153073,-3.1004534827338324
1710527560.9154208,-3.075936370425754
1710527560.915534,-3.05352078543769
1710527560.9156475,-3.0325060420566134
1710527560.915761,-3.012892405192057
1710527560.9158745,-2.993979189130995
1710527560.9159877,-2.973665131462945
1710527560.9161012,-2.9533510737948947
1710527560.9162147,-2.9309354888068304
1710527560.9163282,-2.90922032462226
1710527560.9164414,-2.887855370839437
1710527560.916555,-2.8675413131713867
1710527560.9166684,-2.849678728315565
1710527560.916782,-2.833917670779758
1710527560.9168952,-2.821309036678738
1710527560.9170086,-2.810451454586453
1710527560.9171221,-2.7999440828959146
1710527560.9172356,-2.7894367112053766
1710527560.9173489,-2.7778787083095975
1710527560.9174623,-2.764569388495551
1710527560.9175758,-2.750559647878011
1710527560.9176893,-2.736199696858724
1710527560.9178026,-2.7221899562411838
1710527560.917916,-2.7102814780341253
1710527560.9180295,-2.7004747920566134
1710527560.918143,-2.6931195788913302
1710527560.9182563,-2.686465051439073
1710527560.9183698,-2.679810259077284
1710527560.9184833,-2.672105100419786
1710527560.9185967,-2.661947939130995
1710527560.91871,-2.6482884089152017
1710527560.9188235,-2.6339284578959146
1710527560.918937,-2.6171167691548667
1710527560.9190505,-2.6003050804138184
1710527560.9191637,-2.583493126763238
1710527560.9192772,-2.5680825445387097
1710527560.9193907,-2.553372383117676
1710527560.9195042,-2.539012167188856
1710527560.9196174,-2.5232513745625815
1710527560.919731,-2.506439685821533
1710527560.9198444,-2.486125363243951
1710527560.9199576,-2.4623089366488986
1710527560.9200711,-2.436040507422553
1710527560.9201846,-2.4055692884657116
1710527560.920298,-2.3740474383036294
1710527560.9204113,-2.340774006313748
1710527560.9205248,-2.3075008392333984
1710527560.9206383,-2.2738774617513022
1710527560.9207518,-2.2395536634657116
1710527560.920865,-2.2027779950035944
1710527560.9209785,-2.1632003784179688
1710527560.921092,-2.119770050048828
1710527560.9212055,-2.0728373527526855
1710527560.9213188,-2.021351522869534
1710527560.9214323,-1.9649622175428603
1710527560.9215457,-1.9057709640926785
1710527560.9216592,-1.8437777625189886
1710527560.9217725,-1.780033376481798
1710527560.921886,-1.713837252722846
1710527560.9219995,-1.6458899445003934
1710527560.922113,-1.5758411089579263
1710527560.9222262,-1.5033405356936984
1710527560.9223397,-1.4280381467607286
1710527560.9224532,-1.3492331239912245
1710527560.9225667,-1.2662253114912245
1710527560.92268,-1.1783140235477023
1710527560.9227934,-1.0858496030171711
1710527560.9229069,-0.989182260301378
1710527560.9230204,-0.8890124824311998
1710527560.9231336,-0.7867411772410074
1710527560.923247,-0.6823684771855673
1710527560.9233606,-0.5772952238718668
1710527560.923474,-0.46942008866204155
1710527560.9235873,-0.3618951638539632
1710527560.9237008,-0.2512180308500926
1710527560.9238143,-0.1398404108153449
1710527560.9239278,-0.024610118319590885
1710527560.924041,0.09449135098192427
1710527560.9241545,0.2174510724014706
1710527560.924268,0.3432132800420125
1710527560.9243813,0.470026433467865
1710527560.9244947,0.5975402063793606
1710527560.9246082,0.7240030500623915
1710527560.9247217,0.8473130729463365
1710527560.924835,0.968521237373352
1710527560.9249485,1.087627543343438
1710527560.925062,1.2063834402296278
1710527560.9251754,1.3254898124270968
1710527560.9252887,1.4445960521697998
1710527560.9254022,1.5661545594533284
1710527560.9255157,1.6894645161098905
1710527560.9256291,1.8120739195081923
1710527560.9257424,1.9329318735334609
1710527560.9258559,2.048885292477078
1710527560.9259694,2.1592337555355496
1710527560.9260828,2.265378369225396
1710527560.926196,2.3645170529683432
1710527560.9263096,2.460502518547906
1710527560.926423,2.553685771094428
1710527560.9265366,2.645117176903619
1710527560.9266498,2.735147741105821
1710527560.9267633,2.8244773546854653
1710527560.9268768,2.9103038046095104
1710527560.9269903,2.9929778310987682
1710527560.9271035,3.0700463718838162
1710527560.927217,3.1397586398654513
1710527560.9273305,3.2024645805358887
1710527560.927444,3.2571132977803545
1710527560.9275572,3.3061570591396756
1710527560.9276707,3.34994633992513
1710527560.9277842,3.3902321921454535
1710527560.9278977,3.4280660417344833
1710527560.928011,3.4641480445861816
1710527560.9281244,3.496026462978787
1710527560.928238,3.5247521930270724
1710527560.9283514,3.5478729671902127
1710527560.9284647,3.5660892062717013
1710527560.9285781,3.5779998037550182
1710527560.9286916,3.58430544535319
1710527560.9288049,3.5860570271809893
1710527560.9289184,3.58430544535319
1710527560.9290318,3.578700224558512
1710527560.9291453,3.572394847869873
1710527560.9292586,3.5636369387308755
1710527560.929372,3.553477923075358
1710527560.9294856,3.542267746395535
1710527560.929599,3.5296564631991916
1710527560.9297123,3.5135422812567816
1710527560.9298258,3.495326042175293
1710527560.9299393,3.4743073251512313
1710527560.9300528,3.4511865509880915
1710527560.930166,3.4259639845954046
1710527560.9302795,3.399690522087945
1710527560.930393,3.372716638776991
1710527560.9305065,3.3450418048434787
1710527560.9306197,3.3173672358194985
1710527560.9307332,3.2900428771972656
1710527560.9308467,3.2634189393785262
1710527560.9309602,3.2378461625840926
1710527560.9310734,3.2126235961914062
1710527560.931187,3.1877515051099987
1710527560.9313004,3.161478042602539
1710527560.931414,3.1355550554063583
1710527560.9315271,3.1089311175876193
1710527560.9316406,3.08090607325236
1710527560.931754,3.0546326107449002
1710527560.9318676,3.02835914823744
1710527560.9319808,3.003487057156033
1710527560.9320943,2.9817676544189453
1710527560.9322078,2.961099147796631
1710527560.9323213,2.942532698313395
1710527560.9324346,2.9253673553466797
1710527560.932548,2.907501326666938
1710527560.9326615,2.8899857732984753
1710527560.932775,2.87141932381524
1710527560.9328883,2.8525023990207248
1710527560.9330018,2.8328847885131836
1710527560.9331152,2.8150190247429743
1710527560.9332285,2.7978536817762585
1710527560.933342,2.7834908167521157
1710527560.9334555,2.7712297439575195
1710527560.933569,2.7603700425889754
1710527560.9336822,2.751261923048231
1710527560.9337957,2.742153803507487
1710527560.9339092,2.730943891737196
1710527560.9340227,2.718332608540853
1710527560.934136,2.706071800655789
1710527560.9342494,2.690658039516873
1710527560.934363,2.6755944887797036
1710527560.9344764,2.6626329951816134
1710527560.9345896,2.6514228185017905
1710527560.934703,2.6405631171332464
1710527560.9348166,2.631454997592502
1710527560.93493,2.622346878051758
1710527560.9350433,2.6114871766832137
1710527560.9351568,2.599927054511176
1710527560.9352703,2.58451329337226
1710527560.9353838,2.5666472646925182
1710527560.935497,2.547029654184977
1710527560.9356105,2.5256607267591686
1710527560.935724,2.504291534423828
1710527560.9358375,2.4825721316867404
1710527560.9359508,2.4619038899739585
1710527560.9360642,2.4405346976386175
1710527560.9361777,2.418465084499783
1710527560.9362912,2.3942934142218695
1710527560.9364045,2.3669690555996366
1710527560.936518,2.336492008633084
1710527560.9366314,2.3025115331014
1710527560.936745,2.2639772627088757
1710527560.9368582,2.2233409351772733
1710527560.9369717,2.180602815416124
1710527560.9370852,2.137164009941949
1710527560.9371986,2.091623412238227
1710527560.937312,2.0460828145345054
1710527560.9374254,1.9980899492899575
1710527560.9375389,1.9476449489593506
1710527560.937652,1.8940471278296576
1710527560.9377656,1.8365958001878526
1710527560.937879,1.7752910984887016
1710527560.9379926,1.7097826798756917
1710527560.9381058,1.6407710976070828
1710527560.9382193,1.567906141281128
1710527560.9383328,1.4932894706726074
1710527560.9384463,1.4158704545762804
1710527560.9385595,1.3366997241973877
1710527560.938673,1.2550769911872015
1710527560.9387865,1.17170254389445
1710527560.9389,1.0858759615156386
1710527560.9390132,0.9972469011942545
1710527560.9391267,0.9051146772172716
1710527560.9392402,0.8077277739842732
1710527560.9393537,0.7078886694378322
1710527560.939467,0.6041961908340454
1710527560.9395804,0.4973508252037896
1710527560.939694,0.3873526718881395
1710527560.9398074,0.2763035727871789
1710527560.9399207,0.16525449024306402
1710527560.9400342,0.052804148031605616
1710527560.9401476,-0.05998476925823423
1710527560.9402611,-0.17241310742166308
1710527560.9403744,-0.28624243206448025
1710527560.9404879,-0.4011225038104587
1710527560.9406013,-0.5184542470508151
1710527560.9407148,-0.6385879384146796
1710527560.940828,-0.7601226700676812
1710527560.9409416,-0.8834085861841837
1710527560.941055,-1.0066945023006864
1710527560.9411685,-1.1285793781280518
1710527560.9412818,-1.2476624382866752
1710527560.9413953,-1.3632429970635307
1710527560.9415088,-1.4770722389221191
1710527560.9416223,-1.5880996651119657
1710527560.9417355,-1.697025563981798
1710527560.941849,-1.8070022265116372
1710527560.9419625,-1.9169787565867105
1710527560.9420757,-2.025904655456543
1710527560.9421892,-2.1348305543263755
1710527560.9423027,-2.2409545050726996
1710527560.9424162,-2.343575954437256
1710527560.9425294,-2.440943982866075
1710527560.942643,-2.5320074293348522
1710527560.9427564,-2.6181674003601074
1710527560.94287,-2.6983732647365994
1710527560.9429832,-2.7750767601860895
1710527560.9430966,-2.8486280971103244
1710527560.9432101,-2.9204281171162925
1710527560.9433236,-2.990476820203993
1710527560.9434369,-3.058074050479465
1710527560.9435503,-3.1225188573201494
1710527560.9436638,-3.1824106640285916
1710527560.9437773,-3.236348099178738
1710527560.9438906,-3.2839814821879068
1710527560.944004,-3.3253102832370334
1710527560.9441175,-3.3606847127278643
1710527560.944231,-3.3918566173977323
1710527560.9443443,-3.418474992116292
1710527560.9444578,-3.4433423148261175
1710527560.9445713,-3.465758164723714
1710527560.9446847,-3.4857220119900174
1710527560.944798,-3.5039345423380532
1710527560.9449115,-3.5165434413486056
1710527560.945025,-3.5256497065226235
1710527560.9451385,-3.5309033923678927
1710527560.9452517,-3.532304498884413
1710527560.9453652,-3.527401023440891
1710527560.9454787,-3.5193453894721136
1710527560.9455922,-3.5088380177815752
1710527560.9457054,-3.4962293836805554
1710527560.945819,-3.481168746948242
1710527560.9459324,-3.4654076894124346
1710527560.9460459,-3.4499971071879068
1710527560.9461591,-3.4321345223320856
1710527560.9462726,-3.4146224127875433
1710527560.946386,-3.395709196726481
1710527560.9464993,-3.374344242943658
1710527560.9466128,-3.3519286579555936
1710527560.9467263,-3.3274115456475153
1710527560.9468398,-3.301843802134196
1710527560.946953,-3.275575637817383
1710527560.9470665,-3.249657418992784
1710527560.94718,-3.2230390442742243
1710527560.9472935,-3.1981717215643988
1710527560.9474068,-3.1736546092563205
1710527560.9475203,-3.151589234670003
1710527560.9476337,-3.130924701690674
1710527560.9477472,-3.1095597479078503
1710527560.9478605,-3.0885452694363065
1710527560.947974,-3.066479894849989
1710527560.9480875,-3.0437138345506454
1710527560.948201,-3.0191969871520996
1710527560.9483142,-2.9953802956475153
1710527560.9484277,-2.972264289855957
1710527560.9485412,-2.94984843995836
1710527560.9486547,-2.9309354888068304
1710527560.948768,-2.912722693549262
1710527560.9488814,-2.898012532128228
1710527560.9489949,-2.884353001912435
1710527560.9491084,-2.8706934716966415
1710527560.9492216,-2.8577343622843423
1710527560.949335,-2.841973304748535
1710527560.9494486,-2.825862036810981
1710527560.949562,-2.8087001376681857
1710527560.9496753,-2.7925888697306314
1710527560.9497888,-2.7775284979078503
1710527560.9499023,-2.7635187572903104
1710527560.9500158,-2.752310964796278
1710527560.950129,-2.744255330827501
1710527560.9502425,-2.736549907260471
1710527560.950356,-2.728144062889947
1710527560.9504695,-2.719388008117676
1710527560.9505827,-2.7078300052218967
1710527560.9506962,-2.6945206854078503
1710527560.9508097,-2.678759627872043
1710527560.950923,-2.663699256049262
1710527560.9510365,-2.647938198513455
1710527560.95115,-2.6349790891011557
1710527560.9512634,-2.6227206654018826
1710527560.9513767,-2.6122132937113443
1710527560.9514902,-2.601355711619059
1710527560.9516037,-2.590147919125027
1710527560.9517171,-2.576138178507487
1710527560.9518304,-2.5596767001681857
1710527560.9519439,-2.5404132737053766
1710527560.9520574,-2.517647478315565
1710527560.9521708,-2.493830786810981
1710527560.952284,-2.4693136745029025
1710527560.9523976,-2.4433957205878363
1710527560.952511,-2.4178277121649847
1710527560.9526246,-2.3926101790534124
1710527560.9527378,-2.3663420147365994
1710527560.9528513,-2.3376218477884927
1710527560.9529648,-2.3068004184299045
1710527560.9530783,-2.271775934431288
1710527560.9531915,-2.2328988711039224
1710527560.953305,-2.1901692284478083
1710527560.9534185,-2.1439369519551597
1710527560.953532,-2.094552516937256
1710527560.9536452,-2.042716476652357
1710527560.9537587,-1.9908803039126926
1710527560.9538722,-1.9369427363077798
1710527560.9539857,-1.880903641382853
1710527560.954099,-1.8241641256544325
1710527560.9542124,-1.7632216877407498
1710527560.954326,-1.698076327641805
1710527560.9544394,-1.630128886964586
1710527560.9545527,-1.5576284461551242
1710527560.9546661,-1.4809249507056341
1710527560.9547796,-1.399668322669135
1710527560.954893,-1.314909193250868
1710527560.9550064,-1.2276984585656059
1710527560.9551198,-1.139436960220337
1710527560.9552333,-1.0483735137515597
1710527560.9553466,-0.9552086061901516
1710527560.95546,-0.8616934219996134
1710527560.9555736,-0.7650260792838203
1710527560.955687,-0.666257275475396
1710527560.9558003,-0.5629352728525797
1710527560.9559138,-0.45541031493080986
1710527560.9560273,-0.344733198483785
1710527560.9561408,-0.2284521692328983
1710527560.956254,-0.11006967061095767
1710527560.9563675,0.010766638442873955
1710527560.956481,0.131974791487058
1710527560.9565945,0.25318294763565063
1710527560.9567077,0.37298983997768825
1710527560.9568212,0.493147075176239
1710527560.9569347,0.6122533480326334
1710527560.9570482,0.733811789088779
1710527560.9571614,0.856421258714464
1710527560.957275,0.9818331400553385
1710527560.9573884,1.1096972227096558
1710527560.957502,1.2396632300482855
1710527560.9576151,1.368578275044759
1710527560.9577286,1.49609194861518
1710527560.957842,1.6197523805830214
1710527560.9579556,1.7388586203257241
1710527560.9580688,1.8537611431545682
1710527560.9581823,1.964459949069553
1710527560.9582958,2.072005934185452
1710527560.9584093,2.1788512335883246
1710527560.9585226,2.28464576933119
1710527560.958636,2.390089829762777
1710527560.9587495,2.495183414883084
1710527560.958863,2.5971245765686035
1710527560.9589763,2.6945114135742188
1710527560.9590898,2.786993980407715
1710527560.9592032,2.872119744618734
1710527560.9593167,2.94988923602634
1710527560.95943,3.021002610524495
1710527560.9595435,3.0872117148505316
1710527560.959657,3.148516549004449
1710527560.9597702,3.207719326019287
1710527560.9598837,3.264820310804579
1710527560.9599972,3.319819238450792
1710527560.9601107,3.370264371236165
1710527560.960224,3.416155179341634
1710527560.9603374,3.4567915068732367
1710527560.960451,3.4907719824049206
1710527560.9605644,3.5177458657158747
1710527560.9606776,3.538064161936442
1710527560.960791,3.553477923075358
1710527560.9609046,3.5650380452473955
1710527560.961018,3.573795954386393
1710527560.9611313,3.5804518063863116
1710527560.9612448,3.585005866156684
1710527560.9613583,3.587808609008789
1710527560.9614718,3.587808609008789
1710527560.961585,3.584655655754937
1710527560.9616985,3.577299118041992
1710527560.961812,3.5660892062717013
1710527560.9619255,3.5513758659362793
1710527560.9620388,3.5338603125678167
1710527560.9621522,3.5131918059455023
1710527560.9622657,3.4914724032084146
1710527560.9623792,3.4687021043565536
1710527560.9624925,3.445231384701199
1710527560.962606,3.4207095040215387
1710527560.9627194,3.3975887298583984
1710527560.962833,3.373066849178738
1710527560.9629462,3.3478442827860513
1710527560.9630597,3.322621981302897
1710527560.9631732,3.295647833082411
1710527560.9632866,3.2672725783454046
1710527560.9634,3.238546848297119
1710527560.9635134,3.2094709078470864
1710527560.9636269,3.1796942816840277
1710527560.9637403,3.150968551635742
1710527560.9638536,3.122593296898736
1710527560.963967,3.0952689382765026
1710527560.9640806,3.0707470575968423
1710527560.9641938,3.0472760730319552
1710527560.9643073,3.025907145606147
1710527560.9644208,3.0052386389838324
1710527560.9645343,2.983869446648492
1710527560.9646475,2.961099147796631
1710527560.964761,2.938679324256049
1710527560.9648745,2.9162592358059354
1710527560.964988,2.8934889369540744
1710527560.9651012,2.872119744618734
1710527560.9652147,2.853903505537245
1710527560.9653282,2.8374388482835555
1710527560.9654417,2.822725772857666
1710527560.965555,2.8101144896613226
1710527560.9656684,2.7971529960632324
1710527560.965782,2.7855926089816623
1710527560.9658954,2.7719304296705456
1710527560.9660087,2.757217354244656
1710527560.9661222,2.7411029073927136
1710527560.9662356,2.725338935852051
1710527560.9663491,2.710976070827908
1710527560.9664624,2.6966132058037653
1710527560.9665759,2.6854032940334744
1710527560.9666893,2.675944699181451
1710527560.9668028,2.6668365796407065
1710527560.966916,2.658078935411241
1710527560.9670296,2.6489708158704968
1710527560.967143,2.6374104287889266
1710527560.9672565,2.6237482494778104
1710527560.9673698,2.607984277937147
1710527560.9674833,2.590818934970432
1710527560.9675968,2.57295290629069
1710527560.9677103,2.5564882490370007
1710527560.9678235,2.5403738021850586
1710527560.967937,2.5246098306443954
1710527560.9680505,2.5091960695054794
1710527560.968164,2.4930816226535373
1710527560.9682772,2.4752155939737954
1710527560.9683907,2.4545473522610135
1710527560.9685042,2.4303756819831
1710527560.9686174,2.403051323360867
1710527560.968731,2.3725740114847818
1710527560.9688444,2.3406955930921765
1710527560.968958,2.308116488986545
1710527560.9690711,2.2748369640774198
1710527560.9691846,2.240156067742242
1710527560.9692981,2.2054750389522977
1710527560.9694116,2.168692217932807
1710527560.9695249,2.1291069189707437
1710527560.9696383,2.0860184563530817
1710527560.9697518,2.0387262768215604
1710527560.9698653,1.9868799050649006
1710527560.9699786,1.9322311878204346
1710527560.970092,1.8719773822360568
1710527560.9702055,1.811373366249932
1710527560.970319,1.748667425579495
1710527560.9704323,1.6828086641099718
1710527560.9705458,1.6158988740709093
1710527560.9706593,1.5468872918023002
1710527560.9707727,1.4747228887346056
1710527560.970886,1.399405797322591
1710527560.9709995,1.3205854098002117
1710527560.971113,1.2379116482204862
1710527560.9712265,1.1513843801286485
1710527560.9713397,1.0613540808359783
1710527560.9714532,0.9674703412585788
1710527560.9715667,0.8704337146547105
1710527560.9716802,0.7709449529647827
1710527560.9717934,0.6704052289326986
1710527560.971907,0.5684642659293281
1710527560.9720204,0.46687361266877914
1710527560.9721339,0.3614295522371928
1710527560.9722471,0.2556351323922475
1710527560.9723606,0.14703823460472953
1710527560.972474,0.03493820627530416
1710527560.9725876,-0.07994867861270905
1710527560.9727008,-0.19763069020377264
1710527560.9728143,-0.31811465819676715
1710527560.9729278,-0.43894883659150863
1710527560.973041,-0.5601333247290717
1710527560.9731545,-0.6799167394638062
1710527560.973268,-0.7986495229932997
1710527560.9733815,-0.9152807792027791
1710527560.9734948,-1.0319120354122586
1710527560.9736083,-1.1467920409308539
1710527560.9737217,-1.2620223893059623
1710527560.9738352,-1.378653711742825
1710527560.9739485,-1.4970362186431885
1710527560.974062,-1.615768935945299
1710527560.9741755,-1.7331006791856554
1710527560.974289,-1.8497320016225178
1710527560.9744022,-1.962160269419352
1710527560.9745157,-2.0700354046291776
1710527560.9746292,-2.1733574072519937
1710527560.9747427,-2.270725303226047
1710527560.974856,-2.365641329023573
1710527560.9749694,-2.4563545650906033
1710527560.9750829,-2.5460171699523926
1710527560.9751964,-2.6339284578959146
1710527560.9753096,-2.7200884289211698
1710527560.975423,-2.804147137535943
1710527560.9755366,-2.884002791510688
1710527560.97565,-2.9582542843288846
1710527560.9757633,-3.0269021458095975
1710527560.9758768,-3.0881950590345593
1710527560.9759903,-3.143183390299479
1710527560.9761038,-3.1925675604078503
1710527560.976217,-3.236698309580485
1710527560.9763305,-3.2790780067443848
1710527560.976444,-3.318655490875244
1710527560.9765575,-3.3561317125956216
1710527560.9766707,-3.391506406995985
1710527560.9767842,-3.4223278363545733
1710527560.9768977,-3.4489462110731335
1710527560.9770112,-3.470311164855957
1710527560.9771245,-3.487122853597005
1710527560.977238,-3.4990313318040633
1710527560.9773514,-3.5046352280510797
1710527560.9774647,-3.506736490461561
1710527560.9775782,-3.5060360696580672
1710527560.9776917,-3.5035843319363065
1710527560.9778051,-3.4997317526075573
1710527560.9779184,-3.4934274355570474
1710527560.9780319,-3.486772643195258
1710527560.9781454,-3.477316167619493
1710527560.9782588,-3.466808795928955
1710527560.978372,-3.4527990553114147
1710527560.9784856,-3.4370379977756076
1710527560.978599,-3.418474992116292
1710527560.9787126,-3.397460513644748
1710527560.9788258,-3.375745349460178
1710527560.9789393,-3.3526293436686196
1710527560.9790528,-3.3288126521640353
1710527560.9791663,-3.3060468567742243
1710527560.9792795,-3.2829305860731335
1710527560.979393,-3.2601647906833224
1710527560.9795065,-3.239150047302246
1710527560.97962,-3.2170846727159286
1710527560.9797332,-3.1957199838426376
1710527560.9798467,-3.173304133945041
1710527560.9799602,-3.149137496948242
1710527560.9800737,-3.1235694885253906
1710527560.980187,-3.098001745012071
1710527560.9803004,-3.072784211900499
1710527560.980414,-3.0482670995924206
1710527560.9805274,-3.0248008833991156
1710527560.9806406,-3.0037861400180392
1710527560.9807541,-2.985223134358724
1710527560.9808676,-2.9680612352159286
1710527560.980981,-2.9519499672783747
1710527560.9810944,-2.9351382785373263
1710527560.9812078,-2.917626168992784
1710527560.9813213,-2.8994133737352157
1710527560.9814348,-2.87979973687066
1710527560.981548,-2.8605363104078503
1710527560.9816616,-2.841973304748535
1710527560.981775,-2.825511826409234
1710527560.9818883,-2.811151875389947
1710527560.9820018,-2.799593872494168
1710527560.9821153,-2.79048760732015
1710527560.9822288,-2.7820817629496255
1710527560.982342,-2.7719246016608343
1710527560.9824555,-2.76211765077379
1710527560.982569,-2.750209437476264
1710527560.9826825,-2.7369001176622176
1710527560.9827957,-2.7221899562411838
1710527560.9829092,-2.7081802156236434
1710527560.9830227,-2.6948708958095975
1710527560.9831362,-2.6833128929138184
1710527560.9832494,-2.673856152428521
1710527560.983363,-2.665800518459744
1710527560.9834764,-2.657744884490967
1710527560.98359,-2.648638619316949
1710527560.9837031,-2.6367304060194225
1710527560.9838166,-2.622019979688856
1710527560.98393,-2.6052082909478083
1710527560.9840436,-2.5852444436815047
1710527560.9841568,-2.564930386013455
1710527560.9842703,-2.544966538747152
1710527560.9843838,-2.524652216169569
1710527560.9844973,-2.506089210510254
1710527560.9846106,-2.487526469760471
1710527560.984724,-2.4672121471828885
1710527560.9848375,-2.4465478791130915
1710527560.984951,-2.421680556403266
1710527560.9850643,-2.3943614959716797
1710527560.9851778,-2.362839380900065
1710527560.9852912,-2.3288657930162215
1710527560.9854047,-2.2913898362053766
1710527560.985518,-2.252862983279758
1710527560.9856315,-2.2129350238376193
1710527560.985745,-2.17195643319024
1710527560.9858584,-2.1299272113376193
1710527560.9859717,-2.086146672566732
1710527560.9860852,-2.0413155025906033
1710527560.9861987,-1.9908803039126926
1710527560.986312,-1.9369427363077798
1710527560.9864254,-1.879852877722846
1710527560.986539,-1.8182100190056694
1710527560.9866524,-1.7516635523902044
1710527560.9867656,-1.6812645064459906
1710527560.986879,-1.6091142760382757
1710527560.9869926,-1.5334615442487929
1710527560.987106,-1.4571083916558158
1710527560.9872193,-1.3776029480828178
1710527560.9873328,-1.2963463200463188
1710527560.9874463,-1.2126379542880588
1710527560.9875598,-1.1257774300045438
1710527560.987673,-1.0350642601648967
1710527560.9877865,-0.9397978915108575
1710527560.9879,-0.8406788110733032
1710527560.9880135,-0.7370065318213569
1710527560.9881268,-0.6284309095806545
1710527560.9882402,-0.5177537600199381
1710527560.9883537,-0.40602591302659774
1710527560.9884672,-0.2925468153423733
1710527560.9885805,-0.1780170202255249
1710527560.988694,-0.06418769558270772
1710527560.9888074,0.050351959135797285
1710527560.988921,0.16735636525683933
1710527560.9890342,0.28506139914194745
1710527560.9891477,0.4066198733117845
1710527560.9892612,0.5313311351670159
1710527560.9893746,0.6588449080785116
1710527560.989488,0.787759953074985
1710527560.9896014,0.9177259604136149
1710527560.9897149,1.0445390807257757
1710527560.9898283,1.1692504088083904
1710527560.9899416,1.2904585732354057
1710527560.990055,1.4088641272650824
1710527560.9901686,1.5248176786634657
1710527560.990282,1.6404207547505696
1710527560.9903953,1.756374306148953
1710527560.9905088,1.872678067949083
1710527560.9906223,1.9896825154622395
1710527560.9907355,2.107037173377143
1710527560.990849,2.2212390104929605
1710527560.9909625,2.3319379488627114
1710527560.991076,2.4370315339830184
1710527560.9911892,2.5354695320129395
1710527560.9913027,2.6269009378221297
1710527560.9914162,2.7137785487704806
1710527560.9915297,2.79575162463718
1710527560.991643,2.875973383585612
1710527560.9917564,2.953742610083686
1710527560.99187,3.03011073006524
1710527560.9919834,3.1033261617024737
1710527560.9920967,3.173388640085856
1710527560.9922101,3.237495952182346
1710527560.9923236,3.2949471473693848
1710527560.9924371,3.3457424905565047
1710527560.9925504,3.388480610317654
1710527560.9926639,3.4259639845954046
1710527560.9927773,3.4567915068732367
1710527560.9928908,3.484816551208496
1710527560.993004,3.509688642289903
1710527560.9931176,3.5328094164530435
1710527560.993231,3.552777237362332
1710527560.9933445,3.570292790730794
1710527560.9934578,3.5832542843288846
1710527560.9935713,3.591661983066135
1710527560.9936848,3.595515357123481
1710527560.9937983,3.5941139856974282
1710527560.9939115,3.588509029812283
1710527560.994025,3.5794009102715387
1710527560.9941385,3.5674903127882214
1710527560.994252,3.553828133477105
1710527560.9943652,3.5387648476494684
1710527560.9944787,3.523701296912299
1710527560.9945922,3.507586850060357
1710527560.9947057,3.4897210862901473
1710527560.994819,3.4711543718973794
1710527560.9949324,3.450485865275065
1710527560.995046,3.4284162521362305
1710527560.9951591,3.404595057169596
1710527560.9952726,3.3783215946621366
1710527560.9953861,3.3516979217529297
1710527560.9954996,3.323322402106391
1710527560.9956129,3.2945969369676376
1710527560.9957263,3.2662214173210993
1710527560.9958398,3.238897058698866
1710527560.9959533,3.212273385789659
1710527560.9960666,3.1870508193969727
1710527560.99618,3.161828253004286
1710527560.9962935,3.138007058037652
1710527560.996407,3.1138356526692705
1710527560.9965203,3.088963296678331
1710527560.9966338,3.0633905198838973
1710527560.9967473,3.0378177430894637
1710527560.9968607,3.011894490983751
1710527560.996974,2.9859715037875705
1710527560.9970875,2.9632012049357095
1710527560.997201,2.9414818021986218
1710527560.9973145,2.92221466700236
1710527560.9974277,2.9046988487243652
1710527560.9975412,2.8885846667819552
1710527560.9976547,2.8731709056430392
1710527560.9977682,2.857056458791097
1710527560.9978814,2.8402413262261286
1710527560.997995,2.822375562455919
1710527560.9981084,2.804859744177924
1710527560.9982219,2.7866435050964355
1710527560.9983351,2.7701788478427463
1710527560.9984486,2.7551155620151095
1710527560.998562,2.7435551749335394
1710527560.9986756,2.7330456839667425
1710527560.9987888,2.7232371436225042
1710527560.9989023,2.7144792344835067
1710527560.9990158,2.70396974351671
1710527560.9991293,2.692059146033393
1710527560.9992425,2.67769628100925
1710527560.999356,2.662282519870334
1710527560.9994695,2.6472192340426974
1710527560.9995828,2.630754576789008
1710527560.9996963,2.616741922166612
1710527560.9998097,2.6044811142815485
1710527560.9999232,2.592220041486952
1710527561.0000365,2.581010129716661
1710527561.00015,2.568749056922065
1710527561.0002635,2.5543864568074546
1710527561.000377,2.5365204281277127
1710527561.0004902,2.5169028176201715
1710527561.0006037,2.4937823083665633
1710527561.0007172,2.4696106380886502
1710527561.0008307,2.4436876508924694
1710527561.000944,2.418114874098036
1710527561.0010574,2.392191621992323
1710527561.0011709,2.3669690555996366
1710527561.0012844,2.339644696977403
1710527561.0013976,2.3109189669291177
1710527561.001511,2.2786903381347656
1710527561.0016246,2.2443596522013345
1710527561.001738,2.204774353239271
1710527561.0018513,2.1620362334781222
1710527561.0019648,2.1164956357744003
1710527561.0020783,2.0674518744150796
1710527561.0021918,2.017707427342733
1710527561.002305,1.9662115308973525
1710527561.0024185,1.9133142630259194
1710527561.002532,1.8586655457814534
1710527561.0026455,1.8019149038526747
1710527561.0027587,1.7423617839813232
1710527561.0028722,1.6782546043395996
1710527561.0029857,1.6106442610422769
1710527561.0030992,1.5384798579745822
1710527561.0032125,1.4631626341078017
1710527561.003326,1.3832913504706488
1710527561.0034394,1.3002672460344102
1710527561.003553,1.2140903207990859
1710527561.0036662,1.1268624994489882
1710527561.0037796,1.0368322001563177
1710527561.0038931,0.945400595664978
1710527561.0040064,0.8522174755732218
1710527561.0041199,0.7555311918258667
1710527561.0042334,0.6563927067650689
1710527561.0043468,0.5541014671325684
1710527561.00446,0.4469058248731825
1710527561.0045736,0.337257981300354
1710527561.004687,0.22410700718561807
1710527561.0048006,0.10850384831428528
1710527561.0049138,-0.009199378805028068
1710527561.0050273,-0.127231627702713
1710527561.0051408,-0.24386290046903822
1710527561.0052543,-0.3597937027613322
1710527561.0053675,-0.4757244719399346
1710527561.005481,-0.5920055177476671
1710527561.0055945,-0.7079362869262695
1710527561.005708,-0.826318793826633
1710527561.0058212,-0.9461022747887505
1710527561.0059347,-1.067286729812622
1710527561.0060482,-1.1909227901034884
1710527561.0061617,-1.3124575879838731
1710527561.006275,-1.4329414897494845
1710527561.0063884,-1.549923022588094
1710527561.006502,-1.6641026073031955
1710527561.0066154,-1.7726782957712808
1710527561.0067286,-1.878101693259345
1710527561.0068421,-1.9817739062839084
1710527561.0069556,-2.084395488103231
1710527561.007069,-2.185966306262546
1710527561.0071824,-2.2868365711636014
1710527561.0072958,-2.3873564932081432
1710527561.0074093,-2.485424942440457
1710527561.0075228,-2.579290337032742
1710527561.007636,-2.667902045779758
1710527561.0077496,-2.750909858279758
1710527561.007863,-2.827263143327501
1710527561.0079765,-2.8973118464152017
1710527561.0080898,-2.963507970174154
1710527561.0082033,-3.0251510938008623
1710527561.0083168,-3.0846924251980252
1710527561.00843,-3.141782283782959
1710527561.0085435,-3.1971208254496255
1710527561.008657,-3.2493072085910373
1710527561.0087705,-3.2965901162889266
1710527561.0088837,-3.3393200238545733
1710527561.0089972,-3.3753951390584307
1710527561.0091107,-3.4055161476135254
1710527561.0092242,-3.4303834703233504
1710527561.0093374,-3.449296686384413
1710527561.009451,-3.465057479010688
1710527561.0095644,-3.4776663780212402
1710527561.009678,-3.4885239601135254
1710527561.0097911,-3.4965795940823026
1710527561.0099046,-3.5028839111328125
1710527561.010018,-3.5063862800598145
1710527561.0101316,-3.506736490461561
1710527561.0102448,-3.5039345423380532
1710527561.0103583,-3.4972800148857965
1710527561.0104718,-3.486772643195258
1710527561.0105853,-3.472762902577718
1710527561.0106986,-3.45595121383667
1710527561.010812,-3.4391395250956216
1710527561.0109255,-3.4198760986328125
1710527561.011039,-3.400262461768256
1710527561.0111523,-3.3806488249037
1710527561.0112658,-3.3606847127278643
1710527561.0113792,-3.3410710758633084
1710527561.0114927,-3.320757018195258
1710527561.011606,-3.2993920644124346
1710527561.0117195,-3.2776769002278643
1710527561.011833,-3.2542106840345593
1710527561.0119464,-3.228993150922987
1710527561.0120597,-3.2034251425001354
1710527561.0121732,-3.1764565573798285
1710527561.0122867,-3.150888548956977
1710527561.0124002,-3.1263714366488986
1710527561.0125134,-3.1018545892503524
1710527561.012627,-3.080139425065782
1710527561.0127404,-3.0598251024881997
1710527561.0128536,-3.0402114656236434
1710527561.012967,-3.021298249562581
1710527561.0130806,-3.0009841918945312
1710527561.013194,-2.979969448513455
1710527561.0133073,-2.9575538635253906
1710527561.0134208,-2.935488488939073
1710527561.0135343,-2.913423114352756
1710527561.0136478,-2.8924086358812118
1710527561.013761,-2.87349541982015
1710527561.0138745,-2.8577343622843423
1710527561.013988,-2.8437246216668024
1710527561.0141015,-2.831816408369276
1710527561.0142148,-2.819557719760471
1710527561.0143282,-2.807649506462945
1710527561.0144417,-2.7946903970506454
1710527561.0145552,-2.7799802356296115
1710527561.0146685,-2.7642191780938044
1710527561.014782,-2.74810791015625
1710527561.0148954,-2.733747959136963
1710527561.015009,-2.7200884289211698
1710527561.0151222,-2.7099312676323786
1710527561.0152357,-2.7011752128601074
1710527561.0153491,-2.6941704750061035
1710527561.0154626,-2.687165472242567
1710527561.015576,-2.678759627872043
1710527561.0156894,-2.668602466583252
1710527561.0158029,-2.655293411678738
1710527561.0159163,-2.6412834061516657
1710527561.0160296,-2.6251724031236434
1710527561.016143,-2.6090611351860895
1710527561.0162566,-2.594000498453776
1710527561.01637,-2.58069117863973
1710527561.0164833,-2.567732334136963
1710527561.0165968,-2.5561743312411838
1710527561.0167103,-2.5432152218288846
1710527561.0168238,-2.527804374694824
1710527561.016937,-2.509942054748535
1710527561.0170505,-2.488226890563965
1710527561.017164,-2.4633595678541393
1710527561.0172772,-2.436040507422553
1710527561.0173907,-2.4062697092692056
1710527561.0175042,-2.376498911115858
1710527561.0176177,-2.34567748175727
1710527561.017731,-2.3141556315951877
1710527561.0178444,-2.282283306121826
1710527561.017958,-2.24865992863973
1710527561.0180714,-2.2118842601776123
1710527561.0181847,-2.1716062227884927
1710527561.0182981,-2.126775052812364
1710527561.0184116,-2.0787915918562145
1710527561.0185251,-2.025904655456543
1710527561.0186384,-1.9705661137898762
1710527561.0187519,-1.9120754135979545
1710527561.0188653,-1.8518333964877658
1710527561.0189788,-1.790190405315823
1710527561.019092,-1.7260958088768852
1710527561.0192056,-1.6613006591796875
1710527561.019319,-1.5926527976989746
1710527561.0194325,-1.5212029880947537
1710527561.0195458,-1.445900599161784
1710527561.0196593,-1.3667453659905326
1710527561.0197728,-1.2826867898305256
1710527561.0198863,-1.1937248706817627
1710527561.0199995,-1.1012603839238484
1710527561.020113,-1.0049432516098022
1710527561.0202265,-0.905824171172248
1710527561.02034,-0.8053041166729397
1710527561.0204532,-0.7030328777101305
1710527561.0205667,-0.5993605984581841
1710527561.0206802,-0.4939371678564283
1710527561.0207937,-0.38676248656378853
1710527561.020907,-0.27643559707535637
1710527561.0210204,-0.1619057854016622
1710527561.021134,-0.04422378622823291
1710527561.0212474,0.0780266523361206
1710527561.0213606,0.20308825704786512
1710527561.0214741,0.3306020299593608
1710527561.0215876,0.4581158028708564
1710527561.0217009,0.5842283699247572
1710527561.0218143,0.7089396317799886
1710527561.0219278,0.8315490351782905
1710527561.0220413,0.9527571996053059
1710527561.0221546,1.0732647445466783
1710527561.022268,1.194823185602824
1710527561.0223815,1.3177829318576388
1710527561.022495,1.4428444703420003
1710527561.0226083,1.567906141281128
1710527561.0227218,1.692617336908976
1710527561.0228353,1.8159274260203042
1710527561.0229487,1.9343331125047472
1710527561.023062,2.048534949620565
1710527561.0231755,2.1557305918799505
1710527561.023289,2.2587225172254772
1710527561.0234025,2.356810039944119
1710527561.0235157,2.4524452951219344
1710527561.0236292,2.547029654184977
1710527561.0237427,2.6405631171332464
1710527561.0238562,2.7330456839667425
1710527561.0239694,2.823075983259413
1710527561.024083,2.9089026980929904
1710527561.0241964,2.9894746674431696
1710527561.0243099,3.0626898341708713
1710527561.0244231,3.1288989384969073
1710527561.0245366,3.188101715511746
1710527561.02465,3.239947954813639
1710527561.0247636,3.2896924018859863
1710527561.0248768,3.335232999589708
1710527561.0249903,3.37762090894911
1710527561.0251038,3.4186074468824597
1710527561.0252173,3.4560908211602106
1710527561.0253305,3.4897210862901473
1710527561.025444,3.518096341027154
1710527561.0255575,3.541567325592041
1710527561.025671,3.5587324036492243
1710527561.0257843,3.569241894616021
1710527561.0258977,3.5748468505011664
1710527561.0260112,3.5779998037550182
1710527561.0261245,3.5765984323289657
1710527561.026238,3.5748468505011664
1710527561.0263515,3.5706432660420733
1710527561.026465,3.5639871491326227
1710527561.0265782,3.556981086730957
1710527561.0266917,3.546821806165907
1710527561.0268052,3.5338603125678167
1710527561.0269186,3.5177458657158747
1710527561.027032,3.499179416232639
1710527561.0271454,3.477810223897298
1710527561.0272589,3.4550399250454373
1710527561.0273724,3.4294671482510037
1710527561.0274856,3.403544161054823
1710527561.027599,3.3786718050638833
1710527561.0277126,3.3530990282694497
1710527561.027826,3.3271760410732694
1710527561.0279393,3.302654160393609
1710527561.0280528,3.277081118689643
1710527561.0281663,3.252909713321262
1710527561.0282798,3.227687146928575
1710527561.028393,3.2014136844211154
1710527561.0285065,3.1744395362006292
1710527561.02862,3.146764967176649
1710527561.0287335,3.119090133243137
1710527561.0288467,3.091765774620904
1710527561.0289602,3.065142101711697
1710527561.0290737,3.0395693249172635
1710527561.0291872,3.0167990260654025
1710527561.0293005,2.995429833730062
1710527561.029414,2.9761626985337997
1710527561.0295274,2.957245773739285
1710527561.029641,2.937628428141276
1710527561.0297542,2.919061713748508
1710527561.0298676,2.8990938928392196
1710527561.0299811,2.878425386216905
1710527561.0300946,2.857406669192844
1710527561.0302079,2.837789323594835
1710527561.0303214,2.8199232949150934
1710527561.0304348,2.8045095337761774
1710527561.030548,2.7908473544650607
1710527561.0306616,2.77963744269477
1710527561.030775,2.7687777413262262
1710527561.0308886,2.757567564646403
1710527561.0310018,2.745656967163086
1710527561.0311153,2.7326954735649958
1710527561.0312288,2.718332608540853
1710527561.0313423,2.702918847401937
1710527561.0314555,2.687505086263021
1710527561.031569,2.673492696550157
1710527561.0316825,2.661231623755561
1710527561.031796,2.6510726081000433
1710527561.0319092,2.641263802846273
1710527561.0320227,2.6325061586168075
1710527561.0321362,2.622346878051758
1710527561.0322497,2.611136966281467
1710527561.032363,2.5971245765686035
1710527561.0324764,2.581010129716661
1710527561.03259,2.561742994520399
1710527561.0327034,2.542125384012858
1710527561.0328166,2.522858248816596
1710527561.0329301,2.503941324022081
1710527561.0330436,2.4857250849405923
1710527561.033157,2.4678590562608504
1710527561.0332704,2.4478912353515625
1710527561.0333838,2.4261718326144748
1710527561.0334973,2.40270111295912
1710527561.0336108,2.3739753829108343
1710527561.033724,2.3427976502312555
1710527561.0338376,2.308116488986545
1710527561.033951,2.2713338004218206
1710527561.0340645,2.231748369004991
1710527561.0341778,2.191462516784668
1710527561.0342913,2.149775293138292
1710527561.0344048,2.1077378590901694
1710527561.0345182,2.0632481575012207
1710527561.0346315,2.0170068740844727
1710527561.034745,1.9665618737538655
1710527561.0348585,1.9129640526241727
1710527561.0349717,1.8537611431545682
1710527561.0350852,1.7910552024841309
1710527561.0351987,1.725546783871121
1710527561.0353122,1.6558345158894856
1710527561.0354254,1.584020455678304
1710527561.035539,1.5097542603810628
1710527561.0356524,1.433736350801256
1710527561.035766,1.3552663061353896
1710527561.0358791,1.2750448120964897
1710527561.0359926,1.1916703648037381
1710527561.036106,1.1047928200827704
1710527561.0362196,1.0147625207901
1710527561.0363328,0.9212290578418307
1710527561.0364463,0.8231415351231892
1710527561.0365598,0.7222515344619751
1710527561.0366733,0.618208646774292
1710527561.0367866,0.5120639668570625
1710527561.0369,0.4034670525126987
1710527561.0370135,0.29522044791115654
1710527561.037127,0.18557262089517382
1710527561.0372403,0.07522415783670214
1710527561.0373538,-0.035817929440074496
1710527561.0374672,-0.1485965152581533
1710527561.0375807,-0.26312632693184745
1710527561.037694,-0.38045810328589547
1710527561.0378075,-0.5002415511343214
1710527561.037921,-0.6221265263027614
1710527561.0380344,-0.7461128632227579
1710527561.0381477,-0.8693987793392605
1710527561.0382612,-0.9926846954557631
1710527561.0383747,-1.1124682426452637
1710527561.0384881,-1.230500406689114
1710527561.0386014,-1.3460809654659696
1710527561.038715,-1.4592097865210638
1710527561.0388284,-1.5716381867726643
1710527561.0389419,-1.6840664545694985
1710527561.039055,-1.796845065222846
1710527561.0391686,-1.9089231226179335
1710527561.039282,-2.021001312467787
1710527561.0393953,-2.1306276321411133
1710527561.0395088,-2.2367517153422036
1710527561.0396223,-2.3369214269849987
1710527561.0397358,-2.431837452782525
1710527561.039849,-2.520449426439073
1710527561.0399625,-2.6045078701443143
1710527561.040076,-2.685063944922553
1710527561.0401895,-2.7628183364868164
1710527561.0403028,-2.838120725419786
1710527561.0404162,-2.912722693549262
1710527561.0405297,-2.984172503153483
1710527561.0406432,-3.052119943830702
1710527561.0407565,-3.1151636441548662
1710527561.04087,-3.172953923543294
1710527561.0409834,-3.223389254675971
1710527561.041097,-3.2682204246520996
1710527561.0412102,-3.3074476983812118
1710527561.0413237,-3.341421286265055
1710527561.0414371,-3.3725931909349227
1710527561.0415506,-3.401313092973497
1710527561.041664,-3.4279317326015897
1710527561.0417774,-3.4520986345079208
1710527561.0418909,-3.4741640090942383
1710527561.0420043,-3.4920263290405273
1710527561.0421176,-3.5056858592563205
1710527561.042231,-3.515492810143365
1710527561.0423446,-3.5193453894721136
1710527561.042458,-3.5196955998738604
1710527561.0425713,-3.5147921244303384
1710527561.0426848,-3.5081375969780817
1710527561.0427983,-3.4993815422058105
1710527561.0429118,-3.4885239601135254
1710527561.043025,-3.477316167619493
1710527561.0431385,-3.464357058207194
1710527561.043252,-3.4506975279914007
1710527561.0433655,-3.4349364704555936
1710527561.0434787,-3.418474992116292
1710527561.0435922,-3.399211565653483
1710527561.0437057,-3.378197087181939
1710527561.043819,-3.3547306060791016
1710527561.0439324,-3.3302134937710233
1710527561.044046,-3.304995960659451
1710527561.0441594,-3.2790780067443848
1710527561.0442727,-3.2535102632310653
1710527561.0443861,-3.2286429405212402
1710527561.0444996,-3.204125828213162
1710527561.0446131,-3.1813597679138184
1710527561.0447264,-3.159294393327501
1710527561.0448399,-3.1372290187411838
1710527561.0449533,-3.1141130129496255
1710527561.0450668,-3.090296321445041
1710527561.04518,-3.065078788333469
1710527561.0452936,-3.0398612552218967
1710527561.045407,-3.0135930909050836
1710527561.0455205,-2.9890759785970054
1710527561.0456338,-2.965609497494168
1710527561.0457473,-2.9445950190226235
1710527561.0458608,-2.9267324341668024
1710527561.0459743,-2.910270955827501
1710527561.0460875,-2.89521058400472
1710527561.046201,-2.87979973687066
1710527561.0463145,-2.8647393650478787
1710527561.046428,-2.8482778867085776
1710527561.0465412,-2.830765512254503
1710527561.0466547,-2.8136036131117077
1710527561.0467682,-2.7953908178541393
1710527561.0468817,-2.7803304460313583
1710527561.046995,-2.765269809299045
1710527561.0471084,-2.754062016805013
1710527561.047222,-2.744955751630995
1710527561.0473354,-2.737951013776991
1710527561.0474486,-2.7284942732916937
1710527561.0475621,-2.7183371120029025
1710527561.0476756,-2.7060786883036294
1710527561.047789,-2.6931195788913302
1710527561.0479023,-2.678059207068549
1710527561.0480158,-2.662648359934489
1710527561.0481293,-2.6482884089152017
1710527561.0482426,-2.6346288786994085
1710527561.048356,-2.6234210862053766
1710527561.0484695,-2.613614135318332
1710527561.048583,-2.6045078701443143
1710527561.0486963,-2.594350708855523
1710527561.0488098,-2.581742074754503
1710527561.0489233,-2.5673821237352157
1710527561.0490367,-2.5491693284776473
1710527561.04915,-2.5292054812113443
1710527561.0492635,-2.507140106625027
1710527561.049377,-2.4840238359239364
1710527561.0494905,-2.4623089366488986
1710527561.0496037,-2.4398930867513022
1710527561.0497172,-2.417477501763238
1710527561.0498307,-2.3950619167751737
1710527561.0499442,-2.3705448044670954
1710527561.0500574,-2.342525323232015
1710527561.050171,-2.3117038938734265
1710527561.0502844,-2.27667940987481
1710527561.0503979,-2.237802346547445
1710527561.0505111,-2.195773124694824
1710527561.0506246,-2.1519925859239364
1710527561.050738,-2.105059888627794
1710527561.0508516,-2.0574266380733914
1710527561.0509648,-2.0083925459120007
1710527561.0510783,-1.95795734723409
1710527561.0511918,-1.9040197796291776
1710527561.0513053,-1.8472802639007568
1710527561.0514185,-1.7863378259870741
1710527561.051532,-1.7211923334333632
1710527561.0516455,-1.6511434978908963
1710527561.051759,-1.5768918726179335
1710527561.0518723,-1.4984371927049425
1710527561.0519857,-1.4164800114101834
1710527561.0520992,-1.3320712248484294
1710527561.0522127,-1.2452107005649142
1710527561.052326,-1.1565989918178983
1710527561.0524395,-1.066235966152615
1710527561.052553,-0.9734212689929538
1710527561.0526662,-0.8781549003389146
1710527561.0527797,-0.7807870705922444
1710527561.0528932,-0.6788660420311822
1710527561.0530066,-0.5727420912848579
1710527561.05312,-0.46346591578589547
1710527561.0532334,-0.34893612066904706
1710527561.0533469,-0.2312541173564063
1710527561.0534604,-0.1128716187344657
1710527561.0535736,0.006212575050691763
1710527561.053687,0.1260194761885537
1710527561.0538006,0.24442513783772785
1710527561.053914,0.3628307912084791
1710527561.0540273,0.4812364445792304
1710527561.0541408,0.6017439895206027
1710527561.0542543,0.7240030500623915
1710527561.0543678,0.8487143781450059
1710527561.054481,0.9765784607993232
1710527561.0545945,1.1054935057957966
1710527561.054708,1.2347588274214003
1710527561.0548215,1.3615719477335613
1710527561.0549347,1.4859329329596624
1710527561.0550482,1.6053895155588784
1710527561.0551617,1.7213430669572618
1710527561.0552752,1.8327424261305068
1710527561.0553885,1.9430908891889784
1710527561.055502,2.0513374275631375
1710527561.0556154,2.1592337555355496
1710527561.055729,2.268881532880995
1710527561.0558422,2.377128071255154
1710527561.0559556,2.4825721316867404
1710527561.0560691,2.58451329337226
1710527561.0561826,2.680148548550076
1710527561.0562959,2.7680770556131997
1710527561.0564094,2.8504006067911782
1710527561.0565228,2.927118937174479
1710527561.0566363,2.9975318908691406
1710527561.0567496,3.0637407302856445
1710527561.056863,3.1292494138081866
1710527561.0569766,3.191254668765598
1710527561.0570898,3.2508076561821833
1710527561.0572033,3.307558430565728
1710527561.0573168,3.3594046698676214
1710527561.0574303,3.4052957428826227
1710527561.0575435,3.4438300132751465
1710527561.057657,3.4753582212660046
1710527561.0577705,3.500230312347412
1710527561.057884,3.5208988189697266
1710527561.0579972,3.5366627905103893
1710527561.0581107,3.5496242841084795
1710527561.0582242,3.561885356903076
1710527561.0583377,3.570292790730794
1710527561.058451,3.576948907640245
1710527561.0585644,3.581853177812364
1710527561.058678,3.5822033882141113
1710527561.0587914,3.5783500141567655
1710527561.0589046,3.569592105017768
1710527561.0590181,3.558382193247477
1710527561.0591316,3.5426182217068143
1710527561.059245,3.5254528787400985
1710527561.0593584,3.506535953945584
1710527561.0594718,3.4862179226345487
1710527561.0595853,3.4648487302992077
1710527561.0596988,3.4441802236768932
1710527561.059812,3.4210597144232855
1710527561.0599256,3.3982894155714245
1710527561.060039,3.375168641408284
1710527561.0601525,3.3495958646138506
1710527561.0602658,3.3236728774176703
1710527561.0603793,3.295998043484158
1710527561.0604928,3.2672725783454046
1710527561.0606062,3.2378461625840926
1710527561.0607195,3.208420011732313
1710527561.060833,3.1779426998562283
1710527561.0609465,3.149917655520969
1710527561.06106,3.122243086496989
1710527561.0611732,3.0970205201043024
1710527561.0612867,3.073199325137668
1710527561.0614002,3.050429026285807
1710527561.0615134,3.027308252122667
1710527561.061627,3.0045379532708063
1710527561.0617404,2.9817676544189453
1710527561.061854,2.957946459452311
1710527561.0619671,2.933774789174398
1710527561.0620806,2.911004490322537
1710527561.062194,2.8885846667819552
1710527561.0623076,2.868616845872667
1710527561.0624208,2.8518017133076987
1710527561.0625343,2.8360377417670355
1710527561.0626478,2.8220250871446395
1710527561.0627613,2.8090635935465493
1710527561.0628746,2.79575162463718
1710527561.062988,2.781389024522569
1710527561.0631015,2.765975263383653
1710527561.063215,2.750561502244737
1710527561.0633283,2.734447055392795
1710527561.0634418,2.718332608540853
1710527561.0635552,2.705020639631483
1710527561.0636687,2.6945114135742188
1710527561.063782,2.684702608320448
1710527561.0638955,2.676645384894477
1710527561.064009,2.668938636779785
1710527561.0641224,2.660530938042535
1710527561.0642357,2.6496712366739907
1710527561.0643492,2.63706021838718
1710527561.0644627,2.622346878051758
1710527561.0645761,2.606232696109348
1710527561.0646894,2.5901182492574057
1710527561.064803,2.5747044881184897
1710527561.0649164,2.5599914126925998
1710527561.0650299,2.545978758070204
1710527561.065143,2.532667054070367
1710527561.0652566,2.518654399447971
1710527561.06537,2.5011388460795083
1710527561.0654836,2.4825721316867404
1710527561.0655968,2.460852993859185
1710527561.0657103,2.434579531351725
1710527561.0658238,2.406904697418213
1710527561.065937,2.3774785465664334
1710527561.0660505,2.3477019204033747
1710527561.066164,2.3168743981255426
1710527561.0662775,2.2856966654459634
1710527561.0663908,2.2541684574551053
1710527561.0665042,2.219137218263414
1710527561.0666177,2.183405293358697
1710527561.0667312,2.1427690982818604
1710527561.0668445,2.0982793966929116
1710527561.066958,2.0499361885918512
1710527561.0670714,1.9973892635769315
1710527561.067185,1.9427405463324652
1710527561.0672982,1.884238322575887
1710527561.0674117,1.8250355455610487
1710527561.0675251,1.7633805010053847
1710527561.0676386,1.699623664220174
1710527561.067752,1.6330642170376248
1710527561.0678654,1.564753320482042
1710527561.0679789,1.4925889174143474
1710527561.0680923,1.4165710078345404
1710527561.0682056,1.3356488280826144
1710527561.068319,1.2519241703881157
1710527561.0684326,1.1636453204684787
1710527561.068546,1.0715131627188788
1710527561.0686593,0.9765784607993232
1710527561.0687728,0.8791915575663248
1710527561.0688863,0.7811040348476833
1710527561.0689998,0.6802139679590861
1710527561.069113,0.5786233478122287
1710527561.0692265,0.47563145558039344
1710527561.06934,0.37018736203511554
1710527561.0694535,0.2622910837332408
1710527561.0695667,0.15089167488945854
1710527561.0696802,0.03668977154625787
1710527561.0697937,-0.08064916564358605
1710527561.0699072,-0.19973215129640368
1710527561.0700204,-0.3205663628048367
1710527561.070134,-0.4403498106532627
1710527561.0702474,-0.5590825610690646
1710527561.0703607,-0.6764143043094211
1710527561.0704741,-0.7930456267462836
1710527561.0705876,-0.907925632264879
1710527561.0707011,-1.0231559806399875
1710527561.0708144,-1.13838619656033
1710527561.0709279,-1.2543169657389324
1710527561.0710413,-1.3730498154958088
1710527561.0711548,-1.4917825327979193
1710527561.071268,-1.6101650396982827
1710527561.0713816,-1.7267962296803792
1710527561.071495,-1.8395748403337266
1710527561.0716085,-1.948150528801812
1710527561.0717218,-2.0521729522281222
1710527561.0718353,-2.1523427963256836
1710527561.0719488,-2.247609297434489
1710527561.0720623,-2.342175112830268
1710527561.0721755,-2.4349898762173123
1710527561.072289,-2.5264035330878363
1710527561.0724025,-2.6167665587531195
1710527561.072516,-2.7050280570983887
1710527561.0726292,-2.7901371320088706
1710527561.0727427,-2.8689421547783747
1710527561.0728562,-2.9417928059895835
1710527561.0729697,-3.0090398258633084
1710527561.073083,-3.06893163257175
1710527561.0731964,-3.1242701742384167
1710527561.07331,-3.175405661265055
1710527561.0734234,-3.2230390442742243
1710527561.0735366,-3.2685706350538464
1710527561.0736501,-3.312701384226481
1710527561.0737636,-3.3533297644721136
1710527561.073877,-3.3904555108812118
1710527561.0739903,-3.4226780467563205
1710527561.0741038,-3.4499971071879068
1710527561.0742173,-3.470661375257704
1710527561.0743308,-3.486772643195258
1710527561.074444,-3.49798043568929
1710527561.0745575,-3.5049854384528265
1710527561.074671,-3.5088380177815752
1710527561.0747843,-3.5109395451015897
1710527561.0748978,-3.5116399659050836
1710527561.0750113,-3.5105893346998425
1710527561.0751247,-3.5070869657728405
1710527561.075238,-3.5018332799275713
1710527561.0753515,-3.4930772251553006
1710527561.075465,-3.4829200638665094
1710527561.0755785,-3.4685601128472223
1710527561.0756917,-3.4513979487948947
1710527561.0758052,-3.4321345223320856
1710527561.0759187,-3.411470254262288
1710527561.0760322,-3.389755090077718
1710527561.0761454,-3.36663908428616
1710527561.076259,-3.3452741305033364
1710527561.0763724,-3.321807649400499
1710527561.0764859,-3.300442960527208
1710527561.0765991,-3.2787277963426376
1710527561.0767126,-3.2570126321580672
1710527561.076826,-3.234246836768256
1710527561.0769396,-3.2100799348619247
1710527561.0770528,-3.1852126121520996
1710527561.0771663,-3.159294393327501
1710527561.0772798,-3.132676018608941
1710527561.0773933,-3.1060573789808483
1710527561.0775065,-3.0804896354675293
1710527561.07762,-3.0563227335611978
1710527561.0777335,-3.0342573589748807
1710527561.077847,-3.0139433013068304
1710527561.0779603,-2.9953802956475153
1710527561.0780737,-2.977868186102973
1710527561.0781872,-2.9589549700419107
1710527561.0783007,-2.9393413331773544
1710527561.078414,-2.9186768001980252
1710527561.0785275,-2.898012532128228
1710527561.078641,-2.8773479991488986
1710527561.0787544,-2.8573841518825955
1710527561.0788677,-2.838470935821533
1710527561.0789812,-2.823060088687473
1710527561.0790946,-2.810451454586453
1710527561.079208,-2.7992436620924206
1710527561.0793214,-2.7894367112053766
1710527561.0794349,-2.7789293395148382
1710527561.0795484,-2.7670211262173123
1710527561.0796616,-2.7544124921162925
1710527561.079775,-2.7404024865892196
1710527561.0798886,-2.7260425355699325
1710527561.080002,-2.7113323741488986
1710527561.0801153,-2.698723475138346
1710527561.0802288,-2.6885665787590876
1710527561.0803423,-2.680160734388563
1710527561.0804558,-2.67280552122328
1710527561.080569,-2.6661507288614907
1710527561.0806825,-2.657744884490967
1710527561.080796,-2.6475879881117077
1710527561.0809095,-2.6346288786994085
1710527561.0810227,-2.6199187172783747
1710527561.0811362,-2.602056132422553
1710527561.0812497,-2.584193812476264
1710527561.0813632,-2.5652805964152017
1710527561.0814764,-2.54776848687066
1710527561.08159,-2.5313070085313583
1710527561.0817034,-2.514845530192057
1710527561.081817,-2.4980335765414767
1710527561.0819302,-2.4784199396769204
1710527561.0820436,-2.456004354688856
1710527561.0821571,-2.43008640077379
1710527561.0822706,-2.4013662338256836
1710527561.0823839,-2.368443277147081
1710527561.0824974,-2.3334190580579968
1710527561.0826108,-2.2973439428541393
1710527561.0827243,-2.259517510732015
1710527561.0828376,-2.2216910786098905
1710527561.082951,-2.182814015282525
1710527561.0830646,-2.1411350038316512
1710527561.083178,-2.098055018319024
1710527561.0832913,-2.050771978166368
1710527561.0834048,-1.9989359378814697
1710527561.0835183,-1.944297817018297
1710527561.0836315,-1.8854567739698622
1710527561.083745,-1.8213621775309243
1710527561.0838585,-1.7551660537719727
1710527561.083972,-1.6858177714877658
1710527561.0840852,-1.614718172285292
1710527561.0841987,-1.5422175990210638
1710527561.0843122,-1.467615630891588
1710527561.0844257,-1.3909122678968642
1710527561.084539,-1.3100058502621121
1710527561.0846524,-1.2273482481638591
1710527561.084766,-1.139787170622084
1710527561.0848794,-1.0476730267206829
1710527561.0849926,-0.9510056840048896
1710527561.0851061,-0.8504856295055813
1710527561.0852196,-0.7461128632227579
1710527561.085333,-0.6382377280129327
1710527561.0854464,-0.5293118291431003
1710527561.0855598,-0.41898492309782237
1710527561.0856733,-0.307957563135359
1710527561.0857868,-0.19482874208026463
1710527561.0859,-0.08205014798376295
1710527561.0860136,0.032836331261528864
1710527561.086127,0.15019105540381536
1710527561.0862405,0.27069858378834194
1710527561.0863538,0.3950595524575975
1710527561.0864673,0.5222230156262716
1710527561.0865808,0.6507877508799235
1710527561.0866942,0.7786518335342407
1710527561.0868075,0.9065159161885579
1710527561.086921,1.0308769014146593
1710527561.0870345,1.153135961956448
1710527561.087148,1.2715416484408908
1710527561.0872612,1.3885460959540472
1710527561.0873747,1.5044995148976643
1710527561.0874882,1.6218541728125677
1710527561.0876017,1.740960545010037
1710527561.087715,1.8586655457814534
1710527561.0878284,1.9784724712371826
1710527561.087942,2.094776233037313
1710527561.0880551,2.207226620780097
1710527561.0881686,2.3140719201829696
1710527561.088282,2.414961920844184
1710527561.0883956,2.5102469656202526
1710527561.0885088,2.6002772649129233
1710527561.0886223,2.6864541901482477
1710527561.0887358,2.7708795335557723
1710527561.0888493,2.8546041912502713
1710527561.0889626,2.9362270567152233
1710527561.089076,3.016448550754123
1710527561.0891895,3.0921162499321833
1710527561.089303,3.1625289387173123
1710527561.0894163,3.226986461215549
1710527561.0895298,3.2823358641730414
1710527561.0896432,3.3317301008436413
1710527561.0897567,3.375168641408284
1710527561.08987,3.4130024909973145
1710527561.0899835,3.447333176930745
1710527561.090097,3.4785109096103244
1710527561.0902104,3.507586850060357
1710527561.0903237,3.534560998280843
1710527561.0904372,3.556981086730957
1710527561.0905507,3.5758977466159396
1710527561.0906641,3.589209715525309
1710527561.0907774,3.59726693895128
1710527561.090891,3.6004196272956
1710527561.0910044,3.5976171493530273
1710527561.0911179,3.5920121934678817
1710527561.091231,3.583604759640164
1710527561.0913446,3.573095268673367
1710527561.091458,3.5611846711900497
1710527561.0915716,3.5482231775919595
1710527561.0916848,3.53351010216607
1710527561.0917983,3.518096341027154
1710527561.0919118,3.500230312347412
1710527561.0920253,3.479912281036377
1710527561.0921385,3.45784240298801
1710527561.092252,3.4329703119066024
1710527561.0923655,3.4070470598008895
1710527561.0924788,3.3797227011786566
1710527561.0925922,3.350296550326877
1710527561.0927057,3.321921295589871
1710527561.0928192,3.293195565541585
1710527561.0929325,3.264820310804579
1710527561.093046,3.238196637895372
1710527561.0931594,3.211572700076633
1710527561.093273,3.1867006089952254
1710527561.0933862,3.161127832200792
1710527561.0934997,3.1355550554063583
1710527561.0936131,3.1099820137023926
1710527561.0937266,3.0833583407931857
1710527561.09384,3.056033982170953
1710527561.0939534,3.0287096235487194
1710527561.0940669,3.0024361610412598
1710527561.0941803,2.9775640699598522
1710527561.0942936,2.954793506198459
1710527561.094407,2.9334245787726507
1710527561.0945206,2.9145076539781356
1710527561.094634,2.8976927863226996
1710527561.0947473,2.880527443355984
1710527561.0948608,2.863011625077989
1710527561.0949743,2.8444451755947537
1710527561.0950878,2.8255282508002386
1710527561.095201,2.8066113260057235
1710527561.0953145,2.788044876522488
1710527561.095428,2.7705293231540256
1710527561.0955415,2.756166458129883
1710527561.0956547,2.7439053853352866
1710527561.0957682,2.733746369679769
1710527561.0958817,2.7249884605407715
1710527561.0959952,2.71553013059828
1710527561.0961084,2.7053711149427624
1710527561.096222,2.6938107278611922
1710527561.0963354,2.6811994446648493
1710527561.096449,2.6661361588372126
1710527561.0965621,2.6514228185017905
1710527561.0966756,2.637760639190674
1710527561.0967891,2.6247991455925836
1710527561.0969024,2.6139394442240396
1710527561.0970159,2.604130638970269
1710527561.0971293,2.593270937601725
1710527561.0972428,2.5827617115444608
1710527561.097356,2.5701504283481174
1710527561.0974696,2.5540359814961753
1710527561.097583,2.535819742414686
1710527561.0976965,2.514801025390625
1710527561.0978098,2.4927314122517905
1710527561.0979233,2.469260427686903
1710527561.0980368,2.446139653523763
1710527561.0981503,2.423019144270155
1710527561.0982635,2.399898370107015
1710527561.098377,2.3753764894273544
1710527561.0984905,2.3491032918294272
1710527561.098604,2.3200273513793945
1710527561.0987172,2.2863970862494574
1710527561.0988307,2.250665293799506
1710527561.0989442,2.2093284130096436
1710527561.0990577,2.1655393971337213
1710527561.099171,2.1199987994299994
1710527561.0992844,2.071655591328939
1710527561.099398,2.0229621728261313
1710527561.0995114,1.972166829639011
1710527561.0996246,1.9210211435953775
1710527561.0997381,1.8660220834943984
1710527561.0998516,1.8082205454508462
1710527561.099965,1.7472661866082084
1710527561.1000783,1.6814074251386855
1710527561.1001918,1.6120455000135634
1710527561.1003053,1.5384798579745822
1710527561.1004188,1.4617613951365154
1710527561.100532,1.3818901114993625
1710527561.1006455,1.3002672460344102
1710527561.100759,1.2161922454833984
1710527561.1008725,1.1293147669898138
1710527561.1009858,1.0417366027832031
1710527561.1010993,0.9513559606340196
1710527561.1012127,0.8595740132861667
1710527561.101326,0.7628877957661946
1710527561.1014395,0.6630486912197536
1710527561.101553,0.56040710873074
1710527561.1016665,0.4532114333576626
1710527561.1017797,0.3432132800420125
1710527561.1018932,0.23076294196976554
1710527561.1020067,0.11656103862656488
1710527561.1021202,0.0013081985525786877
1710527561.1022334,-0.1128716187344657
1710527561.102347,-0.22705119517114428
1710527561.1024604,-0.34158100684483844
1710527561.1025739,-0.45541031493080986
1710527561.1026871,-0.5716913276248508
1710527561.1028006,-0.6890231370925903
1710527561.102914,-0.8081060647964478
1710527561.1030276,-0.9303412834803263
1710527561.1031408,-1.053977409998576
1710527561.1032543,-1.1758624182807074
1710527561.1033678,-1.297397083706326
1710527561.1034813,-1.4157795906066895
1710527561.1035945,-1.5306595961252847
1710527561.103708,-1.6413366794586182
1710527561.1038215,-1.7499123679267035
1710527561.103935,-1.8556861082712808
1710527561.1040483,-1.9600588745541043
1710527561.1041617,-2.0651320616404214
1710527561.1042752,-2.169504827923245
1710527561.1043887,-2.272826830546061
1710527561.104502,-2.3733467525906033
1710527561.1046154,-2.4707147810194225
1710527561.104729,-2.562828858693441
1710527561.1048424,-2.6489888297186956
1710527561.1049557,-2.728144062889947
1710527561.1050692,-2.8027460310194225
1710527561.1051826,-2.8731452094184027
1710527561.1052961,-2.9400417539808483
1710527561.1054094,-3.0037861400180392
1710527561.1055229,-3.066479894849989
1710527561.1056364,-3.1277725431654186
1710527561.1057496,-3.1848624017503524
1710527561.105863,-3.238449626498752
1710527561.1059766,-3.287133640713162
1710527561.10609,-3.329162862565782
1710527561.1062033,-3.3648877673678927
1710527561.1063168,-3.3946585655212402
1710527561.1064303,-3.4205765194363065
1710527561.1065438,-3.4412410524156356
1710527561.106657,-3.4591033723619247
1710527561.1067705,-3.475915061102973
1710527561.106884,-3.489574591318766
1710527561.1069975,-3.5025337007310653
1710527561.1071107,-3.5119901763068304
1710527561.1072242,-3.5158430205451117
1710527561.1073377,-3.5168936517503524
1710527561.1074512,-3.5137414932250977
1710527561.1075644,-3.5070869657728405
1710527561.107678,-3.4958791732788086
1710527561.1077914,-3.4822196430630155
1710527561.107905,-3.467159006330702
1710527561.1080182,-3.449296686384413
1710527561.1081316,-3.4317843119303384
1710527561.1082451,-3.412871095869276
1710527561.1083586,-3.3939581447177463
1710527561.1084719,-3.374344242943658
1710527561.1085854,-3.3547306060791016
1710527561.1086988,-3.332665231492784
1710527561.1088123,-3.309899436102973
1710527561.1089256,-3.2846819029914007
1710527561.109039,-3.2587636841668024
1710527561.1091526,-3.232145309448242
1710527561.109266,-3.204826249016656
1710527561.1093793,-3.177507188585069
1710527561.1094928,-3.150888548956977
1710527561.1096063,-3.1270721223619247
1710527561.1097198,-3.1046565373738604
1710527561.109833,-3.0832915835910373
1710527561.1099465,-3.062977261013455
1710527561.11006,-3.0419627825419107
1710527561.1101732,-3.0216484599643283
1710527561.1102867,-2.999583085378011
1710527561.1104002,-2.976467079586453
1710527561.1105137,-2.9540514945983887
1710527561.110627,-2.9316359096103244
1710527561.1107404,-2.909920745425754
1710527561.110854,-2.8917079501681857
1710527561.1109674,-2.8752464718288846
1710527561.1110806,-2.8608865208095975
1710527561.1111941,-2.849678728315565
1710527561.1113076,-2.8374203046162925
1710527561.111421,-2.825511826409234
1710527561.1115344,-2.8122025065951877
1710527561.1116478,-2.797492345174154
1710527561.1117613,-2.781731287638346
1710527561.1118748,-2.7656202846103244
1710527561.111988,-2.7512600686815047
1710527561.1121016,-2.737951013776991
1710527561.112215,-2.7277938524881997
1710527561.1123285,-2.719388008117676
1710527561.1124418,-2.7123830053541393
1710527561.1125553,-2.7050280570983887
1710527561.1126688,-2.6969724231296115
1710527561.1127822,-2.6861148410373263
1710527561.1128955,-2.673505942026774
1710527561.113009,-2.659145991007487
1710527561.1131225,-2.6437351438734265
1710527561.113236,-2.6290249824523926
1710527561.1133492,-2.6146650314331055
1710527561.1134627,-2.6024063428243003
1710527561.1135762,-2.5918992360432944
1710527561.1136897,-2.5810416539510093
1710527561.113803,-2.5694833861456976
1710527561.1139164,-2.5558238559299045
1710527561.11403,-2.5397128529018826
1710527561.1141431,-2.520098951127794
1710527561.1142566,-2.49768336613973
1710527561.11437,-2.4728160434299045
1710527561.1144836,-2.445146772596571
1710527561.1145968,-2.417477501763238
1710527561.1147103,-2.3894580205281577
1710527561.1148238,-2.3607381184895835
1710527561.1149373,-2.3323681619432235
1710527561.1150506,-2.3008463117811413
1710527561.115164,-2.266522248586019
1710527561.1152775,-2.2283458709716797
1710527561.115391,-2.187016937467787
1710527561.1155043,-2.1400842401716442
1710527561.1156178,-2.0903495947519937
1710527561.1157312,-2.037112580405341
1710527561.1158447,-1.9810734854804144
1710527561.115958,-1.9222324424319797
1710527561.1160715,-1.864091952641805
1710527561.116185,-1.8027991718716092
1710527561.1162984,-1.7394049962361653
1710527561.1164117,-1.6725084516737196
1710527561.1165252,-1.6035103797912598
1710527561.1166387,-1.529959175321791
1710527561.1167521,-1.4525551266140408
1710527561.1168654,-1.3702478673723009
1710527561.116979,-1.2833873430887859
1710527561.1170924,-1.1933745278252494
1710527561.1172059,-1.1002096202638414
1710527561.117319,-1.0052935282389324
1710527561.1174326,-0.907225145234002
1710527561.117546,-0.8091568284564548
1710527561.1176596,-0.7089870505862765
1710527561.1177728,-0.6074162324269613
1710527561.1178863,-0.5030434992578294
1710527561.1179998,-0.39656930499606663
1710527561.1181133,-0.28624243206448025
1710527561.1182265,-0.17101213335990906
1710527561.11834,-0.05262964301639133
1710527561.1184535,0.06891852865616481
1710527561.1185668,0.19292919172181022
1710527561.1186802,0.31658954090542263
1710527561.1187937,0.4398995637893677
1710527561.1189072,0.5621586243311564
1710527561.1190205,0.6826661692725288
1710527561.119134,0.8021227518717448
1710527561.1192474,0.9219296773274739
1710527561.119361,1.0427874988979764
1710527561.1194742,1.1653969022962782
1710527561.1195877,1.291159126493666
1710527561.1197011,1.41762203640408
1710527561.1198146,1.5437344710032144
1710527561.119928,1.6680954562293158
1710527561.1200414,1.788252724541558
1710527561.1201549,1.9052571720547147
1710527561.1202683,2.0152552922566733
1710527561.1203816,2.122450934516059
1710527561.120495,2.224742306603326
1710527561.1206086,2.3252818319532604
1710527561.120722,2.4251209364997015
1710527561.1208353,2.524259355333116
1710527561.1209488,2.6219966676500106
1710527561.1210623,2.717982398139106
1710527561.1211758,2.8101144896613226
1710527561.121289,2.895590729183621
1710527561.1214025,2.9747613271077475
1710527561.121516,3.045874966515435
1710527561.1216295,3.1099820137023926
1710527561.1217427,3.169885476430257
1710527561.1218562,3.2241839832729764
1710527561.1219697,3.276380697886149
1710527561.1220832,3.3261248800489636
1710527561.1221964,3.373066849178738
1710527561.12231,3.4168558650546603
1710527561.1224234,3.4574921925862627
1710527561.122537,3.491822878519694
1710527561.1226501,3.5205483436584473
1710527561.1227636,3.5433189074198403
1710527561.1228771,3.5590828789605036
1710527561.1229904,3.5706432660420733
1710527561.1231039,3.577299118041992
1710527561.1232173,3.5822033882141113
1710527561.1233308,3.584655655754937
1710527561.123444,3.585005866156684
1710527561.1235576,3.583604759640164
1710527561.123671,3.580101595984565
1710527561.1237845,3.573095268673367
1710527561.1238978,3.5632867283291287
1710527561.1240113,3.549974759419759
1710527561.1241248,3.5328094164530435
1710527561.1242383,3.5142429669698076
1710527561.1243515,3.4914724032084146
1710527561.124465,3.468351893954807
1710527561.1245785,3.442779117160373
1710527561.124692,3.4179067611694336
1710527561.1248052,3.391983773973253
1710527561.1249187,3.36606052186754
1710527561.1250322,3.3404877450731063
1710527561.1251457,3.3149149682786727
1710527561.125259,3.289342191484239
1710527561.1253724,3.2630687289767795
1710527561.125486,3.2357443703545465
1710527561.1255994,3.207719326019287
1710527561.1257126,3.1796942816840277
1710527561.1258261,3.150618341233995
1710527561.1259396,3.122243086496989
1710527561.126053,3.0945682525634766
1710527561.1261663,3.0682947900560165
1710527561.1262798,3.0441233846876354
1710527561.1263933,3.0217032962375217
1710527561.1265068,3.0013852649264865
1710527561.12662,2.9817676544189453
1710527561.1267335,2.961799833509657
1710527561.126847,2.9411313268873425
1710527561.1269605,2.9201126098632812
1710527561.1270738,2.898743682437473
1710527561.1271873,2.8780751758151584
1710527561.1273007,2.85810735490587
1710527561.127414,2.8395409054226346
1710527561.1275275,2.823075983259413
1710527561.127641,2.8101144896613226
1710527561.1277544,2.7985541025797525
1710527561.1278677,2.788395086924235
1710527561.1279812,2.7761342790391708
1710527561.1280947,2.7638732062445746
1710527561.1282082,2.7509117126464844
1710527561.1283214,2.7365488476223416
1710527561.128435,2.721485561794705
1710527561.1285484,2.7057213253445096
1710527561.1286619,2.693110042148166
1710527561.1287751,2.680849234263102
1710527561.1288886,2.6713906394110785
1710527561.129002,2.6619323094685874
1710527561.1291156,2.653524875640869
1710527561.1292288,2.6440662807888455
1710527561.1293423,2.6328563690185547
1710527561.1294558,2.618493503994412
1710527561.1295693,2.6020288467407227
1710527561.1296825,2.58451329337226
1710527561.129796,2.565596368577745
1710527561.1299095,2.5466794437832303
1710527561.130023,2.5284632047017417
1710527561.1301363,2.511648337046305
1710527561.1302497,2.493431833055284
1710527561.1303632,2.4752155939737954
1710527561.1304767,2.4552477730645075
1710527561.13059,2.4317770534091525
1710527561.1307034,2.405503590901693
1710527561.130817,2.3757269647386337
1710527561.1309304,2.3427976502312555
1710527561.1310437,2.307416068183051
1710527561.1311572,2.270983590020074
1710527561.1312706,2.2331497404310436
1710527561.1313841,2.195666233698527
1710527561.1314974,2.1560809347364636
1710527561.1316109,2.115794950061374
1710527561.1317244,2.072356277041965
1710527561.1318376,2.025414307912191
1710527561.131951,1.9739184114668105
1710527561.1320646,1.9182186656528049
1710527561.132178,1.8593662314944797
1710527561.1322913,1.795609262254503
1710527561.1324048,1.7290499475267198
1710527561.1325183,1.661089261372884
1710527561.1326318,1.5899757544199624
1710527561.132745,1.5171107980940077
1710527561.1328585,1.4424941274854872
1710527561.132972,1.3650751113891602
1710527561.1330855,1.2848534848954942
1710527561.1331987,1.2018293804592557
1710527561.1333122,1.114601559109158
1710527561.1334257,1.0231700208452013
1710527561.1335392,0.9285855955547756
1710527561.1336524,0.8297974533504909
1710527561.133766,0.7282068332036337
1710527561.1338794,0.6248646312289767
1710527561.133993,0.5197708143128289
1710527561.1341062,0.4132757915390862
1710527561.1342196,0.3071310785081651
1710527561.1343331,0.1995851265059577
1710527561.1344466,0.0902875926759508
1710527561.1345599,-0.02075743344095018
1710527561.1346734,-0.13388626277446747
1710527561.1347868,-0.24911656975746155
1710527561.1349003,-0.36749906010097927
1710527561.1350136,-0.48798302809397376
1710527561.135127,-0.6091674831178453
1710527561.1352406,-0.7307021485434638
1710527561.135354,-0.8515363269382052
1710527561.1354673,-0.9695686234368218
1710527561.1355808,-1.0858496030171711
1710527561.1356943,-1.2003793981340196
1710527561.1358078,-1.313508219189114
1710527561.135921,-1.4269873831007216
1710527561.1360345,-1.5397659937540689
1710527561.136148,-1.6539454460144043
1710527561.1362612,-1.7688255839877658
1710527561.1363747,-1.8837055895063612
1710527561.1364882,-1.9964842001597085
1710527561.1366017,-2.105059888627794
1710527561.136715,-2.2101330757141113
1710527561.1368284,-2.3082015249464245
1710527561.136942,-2.4020669195387097
1710527561.1370554,-2.4920794698927136
1710527561.1371686,-2.578239705827501
1710527561.1372821,-2.661947939130995
1710527561.1373956,-2.744255330827501
1710527561.137509,-2.825511826409234
1710527561.1376224,-2.903616428375244
1710527561.1377358,-2.97821839650472
1710527561.1378493,-3.0482670995924206
1710527561.1379628,-3.1116612752278643
1710527561.138076,-3.1691013442145453
1710527561.1381896,-3.219186200035943
1710527561.138303,-3.264017370012071
1710527561.1384165,-3.303595119052463
1710527561.1385298,-3.3400204446580672
1710527561.1386433,-3.3739940325419107
1710527561.1387568,-3.405165937211778
1710527561.1388702,-3.4342360496520996
1710527561.1389835,-3.4598037931654186
1710527561.139097,-3.4822196430630155
1710527561.1392105,-3.4986811214023166
1710527561.139324,-3.5102391242980957
1710527561.1394372,-3.5168936517503524
1710527561.1395507,-3.5186449686686196
1710527561.1396642,-3.5165434413486056
1710527561.1397777,-3.5112897555033364
1710527561.139891,-3.5046352280510797
1710527561.1400044,-3.4955286979675293
1710527561.140118,-3.4857220119900174
1710527561.1402314,-3.475214640299479
1710527561.1403446,-3.4626057412889266
1710527561.140458,-3.4485960006713867
1710527561.1405716,-3.4338858392503524
1710527561.1406848,-3.415673043992784
1710527561.1407983,-3.395008775922987
1710527561.1409118,-3.372242980533176
1710527561.1410253,-3.3480760786268444
1710527561.1411386,-3.322858545515272
1710527561.141252,-3.297991222805447
1710527561.1413655,-3.2720730039808483
1710527561.141479,-3.246855470869276
1710527561.1415923,-3.2230390442742243
1710527561.1417058,-3.1995725631713867
1710527561.1418192,-3.1764565573798285
1710527561.1419327,-3.153690497080485
1710527561.142046,-3.13022428088718
1710527561.1421595,-3.1053569581773544
1710527561.142273,-3.080139425065782
1710527561.1423864,-3.053170575035943
1710527561.1424997,-3.0269021458095975
1710527561.1426132,-3.0016846126980252
1710527561.1427267,-2.977868186102973
1710527561.1428401,-2.9572036531236434
1710527561.1429534,-2.9375900162590876
1710527561.143067,-2.9207783275180392
1710527561.1431804,-2.905717690785726
1710527561.1432939,-2.8892562124464245
1710527561.143407,-2.8741958406236434
1710527561.1435206,-2.8566837310791016
1710527561.143634,-2.839171356625027
1710527561.1437476,-2.821659247080485
1710527561.1438608,-2.804847558339437
1710527561.1439743,-2.7890865008036294
1710527561.1440878,-2.7750767601860895
1710527561.1442013,-2.764569388495551
1710527561.1443145,-2.756163544125027
1710527561.144428,-2.7491588062710233
1710527561.1445415,-2.741103172302246
1710527561.144655,-2.732347117529975
1710527561.1447682,-2.721839745839437
1710527561.1448817,-2.7088806364271374
1710527561.1449952,-2.6948708958095975
1710527561.1451085,-2.6805109447903104
1710527561.145222,-2.6668514145745172
1710527561.1453354,-2.655293411678738
1710527561.145449,-2.6465370919969344
1710527561.1455622,-2.6374308268229165
1710527561.1456757,-2.6290249824523926
1710527561.1457891,-2.6199187172783747
1710527561.1459026,-2.6087109247843423
1710527561.146016,-2.594350708855523
1710527561.1461294,-2.5775390201144748
1710527561.1462429,-2.5579253832499185
1710527561.1463563,-2.5369109047783747
1710527561.1464696,-2.514845530192057
1710527561.146583,-2.493480576409234
1710527561.1466966,-2.4724658330281577
1710527561.14681,-2.4514513545566134
1710527561.1469233,-2.43008640077379
1710527561.1470368,-2.406619919670953
1710527561.1471503,-2.3796513345506454
1710527561.1472638,-2.349530325995551
1710527561.147377,-2.3159066836039224
1710527561.1474905,-2.2780805163913302
1710527561.147604,-2.237101925743951
1710527561.1477175,-2.195422781838311
1710527561.1478307,-2.1512920326656766
1710527561.1479442,-2.106460862689548
1710527561.1480577,-2.0595281653934054
1710527561.1481712,-2.01224512524075
1710527561.1482844,-1.9618100590176053
1710527561.148398,-1.9089231226179335
1710527561.1485114,-1.8514831860860188
1710527561.148625,-1.789840194914076
1710527561.1487381,-1.7243446244133842
1710527561.1488516,-1.6539454460144043
1710527561.1489651,-1.5803942415449355
1710527561.1490786,-1.5026401148902044
1710527561.1491919,-1.4231346713172064
1710527561.1493053,-1.3408272796207004
1710527561.1494188,-1.2574692567189534
1710527561.149532,-1.1713091532389324
1710527561.1496456,-1.0833979315227933
1710527561.149759,-0.9916339980231391
1710527561.1498725,-0.897768603430854
1710527561.1499858,-0.7986495229932997
1710527561.1500993,-0.6956777307722304
1710527561.1502128,-0.587452318933275
1710527561.1503263,-0.4760747154553731
1710527561.1504395,-0.3611946768230862
1710527561.150553,-0.2445633874999152
1710527561.1506665,-0.1275818712181515
1710527561.15078,-0.010600355971190665
1710527561.1508932,0.10675229132175446
1710527561.1510067,0.2234063876999749
1710527561.1511202,0.341111421585083
1710527561.1512337,0.46056800418429905
1710527561.151347,0.5817761686113145
1710527561.1514604,0.7061371538374159
1710527561.151574,0.8343515131208632
1710527561.1516874,0.9625659386316935
1710527561.1518006,1.091130640771654
1710527561.1519141,1.218294170167711
1710527561.1520276,1.3433557086520724
1710527561.152141,1.4635129769643147
1710527561.1522543,1.580517292022705
1710527561.1523678,1.6940185758802626
1710527561.1524813,1.8061186207665336
1710527561.1525948,1.9175181123945448
1710527561.152708,2.030318710539076
1710527561.1528215,2.1427690982818604
1710527561.152935,2.2548691431681314
1710527561.1530485,2.36486726337009
1710527561.1531618,2.471012009514703
1710527561.1532753,2.5712013244628906
1710527561.1533887,2.6650849978129068
1710527561.1535022,2.7519626087612576
1710527561.1536155,2.833235263824463
1710527561.153729,2.9096033838060165
1710527561.1538424,2.983169025844998
1710527561.1539557,3.054282400343153
1710527561.1540692,3.1229437722100153
1710527561.1541827,3.188802401224772
1710527561.1542962,3.2515083418952093
1710527561.1544094,3.3096602227952743
1710527561.154523,3.3618569374084473
1710527561.1546364,3.4059961636861162
1710527561.1547499,3.442779117160373
1710527561.154863,3.4736066394382052
1710527561.1549766,3.4984787305196123
1710527561.15509,3.519497447543674
1710527561.1552036,3.537363476223416
1710527561.1553168,3.5531274477640786
1710527561.1554303,3.5674903127882214
1710527561.1555438,3.577299118041992
1710527561.1556573,3.58430544535319
1710527561.1557705,3.5874581336975098
1710527561.155884,3.5864072375827365
1710527561.1559975,3.5804518063863116
1710527561.156111,3.569592105017768
1710527561.1562243,3.5559299257066512
1710527561.1563377,3.540516164567735
1710527561.1564512,3.522650400797526
1710527561.1565647,3.5030327902899847
1710527561.156678,3.483765655093723
1710527561.1567914,3.4637978341844344
1710527561.156905,3.442779117160373
1710527561.1570184,3.4210597144232855
1710527561.1571317,3.3986396259731717
1710527561.1572452,3.3744682206047907
1710527561.1573586,3.3488951789008246
1710527561.1574721,3.321921295589871
1710527561.1575854,3.293195565541585
1710527561.1576989,3.2641196250915527
1710527561.1578124,3.2353938950432672
1710527561.1579258,3.2063179545932345
1710527561.158039,3.1779426998562283
1710527561.1581526,3.1513190269470215
1710527561.158266,3.1260964605543347
1710527561.1583793,3.102275265587701
1710527561.1584928,3.0791544914245605
1710527561.1586063,3.0563841925726996
1710527561.1587198,3.033964369032118
1710527561.158833,3.0101429091559515
1710527561.1589465,2.9859715037875705
1710527561.15906,2.961799833509657
1710527561.1591735,2.937628428141276
1710527561.1592867,2.915909025404188
1710527561.1594002,2.895590729183621
1710527561.1595137,2.8780751758151584
1710527561.1596272,2.8619607289632163
1710527561.1597404,2.8472476535373263
1710527561.159854,2.833935684627957
1710527561.1599674,2.8199232949150934
1710527561.160081,2.804859744177924
1710527561.1601942,2.789445983039008
1710527561.1603076,2.772981325785319
1710527561.1604211,2.7565166685316296
1710527561.1605346,2.7411029073927136
1710527561.1606479,2.7274407280815973
1710527561.1607614,2.7169315020243325
1710527561.1608748,2.7078233824835882
1710527561.1609883,2.699415683746338
1710527561.1611016,2.691708935631646
1710527561.161215,2.6829510264926486
1710527561.1613286,2.6717411147223578
1710527561.161442,2.659830517239041
1710527561.1615553,2.645117176903619
1710527561.1616688,2.629703680674235
1710527561.1617823,2.6139394442240396
1710527561.1618958,2.59922636879815
1710527561.162009,2.5855641894870334
1710527561.1621225,2.573303116692437
1710527561.162236,2.560692098405626
1710527561.1623495,2.5466794437832303
1710527561.1624627,2.5319663683573403
1710527561.1625762,2.5133996539645724
1710527561.1626897,2.4916805161370172
1710527561.162803,2.4682095315721297
1710527561.1629164,2.440885172949897
1710527561.16303,2.4121594429016113
1710527561.1631434,2.383433712853326
1710527561.1632566,2.3547082477145724
1710527561.1633701,2.3249316215515137
1710527561.1634836,2.2944543096754284
1710527561.163597,2.262575891282823
1710527561.1637104,2.2275447845458984
1710527561.1638238,2.1886600388420954
1710527561.1639373,2.146272129482693
1710527561.1640508,2.1000309785207114
1710527561.164164,2.0502865314483643
1710527561.1642776,1.9980899492899575
1710527561.164391,1.9427405463324652
1710527561.1645045,1.8866905901167128
1710527561.1646178,1.8278380235036213
1710527561.1647313,1.7686352464887831
1710527561.1648448,1.7059293058183458
1710527561.1649582,1.6407710976070828
1710527561.1650715,1.57316075430976
1710527561.165185,1.5009963512420654
1710527561.1652985,1.4249785741170247
1710527561.165412,1.3447569476233587
1710527561.1655252,1.260331604215834
1710527561.1656387,1.1731037828657362
1710527561.1657522,1.0827231407165527
1710527561.1658657,0.9905909167395698
1710527561.165979,0.8970575200186836
1710527561.1660924,0.8014221323861016
1710527561.166206,0.7047358486387465
1710527561.1663194,0.6055974298053317
1710527561.1664326,0.5036564668019613
